0.01	3.1982928851147765
0.02	2.238859957224075
0.03	1.919734895926095
0.04	1.741469976694145
0.05	1.6346048418285994
0.06	1.5620703962373026
0.07	1.5089898265835522
0.08	1.4698554273074778
0.09	1.4370861217244482
0.1	1.4104446530782602
0.11	1.3880894851087304
0.12	1.369052073477347
0.13	1.350912957123862
0.14	1.3340872568507653
0.15	1.318687520502174
0.16	1.3044463297718618
0.17	1.29046086032718
0.18	1.2773101338484614
0.19	1.264140471063113
0.2	1.25090381277731
0.21	1.2384417487844241
0.22	1.2261361218074238
0.23	1.2143121061668034
0.24	1.2030982557730476
0.25	1.1916700403225666
0.26	1.180283100030754
0.27	1.1694286964138874
0.28	1.1590635394477202
0.29	1.1478661438413262
0.3	1.1371243213515037
0.31	1.126830395984286
0.32	1.1169521217132086
0.33	1.10686196233723
0.34	1.0970384127117583
0.35000000000000003	1.0875830820620256
0.36	1.078472224373847
0.37	1.0696128213155132
0.38	1.0599860883841252
0.39	1.0506927311840566
0.4	1.041713090661928
0.41000000000000003	1.0330291220397387
0.42	1.0246242266914747
0.43	1.0160259689142512
0.44	1.0073817551832625
0.45	0.9990028977017605
0.46	0.9908756200041565
0.47000000000000003	0.9829871406722165
0.48	0.9753255821009925
0.49	0.9676518815785637
0.5	0.9596817193719474
0.51	0.9519331059256239
0.52	0.9443957166287432
0.53	0.9370598948077304
0.54	0.9299165968804789
0.55	0.9229573429344893
0.56	0.916112656410285
0.5700000000000001	0.9088320481207883
0.58	0.9017344284712067
0.59	0.8948121603882713
0.6	0.8880580480781252
0.61	0.8814653046809466
0.62	0.8750275227821385
0.63	0.8687386474862765
0.64	0.8625929517943793
0.65	0.8561612748214084
0.66	0.8497752118183207
0.67	0.8435317494549003
0.68	0.8374256454126874
0.6900000000000001	0.8314519235511995
0.7000000000000001	0.8256058567698288
0.71	0.8198829511998682
0.72	0.8142789316063253
0.73	0.8087897278915873
0.74	0.8032542701917555
0.75	0.7974636382104455
0.76	0.7917906256448406
0.77	0.78623134236563
0.78	0.7807820752742539
0.79	0.7754392781013416
0.8	0.7701995619135532
0.81	0.7650596862714668
0.8200000000000001	0.760016550986448
0.8300000000000001	0.7550671884291773
0.84	0.7502087563467713
0.85	0.7452587996085864
0.86	0.7401066557399176
0.87	0.7350490791553606
0.88	0.7300832767057797
0.89	0.7252065682682766
0.9	0.7204163809647167
0.91	0.7157102437364108
0.92	0.7110857822493645
0.93	0.7065407141066147
0.9400000000000001	0.7020728443460622
0.9500000000000001	0.6976800612039458
0.96	0.6933603321256747
0.97	0.6891117000071678
0.98	0.6845959399581162
0.99	0.6800922357879923
1.	0.6756629794274099
1.01	0.6713062140365805
1.02	0.6670200529236271
1.03	0.6628026763721838
1.04	0.6586523286416418
1.05	0.6545673151290863
1.06	0.6505459996827626
1.07	0.6465868020576414
1.08	0.6426881955043147
1.09	0.6388487044830792
1.1	0.6350669024956213
1.11	0.6313414100272536
1.12	0.6275472335045206
1.1300000000000001	0.6236574946860637
1.1400000000000001	0.6198258197201311
1.1500000000000001	0.6160508438398431
1.16	0.6123312458603606
1.17	0.6086657464260786
1.18	0.6050531063425908
1.19	0.6014921249886458
1.2	0.5979816388036242
1.21	0.5945205198463503
1.22	0.5911076744213138
1.23	0.5877420417686295
1.24	0.5844225928142832
1.25	0.5811483289774303
1.26	0.5779182810317114
1.27	0.574731508017729
1.28	0.5715870962040073
1.29	0.5682076097327163
1.3	0.5648499115915981
1.31	0.5615375575837073
1.32	0.5582695961799236
1.33	0.5550451028290073
1.34	0.5518631789969266
1.35	0.5487229512472648
1.36	0.5456235703606566
1.37	0.5425642104913303
1.3800000000000001	0.539544068358928
1.3900000000000001	0.5365623624738898
1.4000000000000001	0.5336183323947749
1.41	0.5307112380159879
1.42	0.5278403588844589
1.43	0.5250049935439044
1.44	0.5222044589053757
1.45	0.5194380896428634
1.46	0.5167052376127963
1.47	0.5140052712963357
1.48	0.5110886518057478
1.49	0.5081933137952295
1.5	0.5053335809471667
1.51	0.502508782392725
1.52	0.4997182642362095
1.53	0.4969613890174555
1.54	0.49423753519463004
1.55	0.49154609664654214
1.56	0.4888864821936044
1.57	0.4862581151366361
1.58	0.4836604328127295
1.59	0.4810928861674495
1.6	0.4785549393426638
1.61	0.4760460692793414
1.62	0.4735657653346861
1.6300000000000001	0.4711135289130012
1.6400000000000001	0.4686888731097156
1.6500000000000001	0.46629132236802145
1.6600000000000001	0.4639204121476051
1.67	0.4615756886049764
1.68	0.45925670828492055
1.69	0.4569288713750551
1.7	0.4544440408557043
1.71	0.4519871784871292
1.72	0.4495578086613081
1.73	0.4471554665611215
1.74	0.4447796978548987
1.75	0.4424300584013069
1.76	0.4401061139641756
1.77	0.4378074399368681
1.78	0.4355336210758288
1.79	0.43328425124295106
1.8	0.4310589331564263
1.81	0.42885727814974883
1.82	0.42667890593856805
1.83	0.42452344439509
1.84	0.4223905293297423
1.85	0.42027980427983463
1.86	0.4181909203049507
1.87	0.4161235357888229
1.8800000000000001	0.414077316247454
1.8900000000000001	0.4120519341432514
1.9000000000000001	0.41004706870496094
1.9100000000000001	0.4080624057531845
1.92	0.40609763753128375
1.93	0.40415246254147597
1.94	0.40219978849139404
1.95	0.4001057044553582
1.96	0.3980331514861796
1.97	0.39598180003779215
1.98	0.3939513272468689
1.99	0.3919414167644051
2.	0.3899517585923684
2.0100000000000002	0.38798204892523563
2.02	0.3860319899962496
2.0300000000000002	0.3841012899282302
2.04	0.38218966258878595
2.05	0.3802968274497722
2.06	0.3784225094508548
2.07	0.3765664388670368
2.08	0.3747283511800175
2.09	0.3729079869532532
2.1	0.37110509171059614
2.11	0.3693194158183939
2.12	0.3675507143709341
2.13	0.36579874707912347
2.14	0.36406327816229617
2.15	0.3623440762430496
2.16	0.36064091424500755
2.17	0.35895356929341876
2.18	0.35728182261849684
2.19	0.3556254594614167
2.2	0.35398426898287866
2.21	0.3523580441741643
2.22	0.35074658177059936
2.23	0.34907602430500884
2.24	0.3473203254383464
2.25	0.34558121862821084
2.2600000000000002	0.3438584743711772
2.27	0.3421518673351043
2.2800000000000002	0.34046117626536293
2.29	0.3387861838935721
2.3000000000000003	0.33712667684876646
2.31	0.3354824455709186
2.32	0.3338532842267442
2.33	0.33223899062772166
2.34	0.3306393661502572
2.35	0.32905421565793
2.36	0.327483347425757
2.37	0.3259265730664136
2.38	0.3243837074583543
2.39	0.32285456867577467
2.4	0.3213389779203618
2.41	0.31983675945477813
2.42	0.31834774053783027
2.43	0.3168717513612709
2.44	0.3154086249881879
2.45	0.3139581972929332
2.46	0.3125203069025486
2.47	0.31109479513964233
2.48	0.30968150596667826
2.49	0.30828028593163426
2.5	0.3068909841149934
2.5100000000000002	0.30551345207802705
2.52	0.3041475438123368
2.5300000000000002	0.3027931156906165
2.54	0.30145002641860325
2.5500000000000003	0.3001181369881808
2.56	0.2987323200155602
2.57	0.2972778455260653
2.58	0.2958360599186144
2.59	0.2944068039542827
2.6	0.2929899209969884
2.61	0.29158525696114346
2.62	0.2901926602605523
2.63	0.28881198175852524
2.64	0.28744307471917224
2.65	0.28608579475984525
2.66	0.284739999804698
2.67	0.2834055500393327
2.68	0.28208230786650385
2.69	0.2807701378628518
2.7	0.27946890673663655
2.71	0.2781784832864477
2.72	0.2768987383608613
2.73	0.2756295448190218
2.74	0.2743707774921214
2.75	0.27312231314575625
2.7600000000000002	0.27188403044313375
2.77	0.2706558099091109
2.7800000000000002	0.26943753389504
2.79	0.26822908654440236
2.8000000000000003	0.267030353759209
2.81	0.2658412231671487
2.82	0.2646615840894629
2.83	0.26349132750953186
2.84	0.26233034604215066
2.85	0.2611785339034789
2.86	0.26003578688164813
2.87	0.2589020023080076
2.88	0.2577770790289959
2.89	0.2566609173786186
2.9	0.2555534191515214
2.91	0.2544544875766391
2.92	0.25336402729141055
2.93	0.2522819443165423
2.94	0.2511369510992628
2.95	0.24995060775954372
2.96	0.24877385489554202
2.97	0.24760658296845484
2.98	0.2464486840537305
2.99	0.24530005181196352
3.	0.24416058146041011
3.0100000000000002	0.24303016974510802
3.02	0.24190871491358695
3.0300000000000002	0.24079611668815348
3.04	0.23969227623973874
3.0500000000000003	0.2385970961622933
3.06	0.23751048044771678
3.0700000000000003	0.23643233446130943
3.08	0.23536256491773358
3.09	0.23430107985747134
3.1	0.2332477886237677
3.11	0.23220260184004857
3.12	0.23116543138779955
3.13	0.23013619038489816
3.14	0.2291147931643853
3.15	0.2281011552536688
3.16	0.22709519335414677
3.17	0.22609682532124217
3.18	0.22510597014483788
3.19	0.22412254793010467
3.2	0.22314647987871142
3.21	0.22217768827040943
3.22	0.22121609644498258
3.23	0.22026162878455421
3.24	0.21931421069624324
3.25	0.2183737685951611
3.2600000000000002	0.21744022988774225
3.27	0.2165135229554003
3.2800000000000002	0.21559357713850252
3.29	0.21468032272065599
3.3000000000000003	0.21377369091329723
3.31	0.21287361384058046
3.3200000000000003	0.21198002452455597
3.33	0.2110928568706331
3.34	0.2102120456533216
3.35	0.2093375265022447
3.36	0.2084692358884184
3.37	0.2075955270999819
3.38	0.20663787473724032
3.39	0.2056874496633662
3.4	0.20474417625599328
3.41	0.20380797990329083
3.42	0.2028787869875475
3.43	0.20195652486906812
3.44	0.20104112187037784
3.45	0.20013250726072607
3.46	0.19923061124088443
3.47	0.19833536492823137
3.48	0.19744670034211834
3.49	0.19656455038951012
3.5	0.19568884885089471
3.5100000000000002	0.19481953036645602
3.52	0.1939565304225043
3.5300000000000002	0.19309978533815814
3.54	0.19224923225227383
3.5500000000000003	0.19140480911061517
3.56	0.19056645465326028
3.5700000000000003	0.18973410840223945
3.58	0.18890771064939868
3.59	0.18808720244448626
3.6	0.1872725255834549
3.61	0.18646362259697674
3.62	0.18566043673916693
3.63	0.18486291197650992
3.64	0.18407099297698573
3.65	0.18328462509939156
3.66	0.18250375438285418
3.67	0.18172832753653026
3.68	0.18095829192948973
3.69	0.18019359558077905
3.7	0.17943418714966058
3.71	0.17868001592602434
3.72	0.17793103182096853
3.73	0.17718718535754618
3.74	0.17644842766167337
3.75	0.17571471045319692
3.7600000000000002	0.174985986037117
3.77	0.1742622072949637
3.7800000000000002	0.17354332767632163
3.79	0.17282930119050235
3.8000000000000003	0.1721200823983599
3.81	0.1714156264042471
3.8200000000000003	0.17071588884811
3.83	0.1700208258977179
3.84	0.1693303942410256
3.85	0.16864455107866597
3.86	0.16796325411656998
3.87	0.16727064566868563
3.88	0.16652063522015179
3.89	0.16577590524969277
3.9	0.16503640514834209
3.91	0.16430208492024972
3.92	0.1635728951737116
3.93	0.16284878711235085
3.94	0.16212971252645172
3.95	0.16141562378444008
3.96	0.16070647382450898
3.97	0.16000221614638654
3.98	0.15930280480324321
3.99	0.15860819439373516
4.	0.15791834005418232
4.01	0.1572331974508769
4.0200000000000005	0.15655272277252175
4.03	0.15587687272279438
4.04	0.15520560451303547
4.05	0.15453887585505835
4.0600000000000005	0.15387664495407838
4.07	0.15321887050175897
4.08	0.15256551166937263
4.09	0.1519165281010743
4.1	0.15127187990728558
4.11	0.15063152765818713
4.12	0.14999543237731758
4.13	0.14936355553527655
4.14	0.14873585904353073
4.15	0.14811230524831964
4.16	0.1474928569246609
4.17	0.1468774772704518
4.18	0.14626612990066587
4.19	0.14565877884164302
4.2	0.1450553885254715
4.21	0.14445592378445896
4.22	0.14386034984569215
4.23	0.14326863232568376
4.24	0.14268073722510324
4.25	0.14209663092359223
4.26	0.14151628017466109
4.2700000000000005	0.14093965210066633
4.28	0.14036671418786714
4.29	0.13979743428155952
4.3	0.13923178058128624
4.3100000000000005	0.1386697216361222
4.32	0.13811122634003306
4.33	0.1375562639273058
4.34	0.13700480396805084
4.3500000000000005	0.1364568163637732
4.36	0.13591227134301223
4.37	0.13537113945704896
4.38	0.13483339157567872
4.39	0.13429899888304944
4.4	0.13376793287356278
4.41	0.13324016534783883
4.42	0.1327156684087415
4.43	0.13219441445746472
4.44	0.1316763761896778
4.45	0.13110265935803925
4.46	0.13052598302667778
4.47	0.12995312634223521
4.48	0.12938405554467688
4.49	0.1288187372468015
4.5	0.12825713842930536
4.51	0.12769922643592252
4.5200000000000005	0.1271449689686395
4.53	0.1265943340829843
4.54	0.12604729018338684
4.55	0.1255038060186103
4.5600000000000005	0.12496385067725299
4.57	0.12442739358331745
4.58	0.12389440449184816
4.59	0.12336485348463441
4.6000000000000005	0.12283871096597833
4.61	0.12231594765852752
4.62	0.12179653459916913
4.63	0.12128044313498675
4.64	0.12076764491927755
4.65	0.12025811190762864
4.66	0.11975181635405287
4.67	0.119248730807181
4.68	0.11874882810651172
4.69	0.11825208137871626
4.7	0.11775846403399846
4.71	0.11726794976250814
4.72	0.11678051253080746
4.73	0.11629612657838927
4.74	0.11581476641424664
4.75	0.11533640681349254
4.76	0.11486102281402888
4.7700000000000005	0.11438858971326414
4.78	0.11391908306487901
4.79	0.11345247867563853
4.8	0.11298875260225111
4.8100000000000005	0.11252788114827211
4.82	0.112069840861053
4.83	0.11161460852873391
4.84	0.11116216117727938
4.8500000000000005	0.11071247606755714
4.86	0.11026553069245809
4.87	0.10982130277405779
4.88	0.10937977026081838
4.89	0.10894091132483019
4.9	0.10850470435909255
4.91	0.10807112797483338
4.92	0.1076401609988661
4.93	0.10721178247098453
4.94	0.10678597164139383
4.95	0.10636270796817839
4.96	0.10594197111480391
4.97	0.10552374094765617
4.98	0.10510799753361241
4.99	0.1046947211376481
5.	0.10428389222047595
5.01	0.10387549143621809
5.0200000000000005	0.1034694996301108
5.03	0.10306589783624029
5.04	0.10266466727531061
5.05	0.10226578935244143
5.0600000000000005	0.10186924565499665
5.07	0.1014750179504429
5.08	0.10108308818423674
5.09	0.10069343847774154
5.1000000000000005	0.10030064469638943
5.11	0.09986240593442461
5.12	0.09942693311415372
5.13	0.09899420342714162
5.14	0.09856419429699081
5.15	0.09813688337653564
5.16	0.09771224854507544
5.17	0.09729026790564654
5.18	0.09687091978233205
5.19	0.09645418271760962
5.2	0.09604003546973564
5.21	0.09562845701016569
5.22	0.09521942652101106
5.23	0.09481292339253003
5.24	0.0944089272206542
5.25	0.0940074178045482
5.26	0.09360837514420375
5.2700000000000005	0.0932117794380659
5.28	0.0928176110806925
5.29	0.09242585066044502
5.3	0.09203647895721133
5.3100000000000005	0.0916494769401591
5.32	0.09126482576552004
5.33	0.09088250677440404
5.34	0.09050250149064278
5.3500000000000005	0.09012479161866262
5.36	0.08974935904138615
5.37	0.08937618581816202
5.38	0.08900525418272248
5.39	0.08863654654116825
5.4	0.08827004546998057
5.41	0.08790573371405977
5.42	0.08754359418478962
5.43	0.08718360995812816
5.44	0.08682576427272302
5.45	0.08647004052805267
5.46	0.08611642228259131
5.47	0.08576489325199887
5.48	0.08541543730733428
5.49	0.08506803847329256
5.5	0.08472268092646498
5.51	0.0843793489936221
5.5200000000000005	0.08403802715001907
5.53	0.08369870001772357
5.54	0.0833613523639649
5.55	0.08302596909950517
5.5600000000000005	0.08269253527703133
5.57	0.08236103608956805
5.58	0.08203145686891142
5.59	0.08170378308408256
5.6000000000000005	0.08137800033980154
5.61	0.08105409437498048
5.62	0.08073205106123685
5.63	0.08041185640142466
5.64	0.08009349652818573
5.65	0.07977695770251857
5.66	0.07946222631236602
5.67	0.07914928887122064
5.68	0.0788381320167481
5.69	0.0785287425094277
5.7	0.07822110723121059
5.71	0.07791521318419442
5.72	0.0776110474893154
5.73	0.07730859738505605
5.74	0.07700785022617009
5.75	0.07670879348242268
5.76	0.0764114147373468
5.7700000000000005	0.0761157016870151
5.78	0.07582164213882714
5.79	0.0755292240103118
5.8	0.07523843532794455
5.8100000000000005	0.07494926422597947
5.82	0.07466169894529569
5.83	0.07437572783225839
5.84	0.07409133933759354
5.8500000000000005	0.07380852201527678
5.86	0.07350402727583107
5.87	0.07318298788489004
5.88	0.0728638935553175
5.89	0.07254672922475981
5.9	0.0722314799728025
5.91	0.07191813101939551
5.92	0.07160666772329768
5.93	0.07129707558054196
5.94	0.07098934022291929
5.95	0.07068344741648257
5.96	0.07037938306006898
5.97	0.07007713318384122
5.98	0.06977668394784724
5.99	0.06947802164059808
6.	0.0691811326776636
6.01	0.06888600360028603
6.0200000000000005	0.06859262107401039
6.03	0.06830097188733311
6.04	0.06801104295036638
6.05	0.06772282129351996
6.0600000000000005	0.06743629406619926
6.07	0.06715144853551933
6.08	0.0668682720850354
6.09	0.06658675221348859
6.1000000000000005	0.0663068765335675
6.11	0.06602863277068506
6.12	0.06575200876177044
6.13	0.06547699245407587
6.140000000000001	0.06520357190399823
6.15	0.06493173527591486
6.16	0.064661470841034
6.17	0.06439276697625912
6.18	0.06412561216306716
6.19	0.0638599949864003
6.2	0.06359590413357177
6.21	0.0633333283931843
6.22	0.06307225665406219
6.23	0.06281267790419601
6.24	0.06255458122970045
6.25	0.062297955813784514
6.26	0.06204279093573411
6.2700000000000005	0.06178907596990698
6.28	0.061536800384739916
6.29	0.061285953741767554
6.3	0.06103652569465321
6.3100000000000005	0.06078850598823118
6.32	0.060541884457560494
6.33	0.06029665102699019
6.34	0.06005279570923537
6.3500000000000005	0.05981030860446452
6.36	0.05956917989939755
6.37	0.05932939986641471
6.38	0.05909095886267572
6.390000000000001	0.058853847329249726
6.4	0.0586180557902552
6.41	0.058383574852010185
6.42	0.05815039520219249
6.43	0.05791850760900969
6.44	0.05768790292037891
6.45	0.057458572063116324
6.46	0.057230506042135906
6.47	0.05700369593965779
6.48	0.05677813291442566
6.49	0.056553808200933475
6.5	0.056330713108660876
6.51	0.05610883902131781
6.5200000000000005	0.05588817739609761
6.53	0.055668719762938974
6.54	0.0554504577237963
6.55	0.05523338295191857
6.5600000000000005	0.05501748719113628
6.57	0.054802762255157005
6.58	0.054589200026868664
6.59	0.054376792457651014
6.6000000000000005	0.05416553156669482
6.61	0.05395540944032907
6.62	0.05374641823135566
6.63	0.05353855015839173
6.640000000000001	0.05333179750521952
6.65	0.05312615262014358
6.66	0.052921607915355294
6.67	0.05271815586630462
6.68	0.052515789011078784
6.69	0.052314499949788255
6.7	0.05211428134395951
6.71	0.05191512591593462
6.72	0.05171702644827753
6.73	0.05149334687616738
6.74	0.051265250522754664
6.75	0.051038500478763224
6.76	0.05081308682086473
6.7700000000000005	0.05058899971340162
6.78	0.050366229407484725
6.79	0.050144766240101224
6.8	0.04992460063323323
6.8100000000000005	0.04970572309298664
6.82	0.04948812420873019
6.83	0.04927179465224457
6.84	0.049056725176881456
6.8500000000000005	0.04884290661673232
6.86	0.04863032988580694
6.87	0.0484189859772215
6.88	0.04820886596239597
6.890000000000001	0.04799996099026083
6.9	0.047792262286473056
6.91	0.04758576115264107
6.92	0.04738044896555867
6.93	0.047176317176447685
6.94	0.04697335731020947
6.95	0.04677156096468499
6.96	0.04657091980992317
6.97	0.04637142558745793
6.98	0.04617307010959326
6.99	0.04597584525869652
7.	0.04577974298649988
7.01	0.04558475531340956
7.0200000000000005	0.04539087432782301
7.03	0.04519809218545381
7.04	0.045006401108664336
7.05	0.044815793385805776
7.0600000000000005	0.04462626137056566
7.07	0.04443779748132302
7.08	0.044250394200510336
7.09	0.04406404407398311
7.1000000000000005	0.04387873971039622
7.11	0.04369447378058749
7.12	0.043511239016968045
7.13	0.04332902821291943
7.140000000000001	0.043147834222197624
7.15	0.04296764995834365
7.16	0.042788468394100665
7.17	0.04261028256083768
7.18	0.04243308554797951
7.19	0.04225687050244324
7.2	0.04208163062808077
7.21	0.0419073591851277
7.22	0.041734049489658115
7.23	0.041561694913045476
7.24	0.041390288881429586
7.25	0.04121982487518913
7.26	0.041050296428420265
7.2700000000000005	0.04088169712842084
7.28	0.04071402061518022
7.29	0.04054726058087488
7.3	0.04038141076936914
7.3100000000000005	0.04021646497572185
7.32	0.040052417045698
7.33	0.03988926087528597
7.34	0.039726990410219744
7.3500000000000005	0.0395655996455066
7.36	0.03940508262495977
7.37	0.039245433440736055
7.38	0.0390866462328787
7.390000000000001	0.0389287151888649
7.4	0.03877163454315852
7.41	0.03861539857676738
7.42	0.038460001616805316
7.43	0.03830543803605911
7.44	0.03815170225255987
7.45	0.03799878872915917
7.46	0.037846691973109615
7.47	0.037695406535649886
7.48	0.03754492701159425
7.49	0.037395248038926535
7.5	0.03724636429839814
7.51	0.03709827051313063
7.5200000000000005	0.03695096144822245
7.53	0.036804431910359654
7.54	0.03665867674743097
7.55	0.03651369084814677
7.5600000000000005	0.03636946914166217
7.57	0.036226006597204104
7.58	0.03608329822370222
7.59	0.0359413390694237
7.6000000000000005	0.03580012422161196
7.61	0.03565964880612921
7.62	0.035519907987102466
7.63	0.0353808969665736
7.640000000000001	0.03524261098415288
7.65	0.03510504531667609
7.66	0.03496819527786534
7.67	0.03483205621799331
7.68	0.03469662352355101
7.69	0.034561892616919006
7.7	0.03442785895604208
7.71	0.03429451803410711
7.72	0.034156359522658206
7.73	0.034001300137291184
7.74	0.03384714377549691
7.75	0.03369388402178739
7.76	0.03354151451444846
7.7700000000000005	0.033390028945020536
7.78	0.03323942105778514
7.79	0.033089684649256886
7.8	0.032940813567680985
7.8100000000000005	0.03279280171253639
7.82	0.03264564303404419
7.83	0.03249933153268144
7.84	0.03235386125870008
7.8500000000000005	0.03220922631165137
7.86	0.03206542083991515
7.87	0.0319224390402345
7.88	0.03178027515725502
7.890000000000001	0.03163892348306953
7.9	0.031498378356767325
7.91	0.03135863416398842
7.92	0.03121968533648255
7.930000000000001	0.031081526351672883
7.94	0.03094415173222451
7.95	0.03080755604561738
7.96	0.03067173390372385
7.97	0.030536679962390893
7.98	0.030402388921026494
7.99	0.030268855522190732
8.	0.03013607455119092
8.01	0.03000404083568129
8.02	0.029872749245266794
8.03	0.02974219469111103
8.040000000000001	0.029612372125548587
8.05	0.029483276541701093
8.06	0.02935490297309771
8.07	0.029227246493299327
8.08	0.02910030221552683
8.09	0.028974065292293287
8.1	0.02884853091504004
8.11	0.028723694313776416
8.120000000000001	0.028599550756723442
8.13	0.02847609554996111
8.14	0.028353324037079488
8.15	0.028231231598833333
8.16	0.028109813652800332
8.17	0.02798906565304295
8.18	0.0278689830897738
8.19	0.02774956148902432
8.2	0.02763079641231719
8.21	0.027512683456341808
8.22	0.027395218252633437
8.23	0.027278396467255345
8.24	0.02716221380048448
8.25	0.027046665986500313
8.26	0.026931748793076807
8.27	0.026817458021277652
8.28	0.02670378950515457
8.290000000000001	0.02659073911144872
8.3	0.026478302739295214
8.31	0.026366476319930568
8.32	0.026255255816403204
8.33	0.026144637223286922
8.34	0.02603461656639724
8.35	0.025925189902510613
8.36	0.02581635331908663
8.370000000000001	0.025708102933992824
8.38	0.025600434895232522
8.39	0.025493345380675214
8.4	0.025386830597789813
8.41	0.025280886783380578
8.42	0.025175510203325615
8.43	0.025070697152318182
8.44	0.02496644395361043
8.45	0.024862746958759847
8.46	0.02475960254737808
8.47	0.02465700712688261
8.48	0.024554957132250536
8.49	0.02445344902577503
8.5	0.024352479296824193
8.51	0.02425204446160237
8.52	0.024152141062913725
8.53	0.024052765669928304
8.540000000000001	0.023953914877950275
8.55	0.023855585308188706
8.56	0.023757773607530334
8.57	0.0236604764483148
8.58	0.02356369052811208
8.59	0.023467412569502
8.6	0.02337163931985607
8.61	0.023276367551121373
8.620000000000001	0.02318159405960671
8.63	0.023087315665770654
8.64	0.022993529214011918
8.65	0.02290023157246157
8.66	0.02280741963277749
8.67	0.022715090309940657
8.68	0.02262324054205356
8.69	0.022531867290140548
8.700000000000001	0.02244096753795009
8.71	0.022350538291758974
8.72	0.02226057658017856
8.73	0.022171079453962652
8.74	0.02208204398581746
8.75	0.021993467270213313
8.76	0.02190534642319822
8.77	0.021817678582213274
8.78	0.021730460905909788
8.790000000000001	0.02164369057396815
8.8	0.021557364786918623
8.81	0.021471480765963648
8.82	0.02138603575280206
8.83	0.02130102700945477
8.84	0.02121645181809238
8.85	0.02113230748086423
8.86	0.021048591319729266
8.870000000000001	0.02095476148950305
8.88	0.02086025814753813
8.89	0.020766286648056024
8.9	0.020672843404765984
8.91	0.020579924859551253
8.92	0.02048752748221644
8.93	0.020395647770237453
8.94	0.020304282248513952
8.950000000000001	0.02021342746912424
8.96	0.02012308001108269
8.97	0.02003323648009957
8.98	0.019943893508343243
8.99	0.019855047754204824
9.	0.019766695902065055
9.01	0.019678834662063736
9.02	0.01959146076987116
9.03	0.01950457098646212
9.040000000000001	0.019418162097891864
9.05	0.019332230915074626
9.06	0.019246774273564034
9.07	0.019161789033335878
9.08	0.01907727207857297
9.09	0.018993220317452167
9.1	0.018909630681933413
9.11	0.018826500127551098
9.120000000000001	0.018743825633207048
9.13	0.01866160420096607
9.14	0.018579832855853073
9.15	0.01849850864565247
9.16	0.018417628640709404
9.17	0.018337189933732942
9.18	0.01825718963960127
9.19	0.01817762489516876
9.200000000000001	0.018098492859074784
9.21	0.018019790711554694
9.22	0.01794151565425236
9.23	0.01786366491003465
9.24	0.01778623572280781
9.25	0.017709225357335396
9.26	0.017632631099058257
9.27	0.017556450253916014
9.28	0.017480680148170422
9.290000000000001	0.017405318128230374
9.3	0.017330361560478708
9.31	0.017255807831100485
9.32	0.017181654345913115
9.33	0.017107898530198007
9.34	0.017034537828533924
9.35	0.016961569704631873
9.36	0.016888991641171643
9.370000000000001	0.016816801139639778
9.38	0.016744995720169343
9.39	0.016673572921380976
9.4	0.01660253030022569
9.41	0.016531865431828874
9.42	0.016461575909336158
9.43	0.016391659343760478
9.44	0.016322113363830656
9.450000000000001	0.016252935615841502
9.46	0.01618412376350526
9.47	0.016115675487804477
9.48	0.016047588486846336
9.49	0.015979860475718234
9.5	0.015909035776348727
9.51	0.015835479403352993
9.52	0.015762339892932853
9.53	0.015689614448457543
9.540000000000001	0.015617300294964857
9.55	0.015545394678970748
9.56	0.015473894868280871
9.57	0.015402798151803869
9.58	0.015332101839366615
9.59	0.015261803261531244
9.6	0.015191899769413833
9.61	0.015122388734505028
9.620000000000001	0.015053267548492288
9.63	0.014984533623084016
9.64	0.014916184389835236
9.65	0.014848217299975075
9.66	0.014780629824235815
9.67	0.014713419452683795
9.68	0.014646583694551723
9.69	0.014580120078072816
9.700000000000001	0.014514026150316354
9.71	0.014448299477025016
9.72	0.014382937642453632
9.73	0.014317938249209594
9.74	0.014253298918094707
9.75	0.014189017287948712
9.76	0.014125091015494095
9.77	0.014061517775182662
9.78	0.013998295259043296
9.790000000000001	0.01393542117653144
9.8	0.013872893254379813
9.81	0.013810709236450678
9.82	0.013748866883589474
9.83	0.013687363973479878
9.84	0.013626198300500183
9.85	0.013565367675581178
9.86	0.01350486992606516
9.870000000000001	0.01344470289556655
9.88	0.013384864443833666
9.89	0.0133253524466118
9.9	0.013266164795507688
9.91	0.013207299397855216
9.92	0.013148754176582357
9.93	0.013090527070079487
9.94	0.013032616032068782
9.950000000000001	0.012975019031474947
9.96	0.012917734052297188
9.97	0.012860759093482315
9.98	0.012804092168799103
9.99	0.012747731306713719
10.	0.012691674550266525
10.01	0.01263591995694981
10.02	0.012580465598586844
10.03	0.012525309561211933
10.040000000000001	0.012470449944951698
10.05	0.012415884863907413
10.06	0.012361612446038419
10.07	0.012307630833046689
10.08	0.01225393818026241
10.09	0.012200532656530663
10.1	0.012147412444099134
10.11	0.01209457573850691
10.120000000000001	0.01204202074847424
10.13	0.011989745695793369
10.14	0.011937748815220394
10.15	0.011886028354368026
10.16	0.01183458257359949
10.17	0.01178340974592329
10.18	0.011729118634167968
10.19	0.011673048792692611
10.200000000000001	0.01161730159089421
10.21	0.01156187485863663
10.22	0.011506766442485643
10.23	0.011451974205564142
10.24	0.011397496027408907
10.25	0.011343329803828624
10.26	0.011289473446763312
10.27	0.011235924884145126
10.28	0.011182682059760406
10.290000000000001	0.011129742933113178
10.3	0.011077105479289868
10.31	0.011024767688825309
10.32	0.010972727567570095
10.33	0.010920983136559134
10.34	0.010869532431881516
10.35	0.010818373504551532
10.36	0.010767504420381031
10.370000000000001	0.010716923259852901
10.38	0.010666628117995817
10.39	0.010616617104260099
10.4	0.01056688834239486
10.41	0.010517439970326186
10.42	0.010468270140036607
10.43	0.010419377017445589
10.44	0.010370758782291182
10.450000000000001	0.010322413628012894
10.46	0.0102743397616355
10.47	0.010226535403654067
10.48	0.010178998787919998
10.49	0.01013172816152818
10.5	0.01008472178470519
10.51	0.01003797793069856
10.52	0.009991494885666998
10.53	0.009945270948571772
10.540000000000001	0.009899304431069003
10.55	0.009853593657403011
10.56	0.009808136964300652
10.57	0.009762932700866622
10.58	0.009717979228479777
10.59	0.009673274920690363
10.6	0.009628818163118264
10.61	0.009584607353352143
10.620000000000001	0.009540640900849558
10.63	0.009496917226837938
10.64	0.009453434764216615
10.65	0.009410191957459601
10.66	0.009367187262519379
10.67	0.009324419146731502
10.68	0.009281886088720158
10.69	0.009239586578304548
10.700000000000001	0.009197519116406122
10.71	0.009155682214956697
10.72	0.009114074396807446
10.73	0.00907269419563862
10.74	0.009031540155870243
10.75	0.008990610832573498
10.76	0.008949904791383015
10.77	0.008909420608409876
10.78	0.00886915687015553
10.790000000000001	0.00882911217342638
10.8	0.008789285125249227
10.81	0.00874967434278745
10.82	0.008710278453257956
10.83	0.0086710960938489
10.84	0.008632125911638144
10.85	0.008593366563512441
10.86	0.00855481671608738
10.870000000000001	0.008516475045628033
10.88	0.008478340237970361
10.89	0.008440410988443283
10.9	0.00840268600179147
10.91	0.008361825492251885
10.92	0.008320641481801224
10.93	0.008279697731479746
10.94	0.008238992621756038
10.950000000000001	0.00819852454548166
10.96	0.008158291907785229
10.97	0.008118293125967582
10.98	0.008078526629397897
10.99	0.008038990859410787
11.	0.00799968426920436
11.01	0.007960605323739265
11.02	0.007921752499638684
11.03	0.007883124285089216
11.040000000000001	0.007844719179742764
11.05	0.007806535694619304
11.06	0.007768572352010538
11.07	0.007730827685384525
11.08	0.007693300239291124
11.09	0.007655988569268391
11.1	0.00761889124174978
11.11	0.007582006833972269
11.120000000000001	0.007545333933885311
11.13	0.007508871140060654
11.14	0.00747261706160298
11.15	0.007436570318061389
11.16	0.007400729539341684
11.17	0.007365093365619511
11.18	0.007329660447254268
11.19	0.007294429444703821
11.200000000000001	0.007259399028440012
11.21	0.007224567878864949
11.22	0.007189934686228095
11.23	0.007155498150544052
11.24	0.007121256981511181
11.25	0.007087209898430932
11.26	0.007053355630127906
11.27	0.007019692914870709
11.28	0.006986220500293465
11.290000000000001	0.006952937143318077
11.3	0.006919841610077235
11.31	0.006886932675838062
11.32	0.006854209124926532
11.33	0.006821669750652524
11.34	0.006789313355235581
11.35	0.006757138749731349
11.36	0.006725144753958712
11.370000000000001	0.006693330196427508
11.38	0.006661693914267025
11.39	0.006630234753155058
11.4	0.006598951567247624
11.41	0.006567843219109354
11.42	0.006536908579644475
11.43	0.006506146528028452
11.44	0.006475555951640222
11.450000000000001	0.006445135745995032
11.46	0.006414884814677963
11.47	0.00638480206927795
11.48	0.00635488642932245
11.49	0.006325136822212723
11.5	0.006295552183159637
11.51	0.006266131455120102
11.52	0.006236873588734052
11.53	0.006207777542261997
11.540000000000001	0.006178842281523148
11.55	0.006150066779834067
11.56	0.006121450017947921
11.57	0.006092990983994215
11.58	0.00606468867341911
11.59	0.0060365420889262715
11.6	0.006008550240418216
11.61	0.005980712144938235
11.620000000000001	0.005953026826612753
11.63	0.005925493316594318
11.64	0.005898110653004981
11.65	0.005870877880880258
11.66	0.005843794052113544
11.67	0.005816858225401075
11.68	0.005790069466187304
11.69	0.005760839303679762
11.700000000000001	0.005731461761285659
11.71	0.005702258936971096
11.72	0.005673229643753749
11.73	0.005644372703718204
11.74	0.005615686947939056
11.75	0.00558717121640472
11.76	0.005558824357941943
11.77	0.005530645230141042
11.78	0.005502632699281802
11.790000000000001	0.0054747856402600934
11.8	0.005447102936515187
11.81	0.00541958347995766
11.82	0.005392226170898072
11.83	0.005365029917976235
11.84	0.005337993638091169
11.85	0.005311116256331699
11.86	0.005284396705907672
11.870000000000001	0.005257833928081834
11.88	0.005231426872102345
11.89	0.005205174495135876
11.9	0.0051790757622013454
11.91	0.00515312964610429
11.92	0.005127335127371779
11.93	0.005101691194187983
11.94	0.0050761968423303
11.950000000000001	0.005050851075106077
11.96	0.005025652903289928
11.97	0.005000601345061596
11.98	0.004975695425944401
11.99	0.004950934178744241
12.	0.004926316643489177
12.01	0.004901841867369522
12.02	0.004877508904678525
12.030000000000001	0.004853316816753533
12.040000000000001	0.0048292646719177885
12.05	0.00480535154542265
12.06	0.004781576519390392
12.07	0.004757938682757527
12.08	0.004734437131218614
12.09	0.00471107096717061
12.1	0.0046878392996576885
12.11	0.004664741244316586
12.120000000000001	0.0046417759233224375
12.13	0.004618942465335078
12.14	0.004596240005445883
12.15	0.004573667685125011
12.16	0.004551224652169189
12.17	0.004528910060649921
12.18	0.00450672307086222
12.19	0.004484662849273726
12.200000000000001	0.0044627285684743345
12.21	0.004440919407126259
12.22	0.004419234549914559
12.23	0.0043976731874980695
12.24	0.0043762345164608165
12.25	0.004354917739263844
12.26	0.004333722064197468
12.27	0.004312646705333967
12.280000000000001	0.004291690882480683
12.290000000000001	0.00427085382113357
12.3	0.004250134752431111
12.31	0.004229532913108683
12.32	0.004209047545453313
12.33	0.004188677897258826
12.34	0.004168423221781416
12.35	0.0041482827776956
12.36	0.004128255829050531
12.370000000000001	0.004108341645226759
12.38	0.004088539500893341
12.39	0.004068848675965307
12.4	0.004049268455561547
12.41	0.004029798129963047
12.42	0.0040104369945714825
12.43	0.00399118434986822
12.44	0.003972039501373614
12.450000000000001	0.00395300175960672
12.46	0.003934070440045337
12.47	0.003915244863086405
12.48	0.0038965243540067473
12.49	0.003877908242924154
12.5	0.0038593958647588234
12.51	0.0038409865591951184
12.52	0.0038220615259901706
12.530000000000001	0.0038020879496780398
12.540000000000001	0.003782234562092593
12.55	0.0037625005450311554
12.56	0.0037428850865066517
12.57	0.003723387380695503
12.58	0.003704006627885976
12.59	0.0036847420344270406
12.6	0.0036655928126776527
12.61	0.003646558180956535
12.620000000000001	0.0036276373634924032
12.63	0.003608829590374653
12.64	0.0035901340975044893
12.65	0.0035715501265465004
12.66	0.003553076924880696
12.67	0.0035347137455549334
12.68	0.003516459847237846
12.69	0.0034983144941721227
12.700000000000001	0.00348027695612828
12.71	0.003462346508358803
12.72	0.0034445224315527477
12.73	0.0034268040117906963
12.74	0.003409190540500183
12.75	0.003391681314411483
12.76	0.0033742756355138103
12.77	0.0033569728110119184
12.780000000000001	0.003339772153283088
12.790000000000001	0.0033226729798345052
12.8	0.0033056746132610142
12.81	0.0032887763812032597
12.82	0.003271977616306205
12.83	0.00325527765617803
12.84	0.003238675843349385
12.85	0.0032221715252330023
12.86	0.0032057640540837083
12.870000000000001	0.0031894527869587475
12.88	0.003173237085678502
12.89	0.003157116316787539
12.9	0.003141089851516005
12.91	0.0031251570657413754
12.92	0.0031093173399505524
12.93	0.00309357005920229
12.94	0.0030779146130899293
12.950000000000001	0.0030623503957045196
12.96	0.0030468768055982504
12.97	0.0030314932457481563
12.98	0.0030161991235202273
12.99	0.0030009938506337748
13.	0.0029858768431261424
13.01	0.0029708475213177273
13.02	0.0029559053097772963
13.030000000000001	0.0029410496372876327
13.040000000000001	0.0029262799368114803
13.05	0.0029115956454577574
13.06	0.0028969962044481266
13.07	0.0028824810590838044
13.08	0.002868049658712697
13.09	0.002853701456696819
13.1	0.0028394359103799845
13.11	0.002825252481055811
13.120000000000001	0.0028111506339359707
13.13	0.0027971298381187586
13.14	0.0027831895665578954
13.15	0.0027693292960316346
13.16	0.0027555485071121284
13.17	0.002741846684135066
13.18	0.002728223315169583
13.19	0.0027146778919884054
13.200000000000001	0.0027012099100382977
13.21	0.002687818868410742
13.22	0.002674504269812869
13.23	0.002661265620538664
13.24	0.0026481024304404084
13.25	0.002635014212900366
13.26	0.002622000484802741
13.27	0.002609060766505836
13.280000000000001	0.0025961945818144994
13.290000000000001	0.00258340145795278
13.3	0.002570680925536841
13.31	0.0025580325185480747
13.32	0.0025454557743064964
13.33	0.00253295023344433
13.34	0.0025205154398798414
13.35	0.00250815094079139
13.36	0.0024958562865917164
13.370000000000001	0.0024836310309024313
13.38	0.002471474730528749
13.39	0.0024593869454344127
13.4	0.0024473672387168616
13.41	0.0024354151765825912
13.42	0.00242285436757417
13.43	0.002410229620664554
13.44	0.0023976799809839627
13.450000000000001	0.0023852049463184734
13.46	0.0023728040181820636
13.47	0.0023604767017862105
13.48	0.002348222506009751
13.49	0.0023360409433689916
13.5	0.0023239315299881137
13.51	0.002311893785569827
13.52	0.0022999272333662645
13.530000000000001	0.002288031400150173
13.540000000000001	0.00227620581618634
13.55	0.0022644500152032617
13.56	0.002252763534365071
13.57	0.0022411459142437297
13.58	0.002229596698791438
13.59	0.00221811543531331
13.6	0.002206701674440268
13.61	0.002195354970102206
13.620000000000001	0.00218407487950136
13.63	0.002172860963085925
13.64	0.002161712784523912
13.65	0.00215062991067721
13.66	0.002139611911575904
13.67	0.0021286583603928088
13.68	0.002117768833418204
13.69	0.0021069429100348297
13.700000000000001	0.0020961801726930686
13.71	0.002085480206886365
13.72	0.0020748426011268314
13.73	0.002064266946921117
13.74	0.0020537528387464263
13.75	0.0020432998740268077
13.76	0.002032907653109581
13.77	0.0020225757792420433
13.780000000000001	0.0020123038585483223
13.790000000000001	0.002002091500006453
13.8	0.00199193831542565
13.81	0.001981843919423779
13.82	0.0019718079294050294
13.83	0.001961829965537756
13.84	0.0019519096507325468
13.85	0.001942046610620454
13.86	0.001932240473531432
13.870000000000001	0.0019224908704729374
13.88	0.0019127974351087506
13.89	0.0019031598037379388
13.9	0.001893577615274038
13.91	0.0018840505112243753
13.92	0.001874578135669617
13.93	0.0018651601352434445
13.94	0.0018557961591124364
13.950000000000001	0.0018464858589561169
13.96	0.001837228888947168
13.97	0.0018280249057318206
13.98	0.0018188735684103972
13.99	0.0018097745385180562
14.	0.0018007274800056526
14.01	0.0017917320592208085
14.02	0.0017827879448891139
14.030000000000001	0.0017738948080955022
14.040000000000001	0.0017650523222657887
14.05	0.001756260163148346
14.06	0.0017475180087959642
14.07	0.0017388255395478392
14.08	0.001730182438011736
14.09	0.0017215883890462898
14.1	0.0017130430797434506
14.11	0.0017045461994111138
14.120000000000001	0.0016960974395558467
14.13	0.0016876964938658046
14.14	0.0016793430581937645
14.15	0.0016710368305403143
14.16	0.0016627775110371892
14.17	0.0016545648019307346
14.18	0.0016463984075655207
14.19	0.0016382780343680893
14.200000000000001	0.001630203390830843
14.21	0.0016221741874960609
14.22	0.00161419013694007
14.23	0.0016062509537575153
14.24	0.0015983563545457992
14.25	0.0015905060578896258
14.26	0.0015826997843456866
14.27	0.0015749372564274734
14.280000000000001	0.0015672181985902226
14.290000000000001	0.0015595423372159723
14.3	0.001551909400598756
14.31	0.0015443191189299238
14.32	0.0015367712242835743
14.33	0.0015292654506021191
14.34	0.0015218015336819545
14.35	0.0015143792111592758
14.36	0.001506998222495989
14.370000000000001	0.00149965830896574
14.38	0.0014924092805260424
14.39	0.0014852052166748277
14.4	0.0014780408961967222
14.41	0.001470916072463994
14.42	0.0014638305005489807
14.43	0.0014567839372111968
14.44	0.001449776140884563
14.450000000000001	0.0014428068716647248
14.46	0.0014358758912964903
14.47	0.0014289829631613557
14.48	0.0014221278522651446
14.49	0.0014153103252257469
14.5	0.0014085301502609593
14.51	0.0014017870971764232
14.52	0.0013950809373536614
14.530000000000001	0.0013884114437382215
14.540000000000001	0.0013817783908279017
14.55	0.0013751815546610862
14.56	0.0013686207128051694
14.57	0.0013620956443450834
14.58	0.0013556061298719013
14.59	0.0013491519514715546
14.6	0.0013427328927136308
14.61	0.0013363487386402672
14.620000000000001	0.0013299992757551313
14.63	0.001323684292012494
14.64	0.0013174035768063932
14.65	0.0013111569209598832
14.66	0.0013049441167143688
14.67	0.0012987649577190338
14.68	0.0012926192390203496
14.69	0.0012865067570516696
14.700000000000001	0.0012804273096229167
14.71	0.001274380695910334
14.72	0.0012683667164463401
14.73	0.0012623851731094595
14.74	0.0012564358691143304
14.75	0.0012505186090017923
14.76	0.001244633198629066
14.77	0.0012387794451599948
14.780000000000001	0.0012329571570553843
14.790000000000001	0.0012271661440634032
14.8	0.0012214062172100724
14.81	0.0012156771887898246
14.82	0.0012099788723561392
14.83	0.0012043110827122656
14.84	0.0011986736359019972
14.85	0.001193066349200546
14.86	0.0011874890411054716
14.870000000000001	0.0011819415313276877
14.88	0.001176423640782549
14.89	0.0011709351915809975
14.9	0.0011654760070207838
14.91	0.0011600459115777718
14.92	0.0011546447308972778
14.93	0.0011492722917855315
14.94	0.0011439284222011519
14.950000000000001	0.0011386129512467298
14.96	0.0011333257091604549
14.97	0.0011280665273078227
14.98	0.0011228352381734013
14.99	0.001117631675352664
15.	0.0011124556735438854
15.01	0.0011073070685401105
15.02	0.001102185697221178
15.030000000000001	0.0010970913975458126
15.040000000000001	0.001092024008543774
15.05	0.0010869833703080758
15.06	0.0010819693239872623
15.07	0.0010769817117777436
15.08	0.0010720203769161993
15.09	0.0010670851636720312
15.1	0.0010621759173398873
15.11	0.0010572924842322375
15.120000000000001	0.0010524347116720092
15.13	0.0010476024479852814
15.14	0.0010427955424940393
15.15	0.001038013845508981
15.16	0.0010332572083223816
15.17	0.0010285254832010184
15.18	0.0010238185233791477
15.19	0.0010191361830515343
15.200000000000001	0.0010144783173665442
15.21	0.001009844782419282
15.22	0.001005235435244787
15.23	0.001000650133811283
15.24	0.000996088737013482
15.25	0.0009915511046659298
15.26	0.0009870370974964231
15.27	0.000982546577139461
15.280000000000001	0.0009780794061297557
15.290000000000001	0.0009736354478957871
15.3	0.0009692145667534198
15.31	0.0009648166278995587
15.32	0.0009604414974058568
15.33	0.0009560890422124748
15.34	0.0009517591301218886
15.35	0.0009474516297927402
15.36	0.0009431664107337449
15.370000000000001	0.0009389033432976361
15.38	0.0009346622986751669
15.39	0.0009304431488891499
15.4	0.0009263868208405954
15.41	0.0009232875554817647
15.42	0.0009202006593150474
15.43	0.0009171260750013414
15.44	0.0009140637455042607
15.450000000000001	0.0009110136140883443
15.46	0.0009079756243172771
15.47	0.0009049497200521168
15.48	0.0009019358454495397
15.49	0.0008989339449600942
15.5	0.0008959439633264594
15.51	0.0008929658455817328
15.52	0.0008899995370477097
15.530000000000001	0.0008870449833331843
15.540000000000001	0.0008841021303322623
15.55	0.0008811709242226779
15.56	0.0008782513114641288
15.57	0.0008753432387966197
15.58	0.0008724466532388125
15.59	0.0008695615020863928
15.6	0.0008666877329104479
15.610000000000001	0.0008638252935558474
15.620000000000001	0.0008609741321396428
15.63	0.0008581341970494727
15.64	0.00085530543694198
15.65	0.0008524878007412387
15.66	0.0008496812376371917
15.67	0.0008468856970840986
15.68	0.0008441011287989941
15.69	0.0008413274827601528
15.700000000000001	0.0008385647092055673
15.71	0.0008358127586314376
15.72	0.0008330715817906678
15.73	0.0008303411296913701
15.74	0.0008276213535953844
15.75	0.0008249122050168009
15.76	0.0008222136357204994
15.77	0.0008195255977206906
15.780000000000001	0.0008168480432794718
15.790000000000001	0.0008141809249053916
15.8	0.0008115241953520204
15.81	0.0008088778076165333
15.82	0.0008062417149383031
15.83	0.0008036158707974935
15.84	0.0008010002289136779
15.85	0.0007983947432444483
15.860000000000001	0.0007957993679840489
15.870000000000001	0.0007932140575620079
15.88	0.0007906387666417808
15.89	0.0007880734501194062
15.9	0.0007855180631221676
15.91	0.000782972561007258
15.92	0.0007804368993604663
15.93	0.0007779110339948577
15.94	0.0007753949209494733
15.950000000000001	0.0007728885164880292
15.96	0.000770391777097635
15.97	0.0007679046594875064
15.98	0.0007654271205876981
15.99	0.0007629591175478387
16.	0.0007605006077358752
16.01	0.0007580515487368235
16.02	0.0007556118983515337
16.03	0.000753181614595449
16.04	0.000750760655697392
16.05	0.0007483489800983389
16.06	0.0007459465464502167
16.07	0.0007435533136147008
16.080000000000002	0.0007411692406620174
16.09	0.000738794286869765
16.1	0.0007364284117217288
16.11	0.0007340715749067123
16.12	0.0007317237363173742
16.13	0.0007293848560490715
16.14	0.0007270548943987084
16.15	0.0007247338118635972
16.16	0.0007224215691403211
16.17	0.0007201181271236085
16.18	0.000717823446905211
16.19	0.0007155374897727903
16.2	0.0007132602172088115
16.21	0.0007109915908894447
16.22	0.0007087315726834679
16.23	0.0007064801246511875
16.240000000000002	0.0007042372090433535
16.25	0.0007020027883000902
16.26	0.000699776825049829
16.27	0.00069755928210825
16.28	0.0006953501224772301
16.29	0.000693149309343795
16.3	0.0006909568060790829
16.31	0.000688772576237308
16.32	0.0006865965835547355
16.330000000000002	0.0006844287919486623
16.34	0.0006822691655164042
16.35	0.000680117668534284
16.36	0.0006779742654566341
16.37	0.0006758389209147997
16.38	0.0006737115997161519
16.39	0.0006715922668431017
16.4	0.0006694808874521263
16.41	0.0006673774268727967
16.42	0.0006652818506068132
16.43	0.0006631941243270487
16.44	0.0006611142138765925
16.45	0.000659042085267806
16.46	0.0006569777046813814
16.47	0.0006682142259867658
16.48	0.0006831678250022151
16.490000000000002	0.0006984466854231616
16.5	0.000714057678421362