0.01	3.355037998843622
0.02	2.094586220341133
0.03	1.6552138314161675
0.04	1.4349971981079312
0.05	1.3032108452752067
0.06	1.2126298952405596
0.07	1.1496347115745877
0.08	1.104844598697537
0.09	1.0683808440965608
0.1	1.0386131486784542
0.11	1.0139008204490754
0.12	0.9925973015771155
0.13	0.9745712454001972
0.14	0.9592425144743996
0.15	0.945859877449636
0.16	0.9338405450849374
0.17	0.9228540177593143
0.18	0.9127512368638864
0.19	0.9033490208639946
0.2	0.8949917315110056
0.21	0.8871140410166317
0.22	0.8795976871094339
0.23	0.8723140082639181
0.24	0.8653968930516367
0.25	0.858776504332418
0.26	0.8520494754691483
0.27	0.8456261118498455
0.28	0.8394821958281026
0.29	0.8334399441323618
0.3	0.8274037862183642
0.31	0.8216071642519821
0.32	0.8160332926112447
0.33	0.8106038302227382
0.34	0.8050194798023174
0.35000000000000003	0.7996338346212879
0.36	0.794434442368835
0.37	0.7894099499594655
0.38	0.7843979502155196
0.39	0.7791685260700432
0.4	0.7741050592523803
0.41000000000000003	0.7691983272674682
0.42	0.7644398294094615
0.43	0.7598217146599548
0.44	0.7550231121770268
0.45	0.7502263005879591
0.46	0.7455644010889221
0.47000000000000003	0.7410308077024694
0.48	0.7366193698068917
0.49	0.7323243520300271
0.5	0.7280264604502023
0.51	0.7235483268544006
0.52	0.7191839020109578
0.53	0.7149281937807708
0.54	0.7107765181615193
0.55	0.7067244749774032
0.56	0.702767925889236
0.5700000000000001	0.6989029744663793
0.58	0.6947896867223263
0.59	0.6907385741167563
0.6	0.6867785800845964
0.61	0.6829061869942058
0.62	0.679118067854218
0.63	0.6754110731042412
0.64	0.6717822185139402
0.65	0.668228674081785
0.66	0.6645641230390131
0.67	0.6607571842400882
0.68	0.6570279729244575
0.6900000000000001	0.6533737935972206
0.7000000000000001	0.6497920815792403
0.71	0.6462803948976
0.72	0.6428364067849103
0.73	0.6394578987339996
0.74	0.6361427540598867
0.75	0.6328889519256913
0.76	0.6294998645588863
0.77	0.6261067410649713
0.78	0.6227753385481851
0.79	0.6195037643480193
0.8	0.6162902068603986
0.81	0.613132931104912
0.8200000000000001	0.6100302745857519
0.8300000000000001	0.6069806434235824
0.84	0.6039825087375773
0.85	0.6010344032586871
0.86	0.5981349181568291
0.87	0.5951363475267304
0.88	0.5920881773558702
0.89	0.5890897993204293
0.9	0.5861398541671552
0.91	0.5832370343222064
0.92	0.5803800813842562
0.93	0.5775677837649245
0.9400000000000001	0.5747989744664052
0.9500000000000001	0.5720725289869462
0.96	0.5693873633455675
0.97	0.5667424322180672
0.98	0.5641367271769702
0.99	0.5615692750286302
1.	0.5588224233724078
1.01	0.5560603041027966
1.02	0.5533388498544902
1.03	0.5506570719891432
1.04	0.5480140152016781
1.05	0.5454087560889056
1.06	0.5428404017925678
1.07	0.5403080887122717
1.08	0.5378109812840944
1.09	0.5353482708209455
1.1	0.5329191744110168
1.11	0.5305229338709233
1.12	0.5281588147503488
1.1300000000000001	0.5258261053852267
1.1400000000000001	0.5235039965844217
1.1500000000000001	0.5210238349216771
1.16	0.518576744845793
1.17	0.5161620059225569
1.18	0.5137789193958187
1.19	0.5114268073581592
1.2	0.5091050119599481
1.21	0.5068128946547078
1.22	0.5045498354788345
1.23	0.5023152323638415
1.24	0.5001085004794098
1.25	0.49792907160562827
1.26	0.49577639353290137
1.27	0.4936499294881037
1.28	0.4915491575856303
1.29	0.48947357030207944
1.3	0.48742267397337896
1.31	0.4853596703037797
1.32	0.48319353070225946
1.33	0.48105329780859607
1.34	0.47893847046511356
1.35	0.4768485608549622
1.36	0.47478309405135516
1.37	0.47274160758522127
1.3800000000000001	0.47072365103039027
1.3900000000000001	0.46872878560548054
1.4000000000000001	0.46675658379170093
1.41	0.46480662896582275
1.42	0.4628785150476156
1.43	0.4609718461610829
1.44	0.45908623630886125
1.45	0.45722130905918595
1.46	0.45537669724485574
1.47	0.45355204267365823
1.48	0.45174699584974254
1.49	0.44996121570545833
1.5	0.44819436934319723
1.51	0.44629888005149515
1.52	0.4443970091379772
1.53	0.4425156348166191
1.54	0.44065440438191594
1.55	0.4388129734366544
1.56	0.43699100564413934
1.57	0.4351881724893442
1.58	0.4334041530486061
1.59	0.43163863376751077
1.6	0.42989130824662486
1.61	0.42816187703475156
1.62	0.4264500474294014
1.6300000000000001	0.424755533284183
1.6400000000000001	0.42307805482283234
1.6500000000000001	0.4214173384596154
1.6600000000000001	0.41977311662584443
1.67	0.41814512760226863
1.68	0.4165331153571038
1.69	0.41493682938948
1.7	0.4133560245780952
1.71	0.41179046103487094
1.72	0.4102399039634193
1.73	0.4086194130378678
1.74	0.4069582565052679
1.75	0.40531331474331
1.76	0.4036843381709046
1.77	0.40207108243808243
1.78	0.40047330828755817
1.79	0.39889078142070755
1.8	0.39732327236779946
1.81	0.3957705563623215
1.82	0.3942324132192497
1.83	0.39270862721711874
1.84	0.39119898698374994
1.85	0.38970328538550997
1.86	0.3882213194199678
1.87	0.38675289011183095
1.8800000000000001	0.38529780241204414
1.8900000000000001	0.383855865099934
1.9000000000000001	0.382426890688299
1.9100000000000001	0.381010695331334
1.92	0.3796070987352963
1.93	0.3782159240718124
1.94	0.3768369978937406
1.95	0.3754701500534933
1.96	0.37411521362374345
1.97	0.3727720248204267
1.98	0.3714328912804961
1.99	0.3699814217523368
2.	0.36854285724292196
2.0100000000000002	0.36711701934501695
2.02	0.3657037329892808
2.0300000000000002	0.3643028263656719
2.04	0.3629141308470808
2.05	0.36153748091511667
2.06	0.36017271408797535
2.07	0.35881967085032296
2.08	0.35747819458512636
2.09	0.3561481315073709
2.1	0.3548293305996007
2.11	0.3535216435492262
2.12	0.3522249246875403
2.13	0.35093903093038953
2.14	0.34966382172044846
2.15	0.3483991589710445
2.16	0.3471449070114876
2.17	0.3459009325338552
2.18	0.34466710454118843
2.19	0.3434432942970557
2.2	0.3422293752764412
2.21	0.34102522311791816
2.22	0.33983071557706707
2.23	0.33864573248110136
2.24	0.33747015568466415
2.25	0.3363038690267604
2.2600000000000002	0.3351467582887903
2.27	0.3339987111536516
2.2800000000000002	0.3327851348881568
2.29	0.3315540061493106
2.3000000000000003	0.33033276664646183
2.31	0.3291212944619617
2.32	0.3279194697004015
2.33	0.32672717444653204
2.34	0.3255442927242352
2.35	0.3243707104565149
2.36	0.32320631542648187
2.37	0.3220509972393002
2.38	0.3209046472850683
2.39	0.3197671587026093
2.4	0.318638426344144
2.41	0.3175183467408199
2.42	0.31640681806907517
2.43	0.31530374011781
2.44	0.3142090142563469
2.45	0.3131225434031545
2.46	0.3120442319953163
2.47	0.31097398595872017
2.48	0.3099117126789536
2.49	0.3088573209728802
2.5	0.3078107210608828
2.5100000000000002	0.30677182453975244
2.52	0.305740544356207
2.5300000000000002	0.30471679478102176
2.54	0.3037004913837558
2.5500000000000003	0.302691551008058
2.56	0.30168989174753713
2.57	0.3006954329221815
2.58	0.29970809505531215
2.59	0.29872779985105796
2.6	0.2977544701723361
2.61	0.29678242342188405
2.62	0.29573032139332955
2.63	0.29468593584443514
2.64	0.29364918116122535
2.65	0.2926199729991385
2.66	0.29159822825950205
2.67	0.2905838650665316
2.68	0.2895768027448379
2.69	0.28857696179743025
2.7	0.28758426388420266
2.71	0.286598631800891
2.72	0.28561998945848877
2.73	0.28464826186310954
2.74	0.28368337509628555
2.75	0.2827252562956915
2.7600000000000002	0.2817738336362817
2.77	0.2808290363118315
2.7800000000000002	0.2798907945168719
2.79	0.27895903942900885
2.8000000000000003	0.2780337031916166
2.81	0.27711471889689576
2.82	0.27620202056928844
2.83	0.27529554314924015
2.84	0.2743952224773014
2.85	0.2735009952785596
2.86	0.2726127991473934
2.87	0.27173057253254296
2.88	0.270854254722487
2.89	0.26998378583111954
2.9	0.2691191067837205
2.91	0.26826015930321084
2.92	0.2674068858966883
2.93	0.26655922984223407
2.94	0.26571713517598705
2.95	0.2648805466794765
2.96	0.2640494098672095
2.97	0.2632236709745058
2.98	0.26240327694557447
2.99	0.2615881754218278
3.	0.26074932521734034
3.0100000000000002	0.25987287786244795
3.02	0.25900226881086214
3.0300000000000002	0.2581374400321271
3.04	0.2572783342615758
3.0500000000000003	0.25642489498774673
3.06	0.25557706644004796
3.0700000000000003	0.25473479357666245
3.08	0.2538980220726901
3.09	0.2530666983085196
3.1	0.25224076935842665
3.11	0.25142018297939217
3.12	0.25060488760013583
3.13	0.24979483231036043
3.14	0.24898996685020203
3.15	0.2481902415998817
3.16	0.247395607569554
3.17	0.24660601638934754
3.18	0.24582142029959467
3.19	0.2450417721412447
3.2	0.24426702534645717
3.21	0.2434971339293717
3.22	0.24273205247704993
3.23	0.24197173614058595
3.24	0.24121614062638183
3.25	0.24046522218758437
3.2600000000000002	0.23971893761568028
3.27	0.2389772442322447
3.2800000000000002	0.23824009988084277
3.29	0.23750746291907726
3.3000000000000003	0.23677929221078217
3.31	0.2360555471183581
3.3200000000000003	0.235336187495246
3.33	0.23462117367853713
3.34	0.2339104664817157
3.35	0.23320402718753178
3.36	0.2325018175410027
3.37	0.23180379974253726
3.38	0.23110993644118452
3.39	0.23042019072800046
3.4	0.22973452612953324
3.41	0.22905290660142252
3.42	0.2283752965221115
3.43	0.22770166068666942
3.44	0.22703085508263895
3.45	0.22628873425256038
3.46	0.22555117672553593
3.47	0.22481814137435338
3.48	0.2240895875595585
3.49	0.22336547512228966
3.5	0.22264576437723732
3.5100000000000002	0.22193041610572767
3.52	0.2212193915489253
3.5300000000000002	0.22051265240115472
3.54	0.21981016080333712
3.5500000000000003	0.21911187933654047
3.56	0.218417771015641
3.5700000000000003	0.2177277992830922
3.58	0.21704192800280223
3.59	0.21636012145411462
3.6	0.21568234432589173
3.61	0.21500856171069865
3.62	0.21433873909908543
3.63	0.2136728423739662
3.64	0.21301083780509217
3.65	0.21235269204361817
3.66	0.21169837211675976
3.67	0.2110478454225396
3.68	0.2104010797246211
3.69	0.2097580431472284
3.7	0.2091187041701496
3.71	0.20848303162382364
3.72	0.20785099468450693
3.73	0.2072225628695203
3.74	0.2065977060325731
3.75	0.20597639435916434
3.7600000000000002	0.2053585983620584
3.77	0.20474428887683396
3.7800000000000002	0.20413343705750597
3.79	0.20352601437221782
3.8000000000000003	0.20292199259900245
3.81	0.20232134382161282
3.8200000000000003	0.20172404042541828
3.83	0.20113005509336718
3.84	0.20053936080201337
3.85	0.19995193081760645
3.86	0.1993677386922438
3.87	0.1987867582600834
3.88	0.198208963633617
3.89	0.19763432920000104
3.9	0.19706282961744653
3.91	0.19649443981166412
3.92	0.19592913497236575
3.93	0.19536689054982032
3.94	0.19480768225146303
3.95	0.1942483279702724
3.96	0.19363438256651372
3.97	0.19302391869582475
3.98	0.19241690792008456
3.99	0.19181332210413182
4.	0.19121313341178756
4.01	0.19061631430194106
4.0200000000000005	0.19002283752469593
4.03	0.18943267611757605
4.04	0.18884580340179039
4.05	0.1882621929785553
4.0600000000000005	0.18768181872547327
4.07	0.18710465479296798
4.08	0.18653067560077302
4.09	0.18595985583447494
4.1	0.18539217044210865
4.11	0.18482759463080484
4.12	0.18426610386348835
4.13	0.1837076738556258
4.14	0.18315228057202318
4.15	0.18259990022367123
4.16	0.1820505092646383
4.17	0.1815040843890099
4.18	0.1809606025278736
4.19	0.1804200408463493
4.2	0.17988237674066393
4.21	0.1793475878352688
4.22	0.17881565198000016
4.23	0.17828654724728182
4.24	0.1777602519293687
4.25	0.17723674453563115
4.26	0.17671600378987873
4.2700000000000005	0.1761980086277237
4.28	0.17568273819398275
4.29	0.1751701718401164
4.3	0.17466028912170597
4.3100000000000005	0.1741530697959668
4.32	0.1736484938192978
4.33	0.1731465413448661
4.34	0.17264719272022658
4.3500000000000005	0.1721504284849755
4.36	0.1716562293684381
4.37	0.1711645762873888
4.38	0.1706754503438043
4.39	0.17018883282264843
4.4	0.16970470518968878
4.41	0.16922304908934377
4.42	0.16874384634256076
4.43	0.16826707894472367
4.44	0.16779272906358994
4.45	0.1673207790372572
4.46	0.16685121137215772
4.47	0.1663840087410809
4.48	0.16591915398122384
4.49	0.1654566300922689
4.5	0.1649964202344875
4.51	0.16453850772687076
4.5200000000000005	0.1640828760452857
4.53	0.16362950882065716
4.54	0.16315016356037595
4.55	0.16264920770838706
4.5600000000000005	0.16215088478733394
4.57	0.16165517523046313
4.58	0.16116205965881855
4.59	0.16067151887903394
4.6000000000000005	0.16018353388115647
4.61	0.15969808583649994
4.62	0.1592151560955278
4.63	0.15873472618576545
4.64	0.15825677780974182
4.65	0.15778129284295822
4.66	0.1573082533318861
4.67	0.15683764149199153
4.68	0.15636943970578707
4.69	0.1559036305209098
4.7	0.15544019664822614
4.71	0.15497912095996177
4.72	0.15452038648785715
4.73	0.15406397642134803
4.74	0.15360987410577032
4.75	0.15315806304058954
4.76	0.1527085268776534
4.7700000000000005	0.15226124941946848
4.78	0.15181621461749933
4.79	0.15137340657049106
4.8	0.1509328095228134
4.8100000000000005	0.15049440786282736
4.82	0.15005818612127358
4.83	0.14962412896968152
4.84	0.14919222121880027
4.8500000000000005	0.1487624478170495
4.86	0.14833479384899148
4.87	0.14790924453382223
4.88	0.1474857852238834
4.89	0.14706440140319285
4.9	0.14664507868599513
4.91	0.14622780281532996
4.92	0.1458125596616201
4.93	0.14539933522127735
4.94	0.14498811561532596
4.95	0.14457888708804506
4.96	0.14417163600562738
4.97	0.14376634885485576
4.98	0.14336301224179684
4.99	0.1429616128905113
5.	0.14256213764178022
5.01	0.14216457345184844
5.0200000000000005	0.14176890739118334
5.03	0.1413751266432496
5.04	0.14098321850329973
5.05	0.1405931703771793
5.0600000000000005	0.14020496978014801
5.07	0.13981860433571525
5.08	0.13943406177449003
5.09	0.13905132993304614
5.1000000000000005	0.1386703967528008
5.11	0.1382912502789077
5.12	0.13791387865916385
5.13	0.13753827014292982
5.14	0.1371644130800639
5.15	0.13679229591986897
5.16	0.13642190721005257
5.17	0.1360532355957003
5.18	0.13568626981826093
5.19	0.1353209987145452
5.2	0.13495741121573585
5.21	0.13458082314155267
5.22	0.13417965950385052
5.23	0.1337804560192754
5.24	0.13338319938969795
5.25	0.13298787643235066
5.26	0.13259447407861039
5.2700000000000005	0.13220297937279482
5.28	0.13181337947097496
5.29	0.13142566163980154
5.3	0.1310398132553464
5.3100000000000005	0.13065582180195795
5.32	0.13027367487113084
5.33	0.12989336016038946
5.34	0.12951486547218524
5.3500000000000005	0.12913817871280717
5.36	0.1287632878913061
5.37	0.12839018111843176
5.38	0.12801884660558305
5.39	0.1276492726637707
5.4	0.12728144770259292
5.41	0.12691536022922334
5.42	0.12655099884741097
5.43	0.12618835225649244
5.44	0.1258274092504162
5.45	0.1254681587167783
5.46	0.12511058963586974
5.47	0.1247546910797353
5.48	0.12440045221124371
5.49	0.12404786228316857
5.5	0.12369691063728094
5.51	0.1233475867034517
5.5200000000000005	0.12299987999876547
5.53	0.1226537801266447
5.54	0.1223092767759839
5.55	0.12196635972029436
5.5600000000000005	0.12162501881685904
5.57	0.12128524400589712
5.58	0.12094702530973847
5.59	0.12061035283200791
5.6000000000000005	0.12027521675681892
5.61	0.11994160734797664
5.62	0.11960951494819054
5.63	0.1192789299782958
5.64	0.11894984293648417
5.65	0.11862224439754321
5.66	0.11829612501210504
5.67	0.11797147550590308
5.68	0.117648286679038
5.69	0.11732654940525146
5.7	0.11700625463120885
5.71	0.1166873933757898
5.72	0.11636995672938694
5.73	0.11605393585321289
5.74	0.11573932197861483
5.75	0.11542610640639724
5.76	0.11511428050615183
5.7700000000000005	0.1148038357155957
5.78	0.11449476353991662
5.79	0.11418705555112582
5.8	0.11388070338741788
5.8100000000000005	0.11357569875253831
5.82	0.11327203341515799
5.83	0.11296969920825432
5.84	0.11266868802849996
5.8500000000000005	0.11236899183565789
5.86	0.11207060265198358
5.87	0.11177351256163347
5.88	0.11147771371008054
5.89	0.1111831983035359
5.9	0.11088995860837696
5.91	0.1105979869505823
5.92	0.11030727571517214
5.93	0.11001781734565544
5.94	0.10972960434348317
5.95	0.10944262926750715
5.96	0.1091568847334454
5.97	0.10887236341335285
5.98	0.10858181101627659
5.99	0.10826716192049964
6.	0.1079539471911024
6.01	0.10764215791505573
6.0200000000000005	0.10733178524941987
6.03	0.10702282042067827
6.04	0.10671525472407829
6.05	0.10640907952297976
6.0600000000000005	0.10610428624821054
6.07	0.10580086639742928
6.08	0.10549881153449502
6.09	0.10519811328884424
6.1000000000000005	0.1048987633548743
6.11	0.10460075349133394
6.12	0.10430407552072044
6.13	0.10400872132868319
6.140000000000001	0.10371468286343435
6.15	0.1034219521351653
6.16	0.10313052121546984
6.17	0.10284038223677366
6.18	0.10255152739177
6.19	0.10226394893286124
6.2	0.10197763917160706
6.21	0.10169259047817795
6.22	0.1014087952808152
6.23	0.10112624606529623
6.24	0.10084493537440616
6.25	0.10056485580741469
6.26	0.10028600001955885
6.2700000000000005	0.10000836072153124
6.28	0.09973193067897361
6.29	0.09945670271197608
6.3	0.09918266969458163
6.3100000000000005	0.09890982455429576
6.32	0.09863816027160167
6.33	0.09836766987948017
6.34	0.0980983464629351
6.3500000000000005	0.09783018315852353
6.36	0.09756317315389099
6.37	0.0972973096873117
6.38	0.09703258604723355
6.390000000000001	0.09676899557182785
6.4	0.09650653164854403
6.41	0.09624518771366866
6.42	0.09598495725188941
6.43	0.09572583379586351
6.44	0.09546781092579057
6.45	0.09521088226899
6.46	0.09495504149948286
6.47	0.0947002823375778
6.48	0.09444659854946186
6.49	0.09419398394679475
6.5	0.09394243238630809
6.51	0.0936919377694081
6.5200000000000005	0.09344249404178306
6.53	0.09319409519301436
6.54	0.09294673525619165
6.55	0.09270040830753201
6.5600000000000005	0.09245510846600302
6.57	0.09221082989294968
6.58	0.09196756679172517
6.59	0.09172531340732529
6.6000000000000005	0.09148406402602667
6.61	0.09124381297502886
6.62	0.09100455462209973
6.63	0.0907662833752247
6.640000000000001	0.09052899368225947
6.65	0.09029268003058609
6.66	0.09005733694677305
6.67	0.08982295899623795
6.68	0.08958954078291449
6.69	0.089357076948922
6.7	0.08912556217423889
6.71	0.08889499117637908
6.72	0.08866535871007165
6.73	0.088436659566944
6.74	0.08820888857520766
6.75	0.08798204059934772
6.76	0.08775611053981523
6.7700000000000005	0.08753109333272227
6.78	0.08730698394954088
6.79	0.0870837773968039
6.8	0.0868614687158098
6.8100000000000005	0.08664005298232964
6.82	0.08641952530631757
6.83	0.08619988083162351
6.84	0.08598111473570928
6.8500000000000005	0.08576322222936711
6.86	0.08554619855644113
6.87	0.08531161269481634
6.88	0.08506849394619993
6.890000000000001	0.08482641963690002
6.9	0.08458538377387484
6.91	0.08434538040708822
6.92	0.08410640362913924
6.93	0.08386844757489575
6.94	0.08363150642113158
6.95	0.0833955743861671
6.96	0.0831606457295138
6.97	0.08292671475152201
6.98	0.08269377579303241
6.99	0.0824618232350309
7.	0.08223085149830689
7.01	0.08200085504311498
7.0200000000000005	0.08177182836884006
7.03	0.08154376601366571
7.04	0.08131666255424577
7.05	0.08109051260537932
7.0600000000000005	0.08086531081968859
7.07	0.08064105188730046
7.08	0.08041773053553071
7.09	0.0801953415285715
7.1000000000000005	0.07997387966718203
7.11	0.07975333978838199
7.12	0.07953371676514819
7.13	0.07931500550611409
7.140000000000001	0.07909720095527228
7.15	0.0788802980916799
7.16	0.07866429192916662
7.17	0.07844917751604599
7.18	0.07823494993482916
7.19	0.07802160430194131
7.2	0.07780913576744147
7.21	0.0775975395147441
7.22	0.07738681076034414
7.23	0.07717694475354428
7.24	0.07696793677618506
7.25	0.0767597821423773
7.26	0.07655247619823749
7.2700000000000005	0.07634601432162537
7.28	0.07614039192188407
7.29	0.07593560443958303
7.3	0.0757316473462628
7.3100000000000005	0.075528516144183
7.32	0.07532620636607187
7.33	0.07512471357487903
7.34	0.07492403336352979
7.3500000000000005	0.07472416135468235
7.36	0.07452509320048714
7.37	0.07432682458234834
7.38	0.07412935121068756
7.390000000000001	0.07393266882471017
7.4	0.07373677319217332
7.41	0.07354166010915651
7.42	0.07334732539983405
7.43	0.07315376491624981
7.44	0.07296097453809407
7.45	0.0727689501724824
7.46	0.07257768775373662
7.47	0.07238718324316769
7.48	0.0721974326288609
7.49	0.07200843192546288
7.5	0.07182017717397036
7.51	0.0716326644415214
7.5200000000000005	0.07144588982118809
7.53	0.07125984943177137
7.54	0.07107453941759784
7.55	0.07088995594831814
7.5600000000000005	0.07070609521870748
7.57	0.07052295344846787
7.58	0.0703405268820322
7.59	0.07015881178837
7.6000000000000005	0.06997780446079518
7.61	0.06979750121677541
7.62	0.06961789839774324
7.63	0.06943899236890898
7.640000000000001	0.06926077951907521
7.65	0.06908325626045307
7.66	0.06890641902848015
7.67	0.06873026428164021
7.68	0.06855478850128405
7.69	0.06837998819145272
7.7	0.0682058598787017
7.71	0.06803240011192693
7.72	0.06785960546219247
7.73	0.06768747252255958
7.74	0.06751599790791743
7.75	0.06734517825481512
7.76	0.06717501022129566
7.7700000000000005	0.06700549048673081
7.78	0.06683661575165804
7.79	0.06666838273761844
7.8	0.06650078818699635
7.8100000000000005	0.06633382886286031
7.82	0.0661675015488055
7.83	0.06600180304879757
7.84	0.06583673018701768
7.8500000000000005	0.06567227980770925
7.86	0.06550844877502573
7.87	0.06534523397287992
7.88	0.06518263230479455
7.890000000000001	0.0649991973111571
7.9	0.0648159545146356
7.91	0.06463345913495243
7.92	0.06445170718438982
7.930000000000001	0.0642706947015037
7.94	0.06409041775091784
7.95	0.0639108724231197
7.96	0.0637320548342581
7.97	0.06355396112594307
7.98	0.06337658746504707
7.99	0.06319993004350823
8.	0.06302398507813536
8.01	0.0628487488104147
8.02	0.06267421750631846
8.03	0.06250038745611487
8.040000000000001	0.06232725497418021
8.05	0.06215481639881247
8.06	0.061983068092046484
8.07	0.061812006439470886
8.08	0.06164162785004674
8.09	0.06147192875592771
8.1	0.061302905612281744
8.11	0.061134554897114605
8.120000000000001	0.06096687311109466
8.13	0.060799856777379487
8.14	0.06063350244144389
8.15	0.06046780667090942
8.16	0.060302766055375455
8.17	0.06013837720625188
8.18	0.05997463675659294
8.19	0.05981154136093287
8.2	0.05964908769512287
8.21	0.05948727245616943
8.22	0.05932609236207413
8.23	0.059165544151674944
8.24	0.05900562458448877
8.25	0.05884633044055546
8.26	0.058687658520283126
8.27	0.058529605644294914
8.28	0.05837216865327696
8.290000000000001	0.05821534440782786
8.3	0.05805912978830921
8.31	0.057903521694697695
8.32	0.057748517046438325
8.33	0.05759411278229886
8.34	0.05744030586022579
8.35	0.057287093257201174
8.36	0.057134471969101056
8.370000000000001	0.05698243901055492
8.38	0.056830991414806374
8.39	0.05668012623357508
8.4	0.05652984053691982
8.41	0.05638013141310283
8.42	0.05623099596845517
8.43	0.05608243132724333
8.44	0.055934434631536974
8.45	0.05578700304107777
8.46	0.055640133733149445
8.47	0.05549382390244878
8.48	0.05534807076095784
8.49	0.055202871537817284
8.5	0.05505822347920062
8.51	0.05491412384818975
8.52	0.0547705699246513
8.53	0.05462755900511431
8.540000000000001	0.0544850884026486
8.55	0.05434315544674457
8.56	0.054201757483193565
8.57	0.05406089187396964
8.58	0.05392055599711217
8.59	0.05378074724660932
8.6	0.053641463032282684
8.61	0.053502700779672854
8.620000000000001	0.05336445792992585
8.63	0.053226731939680624
8.64	0.05308952028095735
8.65	0.05295282044104688
8.66	0.05281662992240085
8.67	0.05268094624252293
8.68	0.05254576693386087
8.69	0.052411089543699406
8.700000000000001	0.05227691163405413
8.71	0.05214323078156629
8.72	0.05201004457739829
8.73	0.05187735062713023
8.74	0.05174514655065712
8.75	0.0516134299820872
8.76	0.051482198569640834
8.77	0.05135144997555035
8.78	0.05122118187596081
8.790000000000001	0.051091391960831324
8.8	0.0509620779338375
8.81	0.05083323751227444
8.82	0.05070486842696063
8.83	0.050576968422142654
8.84	0.05044953525540057
8.85	0.0503225666975542
8.86	0.050196060532570135
8.870000000000001	0.050070014557469296
8.88	0.04994442658223573
8.89	0.04981929442972559
8.9	0.049694615935577176
8.91	0.0495703889481217
8.92	0.049446611328294664
8.93	0.049323280949548014
8.94	0.04920039569776298
8.950000000000001	0.04907795347116363
8.96	0.048955952180231146
8.97	0.04883438974761881
8.98	0.04871326410806749
8.99	0.04859257320832206
9.	0.04847231500704839
9.01	0.048352487474750905
9.02	0.04823308859369097
9.03	0.048114116357805777
9.040000000000001	0.04799556877262801
9.05	0.047873517593390154
9.06	0.04773849754801155
9.07	0.04760400662341538
9.08	0.0474700421661163
9.09	0.047336601538837786
9.1	0.0472036821203957
9.11	0.047071281305582344
9.120000000000001	0.04693939650505174
9.13	0.04680802514520586
9.14	0.046677164668081694
9.15	0.04654681253123928
9.16	0.04641696620765073
9.17	0.04628762318559006
9.18	0.04615878096852395
9.19	0.04603043707500353
9.200000000000001	0.0459025890385569
9.21	0.04577523440758257
9.22	0.04564837074524379
9.23	0.04552199562936382
9.24	0.04539610665232178
9.25	0.04527070142094985
9.26	0.045145777556430684
9.27	0.045021332694196274
9.28	0.04489736448382713
9.290000000000001	0.04477387058895261
9.3	0.044650848687151884
9.31	0.04452829646985584
9.32	0.0444062116422496
9.33	0.044284591923176006
9.34	0.044163435045039785
9.35	0.04404273875371255
9.36	0.043922500808438486
9.370000000000001	0.043802718981740846
9.38	0.043683391059329245
9.39	0.04356451484000757
9.4	0.04344608813558281
9.41	0.04332810877077441
9.42	0.043210574583124564
9.43	0.04309348342290904
9.44	0.04297683315304882
9.450000000000001	0.04286062164902247
9.46	0.04274484679877911
9.47	0.04262950650265219
9.48	0.04251459867327378
9.49	0.04240012123548987
9.5	0.042286072126275887
9.51	0.042172449294653296
9.52	0.04205925070160664
9.53	0.04194647432000127
9.540000000000001	0.04183411813450181
9.55	0.041722180141491136
9.56	0.04161065834899008
9.57	0.04149955077657782
9.58	0.04138885545531268
9.59	0.04127857042765388
9.6	0.04116869374738359
9.61	0.0410592234795298
9.620000000000001	0.040950157700289654
9.63	0.04084149449695357
9.64	0.04073323196782975
9.65	0.04062536822216937
9.66	0.04051790138009241
9.67	0.040410829572514
9.68	0.040304150941071266
9.69	0.04019786363805098
9.700000000000001	0.04009196582631751
9.71	0.03998645567924143
9.72	0.03988133138062882
9.73	0.03977659112465087
9.74	0.039672233115774204
9.75	0.039568255568691695
9.76	0.0394646567082538
9.77	0.03936143476940046
9.78	0.039258587997093475
9.790000000000001	0.039156114646249435
9.8	0.03905401298167323
9.81	0.03895228127799186
9.82	0.03885091781958904
9.83	0.03874992090054011
9.84	0.03864928882454749
9.85	0.03854901990487666
9.86	0.03844911246429259
9.870000000000001	0.03834956483499671
9.88	0.03825037535856428
9.89	0.03815154238588237
9.9	0.038053064277088135
9.91	0.03795493940150768
9.92	0.03785716613759543
9.93	0.03775974287287382
9.94	0.03766266800387357
9.950000000000001	0.03756593993607433
9.96	0.03746955708384579
9.97	0.03737351787038937
9.98	0.037277820727680065
9.99	0.03718246409640904
10.	0.03708744642592645
10.01	0.03699276617418478
10.02	0.036898421807682574
10.03	0.03680441180140863
10.040000000000001	0.03671073463878658
10.05	0.0366173888116199
10.06	0.03652437282003735
10.07	0.03643168517243871
10.08	0.036339324385441164
10.09	0.036247288983825815
10.1	0.03615557750048477
10.11	0.03606418847636861
10.120000000000001	0.03597312046043408
10.13	0.035882372009592475
10.14	0.035791941688658124
10.15	0.03570182807029741
10.16	0.03561202973497813
10.17	0.035522545270919206
10.18	0.03543337327404084
10.19	0.03534451234791494
10.200000000000001	0.03525596110371602
10.21	0.03516771816017237
10.22	0.03507978214351763
10.23	0.03499215168744274
10.24	0.03490482543304821
10.25	0.03481780202879672
10.26	0.03473108013046616
10.27	0.03464465840110292
10.28	0.03455853551097558
10.290000000000001	0.03447271013752892
10.3	0.034387180965338215
10.31	0.03430194668606401
10.32	0.03421700599840705
10.33	0.0341323576080637
10.34	0.03404800022768151
10.35	0.033963932576815306
10.36	0.0338801533818835
10.370000000000001	0.0337966613761246
10.38	0.03371345529955432
10.39	0.03362814514928521
10.4	0.033532306808924967
10.41	0.033436833317099186
10.42	0.03334172293637984
10.43	0.033246973939268974
10.44	0.03315258460813243
10.450000000000001	0.03305855323513418
10.46	0.03296487812217116
10.47	0.032871557580808466
10.48	0.03277858993221524
10.49	0.03268597350710096
10.5	0.032593706645652046
10.51	0.03250178769746936
10.52	0.03241021502150561
10.53	0.03231898698600381
10.540000000000001	0.03222810196843573
10.55	0.03213755835544116
10.56	0.03204735454276736
10.57	0.031957488935209166
10.58	0.03186795994654945
10.59	0.03177876599950002
10.6	0.03168990552564302
10.61	0.03160137696537275
10.620000000000001	0.03151317876783784
10.63	0.03142530939088407
10.64	0.03133776730099727
10.65	0.03125055097324708
10.66	0.03116365889123073
10.67	0.031077089547017475
10.68	0.03099084144109341
10.69	0.0309049130823066
10.700000000000001	0.03081930298781277
10.71	0.03073400968302123
10.72	0.030649031701541353
10.73	0.030564367585129353
10.74	0.030480015883635442
10.75	0.030395975154951523
10.76	0.030312243964959087
10.77	0.030228820887477605
10.78	0.03014570450421332
10.790000000000001	0.030062893404708243
10.8	0.029980386186289835
10.81	0.029898181454020723
10.82	0.029816277820648995
10.83	0.02973467390655885
10.84	0.029653368339721466
10.85	0.029572359755646434
10.86	0.02949164679733339
10.870000000000001	0.029411228115224026
10.88	0.029331102367154548
10.89	0.02925126821830837
10.9	0.02917172434116919
10.91	0.029092469415474467
10.92	0.02901350212816908
10.93	0.02893482117335957
10.94	0.028856425252268444
10.950000000000001	0.028778313073189045
10.96	0.028700483351440584
10.97	0.028622934809323545
10.98	0.028545666176075523
10.99	0.02846867618782717
11.	0.028391963587558675
11.01	0.028315527125056375
11.02	0.028239365556869872
11.03	0.028163477646269232
11.040000000000001	0.028087862163202703
11.05	0.028012517884254625
11.06	0.02793744359260363
11.07	0.027862638077981235
11.08	0.027788100136630637
11.09	0.027713828571265864
11.1	0.027639822191031175
11.11	0.027566079811460784
11.120000000000001	0.027492600254438903
11.13	0.027419382348159937
11.14	0.027346424927089174
11.15	0.02727372683192351
11.16	0.027201286909552695
11.17	0.027129104013020672
11.18	0.027057177001487288
11.19	0.026985504740190253
11.200000000000001	0.026914086100407353
11.21	0.026842919959418933
11.22	0.026772005200470735
11.23	0.026701340712736794
11.24	0.02663092539128285
11.25	0.02656075813702984
11.26	0.026490837856717638
11.27	0.026421163462869268
11.28	0.02635173387375509
11.290000000000001	0.026282548013357422
11.3	0.026213604811335323
11.31	0.02614490320298966
11.32	0.026076442129228487
11.33	0.026008220536532466
11.34	0.025940237376920805
11.35	0.025872491607917145
11.36	0.025804982192515983
11.370000000000001	0.025737708099149038
11.38	0.02567066830165211
11.39	0.02560386177923199
11.4	0.025537287516433655
11.41	0.025470944503107756
11.42	0.025404831734378217
11.43	0.025338948210610196
11.44	0.025273292937378122
11.450000000000001	0.02520786492543406
11.46	0.025142663190676248
11.47	0.025077686754117916
11.48	0.025012934641856176
11.49	0.024948405885041332
11.5	0.0248840995198462
11.51	0.024820014587435806
11.52	0.024756150133937175
11.53	0.024692505210409377
11.540000000000001	0.024629078872813844
11.55	0.024565870181984698
11.56	0.024502878203599532
11.57	0.024440102008150225
11.58	0.02437754067091397
11.59	0.02431519327192459
11.6	0.024253058895943952
11.61	0.024191136632433642
11.620000000000001	0.024129425575526817
11.63	0.024067924824000216
11.64	0.024006633481246435
11.65	0.023945550655246287
11.66	0.023884675458541477
11.67	0.02382400700820735
11.68	0.02376354442582586
11.69	0.02370328683745884
11.700000000000001	0.023643233373621175
11.71	0.023583383169254506
11.72	0.023523735363700823
11.73	0.02346428910067639
11.74	0.023405043528245816
11.75	0.023345997798796283
11.76	0.023287151069011972
11.77	0.023228502499848636
11.78	0.023170051256508332
11.790000000000001	0.02311179650841446
11.8	0.02305373742918671
11.81	0.022995873196616442
11.82	0.02293820299264205
11.83	0.02288072600332462
11.84	0.02282344141882365
11.85	0.022766348433372968
11.86	0.022709446245256868
11.870000000000001	0.022652734056786288
11.88	0.0225962110742753
11.89	0.022539876508017594
11.9	0.02248372957226322
11.91	0.022427769485195523
11.92	0.022371995468908095
11.93	0.022313770603724234
11.94	0.022248832012497458
11.950000000000001	0.022184136536200227
11.96	0.022119683062364573
11.97	0.02205547048453725
11.98	0.021991497702242156
11.99	0.021927763620943213
12.	0.021864267152007264
12.01	0.021801007212667433
12.02	0.021737982725986617
12.030000000000001	0.021675192620821324
12.040000000000001	0.021612635831785684
12.05	0.021550311299215804
12.06	0.021488217969134263
12.07	0.021426354793214954
12.08	0.021364720728748114
12.09	0.021303314738605632
12.1	0.0212421357912066
12.11	0.021181182860483067
12.120000000000001	0.02112045492584602
12.13	0.021059950972151763
12.14	0.02099966998966828
12.15	0.02093961097404201
12.16	0.02087977292626481
12.17	0.02082015485264112
12.18	0.020760755764755424
12.19	0.020701574679439814
12.200000000000001	0.020642610618741904
12.21	0.020583862609892936
12.22	0.020525329685276043
12.23	0.02046701088239481
12.24	0.020408905243842014
12.25	0.020351011817268547
12.26	0.020293329655352688
12.27	0.020235857815769375
12.280000000000001	0.020178595361159908
12.290000000000001	0.0201215413591017
12.3	0.020064694882078304
12.31	0.02000805500744966
12.32	0.01995162081742249
12.33	0.019895391399020974
12.34	0.019839365844057544
12.35	0.019783543249103946
12.36	0.019727922715462448
12.370000000000001	0.019672503349137286
12.38	0.019617284260806292
12.39	0.019562264565792697
12.4	0.01950744338403718
12.41	0.01945281984007
12.42	0.019398393062983448
12.43	0.01934416218640444
12.44	0.019290126348467208
12.450000000000001	0.019236284691786332
12.46	0.01918263636342981
12.47	0.01912918051489244
12.48	0.019075916302069285
12.49	0.019022842885229332
12.5	0.018969959428989398
12.51	0.01891726510228814
12.52	0.01886475907836023
12.530000000000001	0.018812440534710824
12.540000000000001	0.018760308653090033
12.55	0.018708362619467733
12.56	0.01865660162400837
12.57	0.018605024861046135
12.58	0.01855363152906009
12.59	0.018502420830649673
12.6	0.018451391972510195
12.61	0.01840054416540863
12.620000000000001	0.01834987662415944
12.63	0.01829938856760072
12.64	0.018249079218570326
12.65	0.018198947803882325
12.66	0.01814899355430347
12.67	0.018099215704529974
12.68	0.018049613493164245
12.69	0.018000186162692
12.700000000000001	0.017950932959459317
12.71	0.017901853133650045
12.72	0.017852945939263197
12.73	0.017804210634090566
12.74	0.017755646479694492
12.75	0.01770725274138579
12.76	0.017659028688201756
12.77	0.017610973592884396
12.780000000000001	0.01756308673185876
12.790000000000001	0.01751536738521143
12.8	0.017467814836669163
12.81	0.01742042837357761
12.82	0.017373207286880295
12.83	0.017326150871097592
12.84	0.01727925842430599
12.85	0.017232529248117356
12.86	0.01718596264765841
12.870000000000001	0.01713955793155033
12.88	0.017093314411888473
12.89	0.017047231404222273
12.9	0.017001308227535185
12.91	0.01695554420422482
12.92	0.016909938660083234
12.93	0.016864490924277276
12.94	0.016819200329329164
12.950000000000001	0.01677406621109704
12.96	0.01672908790875581
12.97	0.016684264764777988
12.98	0.016639596124914748
12.99	0.016595081338177088
13.	0.01655071975681701
13.01	0.016506510736309002
13.02	0.016462453635331498
13.030000000000001	0.016418547815748478
13.040000000000001	0.016374792642591323
13.05	0.016331187484040565
13.06	0.01628773171140789
13.07	0.016244424699118357
13.08	0.016201265824692435
13.09	0.016158254468728456
13.1	0.016115390014885052
13.11	0.016072671849863655
13.120000000000001	0.016030099363391215
13.13	0.015987671948203008
13.14	0.015945389000025432
13.15	0.01590324991755916
13.16	0.0158612541024621
13.17	0.015819400959332725
13.18	0.01577768989569336
13.19	0.015736120321973628
13.200000000000001	0.015694691651494008
13.21	0.015653403300449464
13.22	0.015612254687893196
13.23	0.015571245235720527
13.24	0.015530374368652823
13.25	0.015489641514221627
13.26	0.015449046102752724
13.27	0.015408587567350506
13.280000000000001	0.015368265343882283
13.290000000000001	0.015328078870962753
13.3	0.015288027589938613
13.31	0.015248110944873147
13.32	0.015208328382531071
13.33	0.01516867935236332
13.34	0.01512916330649204
13.35	0.015089779699695658
13.36	0.015050527989393981
13.370000000000001	0.015011407635633446
13.38	0.014972418101072488
13.39	0.014933558850966915
13.4	0.014894829353155474
13.41	0.014856229078045407
13.42	0.014817757498598219
13.43	0.01477941409031539
13.44	0.014741198331224305
13.450000000000001	0.014703109701864238
13.46	0.014665147685272351
13.47	0.014627311766969874
13.48	0.014589601434948342
13.49	0.0145520161796559
13.5	0.014514555493983712
13.51	0.014477218873252441
13.52	0.014440005815198836
13.530000000000001	0.014402915819962381
13.540000000000001	0.014365948390072021
13.55	0.014329103030433051
13.56	0.014292379248313938
13.57	0.014255776553333339
13.58	0.014219294457447223
13.59	0.01418293247493593
13.6	0.014146690122391472
13.61	0.014110566918704803
13.620000000000001	0.014074562385053242
13.63	0.014038676044887906
13.64	0.014002907423921263
13.65	0.013967256050114783
13.66	0.013931721453666576
13.67	0.013896303166999245
13.68	0.013861000724747668
13.69	0.013825813663746966
13.700000000000001	0.0137879612108406
13.71	0.013748140104354671
13.72	0.013708462914524877
13.73	0.013668929016897405
13.74	0.01362953779017997
13.75	0.013590288616223509
13.76	0.013551180880004024
13.77	0.013512213969604522
13.780000000000001	0.013473387276197063
13.790000000000001	0.013434700194024967
13.8	0.013396152120385085
13.81	0.013357742455610213
13.82	0.013319470603051643
13.83	0.013281335969061767
13.84	0.013243337962976815
13.85	0.013205475997099767
13.86	0.013167749486683285
13.870000000000001	0.01313015784991282
13.88	0.013092700507889762
13.89	0.013055376884614778
13.9	0.013018186406971222
13.91	0.012981128504708596
13.92	0.012944202610426243
13.93	0.01290740815955702
13.94	0.012870744590351132
13.950000000000001	0.012834211343860083
13.96	0.012797807863920709
13.97	0.01276153359713931
13.98	0.012725387992875897
13.99	0.012689370503228513
14.	0.012653480583017695
14.01	0.012617717689771012
14.02	0.012582081283707709
14.030000000000001	0.012546570827723424
14.040000000000001	0.012511185787375041
14.05	0.012475925630865614
14.06	0.012440789829029382
14.07	0.012405777855316944
14.08	0.012370889185780396
14.09	0.012336123299058702
14.1	0.012301479676363095
14.11	0.012266957801462525
14.120000000000001	0.012232557160669316
14.13	0.012198277242824778
14.14	0.012164117539285063
14.15	0.012130077543906926
14.16	0.01209615675303375
14.17	0.012062354665481565
14.18	0.01202867078252515
14.19	0.011995104607884296
14.200000000000001	0.011961655647710066
14.21	0.011928323410571205
14.22	0.011895107407440595
14.23	0.011862007151681833
14.24	0.011829022159035885
14.25	0.011796151947607775
14.26	0.011763396037853433
14.27	0.011730753952566559
14.280000000000001	0.011698225216865619
14.290000000000001	0.011665809358180896
14.3	0.011633505906241645
14.31	0.011601314393063274
14.32	0.011569234352934683
14.33	0.011537265322405591
14.34	0.011505406840274075
14.35	0.011473658447574022
14.36	0.011442019687562798
14.370000000000001	0.011410490105708885
14.38	0.011379069249679718
14.39	0.011347756669329474
14.4	0.011316551916686998
14.41	0.01128545454594382
14.42	0.0112544641134422
14.43	0.011223580177663273
14.44	0.011192802299215297
14.450000000000001	0.011162130040821892
14.46	0.011131562967310426
14.47	0.011101100645600463
14.48	0.011070742644692225
14.49	0.01104048853565523
14.5	0.011010337891616886
14.51	0.01098029028775122
14.52	0.010950345301267681
14.530000000000001	0.010920502511399977
14.540000000000001	0.010890761499395017
14.55	0.010861121848501886
14.56	0.010831583143960908
14.57	0.010802144972992775
14.58	0.010772806924787739
14.59	0.0107435685904949
14.6	0.01071442956321147
14.61	0.010685389437972242
14.620000000000001	0.010656447811738969
14.63	0.010627604283389944
14.64	0.010598858453709559
14.65	0.010570209925377948
14.66	0.010541658302960721
14.67	0.010513203192898739
14.68	0.0104831130067104
14.69	0.010452107973589558
14.700000000000001	0.010421215646997262
14.71	0.010390435540980023
14.72	0.010359767172007926
14.73	0.01032921005896096
14.74	0.010298763723115355
14.75	0.010268427688130025
14.76	0.010238201480033146
14.77	0.010208084627208739
14.780000000000001	0.010178076660383376
14.790000000000001	0.010148177112612997
14.8	0.010118385519269742
14.81	0.010088701418028976
14.82	0.01005912434885625
14.83	0.01002965385399446
14.84	0.010000289477951053
14.85	0.00997103076748528
14.86	0.009941877271595616
14.870000000000001	0.009912828541507112
14.88	0.009883884130658997
14.89	0.009855043594692229
14.9	0.009826306491437184
14.91	0.009797672380901424
14.92	0.009769140825257493
14.93	0.009740711388830843
14.94	0.009712383638087841
14.950000000000001	0.00968415714162375
14.96	0.009656031470150957
14.97	0.009628006196487102
14.98	0.009600080895543388
14.99	0.009572255144312926
15.	0.009544528521859164
15.01	0.009516900609304392
15.02	0.009489370989818276
15.030000000000001	0.009461939248606529
15.040000000000001	0.009434604972899616
15.05	0.009407367751941509
15.06	0.00938022717697858
15.07	0.009353182841248475
15.08	0.009326234339969122
15.09	0.009299381270327778
15.1	0.00927262323147016
15.11	0.009245959824489626
15.120000000000001	0.009219390652416452
15.13	0.009192915320207124
15.14	0.009166533434733736
15.15	0.009140244604773464
15.16	0.009114048440998054
15.17	0.009087944555963446
15.18	0.009061932564099371
15.19	0.009036012081699102
15.200000000000001	0.009010182726909215
15.21	0.008984444119719418
15.22	0.008958795881952475
15.23	0.008933237637254145
15.24	0.008907769011083205
15.25	0.008882389630701544
15.26	0.008857099125164303
15.27	0.008831897125310103
15.280000000000001	0.008806783263751254
15.290000000000001	0.008781757174864145
15.3	0.008756818494779581
15.31	0.008731966861373239
15.32	0.008707201914256188
15.33	0.008682523294765414
15.34	0.008657930645954465
15.35	0.008633423612584097
15.36	0.008609001841113023
15.370000000000001	0.008584664979688707
15.38	0.008560412678138177
15.39	0.008536244587958937
15.4	0.00851216036230994
15.41	0.008488159656002543
15.42	0.008464242125491647
15.43	0.008440407428866729
15.44	0.00841665522584307
15.450000000000001	0.008392985177752962
15.46	0.00836939694753697
15.47	0.008345890199735287
15.48	0.008322464600479092
15.49	0.008299119817481996
15.5	0.008275855520031513
15.51	0.008252671378980619
15.52	0.008229567066739336
15.530000000000001	0.008206542257266329
15.540000000000001	0.008183596626060653
15.55	0.008160729850153444
15.56	0.008137941608099735
15.57	0.008115231579970291
15.58	0.008092599447343468
15.59	0.00807004489329717
15.6	0.008047567602400841
15.610000000000001	0.008025167260707459
15.620000000000001	0.008002843555745662
15.63	0.007980596176511822
15.64	0.007958424813462275
15.65	0.007936329158505477
15.66	0.00791430890499432
15.67	0.007892363747718421
15.68	0.007870493382896474
15.69	0.007848697508168686
15.700000000000001	0.007826975822589179
15.71	0.007805328026618518
15.72	0.00778375382211623
15.73	0.007760882475750664
15.74	0.00773745815054027
15.75	0.007714119335940765
15.76	0.007690865665799777
15.77	0.007667696775763669
15.780000000000001	0.007644612303267602
15.790000000000001	0.007621611887525648
15.8	0.007598695169520878
15.81	0.007575861791995635
15.82	0.0075531113994417665
15.83	0.007530443638090996
15.84	0.007507858155905297
15.85	0.007485354602567337
15.860000000000001	0.007462932629470998
15.870000000000001	0.007440591889711955
15.88	0.007418332038078288
15.89	0.007396152731041175
15.9	0.007374053626745639
15.91	0.007352034385001321
15.92	0.007330094667273372
15.93	0.007308234136673339
15.94	0.007286452457950132
15.950000000000001	0.007264749297481061
15.96	0.0072431243232628974
15.97	0.007221577204903008
15.98	0.007200107613610541
15.99	0.007178715222187674
16.	0.007157399705020898
16.01	0.007136160738072349
16.02	0.007114997998871228
16.03	0.007093911166505233
16.04	0.0070728999216120945
16.05	0.007051963946371075
16.06	0.007031102924494616
16.07	0.00701031654121998
16.080000000000002	0.006989604483300948
16.09	0.006968966438999608
16.1	0.006948402098078118
16.11	0.00692791115179059
16.12	0.0069074932928749845
16.13	0.006887148215545069
16.14	0.006866875615482424
16.15	0.0068466751898284845
16.16	0.00682654663717665
16.17	0.006806489657564416
16.18	0.006786503952465578
16.19	0.0067665892247824756
16.2	0.006746745178838269
16.21	0.006726971520369294
16.22	0.006707267956517405
16.23	0.0066876341958224325
16.240000000000002	0.0066680699482146505
16.25	0.006648574925007274
16.26	0.006629148838889034
16.27	0.0066097914039168
16.28	0.006590502335508182
16.29	0.006571281350434274
16.3	0.0065521281668123625
16.31	0.0065330425040987196
16.32	0.006514024083081428
16.330000000000002	0.006495072625873232
16.34	0.006476187855904468
16.35	0.006457369497915996
16.36	0.006438617277952214
16.37	0.006419930923354086
16.38	0.006401310162752192
16.39	0.006382754726059898
16.4	0.006364264344466478
16.41	0.00634583875043031
16.42	0.006327477677672149
16.43	0.0063091808611683625
16.44	0.006290948037144297
16.45	0.006272778943067584
16.46	0.006254673317641606
16.47	0.006236630900798862
16.48	0.006218651433694508
16.490000000000002	0.006200734658699817
16.5	0.006182880319395779
16.51	0.006165088160566659
16.52	0.006147357928193646
16.53	0.00612968936944851
16.54	0.006112082232687309
16.55	0.006094536267444122
16.56	0.0060770512244248545
16.57	0.006059626855501013
16.580000000000002	0.006042262913703597
16.59	0.006024959153216945
16.6	0.006007715329372693
16.61	0.005990531198643711
16.62	0.005973406518638112
16.63	0.005956341048093256
16.64	0.005939334546869864
16.65	0.0059223867759460435
16.66	0.005905497497411499
16.67	0.005888666474461649
16.68	0.005871893471391843
16.69	0.005855178253591592
16.7	0.005838520587538856
16.71	0.005821920240794326
16.72	0.005805376981995773
16.73	0.005788890580852395
16.740000000000002	0.005772460808139265
16.75	0.005756087435691697
16.76	0.0057397702363997955
16.77	0.005723508984202874
16.78	0.005707303454084049
16.79	0.005691153422064747
16.8	0.0056750586651993515
16.81	0.005659018961569798
16.82	0.005643034090280228
16.830000000000002	0.005627103831451693
16.84	0.005611227966216871
16.85	0.005595031065977156
16.86	0.005577650504757655
16.87	0.005560334192721633
16.88	0.005543081854490901
16.89	0.005525893216029675
16.9	0.005508768004637296
16.91	0.005491705948940918
16.92	0.00547470677888825
16.93	0.005457770225740384
16.94	0.005440896022064605
16.95	0.005424083901727315
16.96	0.005407333599886909
16.97	0.005390644852986805
16.98	0.005374017398748407
16.990000000000002	0.0053574509761641865
17.	0.005340945325490777
17.01	0.005324500188242106
17.02	0.005308115307182578
17.03	0.005291790426320302
17.04	0.0052755252909003295
17.05	0.005259319647397997
17.06	0.005243173243512219
17.07	0.005227085828158917
17.080000000000002	0.005211057151464407
17.09	0.005195086964758874
17.1	0.00517917502056987
17.11	0.005163321072615865
17.12	0.005147524875799794
17.13	0.005131786186202717
17.14	0.005116104761077418
17.150000000000002	0.005100480358842166
17.16	0.005084912739074365
17.17	0.005069401662504391
17.18	0.0050539468910093584
17.19	0.005038548187606963
17.2	0.0050232053164493765
17.21	0.005007918042817144
17.22	0.004992686133113138
17.23	0.004977509354856555
17.240000000000002	0.004962387476676919
17.25	0.004947320268308159
17.26	0.004932307500582673
17.27	0.004917348945425496
17.28	0.00490244437584842
17.29	0.004887593565944227
17.3	0.004872796290880882
17.31	0.004858052326895844
17.32	0.00484336145129032
17.330000000000002	0.004828723442423629
17.34	0.0048141380797075495
17.35	0.004799605143600738
17.36	0.0047851244156031335
17.37	0.004770695678250457
17.38	0.004756318715108679
17.39	0.004741993310768562
17.400000000000002	0.004727719250840221
17.41	0.004713496321947734
17.42	0.004699324311723743
17.43	0.00468520300880411
17.44	0.004671132202822637
17.45	0.004657111684405757
17.46	0.0046431412451673
17.47	0.004629220677703256
17.48	0.00461534977558662
17.490000000000002	0.004601528333362194
17.5	0.004587756146541501
17.51	0.004574033011597652
17.52	0.004560358725960307
17.53	0.004546733088010606
17.54	0.004533155897076197
17.55	0.004519626953426227
17.56	0.004506146058266411
17.57	0.004492713013734084
17.580000000000002	0.004479327622893356
17.59	0.004465989689730186
17.6	0.0044526990191476
17.61	0.0044394554169608505
17.62	0.004426258689892655
17.63	0.004413108645568417
17.64	0.0044000050925115395
17.650000000000002	0.004386947840138694
17.66	0.00437393669875518
17.67	0.004360971479550239
17.68	0.004348051994592491
17.69	0.0043351780568252965
17.7	0.004322349480062233
17.71	0.004309566078982531
17.72	0.004296827669126581
17.73	0.004284134066891426
17.740000000000002	0.004271485089526334
17.75	0.004258880555128341
17.76	0.004246320282637859
17.77	0.0042338040918342736
17.78	0.004221331803331619
17.79	0.0042089032385742055
17.8	0.0041965182198323535
17.81	0.004184176570198079
17.82	0.004171878113580869
17.830000000000002	0.004159622674703404
17.84	0.004147410079097394
17.85	0.0041352401530993605
17.86	0.004123112723846511
17.87	0.004111027619272547
17.88	0.004098984668103623
17.89	0.004086983699854183
17.900000000000002	0.004075024544822955
17.91	0.004063107034088871
17.92	0.004051230999507059
17.93	0.004039396273704855
17.94	0.004027602690077803
17.95	0.004015850082785733
17.96	0.0040041382867488096
17.97	0.003992467137643647
17.98	0.003980836471899393
17.990000000000002	0.003969246126693907
18.	0.003957695939949875
18.01	0.0039461857503310365
18.02	0.003934715397238348
18.03	0.0039232847208062385
18.04	0.003911893561898827
18.05	0.003900541762106218
18.06	0.003888414294305617
18.07	0.0038760433171942522
18.080000000000002	0.003863718509919714
18.09	0.003851439674777532
18.1	0.0038392066150184155
18.11	0.0038270191348431797
18.12	0.003814877039397573
18.13	0.0038027801347672607
18.14	0.0037907282279727077
18.150000000000002	0.0037787211269642257
18.16	0.0037667586406169447
18.17	0.00375484057872586
18.18	0.003742966752000904
18.19	0.0037311369720620636
18.2	0.0037193510514344705
18.21	0.003707608803543591
18.22	0.0036959100427103975
18.23	0.0036842545841465854
18.240000000000002	0.0036726422439498038
18.25	0.0036610728390989436
18.26	0.0036495461874494215
18.27	0.003638062107728517
18.28	0.003626620419530706
18.29	0.0036152209433130663
18.3	0.003603863500390654
18.31	0.003592547912931973
18.32	0.0035812740039544043
18.330000000000002	0.003570041597319721
18.34	0.0035588505177295664
18.35	0.003547700590721039
18.36	0.0035365916426622172
18.37	0.00352552350074778
18.38	0.0035144959929946113
18.39	0.0035035089482374523
18.400000000000002	0.003492562196124549
18.41	0.0034816555671133846
18.42	0.0034707888924663585
18.43	0.0034599620042465623
18.44	0.00344917473531352
18.45	0.0034384269193190107
18.46	0.0034277183907028756
18.47	0.0034170489846888385
18.48	0.0034064185372804146
18.490000000000002	0.003395826885256762
18.5	0.0033852738661686297
18.51	0.0033747593183342576
18.52	0.003364283080835384
18.53	0.0033538449935131866
18.54	0.0033434448969643263
18.55	0.00333308263253695
18.56	0.003322758042326776
18.57	0.0033124709691731346
18.580000000000002	0.0033022212566551044
18.59	0.0032920087490876113
18.6	0.0032818332915175866
18.61	0.003271694729720118
18.62	0.0032615929101946577
18.63	0.003251527680161229
18.64	0.003241498887556645
18.650000000000002	0.0032315063810307806
18.66	0.003221550009942853
18.67	0.003211629624357687
18.68	0.00320174507504208
18.69	0.003191896213461104
18.7	0.0031820828917744942
18.71	0.003172304962833005
18.72	0.0031625622801748415
18.73	0.0031528546980220578
18.740000000000002	0.00314318207127702
18.75	0.0031335442555188594
18.76	0.0031239411069999647
18.77	0.0031143724826424753
18.78	0.003104838240034824
18.79	0.003095338237428262
18.8	0.0030858723337334466
18.81	0.003076440388516995
18.82	0.0030670422619981166
18.830000000000002	0.0030576778150452236
18.84	0.003048346909172569
18.85	0.0030390494065369133
18.86	0.003029785169934217
18.87	0.0030205540627963015
18.88	0.003011355949187623
18.89	0.0030021906938019556
18.900000000000002	0.0029930581619591885
18.91	0.0029839582196020667
18.92	0.0029748907332930083
18.93	0.0029658555702109027
18.94	0.0029568525981479325
18.95	0.002947881685506439
18.96	0.0029389427012957684
18.97	0.0029300355151291725
18.98	0.0029211599972206754
18.990000000000002	0.002912316018382032
19.	0.0029035034500196335
19.01	0.0028947221641314673
19.02	0.002885972033304089
19.03	0.002877252930709613
19.04	0.0028685647301026976
19.05	0.0028599073058175844
19.06	0.002851280532765128
19.07	0.0028426842864298515
19.080000000000002	0.002834118442867005
19.09	0.002825582878699673
19.1	0.00281707747111586
19.11	0.002808602097865619
19.12	0.0028001566372581835
19.13	0.0027917409681591262
19.14	0.0027833549699875057
19.150000000000002	0.002774998522713082
19.16	0.002766671506853483
19.17	0.0027583738034714527
19.18	0.002750105294172049
19.19	0.0027418658610999127
19.2	0.00273365538693652
19.21	0.002725473754897459
19.22	0.002717320848729725
19.23	0.0027091965527090314
19.240000000000002	0.0027011007516371138
19.25	0.002693033330839097
19.26	0.002684994176160816
19.27	0.0026769831739662073
19.28	0.002669000211134669
19.29	0.002661045175058478
19.3	0.0026531179536401894
19.31	0.002645218435290056
19.32	0.002637346508923476
19.330000000000002	0.0026295020639584546
19.34	0.0026216849903130447
19.35	0.0026134714869287057
19.36	0.0026050369707008234
19.37	0.0025966340098603664
19.38	0.0025882624701521243
19.39	0.0025799222179609445
19.400000000000002	0.0025716131203083557
19.41	0.0025633350448491846
19.42	0.00255508785986824
19.43	0.0025468714342769846
19.44	0.002538685637610219
19.45	0.0025305303400228268
19.46	0.0025224054122864794
19.47	0.0025143107257864215
19.48	0.0025062461525182235
19.490000000000002	0.0024982115650845757
19.5	0.002490206836692119
19.51	0.0024822318411482393
19.52	0.002474286452857955
19.53	0.002466370546820749
19.54	0.002458483998627481
19.55	0.002450626684457255
19.56	0.0024427984810743803
19.57	0.002434999265825268
19.580000000000002	0.0024272289166354195
19.59	0.0024194873120063744
19.6	0.002411774331012716
19.61	0.002404089853299065
19.62	0.002396433759077118
19.63	0.002388805929122672
19.64	0.002381206244772707
19.650000000000002	0.002373634587922422
19.66	0.002366090841022374
19.67	0.0023585748870755406
19.68	0.0023510866096344866
19.69	0.0023436258927984634
19.7	0.0023361926212106068
19.71	0.002328786680055075
19.72	0.002321407955054268
19.73	0.0023140563324660084
19.740000000000002	0.0023067316990807887
19.75	0.00229943394221898
19.76	0.0022921629497281103
19.77	0.0022849186099801163
19.78	0.002277700811868645
19.79	0.002270509444806327
19.8	0.002263344398722124
19.81	0.002256205564058629
19.82	0.0022490928317694353
19.830000000000002	0.002242006093316479
19.84	0.002234945240667437
19.85	0.0022279101662930835
19.86	0.002220900763164729
19.87	0.002213916924751619
19.88	0.002206958545018382
19.89	0.0022000255184224608
19.900000000000002	0.0021931177399115986
19.91	0.002186235104921293
19.92	0.002179377509372309
19.93	0.00217254484966817
19.94	0.002165737022692689
19.95	0.0021589539258074853
19.96	0.002152195456849559
19.97	0.002145461514128824
19.98	0.0021387519964257105
19.990000000000002	0.0021320668029887286
20.	0.0021254058335320935
20.01	0.002118768988233324
20.02	0.0021121561677308804
20.03	0.0021055672731218095
20.04	0.0020990022059593936
20.05	0.0020924608682508315
20.06	0.0020859431624548988
20.07	0.002079448991479672
20.080000000000002	0.0020729782586802067
20.09	0.002066530867856285
20.1	0.0020601067232501316
20.11	0.0020537057295441715
20.12	0.0020473277918587737
20.13	0.0020409728157500468
20.14	0.0020346407072075923
20.150000000000002	0.002028331372652333
20.16	0.0020220447189342925
20.17	0.0020157806533304397
20.18	0.0020095390835425035
20.19	0.00200331991769483
20.2	0.001997123064332232
20.21	0.001990948432417866
20.22	0.001984795931331099
20.23	0.001978665470865419
20.240000000000002	0.0019725569612263224
20.25	0.001966470313029245
20.26	0.0019604054372974744
20.27	0.001954362245460104
20.28	0.00194834064934997
20.29	0.0019423405612016195
20.3	0.0019363618936492834
20.31	0.0019304045597248634
20.32	0.0019244684728559184
20.330000000000002	0.0019185535468636806
20.34	0.0019126596959610682
20.35	0.0019067868347507142
20.36	0.0019009348782230025
20.37	0.0018951037417541297
20.38	0.0018892933411041493
20.39	0.0018835035924150562
20.400000000000002	0.0018777344122088634
20.41	0.0018719857173856982
20.42	0.0018662574252218944
20.43	0.00186054945336813
20.44	0.0018548617198475199
20.45	0.0018491941430537806
20.46	0.0018435466417493446
20.47	0.0018379191350635477
20.48	0.0018323115424907655
20.490000000000002	0.0018267237838886057
20.5	0.0018211557794760899
20.51	0.0018156074498318381
20.52	0.0018100787158922922
20.53	0.0018045694989499105
20.54	0.00179907972065141
20.55	0.0017936093029959899
20.56	0.0017881581683335764
20.57	0.0017827262393630794
20.580000000000002	0.0017773134391306567
20.59	0.0017719196910279784
20.6	0.0017665449187905182
20.61	0.001761189046495837
20.62	0.001755851998561895
20.63	0.0017505336997453416
20.64	0.0017452340751398581
20.650000000000002	0.001739953050174467
20.66	0.0017346905506118804
20.67	0.0017294465025468378
20.68	0.0017242208324044718
20.69	0.0017190134669386624
20.7	0.0017138243332304182
20.71	0.001708653358686248
20.72	0.001703500471036572
20.73	0.0016983007035863995
20.740000000000002	0.0016929547800337123
20.75	0.0016876282492313554
20.76	0.001682321031535531
20.77	0.0016770330476676607
20.78	0.001671764218712547
20.79	0.0016665144661165247
20.8	0.0016612837116856398
20.81	0.0016560718775838216
20.82	0.0016508788863310853
20.830000000000002	0.0016457046608017159
20.84	0.0016405491242225021
20.85	0.001635412200170938
20.86	0.0016302938125734604
20.87	0.001625193885703693
20.88	0.001620112344180694
20.89	0.0016150491129672084
20.900000000000002	0.0016100041173679532
20.91	0.0016049772830278811
20.92	0.001599968535930483
20.93	0.0015949778023960676
20.94	0.0015900050090800896
20.95	0.0015850500829714517
20.96	0.0015801129513908334
20.97	0.0015751935419890302
20.98	0.001570291782745299
20.990000000000002	0.001565407601965695
21.	0.0015605409282814597
21.01	0.0015556916906473762
21.02	0.0015508598183401466
21.03	0.001546045240956791
21.04	0.0015412478884130403
21.05	0.001536467690941745
21.06	0.0015317045790912845
21.07	0.0015269584837240037
21.080000000000002	0.0015222293360146306
21.09	0.0015175170674487342
21.1	0.0015128216098211512
21.11	0.00150814289523447
21.12	0.00150348085609748
21.13	0.0014988354251236544
21.14	0.001494206535329627
21.150000000000002	0.0014895941200336927
21.16	0.0014849981128542988
21.17	0.0014804184477085563
21.18	0.001475855058810759
21.19	0.0014713078806709045
21.2	0.0014667768480932208
21.21	0.0014622618961747213
21.22	0.0014577629603037376
21.23	0.0014532799761584813
21.240000000000002	0.0014488128797056116
21.25	0.001444361607198802
21.26	0.001439926095177319
21.27	0.0014355062804646131
21.28	0.0014311021001669104
21.29	0.0014267134916718187
21.3	0.0014223403926469267
21.31	0.0014179827410384384
21.32	0.0014136404750697818
21.330000000000002	0.0014093135332402516
21.34	0.0014050018543236428
21.35	0.0014007053773669015
21.36	0.0013964240416887745
21.37	0.0013921577868784792
21.38	0.0013879065527943608
21.39	0.0013836702795625819
21.400000000000002	0.0013794489075757872
21.41	0.0013752423774918154
21.42	0.0013710506302323782
21.43	0.0013668736069817763
21.44	0.0013627112491856011
21.45	0.0013585634985494623
21.46	0.0013544302970377009
21.47	0.001350311586872138
21.48	0.0013462073105307947
21.490000000000002	0.0013421174107466538
21.5	0.0013380418305063947
21.51	0.0013339805130491696
21.52	0.0013299334018653606
21.53	0.0013259004406953457
21.54	0.001321881573528292
21.55	0.0013178767446009251
21.56	0.0013138858983963364
21.57	0.001309908979642763
21.580000000000002	0.0013059459333124102
21.59	0.001301996704620252
21.6	0.001298061239022847
21.61	0.00129413948221717
21.62	0.0012902313801394357
21.63	0.0012863368789639358
21.64	0.0012824559251018808
21.650000000000002	0.0012785884652002496
21.66	0.0012747344461406479
21.67	0.0012708938150381554
21.68	0.0012670665192402106
21.69	0.001263252506325468
21.7	0.001259451724102687
21.71	0.0012556641206096075
21.72	0.0012518896441118552
21.73	0.0012481282431018143
21.740000000000002	0.001244379866297557
21.75	0.0012406444626417302
21.76	0.0012369219813004827
21.77	0.0012332123716623708
21.78	0.0012295155833373036
21.79	0.0012258315661554562
21.8	0.0012221602701662127
21.81	0.0012185016456371085
21.82	0.001214855643052782
21.830000000000002	0.0012112222131139194
21.84	0.0012076013067362228
21.85	0.0012039928750493664
21.86	0.0012003968693959752
21.87	0.0011968132413305887
21.88	0.0011932419426186533
21.89	0.0011896829252355007
21.900000000000002	0.0011861361413653434
21.91	0.001182601543400269
21.92	0.0011790790839392457
21.93	0.00117556871578712
21.94	0.0011720703919536441
21.95	0.0011685840656524785
21.96	0.0011651096903002288
21.97	0.0011616472195154586
21.98	0.0011581966071177363
21.990000000000002	0.0011547578071266658
22.	0.0011513307737609287
22.01	0.0011479154614373367
22.02	0.0011445118247698828
22.03	0.0011411198185687992
22.04	0.001137739397839619
22.05	0.0011343705177822457
22.06	0.0011310131337900265
22.07	0.0011276672014488309
22.080000000000002	0.0011243326765361234
22.09	0.0011210095150200681
22.1	0.0011176976730586038
22.11	0.001114397106998553
22.12	0.0011111077733747133
22.13	0.001107829628908972
22.14	0.0011045626305094104
22.150000000000002	0.001101306735269422
22.16	0.0010980619004668343
22.17	0.0010948280835630306
22.18	0.0010916052422020772
22.19	0.0010883933342098618
22.2	0.0010851923175932263
22.21	0.0010820064410225032
22.22	0.0010789268946477415
22.23	0.001075857492817904
22.240000000000002	0.001072798197574228
22.25	0.0010697489711169637
22.26	0.0010667097758046279
22.27	0.0010636805741532866
22.28	0.0010606613288358026
22.29	0.0010576520026811338
22.3	0.0010546525586735912
22.31	0.0010516629599521326
22.32	0.0010486831698096409
22.330000000000002	0.001045713151692219
22.34	0.0010427528691984735
22.35	0.0010398022860788178
22.36	0.001036861366234771
22.37	0.0010339300737182563
22.38	0.0010310083727309083
22.39	0.0010280962276233894
22.400000000000002	0.0010251936028946955
22.41	0.0010223004631914777
22.42	0.0010194167733073582
22.43	0.001016542498182263
22.44	0.0010136776029017352
22.45	0.0010108220526962792
22.46	0.0010079758129406858
22.47	0.0010051388491533776
22.48	0.0010023111269957367
22.490000000000002	0.0009994926122714645
22.5	0.0009966832709259184
22.51	0.0009938830690454624
22.52	0.000991091972856828
22.53	0.0009883099487264656
22.54	0.0009855369631599083
22.55	0.0009827729828011283
22.56	0.000980017974431914
22.57	0.0009772719049712312
22.580000000000002	0.0009745347414746025
22.59	0.0009718064511334779
22.6	0.0009690870012746197
22.61	0.0009663763593594777
22.62	0.0009636744929835858
22.63	0.0009609813698759359
22.64	0.0009582969578983847
22.650000000000002	0.0009556212250450361
22.66	0.0009529541394416471
22.67	0.0009502956693450237
22.68	0.0009476457831424272
22.69	0.0009450044493509785
22.7	0.0009423716366170738
22.71	0.0009397473137157862
22.72	0.0009371314495502924
22.73	0.0009345240131512845
22.740000000000002	0.0009319249736763944
22.75	0.0009293343004096142
22.76	0.0009267519627607279
22.77	0.0009241779302647409
22.78	0.0009216121725813082
22.79	0.000919054659494173
22.8	0.0009165053609106061
22.81	0.0009139642468608456
22.82	0.0009114312874975418
22.830000000000002	0.0009089064530951995
22.84	0.0009063897140496384
22.85	0.0009038810408774285
22.86	0.0009013804042153625
22.87	0.0008988877748199014
22.88	0.0008964031235666371
22.89	0.0008939264214497609
22.900000000000002	0.000891457639581522
22.91	0.0008889967491916982
22.92	0.0008865437216270701
22.93	0.0008840985283508878
22.94	0.0008816611409423552
22.95	0.0008792315310960991
22.96	0.000876809670621658
22.97	0.0008743955314429649
22.98	0.0008719890855978297
22.990000000000002	0.0008695903052374283
23.	0.0008671991626258027
23.01	0.0008648156301393413
23.02	0.000862439680266284
23.03	0.00086007128560622
23.04	0.0008577104188695882
23.05	0.0008553570528771788
23.06	0.0008530111605596435
23.07	0.0008506727149570015
23.080000000000002	0.000848341689218149
23.09	0.0008460180566003765
23.1	0.0008437017904688829
23.11	0.0008413928642962938
23.12	0.0008390912516621778
23.13	0.0008367969262525774
23.14	0.0008345098618595273
23.150000000000002	0.0008322300323805854
23.16	0.0008299574118183603
23.17	0.0008276919742800483
23.18	0.0008254336939769594
23.19	0.0008231825452240633
23.2	0.0008209385024395191
23.21	0.0008187015401442277
23.22	0.0008164716329613606
23.23	0.0008142487556159195
23.240000000000002	0.0008120328829342765
23.25	0.0008098239898437272
23.26	0.0008076220513720375
23.27	0.0008054270426470082
23.28	0.0008032389388960194
23.29	0.0008010577154455998
23.3	0.0007988833477209808
23.31	0.0007967158112456651
23.32	0.0007945550816409818
23.330000000000002	0.000792401134625668
23.34	0.0007902539460154265
23.35	0.0007881134917225009
23.36	0.0007859797477552519
23.37	0.0007838526902177289
23.38	0.0007817322953092483
23.39	0.0007796185393239756
23.400000000000002	0.0007775113986505051
23.41	0.0007754108497714453
23.42	0.0007733168692629996
23.43	0.0007712294337945614
23.44	0.0007691485201282996
23.45	0.0007670741051187499
23.46	0.0007650061657124094
23.47	0.0007629446789473355
23.48	0.000760889621952735
23.490000000000002	0.000758840971948573
23.5	0.0007567987062451688
23.51	0.0007547628022428033
23.52	0.0007527332374313169
23.53	0.0007507099893897261
23.54	0.0007486930357858251
23.55	0.0007466823543758011
23.56	0.0007446779230038463
23.57	0.0007426797196017697
23.580000000000002	0.0007406877221886189
23.59	0.0007387019088702927
23.6	0.0007367222578391657
23.61	0.0007347487473737076
23.62	0.0007327813558381094
23.63	0.0007308200616819059
23.64	0.0007288648434396083
23.650000000000002	0.0007269156797303242
23.66	0.0007249725492574018
23.67	0.0007230354308080485
23.68	0.0007211043032529783
23.69	0.0007191791455460356
23.7	0.0007172599367238448
23.71	0.0007153466559054422
23.72	0.0007134392822919203
23.73	0.0007115377951660701
23.740000000000002	0.0007096421738920279
23.75	0.000707752397914919
23.76	0.0007058684467605079
23.77	0.000703990300034848
23.78	0.0007021179374239315
23.79	0.0007002513386933453
23.8	0.0006984949524484625
23.81	0.0006971566372282687
23.82	0.0006958214465669021
23.830000000000002	0.0006944893718623225
23.84	0.0006931604045397658
23.85	0.0006918345360516478
23.86	0.0006905117578774655
23.87	0.0006891920615237014
23.88	0.0006878754385237282
23.89	0.0006865618804377063
23.900000000000002	0.0006852513788524945
23.91	0.0006839439253815524
23.92	0.000682639511664844
23.93	0.0006813381293687429
23.94	0.0006800397701859398
23.95	0.0006787444258353467
23.96	0.0006774520880620037
23.97	0.0006761627486369863
23.98	0.0006748763993573129
23.990000000000002	0.0006735930320458484
24.	0.0006723126385512181
24.01	0.0006710352107477109
24.02	0.0006697607405351905
24.03	0.0006684892198390028
24.04	0.0006672206406098863
24.05	0.0006659549948238818
24.060000000000002	0.0006646922744822404
24.07	0.0006634324716113378
24.080000000000002	0.0006621755782625794
24.09	0.0006609215865123176
24.1	0.0006596704884617573
24.11	0.0006584222762368734
24.12	0.0006571769419883171
24.13	0.0006559344778913328
24.14	0.0006546948761456697
24.150000000000002	0.0006534581289754938
24.16	0.0006522242286293017
24.17	0.0006509931673798376
24.18	0.0006497649375240013
24.19	0.0006485395313827684
24.2	0.0006473169413011025
24.21	0.0006460971596478711
24.22	0.0006448801788157599
24.23	0.0006436659912211914
24.240000000000002	0.0006424545893042387
24.25	0.0006412459655285416
24.26	0.000640040112381226
24.27	0.0006388370223728186
24.28	0.0006376366880371658
24.29	0.0006364391019313524
24.3	0.0006352442566356158
24.310000000000002	0.0006340521447532702
24.32	0.0006328627589106189
24.330000000000002	0.0006316760917568807
24.34	0.0006304921359641026
24.35	0.0006293108842270845
24.36	0.0006281323292632958
24.37	0.0006269564638127979
24.38	0.0006257832806381642
24.39	0.0006246127725244003
24.400000000000002	0.0006234449322788666
24.41	0.0006222797527312013
24.42	0.000621117226733237
24.43	0.0006199573471589282
24.44	0.0006188001069042725
24.45	0.0006176454988872321
24.46	0.0006164935160476579
24.47	0.0006153441513472133
24.48	0.0006141973977692965
24.490000000000002	0.0006130532483189662
24.5	0.0006119116960228657
24.51	0.0006107727339291461
24.52	0.000609636355107392
24.53	0.0006085025526485478
24.54	0.0006073713196648411
24.55	0.0006062426492897128
24.560000000000002	0.0006051165346777352
24.57	0.0006039929690045467
24.580000000000002	0.0006028719454667735
24.59	0.0006017534572819594
24.6	0.0006006374976884899
24.61	0.000599524059945523
24.62	0.0005984131373329145
24.63	0.0005973047231511468
24.64	0.0005961988107212588
24.650000000000002	0.0005950953933847718
24.66	0.0005939944645036204
24.67	0.0005928960174600814
24.68	0.0005918000456567021
24.69	0.0005907065425162318
24.7	0.0005896155014815497
24.71	0.0005885269160155967
24.72	0.0005874407796013073
24.73	0.0005863570857415352
24.740000000000002	0.000585275827958991
24.75	0.0005841969997961691
24.76	0.000583120594815281
24.77	0.000582046606598185
24.78	0.0005809750287463229
24.79	0.0005799058548806473
24.8	0.0005788390786415582
24.810000000000002	0.0005777746936888323
24.82	0.0005767126937015607
24.830000000000002	0.000575653072378077
24.84	0.0005745958234358959
24.85	0.0005735409406116437
24.86	0.0005724884176609945
24.87	0.0005714382483586027
24.88	0.0005703904264980408
24.89	0.0005693449458917314
24.900000000000002	0.0005683018003708826
24.91	0.0005672609837854256
24.92	0.0005662224900039503
24.93	0.0005651863129136365
24.94	0.0005641524464201961
24.95	0.0005631208844478067
24.96	0.0005620916209390491
24.97	0.000561064649854843
24.98	0.000560039965174384
24.990000000000002	0.0005590175608950852
25.	0.0005579974310325075
25.01	0.0005569795696203041
25.02	0.0005559639707101568
25.03	0.0005549506283717097
25.04	0.0005539395366925164
25.05	0.0005529306897779704
25.060000000000002	0.0005519240817512509
25.07	0.0005509197067532566
25.080000000000002	0.0005499175589425487
25.09	0.0005489176324952903
25.1	0.0005479199216051843
25.11	0.0005469244204834161
25.12	0.0005459311233585925
25.13	0.0005449400244766831
25.14	0.00054395111810096
25.150000000000002	0.000542964398511941
25.16	0.0005419798600073295
25.17	0.0005409974969019551
25.18	0.0005400173035277179
25.19	0.0005390392742335296
25.2	0.0005380634033852536
25.21	0.00053708968536565
25.22	0.0005361181145743174
25.23	0.000535148685427636
25.240000000000002	0.0005341813923587104
25.25	0.0005332162298173125
25.26	0.0005322531922698255
25.27	0.0005312922741991885
25.28	0.0005303334701048382
25.29	0.0005293767745026566
25.3	0.0005284221819249102
25.310000000000002	0.0005274696869202002
25.32	0.0005265192840534029
25.330000000000002	0.0005255709679056187
25.34	0.000524624733074112
25.35	0.0005236805741722617
25.36	0.0005227384858295044
25.37	0.0005217984626912816
25.38	0.000520860499418982
25.39	0.0005199245906898943
25.400000000000002	0.0005189907311971462
25.41	0.0005180589156496569
25.42	0.0005171291387720804
25.43	0.0005162013953047556
25.44	0.0005152756800036492
25.45	0.0005206228063835292
25.46	0.0005270202604536154
25.47	0.0005334937682635795
25.48	0.0005400442035559557
25.490000000000002	0.0005466724497623482
25.5	0.0005533794001070298