0.01	3.3991133652760914
0.02	2.0576420772982247
0.03	1.6102315789672232
0.04	1.3816262323263993
0.05	1.2426781685504302
0.06	1.1491603331024112
0.07	1.081100920765184
0.08	1.0322570243837825
0.09	0.9958368592687753
0.1	0.9664794768631528
0.11	0.9417028452571199
0.12	0.9203176709935513
0.13	0.903113163420896
0.14	0.887846447818019
0.15	0.8741695646023148
0.16	0.8615664800812134
0.17	0.8506785029423628
0.18	0.8405598158222412
0.19	0.83130952884547
0.2	0.822763895799058
0.21	0.8147168271512015
0.22	0.8076266664853373
0.23	0.800981481996844
0.24	0.7946703998717151
0.25	0.7884862407095053
0.26	0.7825301225884943
0.27	0.776841298533533
0.28	0.7713471125164297
0.29	0.7657955433232305
0.3	0.7604701495694862
0.31	0.755354624817404
0.32	0.7504264890679072
0.33	0.7453476126918728
0.34	0.7404532193788809
0.35000000000000003	0.7357314700781321
0.36	0.7311715967353075
0.37	0.7267189410892277
0.38	0.7223006918324257
0.39	0.7180230408470246
0.4	0.7138780771060287
0.41000000000000003	0.7098585185844255
0.42	0.7059576483295923
0.43	0.7017660634037731
0.44	0.6976224439436826
0.45	0.6935955961541356
0.46	0.6896797418927029
0.47000000000000003	0.6858695067423745
0.48	0.6821598839166102
0.49	0.6782879279533615
0.5	0.6743461033784761
0.51	0.6705045724126178
0.52	0.6667588904443963
0.53	0.6631048905274839
0.54	0.6595386611806501
0.55	0.6560565263365976
0.56	0.6525394144218367
0.5700000000000001	0.6489514885609791
0.58	0.6454451813840228
0.59	0.6420172762764884
0.6	0.6386647351919089
0.61	0.6353846859578358
0.62	0.6321744106755156
0.63	0.6290313351030522
0.64	0.6258831838209045
0.65	0.6225172637388054
0.66	0.6192204232915559
0.67	0.6159902298622824
0.68	0.6128243711811026
0.6900000000000001	0.6097206477053724
0.7000000000000001	0.6066769655848283
0.71	0.6036913301590854
0.72	0.60076183994034
0.73	0.5978866810388962
0.74	0.5948712735815284
0.75	0.5918455791823584
0.76	0.588875046904716
0.77	0.5859579648712611
0.78	0.583092695682504
0.79	0.5802776722711687
0.8	0.5775113940364444
0.81	0.5747924232359939
0.8200000000000001	0.5721193816155885
0.8300000000000001	0.56949094725803
0.84	0.5669058516346498
0.85	0.5641419366345384
0.86	0.5613967256431471
0.87	0.5586963800523914
0.88	0.5560396634362158
0.89	0.5534253869972391
0.9	0.550852407221536
0.91	0.548319623673479
0.92	0.5458259769208398
0.93	0.5433704465811335
0.9400000000000001	0.5409520494809053
0.9500000000000001	0.5385698379203016
0.96	0.5362228980358715
0.97	0.5338245761431645
0.98	0.531348551941561
0.99	0.528908975828202
1.	0.5265049511641605
1.01	0.5241356120512157
1.02	0.5218001219860868
1.03	0.5194976725861076
1.04	0.5172274823818998
1.05	0.5149887956729174
1.06	0.5127808814420195
1.07	0.5106030323255066
1.08	0.5084545636352973
1.09	0.5063348124301491
1.1	0.5042431366330385
1.11	0.502153055844139
1.12	0.4999060352002591
1.1300000000000001	0.4976889097051697
1.1400000000000001	0.4955010223012586
1.1500000000000001	0.4933417359724774
1.16	0.49121043296516564
1.17	0.4891065140455811
1.18	0.48702939779211296
1.19	0.48497851992027635
1.2	0.48295333263871043
1.21	0.4809533040345109
1.22	0.47897791748633073
1.23	0.4770266711037776
1.24	0.47509907719172917
1.25	0.4731946617382654
1.26	0.4713129639249981
1.27	0.4694535356586494
1.28	0.4675068000068297
1.29	0.4655357263044846
1.3	0.4635880877987772
1.31	0.4616634287769484
1.32	0.4597613057790337
1.33	0.45788128717861437
1.34	0.45602295278094396
1.35	0.4541858934375994
1.36	0.4523697106768683
1.37	0.4505740163491124
1.3800000000000001	0.44879843228640176
1.3900000000000001	0.4470425899757425
1.4000000000000001	0.44530613024526405
1.41	0.44358870296276365
1.42	0.4418899667460365
1.43	0.44020958868445176
1.44	0.4385472440712642
1.45	0.43690261614617404
1.46	0.43527539584767605
1.47	0.4335529690054788
1.48	0.43182685925993297
1.49	0.43011917621922674
1.5	0.42842960147188747
1.51	0.4267578241836575
1.52	0.4251035408684475
1.53	0.4234664551676707
1.54	0.4218462776375926
1.55	0.42024272554436
1.56	0.41865552266638034
1.57	0.4170843991037476
1.58	0.41552909109441455
1.59	0.41398934083683636
1.6	0.4124648963188166
1.61	0.4109555111523009
1.62	0.4094609444138776
1.6300000000000001	0.407980960490755
1.6400000000000001	0.4065153289319902
1.6500000000000001	0.40506382430476684
1.6600000000000001	0.40362622605551546
1.67	0.40220231837568654
1.68	0.4007656372367357
1.69	0.3992234155753813
1.7	0.3976961750068292
1.71	0.39618368315808516
1.72	0.3946857125919284
1.73	0.39320204067411835
1.74	0.39173244944491836
1.75	0.3902767254947717
1.76	0.3888346598439715
1.77	0.38740604782617555
1.78	0.38599068897562266
1.79	0.3845883869179112
1.8	0.38319894926421044
1.81	0.3818221875087752
1.82	0.3804579169296475
1.83	0.3791059564924243
1.84	0.37776612875698495
1.85	0.37643825978706785
1.86	0.3751221790625977
1.87	0.37381771939466363
1.8800000000000001	0.3725247168430545
1.8900000000000001	0.37124301063626164
1.9000000000000001	0.3699724430938635
1.9100000000000001	0.3687128595512056
1.92	0.36746410828630266
1.93	0.3661932266316861
1.94	0.3648627987668517
1.95	0.3635440076130338
1.96	0.3622366924923411
1.97	0.3609406957504674
1.98	0.3596558626848002
1.99	0.35838204147459124
2.	0.3571190831131215
2.0100000000000002	0.3558668413417902
2.02	0.3546251725860693
2.0300000000000002	0.35339393589325707
2.04	0.35217299287197423
2.05	0.3509622076333445
2.06	0.34976144673380577
2.07	0.34857057911949757
2.08	0.3473894760721751
2.09	0.3462180111566006
2.1	0.3450560601693645
2.11	0.34390350108909185
2.12	0.3427602140279877
2.13	0.3416260811846836
2.14	0.3405009867983399
2.15	0.33938481710396706
2.16	0.3382774602889285
2.17	0.3371788064505869
2.18	0.33608874755505846
2.19	0.33500717739704555
2.2	0.3339339915607074
2.21	0.33286908738154475
2.22	0.3317301636868448
2.23	0.33057575952757123
2.24	0.32943051087214525
2.25	0.3282943047202351
2.2600000000000002	0.327167029960274
2.27	0.32604857732970494
2.2800000000000002	0.3249388393762322
2.29	0.32383771042005155
2.3000000000000003	0.3227450865170284
2.31	0.32166086542279765
2.32	0.32058494655775754
2.33	0.3195172309729317
2.34	0.31845762131667393
2.35	0.31740602180219224
2.36	0.3163623381758675
2.37	0.3153264776863448
2.38	0.31429834905437537
2.39	0.31327786244338696
2.4	0.31226492943076395
2.41	0.31125946297981466
2.42	0.3102613774124095
2.43	0.30927058838226845
2.44	0.30828701284888177
2.45	0.3073105690520459
2.46	0.3063411764869971
2.47	0.305378755880127
2.48	0.3044232291652642
2.49	0.30347451946050563
2.5	0.30253255104558424
2.5100000000000002	0.3015972493397568
2.52	0.3006685408801996
2.5300000000000002	0.2997463533008971
2.54	0.29883061531201066
2.5500000000000003	0.29783773319046136
2.56	0.29685147172857257
2.57	0.2958723022017039
2.58	0.2949001463151402
2.59	0.29393492693758466
2.6	0.2929765680794611
2.61	0.29202499487170375
2.62	0.2910801335450191
2.63	0.2901419114096098
2.64	0.2892102568353477
2.65	0.2882850992323846
2.66	0.2873663690321886
2.67	0.2864539976689971
2.68	0.2855479175616737
2.69	0.2846480620959597
2.7	0.28375436560711076
2.71	0.28286676336290717
2.72	0.28198519154703067
2.73	0.28110958724279655
2.74	0.2802398884172336
2.75	0.279376033905502
2.7600000000000002	0.2785179633956424
2.77	0.2776656174136463
2.7800000000000002	0.2768189373088403
2.79	0.27597786523957774
2.8000000000000003	0.27514234415922856
2.81	0.27431231780246085
2.82	0.2734877306718068
2.83	0.2726685280245071
2.84	0.27185465585962476
2.85	0.2710460609054253
2.86	0.2702426906070136
2.87	0.2694444931142229
2.88	0.26865141726975067
2.89	0.26786341259753316
2.9	0.26708042929135606
2.91	0.26630241820369244
2.92	0.2655035256641625
2.93	0.2646643897499524
2.94	0.26383075150501595
2.95	0.26300255639450876
2.96	0.262179750606987
2.97	0.2613622810424071
2.98	0.26055009530036555
2.99	0.25974314166857054
3.	0.2589413691115422
3.0100000000000002	0.25814472725953536
3.02	0.2573531663976792
3.0300000000000002	0.25656663745532904
3.04	0.2557850919956272
3.0500000000000003	0.255008482205265
3.06	0.2542367608844439
3.0700000000000003	0.2534698814370306
3.08	0.2527077978609011
3.09	0.25195046473846994
3.1	0.25119783722740135
3.11	0.25044987105149624
3.12	0.2497065224917529
3.13	0.24896774837759728
3.14	0.24823350607827802
3.15	0.24750375349442408
3.16	0.24677844904976015
3.17	0.24605755168297755
3.18	0.24534102083975584
3.19	0.2446288164649337
3.2	0.24392089899482355
3.21	0.2432172293496695
3.22	0.24251776892624272
3.23	0.24182247959057362
3.24	0.2411313236708165
3.25	0.2404442639502447
3.2600000000000002	0.23976126366037273
3.27	0.23908228647420324
3.2800000000000002	0.2384072964995959
3.29	0.23773625827275593
3.3000000000000003	0.23706913675183952
3.31	0.23640589731067335
3.3200000000000003	0.23574650573258688
3.33	0.23509092820435393
3.34	0.23443913131024188
3.35	0.23378121609979882
3.36	0.23307322239421568
3.37	0.232369467263488
3.38	0.23166991286760413
3.39	0.2309745218149933
3.4	0.23028325715590806
3.41	0.22959608237592297
3.42	0.22891296138954864
3.43	0.22823385853395659
3.44	0.22755873856281472
3.45	0.22688756664023016
3.46	0.22622030833479717
3.47	0.2255569296137485
3.48	0.22489739683720789
3.49	0.2242416767525417
3.5	0.22358973648880714
3.5100000000000002	0.22294154355129664
3.52	0.22229706581617456
3.5300000000000002	0.2216562715252057
3.54	0.2210191292805739
3.5500000000000003	0.2203856080397873
3.56	0.21975567711067093
3.5700000000000003	0.21912930614644283
3.58	0.21850646514087343
3.59	0.2178871244235262
3.6	0.2172712546550769
3.61	0.21665882682271223
3.62	0.2160498122356037
3.63	0.2154441825204575
3.64	0.21484190961713723
3.65	0.21424296577435928
3.66	0.21364732354545873
3.67	0.2130549557842248
3.68	0.212465835640804
3.69	0.21187993655767107
3.7	0.2112972322656641
3.71	0.21071769678008517
3.72	0.2101413043968633
3.73	0.20956802968877955
3.74	0.20899784750175293
3.75	0.208430732951186
3.7600000000000002	0.20786666141836846
3.77	0.2073056085469387
3.7800000000000002	0.2067475502394013
3.79	0.20619246265370034
3.8000000000000003	0.20564032219984604
3.81	0.20509110553659576
3.8200000000000003	0.20454478956818642
3.83	0.20400135144111886
3.84	0.2034607685409923
3.85	0.2028925122278231
3.86	0.20230200886680905
3.87	0.20171474528555275
3.88	0.20113069540628573
3.89	0.20054983342763288
3.9	0.1999721338209833
3.91	0.1993975713269152
3.92	0.19882612095167923
3.93	0.19825775796373457
3.94	0.19769245789034026
3.95	0.19713019651419844
3.96	0.19657094987014986
3.97	0.1960146942419207
3.98	0.19546140615891852
3.99	0.19491106239307837
4.	0.19436363995575662
4.01	0.19381911609467214
4.0200000000000005	0.19327746829089446
4.03	0.19273867425587757
4.04	0.19220271192853827
4.05	0.1916695594723793
4.0600000000000005	0.19113919527265535
4.07	0.19061159793358212
4.08	0.19008674627558683
4.09	0.18956461933260046
4.1	0.18904519634938954
4.11	0.1885284567789288
4.12	0.18801438027981204
4.13	0.18750294671370146
4.14	0.18699413614281532
4.15	0.18648792882745174
4.16	0.18598430522354994
4.17	0.1854832459802864
4.18	0.1849847319377068
4.19	0.18448874412439237
4.2	0.1839952637551602
4.21	0.1835042722287972
4.22	0.18301575112582663
4.23	0.18252968220630736
4.24	0.18204604740766456
4.25	0.1815648288425515
4.26	0.18108600879674291
4.2700000000000005	0.18060956972705755
4.28	0.18013549425931102
4.29	0.1796637651862979
4.3	0.1791943654658021
4.3100000000000005	0.178727278218636
4.32	0.17826248672670722
4.33	0.17779997443111256
4.34	0.17733972493025896
4.3500000000000005	0.1768817219780109
4.36	0.17642594948186405
4.37	0.17597239150114385
4.38	0.17552103224523016
4.39	0.17507185607180573
4.4	0.17462484748513
4.41	0.174179991134336
4.42	0.1737076483948556
4.43	0.17321691273586554
4.44	0.17272866526276986
4.45	0.17224288779817382
4.46	0.17175956233792436
4.47	0.17127867104907543
4.48	0.17080019626788154
4.49	0.1703241204978194
4.5	0.16985042640763642
4.51	0.16937909682942712
4.5200000000000005	0.1689101147567353
4.53	0.16844346334268318
4.54	0.1679791258981257
4.55	0.16751708588983036
4.5600000000000005	0.1670573269386822
4.57	0.16659983281791294
4.58	0.16614458745135482
4.59	0.16569157491171746
4.6000000000000005	0.16524077941888907
4.61	0.16479218533825996
4.62	0.1643457771790689
4.63	0.16390153959277196
4.64	0.16345945737143341
4.65	0.16301951544613763
4.66	0.16258169888542326
4.67	0.1621459928937376
4.68	0.1617123828099117
4.69	0.16128085410565632
4.7	0.16085139238407714
4.71	0.16042398337821012
4.72	0.15999861294957649
4.73	0.15957526708675596
4.74	0.15915393190397997
4.75	0.1587345936397422
4.76	0.1583172386554281
4.7700000000000005	0.15790185343396232
4.78	0.15748842457847367
4.79	0.15707693881097734
4.8	0.15666738297107455
4.8100000000000005	0.1562597440146691
4.82	0.15585400901270044
4.83	0.15545016514989293
4.84	0.15504819972352202
4.8500000000000005	0.15464810014219504
4.86	0.15424985392464927
4.87	0.15385344869856388
4.88	0.15345887219938825
4.89	0.1530661122691846
4.9	0.1526751568554856
4.91	0.15228599401016674
4.92	0.15189861188833254
4.93	0.15151299874721727
4.94	0.15112914294509938
4.95	0.15074703294022992
4.96	0.15036665728977403
4.97	0.14998800464876594
4.98	0.1496110637690774
4.99	0.14923582349839853
5.	0.14886227277923164
5.01	0.1484904006478975
5.0200000000000005	0.14812019623355427
5.03	0.1477516487572284
5.04	0.1473847475308574
5.05	0.14701948195634476
5.0600000000000005	0.14665584152462632
5.07	0.1462859573862605
5.08	0.14588443214029667
5.09	0.14548479537999795
5.1000000000000005	0.14508703453921962
5.11	0.14469113715985155
5.12	0.14429709089067994
5.13	0.1439048834862637
5.14	0.14351450280582487
5.15	0.14312593681215233
5.16	0.1427391735705198
5.17	0.14235420124761627
5.18	0.14197100811049085
5.19	0.1415895825255093
5.2	0.1412099129573245
5.21	0.14083198796785892
5.22	0.1404557962152995
5.23	0.14008132645310534
5.24	0.13970856752902722
5.25	0.13933750838413866
5.26	0.1389681380518795
5.2700000000000005	0.13860044565711033
5.28	0.1382344204151792
5.29	0.1378700516309988
5.3	0.13750732869813506
5.3100000000000005	0.1371462410979071
5.32	0.13678677839849748
5.33	0.1364289302540733
5.34	0.13607268640391787
5.3500000000000005	0.13571803667157276
5.36	0.13536497096398994
5.37	0.13501347927069432
5.38	0.1346635516629558
5.39	0.13431517829297152
5.4	0.13396834939305752
5.41	0.1336230552748503
5.42	0.13327928632851738
5.43	0.13293703302197749
5.44	0.1325962859001296
5.45	0.13225703558409144
5.46	0.13191927277044627
5.47	0.1315829882304994
5.48	0.13124817280954235
5.49	0.13091481742612635
5.5	0.1305829130713439
5.51	0.13025245080811867
5.5200000000000005	0.12992342177050398
5.53	0.12959581716298896
5.54	0.12926962825981284
5.55	0.12894484640428724
5.5600000000000005	0.12862146300812616
5.57	0.1282994695507839
5.58	0.12797885757880006
5.59	0.1276596187051525
5.6000000000000005	0.12734174460861736
5.61	0.12702522703313698
5.62	0.12671005778719385
5.63	0.12639622874319295
5.64	0.12608373183685032
5.65	0.12577255906658869
5.66	0.12546270249294006
5.67	0.12515415423795506
5.68	0.12484690648461856
5.69	0.12454095147627232
5.7	0.12423628151604416
5.71	0.1239328889662826
5.72	0.12363076624799929
5.73	0.12332990584031629
5.74	0.12303030027992051
5.75	0.12273194216052351
5.76	0.12243482413232769
5.7700000000000005	0.12213893890149827
5.78	0.12184427922964117
5.79	0.12155083793328654
5.8	0.1212586078833782
5.8100000000000005	0.12096758200476818
5.82	0.12067425688447153
5.83	0.12035234433620419
5.84	0.12003184001465825
5.8500000000000005	0.11971273536390326
5.86	0.11939502189449674
5.87	0.1190786911828553
5.88	0.11876373487063244
5.89	0.11845014466410375
5.9	0.11813791233355837
5.91	0.11782702971269766
5.92	0.11751748869804034
5.93	0.11720928124833417
5.94	0.1169023993839741
5.95	0.11659683518642708
5.96	0.11629258079766286
5.97	0.11598962841959118
5.98	0.11568797031350514
5.99	0.1153875987995309
6.	0.11508850625608269
6.01	0.11479068511932453
6.0200000000000005	0.11449412788263746
6.03	0.11419882709609258
6.04	0.11390477536592965
6.05	0.11361196535404176
6.0600000000000005	0.11332038977746521
6.07	0.11303004140787493
6.08	0.11274091307108557
6.09	0.11245299764655764
6.1000000000000005	0.11216628806690934
6.11	0.11188077731743315
6.12	0.111596458435618
6.13	0.11131332451067638
6.140000000000001	0.11103136868307655
6.15	0.11075058414407954
6.16	0.11047096413528151
6.17	0.11019250194816041
6.18	0.10991519092362793
6.19	0.10963902445158585
6.2	0.10936399597048745
6.21	0.10909009896690305
6.22	0.10881732697509061
6.23	0.10854567357657048
6.24	0.1082751323997049
6.25	0.10800569711928175
6.26	0.10773736145610259
6.2700000000000005	0.10747011917657538
6.28	0.10720396409231077
6.29	0.10693889005972329
6.3	0.10667489097963641
6.3100000000000005	0.10641196079689147
6.32	0.10615009349996114
6.33	0.10588928312056645
6.34	0.10562952373329804
6.3500000000000005	0.1053708094552412
6.36	0.10511313444560476
6.37	0.10485649290535408
6.38	0.10460087907684723
6.390000000000001	0.10434628724347546
6.4	0.10409271172930712
6.41	0.10384014689873529
6.42	0.10358858715612868
6.43	0.10333802694548677
6.44	0.1030884607500977
6.45	0.10283988309220024
6.46	0.1025922885326487
6.47	0.10234567167058174
6.48	0.10210002714309407
6.49	0.10185534962491168
6.5	0.10161163382807034
6.51	0.10136887450159734
6.5200000000000005	0.1011270664311964
6.53	0.1008862044389357
6.54	0.10064628338293914
6.55	0.10040729815708063
6.5600000000000005	0.10016924369068132
6.57	0.09993211494821014
6.58	0.09969590692898705
6.59	0.09946061466688932
6.6000000000000005	0.09922623323006077
6.61	0.09899275772062396
6.62	0.09876018327439498
6.63	0.09852850506060126
6.640000000000001	0.09829771828160229
6.65	0.09806781817261258
6.66	0.09783880000142801
6.67	0.09761065906815444
6.68	0.09738339070493902
6.69	0.0971329065223066
6.7	0.0968806172333187
6.71	0.09662935803698765
6.72	0.09637912320168922
6.73	0.09612990703615557
6.74	0.09588170388913149
6.75	0.09563450814903436
6.76	0.09538831424361742
6.7700000000000005	0.09514311663963622
6.78	0.0948989098425188
6.79	0.09465568839603854
6.8	0.09441344688199087
6.8100000000000005	0.09417217991987284
6.82	0.0939318821665658
6.83	0.09369254831602145
6.84	0.09345417309895075
6.8500000000000005	0.09321675128251608
6.86	0.09298027767002628
6.87	0.09274474710063488
6.88	0.09251015444904086
6.890000000000001	0.09227649462519291
6.9	0.09204376257399619
6.91	0.09181195327502198
6.92	0.09158106174222032
6.93	0.09135108302363529
6.94	0.09112201220112315
6.95	0.09089384439007314
6.96	0.09066657473913108
6.97	0.09044019842992554
6.98	0.09021471067679665
6.99	0.08999010672652766
7.	0.0897663818580789
7.01	0.08954353138232453
7.0200000000000005	0.08932155064179144
7.03	0.08910043501040117
7.04	0.08888017989321383
7.05	0.08866078072617463
7.0600000000000005	0.08844223297586305
7.07	0.08822453213924394
7.08	0.08800767374342156
7.09	0.0877916533453953
7.1000000000000005	0.0875764665318185
7.11	0.08736210891875862
7.12	0.08714857615146061
7.13	0.08693586390411184
7.140000000000001	0.08672396787960965
7.15	0.08651288380933077
7.16	0.08630260745290333
7.17	0.08609313459798046
7.18	0.08588446106001654
7.19	0.08567658268204524
7.2	0.08546949533445969
7.21	0.08526319491479485
7.22	0.08505767734751164
7.23	0.08485293858378329
7.24	0.08464897460128379
7.25	0.08444578140397778
7.26	0.08424335502191317
7.2700000000000005	0.08404169151101494
7.28	0.08384078695288133
7.29	0.0836406374545817
7.3	0.08344123914845629
7.3100000000000005	0.08324258819191799
7.32	0.08304468076725556
7.33	0.08284751308143912
7.34	0.08265108136592698
7.3500000000000005	0.08245538187647462
7.36	0.08226041089294518
7.37	0.08206616471912181
7.38	0.0818726396825216
7.390000000000001	0.08167983213421133
7.4	0.08148773844862486
7.41	0.08129635502338221
7.42	0.08110567827911017
7.43	0.08091570465926465
7.44	0.08072643062995455
7.45	0.08053785267976747
7.46	0.08034996731959657
7.47	0.08016277108246926
7.48	0.07997626052337756
7.49	0.0797904322191097
7.5	0.07960528276808325
7.51	0.07942080879018004
7.5200000000000005	0.07923700692658237
7.53	0.07905387383961052
7.54	0.07887140621256192
7.55	0.07868960074955186
7.5600000000000005	0.07850845417535536
7.57	0.07832796323525058
7.58	0.07814812469486354
7.59	0.0779689353400144
7.6000000000000005	0.07779039197656488
7.61	0.07761249143026722
7.62	0.0774352305466143
7.63	0.07725860619069129
7.640000000000001	0.07708261524702836
7.65	0.07690725461945494
7.66	0.07673252123095496
7.67	0.07655841202352388
7.68	0.07636496687831912
7.69	0.07617035587145388
7.7	0.07597649275777232
7.71	0.07578337369740958
7.72	0.07559099487516104
7.73	0.07539935250029213
7.74	0.07520844280634993
7.75	0.07501826205097666
7.76	0.07482880651572453
7.7700000000000005	0.07464007250587254
7.78	0.07445205635024481
7.79	0.0742647544010304
7.8	0.0740781630336051
7.8100000000000005	0.07389227864635421
7.82	0.0737070976604976
7.83	0.07352261651991573
7.84	0.07333883169097768
7.8500000000000005	0.07315573966237027
7.86	0.07297333694492897
7.87	0.07279162007147041
7.88	0.07261058559662595
7.890000000000001	0.07243023009667711
7.9	0.07225055016939234
7.91	0.07207154243386509
7.92	0.0718932035303534
7.930000000000001	0.07171553012012104
7.94	0.07153851888527975
7.95	0.07136216652863313
7.96	0.0711864697735217
7.97	0.07101142536366949
7.98	0.07083703006303164
7.99	0.07066328065564396
8.	0.07049017394547291
8.01	0.07031770675626778
8.02	0.0701458759314135
8.03	0.06997467833378501
8.040000000000001	0.06980411084560291
8.05	0.06963417036829028
8.06	0.06946485382233067
8.07	0.06929615814712742
8.08	0.06912808030086423
8.09	0.06896061726036687
8.1	0.06879376602096585
8.11	0.0686275235963608
8.120000000000001	0.06846188701848553
8.13	0.06829685333737442
8.14	0.06813241962102999
8.15	0.06796858295529147
8.16	0.06780534044370475
8.17	0.06764268920739307
8.18	0.06748062638492906
8.19	0.06731914913220802
8.2	0.06715825462232175
8.21	0.06699794004543386
8.22	0.0668382026086562
8.23	0.0666790395359261
8.24	0.06652044806788454
8.25	0.06636242546175576
8.26	0.06620496899122758
8.27	0.06604807594633277
8.28	0.06589174363333146
8.290000000000001	0.06573596937459454
8.3	0.06558075050848804
8.31	0.0654260843892584
8.32	0.06527196838691879
8.33	0.06511839988713634
8.34	0.0649653762911204
8.35	0.06481289501551148
8.36	0.06466095349227138
8.370000000000001	0.06450954916857428
8.38	0.06435867950669831
8.39	0.06420834198391848
8.4	0.06405853409240025
8.41	0.06390925333909415
8.42	0.06376049724563101
8.43	0.06361226334821833
8.44	0.06346454919753738
8.45	0.06331735235864112
8.46	0.0631706704108529
8.47	0.06302450094766633
8.48	0.06287884157664553
8.49	0.0627336899193264
8.5	0.06258904361111882
8.51	0.06244490030120934
8.52	0.06230125765246508
8.53	0.06215811334133798
8.540000000000001	0.06201546505777002
8.55	0.06187331050509952
8.56	0.061731647399967456
8.57	0.061590473472225356
8.58	0.061449786464843364
8.59	0.061309584133819366
8.6	0.061169864248088665
8.61	0.06103062458943449
8.620000000000001	0.06089186295239918
8.63	0.06075357714419624
8.64	0.06061576498462267
8.65	0.060478424305972625
8.66	0.06034155295295117
8.67	0.06020514878258927
8.68	0.060069209664158886
8.69	0.059933733479089306
8.700000000000001	0.059798718120883734
8.71	0.059664161495036824
8.72	0.05953006151895264
8.73	0.05939641612186344
8.74	0.059263223244749065
8.75	0.05913048084025689
8.76	0.05899818687262259
8.77	0.05886633931759122
8.78	0.058734936162339324
8.790000000000001	0.05860397540539733
8.8	0.05847345505657273
8.81	0.058338621622277494
8.82	0.058191166542569166
8.83	0.05804425062127412
8.84	0.05789787127974598
8.85	0.05775202595456908
8.86	0.057606712097451405
8.870000000000001	0.05746192717511856
8.88	0.05731766866920833
8.89	0.05717393407616624
8.9	0.05703072090714204
8.91	0.0568880266878869
8.92	0.05674584895865144
8.93	0.05660418527408477
8.94	0.05646303320313403
8.950000000000001	0.05632239032894505
8.96	0.0561822542487636
8.97	0.056042622573837575
8.98	0.05590349292931991
8.99	0.055764862954172136
9.	0.05562673030106904
9.01	0.05548909263630376
9.02	0.055351947639693845
9.03	0.05521529300448795
9.040000000000001	0.05507912643727336
9.05	0.05494344565788422
9.06	0.05480824839931046
9.07	0.05467353240760745
9.08	0.05453929544180656
9.09	0.05440553527382605
9.1	0.05427224968838311
9.11	0.05413943648290618
9.120000000000001	0.05400709346744831
9.13	0.053875218464601
9.14	0.053743809309408856
9.15	0.053612863849284625
9.16	0.053482379943925414
9.17	0.05335235546522909
9.18	0.05322278829721157
9.19	0.05309367633592471
9.200000000000001	0.05296501748937486
9.21	0.05283680967744205
9.22	0.052709050831799706
9.23	0.05258173889583526
9.24	0.0524548718245711
9.25	0.05232844758458617
9.26	0.05220246415393849
9.27	0.05207691952208783
9.28	0.051951811689819306
9.290000000000001	0.05182713866916747
9.3	0.05170289848334098
9.31	0.051579089166647836
9.32	0.051455708764421265
9.33	0.05133275533294611
9.34	0.05121022693938587
9.35	0.051088121661710145
9.36	0.05096643758862293
9.370000000000001	0.050845172819491004
9.38	0.05072432546427344
9.39	0.050603893643451185
9.4	0.05048387548795745
9.41	0.050364269139108436
9.42	0.050245072748534826
9.43	0.05012628447811358
9.44	0.05000790249990043
9.450000000000001	0.04988992499606272
9.46	0.04977235015881292
9.47	0.04965517619034256
9.48	0.049538401302756684
9.49	0.049422023718008766
9.5	0.049306041667836205
9.51	0.049190453393696223
9.52	0.04907525714670235
9.53	0.04896045118756127
9.540000000000001	0.04884603378651021
9.55	0.04873200322325484
9.56	0.048618357786907575
9.57	0.04850509577592639
9.58	0.04839221549805398
9.59	0.04827971527025763
9.6	0.048167593418669254
9.61	0.0480558482785261
9.620000000000001	0.047944478194111684
9.63	0.047833481518697485
9.64	0.04772285661448474
9.65	0.04761260185254686
9.66	0.047502715612772216
9.67	0.04739319628380748
9.68	0.04728404226300118
9.69	0.04717525195634779
9.700000000000001	0.04706682377843227
9.71	0.04695875615237494
9.72	0.04685104750977683
9.73	0.04674369629066542
9.74	0.046636700943440676
9.75	0.04653005992482165
9.76	0.04642377169979347
9.77	0.04631783474155451
9.78	0.04621224753146417
9.790000000000001	0.046107008558991
9.8	0.04600211632166112
9.81	0.04589756932500709
9.82	0.045793366082517155
9.83	0.04568950511558481
9.84	0.045585984953458836
9.85	0.045482804133193604
9.86	0.04537996119959976
9.870000000000001	0.045277454705195265
9.88	0.04517528321015698
9.89	0.04507344528227224
9.9	0.0449719394968911
9.91	0.04487076443687879
9.92	0.044769918692568564
9.93	0.04466940086171476
9.94	0.044569209549446466
9.950000000000001	0.044469343368221274
9.96	0.0443698009377795
9.97	0.04427058088509866
9.98	0.04417168184434829
9.99	0.04407310245684526
10.	0.043974841371009064
10.01	0.0438768972423178
10.02	0.04377926873326421
10.03	0.04368195451331221
10.040000000000001	0.0435849532588535
10.05	0.04348826365316488
10.06	0.04339188438636539
10.07	0.04329581415537418
10.08	0.043200051663868345
10.09	0.04310459562224137
10.1	0.04300944474756159
10.11	0.04291459776353118
10.120000000000001	0.04280941968602749
10.13	0.04270164492356214
10.14	0.04259424742720452
10.15	0.04248722550622644
10.16	0.042380577479132195
10.17	0.042274301673599024
10.18	0.04216839642641816
10.19	0.04206286008343628
10.200000000000001	0.04195769099949736
10.21	0.041852887538384974
10.22	0.04174844807276505
10.23	0.04164437098412898
10.24	0.04154065466273727
10.25	0.04143729750756343
10.26	0.041334297926238425
10.27	0.04123165433499549
10.28	0.04112936515861536
10.290000000000001	0.04102742883037175
10.3	0.04092584379197759
10.31	0.04082460849353124
10.32	0.04072372139346342
10.33	0.04062318095848427
10.34	0.040522985663531075
10.35	0.0404231339917161
10.36	0.04032362443427495
10.370000000000001	0.04022445549051533
10.38	0.040125625667766104
10.39	0.04002713348132676
10.4	0.039928977454417154
10.41	0.03983115611812783
10.42	0.03973366801137043
10.43	0.039636511680828684
10.44	0.03953968568090964
10.450000000000001	0.03944318857369529
10.46	0.03934701892889453
10.47	0.03925117532379539
10.48	0.0391556563432178
10.49	0.039060460579466535
10.5	0.03896558663228446
10.51	0.03887103310880633
10.52	0.038776798623512715
10.53	0.0386828817981843
10.540000000000001	0.038589281261856574
10.55	0.03849599565077484
10.56	0.038403023608349414
10.57	0.038310363785111344
10.58	0.03821801483866824
10.59	0.03812597543366067
10.6	0.038034244241718536
10.61	0.03794281994141811
10.620000000000001	0.03785170121823911
10.63	0.037760886764522196
10.64	0.03767037527942677
10.65	0.037580165468889024
10.66	0.03749025604558036
10.67	0.037400645728866026
10.68	0.03731133324476409
10.69	0.03722231732590468
10.700000000000001	0.03713359671148957
10.71	0.03704517014725194
10.72	0.03695703638541654
10.73	0.03686919418466001
10.74	0.036781642310071624
10.75	0.0366943795331142
10.76	0.0366074046315853
10.77	0.036520716389578746
10.78	0.03643431359744636
10.790000000000001	0.03634819505175996
10.8	0.03626235955527377
10.81	0.03617680591688682
10.82	0.03609153295160585
10.83	0.03600653948050837
10.84	0.03592182433070601
10.85	0.03583738633530804
10.86	0.03575322433338528
10.870000000000001	0.03566933716993414
10.88	0.03558572369584104
10.89	0.035502382767846896
10.9	0.035419313248512004
10.91	0.03533651400618113
10.92	0.035253983914948765
10.93	0.035171721854624784
10.94	0.03508972671070009
10.950000000000001	0.03500799737431283
10.96	0.03492653274221449
10.97	0.03484533171673649
10.98	0.034764393205756874
10.99	0.034683716122667296
11.	0.03460329938634011
11.01	0.034523141921095915
11.02	0.03444324265667105
11.03	0.03436360052818558
11.040000000000001	0.03428421447611121
11.05	0.03420508344623972
11.06	0.034126206389651394
11.07	0.034047582262683715
11.08	0.03396921002690036
11.09	0.033891088649060326
11.1	0.033813217101087284
11.11	0.0337355943600391
11.120000000000001	0.03365821940807769
11.13	0.033581091232438895
11.14	0.033504208825402705
11.15	0.03342757118426366
11.16	0.03335117731130142
11.17	0.03327502621375149
11.18	0.03319911690377627
11.19	0.033123448398436166
11.200000000000001	0.033048019719661016
11.21	0.03297282989422156
11.22	0.03289787795370129
11.23	0.03282316293446832
11.24	0.03274868387764755
11.25	0.032674439829092954
11.26	0.032600429839360096
11.27	0.0325266529636788
11.28	0.032453108261926066
11.290000000000001	0.032379794798599024
11.3	0.03230671164278827
11.31	0.03223385786815118
11.32	0.032161232552885596
11.33	0.03208883477970347
11.34	0.03201666363580486
11.35	0.031944718212852094
11.36	0.03187299760694391
11.370000000000001	0.03180150091859006
11.38	0.031730227252685796
11.39	0.031659175718486796
11.4	0.03158834542958396
11.41	0.031517735503878694
11.42	0.03144734506355807
11.43	0.03137717323507034
11.44	0.03130721914910052
11.450000000000001	0.03123748194054618
11.46	0.031167960748493376
11.47	0.031098654716192737
11.48	0.031029562991035653
11.49	0.030960684724530806
11.5	0.03089201907228059
11.51	0.03082356519395791
11.52	0.03075532225328301
11.53	0.030687289418000526
11.540000000000001	0.030619465859856584
11.55	0.030551850754576178
11.56	0.030484443281840638
11.57	0.03041724262526513
11.58	0.030350247972376555
11.59	0.030283458514591403
11.6	0.03021687344719374
11.61	0.03015049196931344
11.620000000000001	0.030074010560708006
11.63	0.029997429507974276
11.64	0.0299211090311127
11.65	0.029845048020762578
11.66	0.02976924537323274
11.67	0.029693699990467653
11.68	0.02961841078001399
11.69	0.02954337665498714
11.700000000000001	0.0294685965340382
11.71	0.029394069341320998
11.72	0.029319794006459485
11.73	0.029245769464515254
11.74	0.029171994655955342
11.75	0.029098468526620173
11.76	0.029025190027691793
11.77	0.02895215811566232
11.78	0.0288793717523025
11.790000000000001	0.02880682990463061
11.8	0.028734531544881557
11.81	0.028662475650476027
11.82	0.02859066120399007
11.83	0.028519087193124695
11.84	0.028447752610675798
11.85	0.028376656454504264
11.86	0.028305797727506153
11.870000000000001	0.028235175437583297
11.88	0.02816478859761392
11.89	0.028094636225423537
11.9	0.028024717343756007
11.91	0.027955030980244842
11.92	0.027885576167384567
11.93	0.027816351942502492
11.94	0.02774735734773044
11.950000000000001	0.02767859142997688
11.96	0.027610053240899008
11.97	0.02754174183687526
11.98	0.027473656278977826
11.99	0.02740579563294541
12.	0.027338158969156204
12.01	0.027270745362600973
12.02	0.027203553892856377
12.030000000000001	0.027136583644058427
12.040000000000001	0.027069833704876187
12.05	0.027003303168485506
12.06	0.026936991132543095
12.07	0.026870896699160644
12.08	0.026805018974879195
12.09	0.026739357070643642
12.1	0.026673910101777387
12.11	0.026608677187957206
12.120000000000001	0.026543657453188232
12.13	0.02647885002577916
12.14	0.02641425403831752
12.15	0.026349868627645226
12.16	0.02628569293483424
12.17	0.02622172610516231
12.18	0.026157967288089046
12.19	0.026094415637231944
12.200000000000001	0.026031070310342783
12.21	0.025967930469283907
12.22	0.025904995280005033
12.23	0.025842263912519807
12.24	0.02577973554088277
12.25	0.02571740934316643
12.26	0.02565528450143842
12.27	0.02559336020173887
12.280000000000001	0.025531635634057855
12.290000000000001	0.025470109992313066
12.3	0.025408782474327596
12.31	0.02534765228180783
12.32	0.025286718620321554
12.33	0.025225980699276115
12.34	0.025165437731896816
12.35	0.025105088935205362
12.36	0.025044933529998533
12.370000000000001	0.024984970740826916
12.38	0.024925199795973803
12.39	0.02486561992743425
12.4	0.024806230370894224
12.41	0.024747030365709948
12.42	0.02468801915488727
12.43	0.02462919598506129
12.44	0.024570560106476045
12.450000000000001	0.024512110772964328
12.46	0.024453847241927652
12.47	0.024395768774316342
12.48	0.02433787463460973
12.49	0.02428016409079651
12.5	0.02422263641435521
12.51	0.024165290880234735
12.52	0.024108126766835134
12.530000000000001	0.024051143355988416
12.540000000000001	0.023994339932939507
12.55	0.02393771578632729
12.56	0.023881270208165863
12.57	0.023825002493825794
12.58	0.023768911942015622
12.59	0.02371299785476334
12.6	0.0236572595373981
12.61	0.023601696298532013
12.620000000000001	0.023546307450041992
12.63	0.023491092307051813
12.64	0.02343605018791421
12.65	0.023381180414193143
12.66	0.023326482310646126
12.67	0.02327195520520669
12.68	0.02321759842896695
12.69	0.023163411316160294
12.700000000000001	0.02310939320414419
12.71	0.02305554343338301
12.72	0.02300186134743114
12.73	0.022948346292915995
12.74	0.022894997619521282
12.75	0.022841814679970304
12.76	0.0227887968300094
12.77	0.022735943428391452
12.780000000000001	0.022683253836859527
12.790000000000001	0.022630727420130593
12.8	0.022578363545879374
12.81	0.022526161584722277
12.82	0.0224741209102014
12.83	0.0224222408987687
12.84	0.022370520929770203
12.85	0.02231896038543034
12.86	0.022267558650836336
12.870000000000001	0.022216315113922802
12.88	0.022165229165456293
12.89	0.02211430019902003
12.9	0.022063527610998727
12.91	0.022012910800563484
12.92	0.021962449169656735
12.93	0.021912142122977415
12.94	0.021861989067966076
12.950000000000001	0.021811989414790168
12.96	0.021762142576329392
12.97	0.02171244796816119
12.98	0.02166290500854622
12.99	0.021613513118414
13.	0.021564271721348668
13.01	0.02151518024357472
13.02	0.021466238113942947
13.030000000000001	0.021417444763916372
13.040000000000001	0.021368799627556334
13.05	0.021320302141508624
13.06	0.021271951744989713
13.07	0.021223747879773065
13.08	0.02117568999017555
13.09	0.021127777523043893
13.1	0.021080009927741263
13.11	0.021032386656133887
13.120000000000001	0.020984907162577816
13.13	0.020937570903905675
13.14	0.020890377339413607
13.15	0.02084332593084818
13.16	0.020796416142393467
13.17	0.020749647440658162
13.18	0.020703019294662745
13.19	0.020656531175826828
13.200000000000001	0.020610182557956425
13.21	0.02056397291723143
13.22	0.02051790173219313
13.23	0.020471968483731732
13.24	0.02042617265507407
13.25	0.02038051373177131
13.26	0.020334991201686754
13.27	0.020289604554983742
13.280000000000001	0.020244353284113517
13.290000000000001	0.020199236883803356
13.3	0.02015425485104458
13.31	0.020109406685080745
13.32	0.020064691887395906
13.33	0.020020109961702847
13.34	0.019968386343172138
13.35	0.01991649207247299
13.36	0.019864771371930105
13.370000000000001	0.019813223531738713
13.38	0.019761847845524587
13.39	0.019710643610324943
13.4	0.019659610126569357
13.41	0.019608746698060994
13.42	0.019558052631957697
13.43	0.01950752723875348
13.44	0.019457169832259886
13.450000000000001	0.01940697972958765
13.46	0.019356956251128352
13.47	0.019307098720536237
13.48	0.01925740646471019
13.49	0.019207878813775704
13.5	0.019158515101067097
13.51	0.01910931466310976
13.52	0.019060276839602538
13.530000000000001	0.019011400973400202
13.540000000000001	0.018962686410496084
13.55	0.01891413250000476
13.56	0.018865738594144813
13.57	0.018817504048221884
13.58	0.0187694282206116
13.59	0.01872151047274271
13.6	0.018673750169080395
13.61	0.018626146677109517
13.620000000000001	0.018578699367318145
13.63	0.018531407613181075
13.64	0.018484270791143467
13.65	0.01843728828060462
13.66	0.01839045946390183
13.67	0.018343783726294312
13.68	0.01829726045594732
13.69	0.018250889043916203
13.700000000000001	0.018204668884130717
13.71	0.018158599373379398
13.72	0.01811267991129393
13.73	0.018066909900333737
13.74	0.01802128874577062
13.75	0.017975815855673448
13.76	0.017930490640893026
13.77	0.01788531251504696
13.780000000000001	0.017840280894504738
13.790000000000001	0.017795395198372765
13.8	0.017750654848479586
13.81	0.017706059269361182
13.82	0.017661607888246292
13.83	0.017617300135041942
13.84	0.017573135442318963
13.85	0.017529113245297618
13.86	0.01748523298183338
13.870000000000001	0.01744149409240266
13.88	0.017397896020088805
13.89	0.01735443821056807
13.9	0.017311120112095586
13.91	0.017267941175491675
13.92	0.01722490085412796
13.93	0.017181998603913777
13.94	0.017139233883282534
13.950000000000001	0.017096606153178224
13.96	0.017054114877042007
13.97	0.017011759520798822
13.98	0.016969539552844186
13.99	0.016927454444030935
14.	0.016885503667656194
14.01	0.0168436866994483
14.02	0.016802003017553874
14.030000000000001	0.016760452102524935
14.040000000000001	0.016719033437306165
14.05	0.01667774650722209
14.06	0.01663659079996456
14.07	0.016595565805580095
14.08	0.01655467101645748
14.09	0.01651390592731525
14.1	0.01647327003518947
14.11	0.016432762839421376
14.120000000000001	0.01639238384164526
14.13	0.016352132545776287
14.14	0.016312008457998507
14.15	0.016272011086752844
14.16	0.016232139942725238
14.17	0.01619239453883477
14.18	0.01615277439022193
14.19	0.016113279014236936
14.200000000000001	0.016073907930428084
14.21	0.016034660660530227
14.22	0.015995536728453295
14.23	0.015956535660270874
14.24	0.015917656984208845
14.25	0.01587890023063413
14.26	0.015840264932043508
14.27	0.015801750623052394
14.280000000000001	0.01576335684038382
14.290000000000001	0.01572508312285743
14.3	0.015686929011378505
14.31	0.01564889404892709
14.32	0.015610977780547163
14.33	0.015573179753335926
14.34	0.015535499516433054
14.35	0.015497936621010094
14.36	0.01546049062025996
14.370000000000001	0.015423161069386314
14.38	0.015385947525593233
14.39	0.015348849548074738
14.4	0.015311866698004571
14.41	0.01527499853852586
14.42	0.015238244634740957
14.43	0.015201604553701306
14.44	0.015165077864397344
14.450000000000001	0.015128664137748486
14.46	0.015092362946593205
14.47	0.015056173865679054
14.48	0.015020096471652906
14.49	0.014984130343051094
14.5	0.01494827506028972
14.51	0.014912530205655002
14.52	0.014876895363293603
14.530000000000001	0.01484137011920312
14.540000000000001	0.014805954061222539
14.55	0.014770646779022852
14.56	0.014735447864097544
14.57	0.014700356909753414
14.58	0.014665373511101136
14.59	0.014630497265046121
14.6	0.014595727770279303
14.61	0.01456106462726805
14.620000000000001	0.014526507438247032
14.63	0.01449205580720925
14.64	0.014457709339897058
14.65	0.014423467643793236
14.66	0.014389330328112128
14.67	0.014355297003790856
14.68	0.014321367283480508
14.69	0.014287540781537478
14.700000000000001	0.014253817114014772
14.71	0.014220195898653408
14.72	0.014186676754873841
14.73	0.014153259303767481
14.74	0.014119943168088196
14.75	0.014086727972243905
14.76	0.01405361334228824
14.77	0.014020598905912156
14.780000000000001	0.01398768429243577
14.790000000000001	0.013954869132800012
14.8	0.013922153059558549
14.81	0.013889535706869587
14.82	0.013857016710487854
14.83	0.013824595707756475
14.84	0.013792272337599058
14.85	0.013760046240511711
14.86	0.013727917058555153
14.870000000000001	0.013695884435346818
14.88	0.013663948016053135
14.89	0.013632107447381664
14.9	0.013600362377573429
14.91	0.013568712456395208
14.92	0.013537157335131932
14.93	0.013505696666579059
14.94	0.01347433010503505
14.950000000000001	0.013443057306293842
14.96	0.013411877927637398
14.97	0.013380791627828301
14.98	0.013349798067102316
14.99	0.013318896907161112
15.	0.01328808781116495
15.01	0.01325737044372542
15.02	0.013226744470898201
15.030000000000001	0.013196209560175958
15.040000000000001	0.013165765380481136
15.05	0.013135411602158894
15.06	0.013105147896970074
15.07	0.013074973938084135
15.08	0.013044889400072215
15.09	0.013014893958900221
15.1	0.012984987291921874
15.11	0.012955169077871871
15.120000000000001	0.01292543899685908
15.13	0.01289579673035977
15.14	0.012866241961210816
15.15	0.012836774373603057
15.16	0.012807393653074567
15.17	0.012778099486504062
15.18	0.012748891562104321
15.19	0.012719769569415585
15.200000000000001	0.01269073319929903
15.21	0.012661782143930357
15.22	0.012632916096793264
15.23	0.012604134752673062
15.24	0.012575437807650327
15.25	0.012546824959094508
15.26	0.012518295905657641
15.27	0.012489850347268103
15.280000000000001	0.012461487985124321
15.290000000000001	0.01243320852168863
15.3	0.012405011660681057
15.31	0.012375115273160863
15.32	0.012343219504925675
15.33	0.01231142667771944
15.34	0.012279736392482955
15.35	0.012248148251962701
15.36	0.01221666186070156
15.370000000000001	0.012185276825029453
15.38	0.01215399275305415
15.39	0.012122809254652126
15.4	0.012091725941459358
15.41	0.012060742426862288
15.42	0.012029858325988858
15.43	0.01199907325569945
15.44	0.011968386834578045
15.450000000000001	0.011937798682923313
15.46	0.01190730842273984
15.47	0.011876915677729328
15.48	0.011846620073281926
15.49	0.011816421236467523
15.5	0.011786318796027163
15.51	0.011756312382364525
15.52	0.011726401627537337
15.530000000000001	0.011696586165248947
15.540000000000001	0.011666865630839929
15.55	0.011637239661279691
15.56	0.011607707895158173
15.57	0.011578269972677564
15.58	0.011548925535644109
15.59	0.011519674227459895
15.6	0.011490515693114744
15.610000000000001	0.011461449579178164
15.620000000000001	0.011432475533791219
15.63	0.011403593206658678
15.64	0.011374802249040944
15.65	0.011346102313746217
15.66	0.011317493055122663
15.67	0.011288974129050548
15.68	0.011260545192934516
15.69	0.011232205905695857
15.700000000000001	0.011203955927764835
15.71	0.011175794921073038
15.72	0.011147722549045846
15.73	0.01111973847659481
15.74	0.011091842370110216
15.75	0.01106403389745356
15.76	0.011036312727950226
15.77	0.011008678532381995
15.780000000000001	0.010981130982979797
15.790000000000001	0.010953669753416417
15.8	0.010926294518799177
15.81	0.010899004955662796
15.82	0.010871800741962201
15.83	0.010844681557065382
15.84	0.010817647081746321
15.85	0.010790696998177939
15.860000000000001	0.0107638309899251
15.870000000000001	0.01073704874193761
15.88	0.010710349940543335
15.89	0.010683734273441279
15.9	0.010657201429694726
15.91	0.010630751099724459
15.92	0.010604382975301937
15.93	0.01057809674954263
15.94	0.010551892116899251
15.950000000000001	0.010525768773155125
15.96	0.010499726415417559
15.97	0.010473764742111284
15.98	0.010447883452971839
15.99	0.010422082249039124
16.	0.010396360832650905
16.01	0.010370718907436342
16.02	0.010345156178309617
16.03	0.010319672351463567
16.04	0.010294267134363327
16.05	0.010268940235740041
16.06	0.010243691365584616
16.07	0.010218520235141464
16.080000000000002	0.010193426556902332
16.09	0.010168410044600147
16.1	0.010143470413202854
16.11	0.010118607378907374
16.12	0.010093820659133498
16.13	0.010069109972517915
16.14	0.010044475038908164
16.15	0.010019915579356747
16.16	0.009995431316115133
16.17	0.009971021972627904
16.18	0.009946687273526923
16.19	0.00992242694462542
16.2	0.00989824071291231
16.21	0.009874128306546345
16.22	0.009850089454850428
16.23	0.009826123888305865
16.240000000000002	0.009802231338546793
16.25	0.009778411538354436
16.26	0.009754664221651556
16.27	0.00973098912349688
16.28	0.009707385980079532
16.29	0.009683854528713542
16.3	0.009660394507832355
16.31	0.009637005656983371
16.32	0.00961368771682253
16.330000000000002	0.009590440429108914
16.34	0.009567263536699391
16.35	0.009544156783543263
16.36	0.009521119914676994
16.37	0.009498152676218884
16.38	0.009475254815363866
16.39	0.009452426080378272
16.4	0.009429666220594634
16.41	0.009404822671135717
16.42	0.009380051418549995
16.43	0.009355360432573125
16.44	0.0093307494044997
16.45	0.009306218026998358
16.46	0.009281765994104811
16.47	0.00925739300121496
16.48	0.009233098745078001
16.490000000000002	0.009208882923789644
16.5	0.00918474523678526
16.51	0.009160685384833188
16.52	0.009136703070027983
16.53	0.009112797995783755
16.54	0.009088969866827522
16.55	0.009065218389192619
16.56	0.009041543270212133
16.57	0.009017944218512368
16.580000000000002	0.00899442094400637
16.59	0.008970973157887443
16.6	0.008947600572622772
16.61	0.00892430290194702
16.62	0.008901079860855953
16.63	0.008877931165600211
16.64	0.008854856533678943
16.65	0.008831855683833614
16.66	0.00880892833604181
16.67	0.008786074211511034
16.68	0.008763293032672597
16.69	0.008740584523175502
16.7	0.008717948407880384
16.71	0.008695384412853462
16.72	0.008672892265360584
16.73	0.008650471693861192
16.740000000000002	0.008628122428002443
16.75	0.008605844198613294
16.76	0.008583636737698621
16.77	0.00856149977843339
16.78	0.008539433055156892
16.79	0.0085174363033669
16.8	0.008495509259713992
16.81	0.008473651661995815
16.82	0.00845186324915144
16.830000000000002	0.00843014376125566
16.84	0.008408492939513457
16.85	0.00838691052625435
16.86	0.008365396264926892
16.87	0.008343949900093123
16.88	0.008322571177423096
16.89	0.008301259843689414
16.9	0.008280015646761799
16.91	0.00825883833560169
16.92	0.008237727660256891
16.93	0.00821668337185622
16.94	0.008195705222604181
16.95	0.00817479296577573
16.96	0.008153946355710952
16.97	0.008133165147809939
16.98	0.008112449098527468
16.990000000000002	0.008091797965367964
17.	0.008071211506880274
17.01	0.00805068948265259
17.02	0.00803023165330736
17.03	0.008009837780496253
17.04	0.007989507626895109
17.05	0.007969240956198945
17.06	0.007949037533117001
17.07	0.007928897123367779
17.080000000000002	0.007908819493674113
17.09	0.007888804411758342
17.1	0.007868851646337355
17.11	0.007848960967117827
17.12	0.00782913214479137
17.13	0.007809364951029766
17.14	0.007789659158480201
17.150000000000002	0.007770014540760538
17.16	0.0077504308724546
17.17	0.007730907929107485
17.18	0.0077114454872209606
17.19	0.0076920433242487285
17.2	0.007672701218591938
17.21	0.007653418949594529
17.22	0.007634196297538695
17.23	0.007615033043640346
17.240000000000002	0.007595928970044639
17.25	0.007576883859821438
17.26	0.0075578974969608866
17.27	0.007538969666368987
17.28	0.007520100153863163
17.29	0.00750128874616788
17.3	0.0074825352309103015
17.31	0.007463839396615919
17.32	0.007445201032704258
17.330000000000002	0.007426619929484589
17.34	0.007408095878151628
17.35	0.007389628670781321
17.36	0.007371218100326613
17.37	0.007352863960613231
17.38	0.007334566046335525
17.39	0.0073163241530523025
17.400000000000002	0.007298138077182683
17.41	0.007280007616002023
17.42	0.007261932567637772
17.43	0.007243912731065453
17.44	0.00722594790610458
17.45	0.007208037893414674
17.46	0.0071901824944912126
17.47	0.007172381511661687
17.48	0.007154634748081602
17.490000000000002	0.007136942007730586
17.5	0.007119303095408429
17.51	0.007101717816731214
17.52	0.0070841859781274165
17.53	0.007066707386834068
17.54	0.007049281850892901
17.55	0.007031909179146557
17.56	0.007014589181234758
17.57	0.006997321667590585
17.580000000000002	0.006978924811704709
17.59	0.006960092006313607
17.6	0.006941320681932573
17.61	0.0069226106030910225
17.62	0.006903961535353231
17.63	0.006885373245313175
17.64	0.006866845500589413
17.650000000000002	0.006848378069820028
17.66	0.0068299707226575825
17.67	0.006811623229764082
17.68	0.006793335362806012
17.69	0.006775106894449334
17.7	0.00675693759835459
17.71	0.006738827249171958
17.72	0.006720775622536403
17.73	0.006702782495062791
17.740000000000002	0.006684847644341077
17.75	0.0066669708489314975
17.76	0.0066491518883597875
17.77	0.006631390543112445
17.78	0.0066136865946320065
17.79	0.006596039825312323
17.8	0.006578450018493914
17.81	0.006560916958459327
17.82	0.006543440430428478
17.830000000000002	0.006526020220554087
17.84	0.006508656115917111
17.85	0.006491347904522164
17.86	0.006474095375293033
17.87	0.006456898318068162
17.88	0.00643975652359618
17.89	0.006422669783531449
17.900000000000002	0.006405637890429663
17.91	0.0063886606377434145
17.92	0.0063717378198178435
17.93	0.006354869231886295
17.94	0.006338054670065942
17.95	0.006321293931353542
17.96	0.006304586813621104
17.97	0.006287933115611669
17.98	0.006271332636935044
17.990000000000002	0.00625478517806362
18.	0.006238290540328152
18.01	0.006221848525913612
18.02	0.006205458937855036
18.03	0.006189121580033419
18.04	0.006172836257171574
18.05	0.006156602774830108
18.06	0.006140420939403333
18.07	0.006124290558115222
18.080000000000002	0.0061082114390154495
18.09	0.00609218339097534
18.1	0.006076206223683927
18.11	0.0060602797476440136
18.12	0.00604440377416823
18.13	0.006028578115375133
18.14	0.006012802584185339
18.150000000000002	0.005997076994317623
18.16	0.005981401160285113
18.17	0.0059657748973914486
18.18	0.005950198021726985
18.19	0.0059346703501650016
18.2	0.005919191700357969
18.21	0.005903761890733778
18.22	0.005888380740492024
18.23	0.005873048069600313
18.240000000000002	0.005857763698790598
18.25	0.005842527449555479
18.26	0.005827339144144588
18.27	0.00581219860556096
18.28	0.0057971056575574255
18.29	0.0057820601246330264
18.3	0.005767061832029468
18.31	0.00575211060572754
18.32	0.005737206272443629
18.330000000000002	0.0057223486596261735
18.34	0.0057075375954521975
18.35	0.005692772908823832
18.36	0.0056780544293648615
18.37	0.005663381987417286
18.38	0.0056487554140379126
18.39	0.00563417454099495
18.400000000000002	0.005619639200764641
18.41	0.0056051492265278766
18.42	0.0055907044521668735
18.43	0.005576304712261831
18.44	0.00556194984208764
18.45	0.005547639677610584
18.46	0.005533374055485039
18.47	0.005519152813050269
18.48	0.0055049757883271246
18.490000000000002	0.005490842820014881
18.5	0.005476753747487977
18.51	0.005462708410792867
18.52	0.005448706650644824
18.53	0.005434748308424788
18.54	0.005420833226176254
18.55	0.005406961246602098
18.56	0.005393132213061522
18.57	0.005379345969566922
18.580000000000002	0.0053656023607808415
18.59	0.005351901232012919
18.6	0.005338242429216816
18.61	0.005324625798987211
18.62	0.005311051188556796
18.63	0.005297518445793274
18.64	0.005284027419196369
18.650000000000002	0.005270577957894876
18.66	0.0052571699116437266
18.67	0.005243803130821026
18.68	0.005230477466425168
18.69	0.005217192770071896
18.7	0.005203948893991463
18.71	0.005190745691025719
18.72	0.0051775830146252744
18.73	0.005164460718846655
18.740000000000002	0.005151378658349485
18.75	0.0051383366883936505
18.76	0.005125334664836525
18.77	0.005112372444130177
18.78	0.005099449883318599
18.79	0.005086566840034965
18.8	0.005073723172498867
18.81	0.00506091873951362
18.82	0.0050481534004635275
18.830000000000002	0.005035395872436362
18.84	0.005021396692651597
18.85	0.005007443830390141
18.86	0.0049935371079565605
18.87	0.004979676348430856
18.88	0.004965861375664661
18.89	0.0049520920142774654
18.900000000000002	0.004938368089652868
18.91	0.004924689427934842
18.92	0.004911055856024029
18.93	0.004897467201574047
18.94	0.004883923292987817
18.95	0.00487042395941391
18.96	0.004856969030742926
18.97	0.004843558337603879
18.98	0.004830191711360588
18.990000000000002	0.00481686898410813
19.	0.004803589988669263
19.01	0.004790354558590913
19.02	0.004777162528140647
19.03	0.004764013732303172
19.04	0.004750908006776863
19.05	0.004737845187970306
19.06	0.004724825112998861
19.07	0.004711847619681219
19.080000000000002	0.0046989125465360295
19.09	0.004686019732778486
19.1	0.004673169018316982
19.11	0.004660360243749741
19.12	0.004647593250361505
19.13	0.00463486788012021
19.14	0.004622183975673675
19.150000000000002	0.00460954138034636
19.16	0.004596939938136079
19.17	0.004584379493710762
19.18	0.004571859892405232
19.19	0.004559380980217988
19.2	0.004546942603808029
19.21	0.004534544610491663
19.22	0.004522186848239359
19.23	0.004509869165672593
19.240000000000002	0.004497591412060755
19.25	0.004485353437318001
19.26	0.004473155092000181
19.27	0.0044609962273017825
19.28	0.004448876695052834
19.29	0.004436796347715886
19.3	0.004424755038382988
19.31	0.00441275262077266
19.32	0.004400788949226926
19.330000000000002	0.004388863878708309
19.34	0.004376977264796875
19.35	0.004365128963687305
19.36	0.004353318832185937
19.37	0.0043415467277078635
19.38	0.004329812508274031
19.39	0.004318116032508357
19.400000000000002	0.004306457159634852
19.41	0.004294835749474769
19.42	0.004283251662443777
19.43	0.004271704759549105
19.44	0.004260194902386756
19.45	0.004248721953138717
19.46	0.004237285774570154
19.47	0.004225886230026672
19.48	0.0042145231834315455
19.490000000000002	0.004203196499282991
19.5	0.004191906042651438
19.51	0.004180651679176832
19.52	0.004169433275065924
19.53	0.004158250697089607
19.54	0.004147103812580243
19.55	0.004135992489429005
19.56	0.004124916596083252
19.57	0.004113876001543887
19.580000000000002	0.00410287057536277
19.59	0.004091900187640106
19.6	0.0040809647090218545
19.61	0.004070064010697181
19.62	0.004059197964395885
19.63	0.004048366442385862
19.64	0.0040375693174705615
19.650000000000002	0.004026806462986501
19.66	0.004016077752800727
19.67	0.004005383061308347
19.68	0.003994722263430039
19.69	0.003984095234609605
19.7	0.0039735018508115
19.71	0.003962941988518391
19.72	0.003952415524728749
19.73	0.003941922336954426
19.740000000000002	0.003931462303218254
19.75	0.003921035302051646
19.76	0.003910641212492234
19.77	0.0039002799140814962
19.78	0.0038899512868624192
19.79	0.0038796552113771294
19.8	0.0038693915686645866
19.81	0.0038591602402582763
19.82	0.0038489611081838782
19.830000000000002	0.003838794054956995
19.84	0.0038286589635808713
19.85	0.003818555717544108
19.86	0.0038084842008184352
19.87	0.0037984442978564355
19.88	0.0037884358935893294
19.89	0.0037784588734247554
19.900000000000002	0.003768513123244546
19.91	0.0037585985294025324
19.92	0.0037487149787223655
19.93	0.0037388623584953384
19.94	0.0037290405564781998
19.95	0.0037192494608910276
19.96	0.0037094889604150708
19.97	0.0036997589441906203
19.98	0.003690059301814879
19.990000000000002	0.003680389923339876
20.	0.0036707506992703235
20.01	0.003661141520561578
20.02	0.0036515622786175263
20.03	0.0036420128652885357
20.04	0.0036324931728693765
20.05	0.003623003094097204
20.06	0.0036135425221495037
20.07	0.003604111350642059
20.080000000000002	0.003594709473626958
20.09	0.0035853367855905706
20.1	0.0035759931814515543
20.11	0.0035666785565588786
20.12	0.0035573928066898446
20.13	0.003548135828048122
20.14	0.0035389075172617794
20.150000000000002	0.003529707771381369
20.16	0.003520536487877971
20.17	0.003511393564641268
20.18	0.0035019765451131412
20.19	0.0034920405903097595
20.2	0.0034821377252995897
20.21	0.003472267823584082
20.22	0.003462430759210524
20.23	0.003452626406769424
20.240000000000002	0.0034428546413918897
20.25	0.003433115338747041
20.26	0.0034234083750394224
20.27	0.003413733627006445
20.28	0.0034040909719158115
20.29	0.003394480287562998
20.3	0.003384901452268704
20.31	0.0033753543448763568
20.32	0.003365838844749608
20.330000000000002	0.0033563548317698234
20.34	0.0033469021863336327
20.35	0.0033374807893504646
20.36	0.00332809052224008
20.37	0.003318731266930153
20.38	0.003309402905853842
20.39	0.003300105321947383
20.400000000000002	0.003290838398647679
20.41	0.003281602019889937
20.42	0.0032723960701052626
20.43	0.003263220434218338
20.44	0.003254074997645043
20.45	0.0032449596462901372
20.46	0.003235874266544924
20.47	0.0032268187452849538
20.48	0.0032177929698677128
20.490000000000002	0.0032087968281303367
20.5	0.0031998302083873463
20.51	0.00319089299942837
20.52	0.0031819850905159064
20.53	0.0031731063713830647
20.54	0.003164256732231367
20.55	0.0031554360637284975
20.56	0.0031466442570061265
20.57	0.003137881203657696
20.580000000000002	0.0031291467957362496
20.59	0.0031204409257522686
20.6	0.0031117634866714874
20.61	0.0031031143719127733
20.62	0.003094493475345974
20.63	0.003085900691289799
20.64	0.0030773359145096933
20.650000000000002	0.0030687990402157492
20.66	0.003060289964060608
20.67	0.0030518085821373726
20.68	0.0030433547909775346
20.69	0.003034928487548937
20.7	0.003026529569253691
20.71	0.0030181579339261574
20.72	0.0030098134798309164
20.73	0.0030014961056607408
20.740000000000002	0.0029932057105346065
20.75	0.002984942193995671
20.76	0.002976705456009301
20.77	0.0029684953969611014
20.78	0.0029603119176549292
20.79	0.0029521549193109605
20.8	0.002944024303563718
20.81	0.0029359199724601675
20.82	0.002927841828457756
20.830000000000002	0.002919789774422527
20.84	0.00291176371362719
20.85	0.0029037635497492337
20.86	0.0028957891868690486
20.87	0.002887840529468032
20.88	0.0028799174824267284
20.89	0.002872019951022979
20.900000000000002	0.0028641478409300604
20.91	0.0028563010582148495
20.92	0.002848479509336
20.93	0.0028406831011421178
20.94	0.0028329117408699496
20.95	0.002825165336142578
20.96	0.002817443794967638
20.97	0.0028097470257355305
20.98	0.0028020749372176415
20.990000000000002	0.0027944274385645813
21.	0.002786804439304433
21.01	0.002779205849341004
21.02	0.002771631578952082
21.03	0.002764081538787708
21.04	0.002756555639868463
21.05	0.002749053793583743
21.06	0.00274157591169007
21.07	0.0027341219063093864
21.080000000000002	0.002726691689927379
21.09	0.0027192851753917923
21.1	0.0027119022759107686
21.11	0.0027045429050511762
21.12	0.0026972069767369797
21.13	0.0026898944052475694
21.14	0.0026826051052161407
21.150000000000002	0.0026753389916280693
21.16	0.002668095979819291
21.17	0.0026608759854746867
21.18	0.0026536789246264856
21.19	0.0026465047136526626
21.2	0.002639353269275368
21.21	0.0026322245085593356
21.22	0.002625118348910316
21.23	0.002618034708073518
21.240000000000002	0.0026109735041320585
21.25	0.0026039346555053987
21.26	0.002596918080947823
21.27	0.0025899236995469066
21.28	0.0025829514307219798
21.29	0.002576001194222629
21.3	0.0025690729101271745
21.31	0.0025621664988411835
21.32	0.002555281881095969
21.330000000000002	0.0025484189779471033
21.34	0.0025415777107729467
21.35	0.0025347580012731762
21.36	0.00252795977146732
21.37	0.0025211829436932983
21.38	0.002514427440605988
21.39	0.002507693185175767
21.400000000000002	0.0025009801006870926
21.41	0.0024942881107370626
21.42	0.0024876171392340073
21.43	0.0024809671103960757
21.44	0.002474337948749822
21.45	0.002467729579128813
21.46	0.002461141926672239
21.47	0.0024545749168235296
21.48	0.002448028475328969
21.490000000000002	0.002441502528236332
21.5	0.002434997001893523
21.51	0.0024285118229472095
21.52	0.0024220469183414807
21.53	0.002415602215316497
21.54	0.0024091776414071663
21.55	0.0024027731244417967
21.56	0.0023963885925407853
21.57	0.0023900239741152943
21.580000000000002	0.0023836791978659485
21.59	0.0023773541927815263
21.6	0.0023710488881376595
21.61	0.0023647632134955504
21.62	0.0023584695116884856
21.63	0.0023517127855160595
21.64	0.0023449785261796673
21.650000000000002	0.002338266648644329
21.66	0.002331577068235975
21.67	0.0023249097006397498
21.68	0.002318264461898324
21.69	0.0023116412684102234
21.7	0.0023050400369281398
21.71	0.0022984606845572837
21.72	0.002291903128753724
21.73	0.0022853672873227367
21.740000000000002	0.0022788530784171863
21.75	0.0022723604205358767
21.76	0.0022658892325219354
21.77	0.0022594394335612128
21.78	0.0022530109431806696
21.79	0.0022466036812467745
21.8	0.0022402175679639316
21.81	0.002233852523872896
21.82	0.0022275084698491964
21.830000000000002	0.002221185327101576
21.84	0.0022148830171704456
21.85	0.0022086014619263194
21.86	0.002202340583568291
21.87	0.0021961003046224972
21.88	0.0021898805479405896
21.89	0.002183681236698232
21.900000000000002	0.0021775022943935755
21.91	0.0021713436448457723
21.92	0.0021652052121934736
21.93	0.0021590869208933544
21.94	0.0021529886957186253
21.95	0.0021469104617575677
21.96	0.0021408521444120786
21.97	0.002134813669396202
21.98	0.0021287949627346917
21.990000000000002	0.002122795950761566
22.	0.0021168165601186755
22.01	0.0021108567177542843
22.02	0.0021049163509216443
22.03	0.0020989953871775814
22.04	0.0020930937543811043
22.05	0.0020872113806919947
22.06	0.002081348194569423
22.07	0.002075504124770566
22.080000000000002	0.002069679100349236
22.09	0.0020638730506545005
22.1	0.0020580859053293274
22.11	0.002052317594309235
22.12	0.002046568047820937
22.13	0.002040837196380998
22.14	0.00203512497079451
22.150000000000002	0.0020294313021537555
22.16	0.002023756121836897
22.17	0.002018099361506649
22.18	0.0020124609531089787
22.19	0.0020068408288718086
22.2	0.00200123892130371
22.21	0.0019956551631926268
22.22	0.0019900894876045865
22.23	0.0019845418278824326
22.240000000000002	0.0019790121176445482
22.25	0.0019735002907835973
22.26	0.0019680062814652725
22.27	0.0019625300241270308
22.28	0.0019570714534768753
22.29	0.0019516305044920959
22.3	0.001946207112418049
22.31	0.0019408012127669302
22.32	0.0019354127413165564
22.330000000000002	0.001930041634109152
22.34	0.0019246878274501462
22.35	0.0019193512579069698
22.36	0.0019140318623078578
22.37	0.0019087295777406679
22.38	0.0019034443415516947
22.39	0.0018981760913444952
22.400000000000002	0.001892924764978712
22.41	0.001887690300568914
22.42	0.0018824726364834396
22.43	0.0018772717113432378
22.44	0.0018720874640207274
22.45	0.001866919833638644
22.46	0.0018617687595689203
22.47	0.0018566341814315413
22.48	0.001851516039093425
22.490000000000002	0.0018464142726673076
22.5	0.001841328822510624
22.51	0.0018362596292243979
22.52	0.0018312066336521509
22.53	0.0018261697768787912
22.54	0.0018211490002295323
22.55	0.0018161442452688018
22.56	0.0018111554537991608
22.57	0.001806182567860231
22.580000000000002	0.0018012255297276249
22.59	0.0017962842819118764
22.6	0.0017913587671573882
22.61	0.0017864489284413704
22.62	0.0017815547089727935
22.63	0.0017766760521913515
22.64	0.0017718129017664128
22.650000000000002	0.0017669652015959944
22.66	0.0017621328958057295
22.67	0.0017573159287478418
22.68	0.001752514245000136
22.69	0.0017477277893649754
22.7	0.001742956506868279
22.71	0.0017382003427585128
22.72	0.0017334592425056992
22.73	0.001728733151800419
22.740000000000002	0.0017240220165528203
22.75	0.001719325782891642
22.76	0.0017146443971632226
22.77	0.0017099778059305431
22.78	0.0017053259559722412
22.79	0.0017006887942816618
22.8	0.00169606626806588
22.81	0.0016914583247447657
22.82	0.0016868649119500167
22.830000000000002	0.0016822859775242197
22.84	0.0016777214695199104
22.85	0.0016731713361986353
22.86	0.001668635526030022
22.87	0.0016641139876908426
22.88	0.0016596066700641063
22.89	0.0016551135222381299
22.900000000000002	0.0016506344935056257
22.91	0.001646169533362792
22.92	0.001641718591508415
22.93	0.001637281617842959
22.94	0.001632858562467673
22.95	0.0016284493756837037
22.96	0.0016240540079912019
22.97	0.0016196724100884438
22.98	0.0016153045328709465
22.990000000000002	0.001610950327430601
23.	0.0016066097450548017
23.01	0.0016022827372255714
23.02	0.001597969255618705
23.03	0.0015936692521029152
23.04	0.0015893826787389792
23.05	0.0015851094877788795
23.06	0.0015808496316649684
23.07	0.0015766030630291247
23.080000000000002	0.0015723697346919125
23.09	0.0015681495996617602
23.1	0.001563942611134111
23.11	0.0015597487224906198
23.12	0.0015555678872983235
23.13	0.0015514000593088125
23.14	0.0015472451924574391
23.150000000000002	0.0015431032408624926
23.16	0.0015389741588244044
23.17	0.00153478283502597
23.18	0.0015305067367686175
23.19	0.0015262443888958712
23.2	0.0015219957412905987
23.21	0.0015177607440398184
23.22	0.0015135393474337907
23.23	0.0015093315019650947
23.240000000000002	0.001505137158327722
23.25	0.0015009562674161633
23.26	0.0014967887803245248
23.27	0.0014926346483456103
23.28	0.0014884938229700435
23.29	0.0014843662558853767
23.3	0.0014802518989752032
23.31	0.0014761507043182837
23.32	0.0014720626241876672
23.330000000000002	0.0014679876110498219
23.34	0.0014639256175637727
23.35	0.001459876596580232
23.36	0.0014558405011407469
23.37	0.0014518172844768412
23.38	0.001447806900009174
23.39	0.0014438093013466862
23.400000000000002	0.0014398244422857626
23.41	0.001435852276809398
23.42	0.0014318927590863525
23.43	0.0014279458434703423
23.44	0.001424011484499198
23.45	0.0014200896368940469
23.46	0.0014161802555585064
23.47	0.0014122832955778574
23.48	0.0014083987122182446
23.490000000000002	0.001404526460925867
23.5	0.0014006664973261825
23.51	0.0013968187772231038
23.52	0.0013929832565982077
23.53	0.0013891598916099509
23.54	0.0013853486385928778
23.55	0.0013815494540568387
23.56	0.0013777622946862195
23.57	0.0013739871173391585
23.580000000000002	0.0013702238790467831
23.59	0.0013664725370124402
23.6	0.0013627330486109324
23.61	0.0013590053713877582
23.62	0.0013552894630583635
23.63	0.0013515852815073803
23.64	0.0013478927847878827
23.650000000000002	0.0013442119311206455
23.66	0.0013405426788933989
23.67	0.0013368849866600924
23.68	0.0013332388131401566
23.69	0.0013296041172177878
23.7	0.0013259808579412
23.71	0.0013223689945219203
23.72	0.0013187684863340565
23.73	0.0013151792929135889
23.740000000000002	0.0013116013739576534
23.75	0.0013080346893238328
23.76	0.001304479199029452
23.77	0.001300934863250875
23.78	0.0012974016423228062
23.79	0.00129387949673759
23.8	0.0012903683871445264
23.81	0.0012868682743491782
23.82	0.001283379119312682
23.830000000000002	0.0012799008831510686
23.84	0.0012764335271345853
23.85	0.0012729770126870172
23.86	0.0012695313013850191
23.87	0.0012660963549574367
23.88	0.0012626721352846503
23.89	0.0012592586043979083
23.900000000000002	0.0012558557244786623
23.91	0.0012524634578579199
23.92	0.0012490817670155817
23.93	0.0012457106145797984
23.94	0.001242349963326316
23.95	0.0012389997761778403
23.96	0.0012356600162033889
23.97	0.0012323306466176542
23.98	0.001229011630780371
23.990000000000002	0.0012257029321956817
24.	0.0012224045145115107
24.01	0.0012191163415189317
24.02	0.0012158383771515553
24.03	0.0012125705854848967
24.04	0.0012093129307357677
24.05	0.0012060653772616602
24.060000000000002	0.0012028278895601318
24.07	0.0011996004322682012
24.080000000000002	0.001196382970161743
24.09	0.0011931754681548806
24.1	0.0011899778912993894
24.11	0.0011867902047841032
24.12	0.0011836123739343155
24.13	0.0011804443642111865
24.14	0.0011772861412111641
24.150000000000002	0.0011741376706653867
24.16	0.0011709989184391092
24.17	0.0011678698505311193
24.18	0.0011647504330731565
24.19	0.0011616406323293497
24.2	0.0011585404146956279
24.21	0.0011554497466991658
24.22	0.0011523685949978095
24.23	0.0011492969263795186
24.240000000000002	0.0011462347077617957
24.25	0.0011431819061911395
24.26	0.0011401384888424764
24.27	0.0011371044230186218
24.28	0.0011340796761497157
24.29	0.0011310642157926838
24.3	0.0011280580096306872
24.310000000000002	0.0011250610254725844
24.32	0.0011220732312523837
24.330000000000002	0.0011190945950287098
24.34	0.0011161250849842748
24.35	0.0011131646694253303
24.36	0.0011102133167811537
24.37	0.0011072709956035055
24.38	0.0011043376745661175
24.39	0.0011014133224641611
24.400000000000002	0.0010984979082137307
24.41	0.0010955914008513228
24.42	0.0010926937695333238
24.43	0.0010898049835354972
24.44	0.0010869250122524693
24.45	0.0010840538251972252
24.46	0.0010811913920005995
24.47	0.0010783376824107754
24.48	0.0010754926662927824
24.490000000000002	0.0010726563136279942
24.5	0.0010698285945136418
24.51	0.001067009479162309
24.52	0.0010641989379014428
24.53	0.0010613969411728728
24.54	0.0010586034595323104
24.55	0.0010558184636488726
24.560000000000002	0.001053041924304597
24.57	0.0010502738123939616
24.580000000000002	0.0010475140989234075
24.59	0.0010447627550108601
24.6	0.0010420197518852565
24.61	0.0010392850608860764
24.62	0.0010365586534628692
24.63	0.0010338405011747892
24.64	0.001031130575690129
24.650000000000002	0.0010284288487858596
24.66	0.0010257352923471632
24.67	0.0010230498783669825
24.68	0.0010203725789455608
24.69	0.001017703366289982
24.7	0.001015042212713732
24.71	0.0010123890906362349
24.72	0.00100974397258241
24.73	0.0010071068311822311
24.740000000000002	0.0010044776391702735
24.75	0.001001856369385277
24.76	0.0009992429947697074
24.77	0.0009966374883693164
24.78	0.0009940398233327043
24.79	0.0009914499729108902
24.8	0.0009888679104568786
24.810000000000002	0.000986293609425229
24.82	0.0009837270433716266
24.830000000000002	0.0009812433101552655
24.84	0.000978791319207366
24.85	0.0009763464386633754
24.86	0.0009739086450553
24.87	0.000971477915001997
24.88	0.0009690542252088239
24.89	0.0009666375524672757
24.900000000000002	0.0009642278736546338
24.91	0.000961825165733621
24.92	0.0009594294057520427
24.93	0.0009570405708424463
24.94	0.000954658638221767
24.95	0.0009522835851909907
24.96	0.0009499153891348055
24.97	0.0009475540275212593
24.98	0.000945199477901422
24.990000000000002	0.0009428517179090445
25.	0.000940510725260223
25.01	0.0009381764777530624
25.02	0.0009358489532673403
25.03	0.0009335281297641738
25.04	0.0009312139852856947
25.05	0.0009289064979547098
25.060000000000002	0.0009266056459743794
25.07	0.0009243114076278875
25.080000000000002	0.000922023761278116
25.09	0.0009197426853673222
25.1	0.0009174681584168134
25.11	0.000915200159026631
25.12	0.0009129386658752232
25.13	0.0009106836577191332
25.14	0.00090843511339268
25.150000000000002	0.0009061930118076407
25.16	0.000903957331952941
25.17	0.0009017280528943369
25.18	0.0008995051537741067
25.19	0.0008972886138107443
25.2	0.0008950784122986409
25.21	0.0008928745286077887
25.22	0.0008906769421834685
25.23	0.0008884856325459456
25.240000000000002	0.00088630057929017
25.25	0.0008841217620854721
25.26	0.0008819491606752611
25.27	0.0008797827548767299
25.28	0.0008776225245805539
25.29	0.000875468449750596
25.3	0.0008733205104236091
25.310000000000002	0.0008711786867089466
25.32	0.000869042958788268
25.330000000000002	0.0008669133069152431
25.34	0.0008647897114152707
25.35	0.0008626721526851816
25.36	0.0008605606111929573
25.37	0.0008584550674774397
25.38	0.0008563555021480495
25.39	0.0008542618958844988
25.400000000000002	0.0008521742294365133
25.41	0.0008500924836235473
25.42	0.0008480166393345056
25.43	0.0008459466775274647
25.44	0.0008438825792293954
25.45	0.0008418243255358844
25.46	0.000839771897610866
25.47	0.0008377252766863392
25.48	0.0008356844440621015
25.490000000000002	0.0008336493811054739
25.5	0.0008316200692510357
25.51	0.0008295964900003485
25.52	0.0008275786249216946
25.53	0.0008255664556498069
25.54	0.0008235599638856049
25.55	0.000821559131395928
25.560000000000002	0.0008195639400132774
25.57	0.0008175743716355473
25.580000000000002	0.0008155904082257716
25.59	0.0008136120318118564
25.6	0.0008116392244863277
25.61	0.0008096719684060705
25.62	0.0008077102457920734
25.63	0.0008057540389291753
25.64	0.0008038033301658063
25.650000000000002	0.0008018581019137411
25.66	0.0007999183366478425
25.67	0.0007979840169058114
25.68	0.0007960551252879401
25.69	0.0007941316444568592
25.7	0.0007922135571372936
25.71	0.0007903008461158131
25.72	0.0007883934942405914
25.73	0.000786491484421158
25.740000000000002	0.0007845947996281558
25.75	0.0007827034228930997
25.76	0.0007808173373081343
25.77	0.0007789365260257957
25.78	0.0007770609722587723
25.79	0.0007751906592796633
25.8	0.0007733255704207469
25.810000000000002	0.0007714656890737401
25.82	0.0007696109986895665
25.830000000000002	0.0007677614827781216
25.84	0.000765917124908038
25.85	0.0007640779087064595
25.86	0.0007622438178588024
25.87	0.0007604148361085299
25.88	0.0007585909472569255
25.89	0.0007567721351628593
25.900000000000002	0.0007549583837425648
25.91	0.0007531496769694137
25.92	0.0007513459988736893
25.93	0.0007495473335423625
25.94	0.0007477536651188686
25.95	0.0007459649778028872
25.96	0.0007441812558501204
25.97	0.0007424024835720698
25.98	0.0007406286453358226
25.990000000000002	0.0007388597255638272
26.	0.0007370957087336833
26.01	0.0007353365793779181
26.02	0.0007335823220837755
26.03	0.0007318329214930003
26.04	0.0007300883623016265
26.05	0.0007283486292597605
26.060000000000002	0.000726613707171372
26.07	0.0007248835808940846
26.080000000000002	0.0007231582353389631
26.09	0.0007214376554703059
26.1	0.0007197218263054375
26.11	0.0007180107329144982
26.12	0.0007163043604202426
26.13	0.0007146026939978294
26.14	0.0007129057188746216
26.150000000000002	0.0007112134203299781
26.16	0.0007095257836950534
26.17	0.000707842794352596
26.18	0.0007061644377367457
26.19	0.000704490699332835
26.2	0.0007028215646771895
26.21	0.000701157019356926
26.22	0.000699497049009761
26.23	0.0006978416393238098
26.240000000000002	0.0006961907760373907
26.25	0.0006945444449388307
26.26	0.0006929026318662706
26.27	0.0006912653227074721
26.28	0.0006896325033996257
26.29	0.0006880041599291571
26.3	0.0006863802783315375
26.310000000000002	0.0006847608446910931
26.32	0.0006831458451408164
26.330000000000002	0.0006815352658621737
26.34	0.000679929093084926
26.35	0.0006783273130869312
26.36	0.000676729912193966
26.37	0.0006751368767795366
26.38	0.0006735481932646967
26.39	0.0006719638481178603
26.400000000000002	0.00067038382785462
26.41	0.0006688081190375679
26.42	0.0006672367082761093
26.43	0.0006656695822262849
26.44	0.0006641067275905885
26.45	0.000662548131117792
26.46	0.0006609937796027617
26.47	0.0006594436598862848
26.48	0.0006578977588548895
26.490000000000002	0.0006563560634406704
26.5	0.0006548185606211144
26.51	0.0006532852374189214
26.52	0.0006517560809018355
26.53	0.0006502310781824695
26.54	0.0006487102164181312
26.55	0.0006471934828106527
26.560000000000002	0.0006456808646062214
26.57	0.0006441723490952061
26.580000000000002	0.0006426679236119885
26.59	0.0006411675755347985
26.6	0.0006397663195602056
26.61	0.0006386948441597106
26.62	0.0006376255648298825
26.63	0.0006365584762472714
26.64	0.0006354935731033235
26.650000000000002	0.0006344308501043354
26.66	0.0006333703019714045
26.67	0.0006323119234403845
26.68	0.0006312557092618377
26.69	0.0006302016542009875
26.7	0.000629149753037675
26.71	0.0006281000005663084
26.72	0.0006270523915958192
26.73	0.0006260069209496185
26.740000000000002	0.0006249635834655457
26.75	0.0006239223739958295
26.76	0.0006228832874070363
26.77	0.0006218463185800287
26.78	0.0006208114624099206
26.79	0.0006197787138060283
26.8	0.0006187480676918304
26.810000000000002	0.0006177195190049208
26.82	0.0006166930626969637
26.830000000000002	0.0006156686937336518
26.84	0.0006146464070946576
26.85	0.0006136261977735953
26.86	0.000612608060777972
26.87	0.0006115919911291467
26.88	0.000610577983862284
26.89	0.0006095660340263152
26.900000000000002	0.0006085561366838901
26.91	0.0006075482869113371
26.92	0.0006065424797986201
26.93	0.0006055387104492931
26.94	0.0006045369739804609
26.95	0.0006035372655227341
26.96	0.000602539580220189
26.97	0.0006015439132303222
26.98	0.0006005502597240108
26.990000000000002	0.0005995586148854714
27.	0.0005985689739122169
27.01	0.0005975813320150139
27.02	0.0005965956844178427
27.03	0.0005956120263578567
27.04	0.0005946303530853384
27.05	0.0005936506598636607
27.060000000000002	0.0005926729419692474
27.07	0.0005916971946915276
27.080000000000002	0.0005907234133328991
27.09	0.0005897515932086879
27.1	0.0005887817296471047
27.11	0.0005878138179892076
27.12	0.0005868478535888622
27.13	0.0005858838318127001
27.14	0.0005849217480400785
27.150000000000002	0.0005839615976630439
27.16	0.0005830033760862892
27.17	0.0005820470787271164
27.18	0.0005810927010153952
27.19	0.0005801402383935278
27.2	0.0005791896863164054
27.21	0.0005782410402513722
27.22	0.0005772942956781863
27.23	0.0005763494480889815
27.240000000000002	0.000575406492988227
27.25	0.0005744654258926909
27.26	0.0005735262423314011
27.27	0.0005725889378456094
27.28	0.0005716535079887507
27.29	0.000570719948326406
27.3	0.0005697882544362676
27.310000000000002	0.0005688584219080963
27.32	0.00056793044634369
27.330000000000002	0.000567004323356841
27.34	0.0005660800485733047
27.35	0.0005651576176307549
27.36	0.0005642370261787558
27.37	0.0005633182698787184
27.38	0.000562401344403868
27.39	0.0005614862454392038
27.400000000000002	0.000560572968681468
27.41	0.0005596615098391042
27.42	0.000558751864632226
27.43	0.0005578440287925756
27.44	0.0005569379980634935
27.45	0.0005560337681998802
27.46	0.000555131334968159
27.47	0.0005542306941462443
27.48	0.0005533318415235031
27.490000000000002	0.0005524347729007217
27.5	0.000551539484090069
27.51	0.0005506459709150624
27.52	0.0005497542292105344
27.53	0.0005488642548225942
27.54	0.0005479760436085959
27.55	0.0005470895914371045
27.560000000000002	0.0005462048941878585
27.57	0.0005453219477517387
27.580000000000002	0.0005444407480307328
27.59	0.0005435612909379003
27.6	0.0005426835723973409
27.61	0.0005418075883441591
27.62	0.00054093333472443
27.63	0.0005400608074951675
27.64	0.00053919000262429
27.650000000000002	0.0005383209160905861
27.66	0.0005374535438836839
27.67	0.0005365878820040141
27.68	0.0005357239264627803
27.69	0.0005348616732819258
27.7	0.000534001118494099
27.71	0.0005331422581426214
27.72	0.0005322850882814556
27.73	0.0005314296049751728
27.740000000000002	0.0005305758042989213
27.75	0.0005297236823383915
27.76	0.0005288732351897867
27.77	0.0005280244589597896
27.78	0.0005271773497655312
27.79	0.0005263319037345571
27.8	0.0005254881170047997
27.810000000000002	0.0005246459857245427
27.82	0.0005238055060523914
27.830000000000002	0.0005229666741572406
27.84	0.0005221294862182451
27.85	0.0005212939384247866
27.86	0.000520460026976443
27.87	0.0005196277480829594
27.88	0.0005187970979642141
27.89	0.0005179680728501903
27.900000000000002	0.0005171406689809443
27.91	0.0005163148826065762
27.92	0.0005154907099871971
27.93	0.0005146681473929027
27.94	0.0005138471911037385
27.95	0.0005130278374096733
27.96	0.0005122100826105678
27.97	0.0005113939230161438
27.98	0.0005105793549459568
27.990000000000002	0.000509766374729363
28.	0.0005089549787054936
28.01	0.0005081451632232218
28.02	0.0005073369246411362
28.03	0.0005065302593275091
28.04	0.0005057251636602677
28.05	0.000504921634026968
28.060000000000002	0.000504119666824761
28.07	0.0005033192584603681
28.080000000000002	0.0005025204053500492
28.09	0.0005017231039195769
28.1	0.0005009273506042029
28.11	0.0005001331418486373
28.12	0.0004993404741070119
28.13	0.0004985493438428578
28.14	0.0004977597475290731
28.150000000000002	0.0004969716816479005
28.16	0.0004961851426908906
28.17	0.0004954001271588815
28.18	0.0004946166315619689
28.19	0.000493834652419475
28.2	0.0004930541862599264
28.21	0.0004922752296210212
28.22	0.0004914977790496062
28.23	0.0004907218311016454
28.240000000000002	0.0004899473823421957
28.25	0.0004891744293453778
28.26	0.0004884029686943499
28.27	0.00048763299698128073
28.28	0.00048686451080732395
28.29	0.0004860975067825869
28.3	0.0004853319815261088
28.310000000000002	0.0004845679316658324
28.32	0.0004838053538385753
28.330000000000002	0.0004830442446900065
28.34	0.0004822846008746185
28.35	0.0004815264190557012
28.36	0.0004807696959053156
28.37	0.00048001442810426765
28.38	0.00047926061234208314
28.39	0.0004785082453169788
28.400000000000002	0.00047775732373584064
28.41	0.00047700784431419494
28.42	0.0004762598037761849
28.43	0.00047551319885454166
28.44	0.00047798336751931166
28.45	0.000483074217362199
28.46	0.0004882174705038421
28.47	0.0004934136476662695
28.48	0.0004986632745601627
28.490000000000002	0.0005039668819308689
28.5	0.0005093250056048312