0.01	3.297429656067817
0.02	2.119600577703288
0.03	1.7138701919847144
0.04	1.506477229471533
0.05	1.3796419283460586
0.06	1.2935558329435741
0.07	1.2347245868735122
0.08	1.1904567868456708
0.09	1.1554222320342715
0.1	1.1265850347549191
0.11	1.1019320980757616
0.12	1.0824937744390235
0.13	1.0655362351023103
0.14	1.0510922908074791
0.15	1.037919123667766
0.16	1.0258502889872372
0.17	1.0146704102307906
0.18	1.0043008750214228
0.19	0.9945896850768006
0.2	0.9853599823893406
0.21	0.9766424253183607
0.22	0.9683948991737609
0.23	0.9599945444650242
0.24	0.9520200527631252
0.25	0.9444333908774921
0.26	0.9367396507814745
0.27	0.9292493574953543
0.28	0.922088170534139
0.29	0.9152242433779134
0.3	0.9082147865686537
0.31	0.9014862659397499
0.32	0.8950188886684265
0.33	0.8887948207692056
0.34	0.8822845627738887
0.35000000000000003	0.8758134306933122
0.36	0.8695700873607478
0.37	0.8635405129007713
0.38	0.8577119001042968
0.39	0.8516426740393048
0.4	0.8456561077814712
0.41000000000000003	0.8398579117816335
0.42	0.8342377766483692
0.43	0.8287861858181929
0.44	0.8234149174324285
0.45	0.8176689537570002
0.46	0.812088071530938
0.47000000000000003	0.8066640909055477
0.48	0.8013894005147033
0.49	0.7962569070923023
0.5	0.7912599904799017
0.51	0.7860993928593577
0.52	0.7809014818433715
0.53	0.7758359803347881
0.54	0.7708971109444209
0.55	0.7660794494443026
0.56	0.7613778972226585
0.5700000000000001	0.7567876563355049
0.58	0.7522220666046808
0.59	0.7473550397017014
0.6	0.7426005177331033
0.61	0.7379540890229183
0.62	0.7334115836070709
0.63	0.7289690563453259
0.64	0.7246227714598462
0.65	0.7203691883596612
0.66	0.716204948626143
0.67	0.7119186208134737
0.68	0.707582659674314
0.6900000000000001	0.7033358330773737
0.7000000000000001	0.6991750561864092
0.71	0.6950973930494585
0.72	0.6911000474369243
0.73	0.6871803543617285
0.74	0.6833357722221894
0.75	0.679563875514171
0.76	0.6758623480642845
0.77	0.6719638937985178
0.78	0.6680551495104494
0.79	0.6642185041833687
0.8	0.6604517402272128
0.81	0.6567527348865975
0.8200000000000001	0.6531194550743908
0.8300000000000001	0.6495499525458027
0.84	0.6460423593867419
0.85	0.6425948837925108
0.86	0.6392058061149821
0.87	0.6358734751582847
0.88	0.6324562442419813
0.89	0.6289362329942421
0.9	0.625474816624172
0.91	0.6220703847852961
0.92	0.6187213884581132
0.93	0.6154263369784985
0.9400000000000001	0.6121837952402609
0.9500000000000001	0.6089923810599119
0.96	0.6058507626926508
0.97	0.6027576564894115
0.98	0.5997118246856014
0.99	0.5967120733128687
1.	0.593757250225892
1.01	0.5907091040033078
1.02	0.5875685836054839
1.03	0.5844751563125627
1.04	0.58142766892575
1.05	0.578425007223003
1.06	0.5754660942856018
1.07	0.5725498889115694
1.08	0.5696753841106698
1.09	0.5668416056760749
1.1	0.5640476108281333
1.11	0.5612924869259837
1.12	0.5585753502430417
1.1300000000000001	0.5558953448026549
1.1400000000000001	0.5532516412704674
1.1500000000000001	0.5506434359002615
1.16	0.5479235548013103
1.17	0.5451460692023865
1.18	0.5424061224206337
1.19	0.5397028953770305
1.2	0.5370355935526785
1.21	0.5344034460551379
1.22	0.5318057047276337
1.23	0.5292416432988274
1.24	0.526710556570995
1.25	0.5242117596445837
1.26	0.5217445871772388
1.27	0.5193083926755124
1.28	0.5169025478175634
1.29	0.5145264418052652
1.3	0.5121794807442287
1.31	0.5098610870503302
1.32	0.5075706988814214
1.33	0.5052013127719447
1.34	0.5027592770695559
1.35	0.5003470710343727
1.36	0.4979641133544709
1.37	0.4956098382122467
1.3800000000000001	0.49328369476200196
1.3900000000000001	0.49098514662878284
1.4000000000000001	0.4887136714274559
1.41	0.4864687603010705
1.42	0.48424991747760143
1.43	0.4820566598442169
1.44	0.4798885165382626
1.45	0.47774502855419343
1.46	0.4756257483657266
1.47	0.47353023956252743
1.48	0.47145807650077365
1.49	0.46940884396697785
1.5	0.46738213685448265
1.51	0.46537755985206547
1.52	0.4633947271441276
1.53	0.46128458756709617
1.54	0.4591778504044679
1.55	0.45709427775597106
1.56	0.4550334679187783
1.57	0.45299502867276137
1.58	0.45097857699798355
1.59	0.44898373880233605
1.6	0.4470101486588872
1.61	0.44505744955254767
1.62	0.44312529263565853
1.6300000000000001	0.44121333699213944
1.6400000000000001	0.4393212494098458
1.6500000000000001	0.4374487041607995
1.6600000000000001	0.43559538278897736
1.67	0.43376097390535195
1.68	0.43194517298989615
1.69	0.43014768220027516
1.7	0.42836821018696003
1.71	0.4266064719145144
1.72	0.42486218848880986
1.73	0.42313508698994307
1.74	0.4214249003106327
1.75	0.4196732020470673
1.76	0.41782877409344993
1.77	0.41600283362240964
1.78	0.4141950924389248
1.79	0.41240526842648834
1.8	0.4106330853858259
1.81	0.40887827287875717
1.82	0.40714056607701526
1.83	0.4054197056158377
1.84	0.4037154374521533
1.85	0.4020275127271986
1.86	0.4003556876333992
1.87	0.3986997232853641
1.8800000000000001	0.3970593855948448
1.8900000000000001	0.3954344451495137
1.9000000000000001	0.3938246770954299
1.9100000000000001	0.3922298610230599
1.92	0.3906497808567252
1.93	0.389084224747361
1.94	0.38753298496846694
1.95	0.3859958578151402
1.96	0.3844726435060842
1.97	0.38296314608849036
1.98	0.38146717334569613
1.99	0.3799845367075207
2.	0.3785150511631934
2.0100000000000002	0.37699417153944087
2.02	0.37541438326916393
2.0300000000000002	0.3738489676209278
2.04	0.37229772399576055
2.05	0.37076045555969284
2.06	0.3692369691551524
2.07	0.36772707521486325
2.08	0.36623058767816424
2.09	0.3647473239096703
2.1	0.36327710462019785
2.11	0.3618197537898837
2.12	0.36037509859342215
2.13	0.3589429693273581
2.14	0.3575231993393637
2.15	0.35611562495944155
2.16	0.3547200854329891
2.17	0.35333642285566746
2.18	0.351964482110017
2.19	0.3506041108037668
2.2	0.3492551592097821
2.21	0.34791748020760277
2.22	0.3465909292265205
2.23	0.3452753641901499
2.24	0.34397064546244543
2.25	0.3426766357951228
2.2600000000000002	0.3413932002764398
2.27	0.34012020628129763
2.2800000000000002	0.3388575234226214
2.29	0.3376050235039823
2.3000000000000003	0.33636258047342527
2.31	0.33504085358920127
2.32	0.33370185629806204
2.33	0.33237393503676727
2.34	0.33105695123641293
2.35	0.3297507686440581
2.36	0.32845525327436637
2.37	0.3271702733624566
2.38	0.3258956993179285
2.39	0.32463140368002796
2.4	0.32337726107392073
2.41	0.32213314816803995
2.42	0.32089894363248067
2.43	0.3196745280984075
2.44	0.3184597841184497
2.45	0.31725459612805323
2.46	0.3160588504077657
2.47	0.31487243504642504
2.48	0.3136952399052288
2.49	0.3125271565826591
2.5	0.3113680783802385
2.5100000000000002	0.3102179002690948
2.52	0.30907651885731313
2.5300000000000002	0.30794383235805234
2.54	0.3068197405584047
2.5500000000000003	0.30570414478898167
2.56	0.30459694789420194
2.57	0.30349805420326537
2.58	0.3024073695017943
2.59	0.30132480100412384
2.6	0.30025025732622285
2.61	0.29918364845923184
2.62	0.2981248857435976
2.63	0.2970738818437926
2.64	0.2960305507236
2.65	0.29493179727644725
2.66	0.2938072133961428
2.67	0.29269111334011155
2.68	0.29158340169025115
2.69	0.2904839844523481
2.7	0.28939276902963407
2.71	0.28830966419693077
2.72	0.28723458007536484
2.73	0.28616742810764034
2.74	0.2851081210338545
2.75	0.2840565728678415
2.7600000000000002	0.2830126988740323
2.77	0.2819764155448173
2.7800000000000002	0.280947640578397
2.79	0.2799262928571125
2.8000000000000003	0.27891229242623944
2.81	0.277905560473237
2.82	0.2769060193074385
2.83	0.2759135923401751
2.84	0.2749282040653186
2.85	0.2739497800402356
2.86	0.27297824686714356
2.87	0.2720135321748543
2.88	0.2710555646009025
2.89	0.27010427377404284
2.9	0.2691595902971126
2.91	0.268221445730247
2.92	0.26728977257444053
2.93	0.26636450425544594
2.94	0.26544557510800276
2.95	0.26453292036038656
2.96	0.26362647611927326
2.97	0.26272617935490855
2.98	0.2618319678865785
2.99	0.2609437803683698
3.	0.2600615562752187
3.0100000000000002	0.25918523588923553
3.02	0.25831476028630396
3.0300000000000002	0.2574500713229445
3.04	0.2565453606356905
3.0500000000000003	0.2555981422390025
3.06	0.2546575045857354
3.0700000000000003	0.2537233806742372
3.08	0.25279570440031
3.09	0.25187441054232446
3.1	0.25095943474662685
3.11	0.2500507135132365
3.12	0.24914818418182066
3.13	0.2482517849179465
3.14	0.24736145469959966
3.15	0.24647713330396545
3.16	0.2455987612944669
3.17	0.2447262800080519
3.18	0.24385963154272658
3.19	0.2429987587453272
3.2	0.24214360519952627
3.21	0.2412941152140681
3.22	0.24045023381122715
3.23	0.23961190671548593
3.24	0.2387790803424269
3.25	0.23795170178783343
3.2600000000000002	0.23712971881699588
3.27	0.23631307985421765
3.2800000000000002	0.23550173397251734
3.29	0.23469563088352305
3.3000000000000003	0.23389472092755317
3.31	0.2330989550638822
3.3200000000000003	0.2323082848611846
3.33	0.23152266248815592
3.34	0.23074204070430457
3.35	0.229966372850913
3.36	0.22919561284216325
3.37	0.22842971515642324
3.38	0.22766863482769237
3.39	0.22691232743720002
3.4	0.22616074910515682
3.41	0.22541385648265308
3.42	0.22467160674370312
3.43	0.22393395757743073
3.44	0.22320086718039497
3.45	0.22247229424905096
3.46	0.2217481979723452
3.47	0.22102853802444083
3.48	0.2203132745575716
3.49	0.21956128402067734
3.5	0.2187756975607799
3.5100000000000002	0.21799515124126653
3.52	0.21721959850417197
3.5300000000000002	0.21644899335223403
3.54	0.21568329034057693
3.5500000000000003	0.21492244456854043
3.56	0.21416641167165335
3.5700000000000003	0.21341514781374635
3.58	0.21266860967920415
3.59	0.211926754465351
3.6	0.21118953987496897
3.61	0.2104569241089463
3.62	0.2097288658590521
3.63	0.2090053243008353
3.64	0.20828625908664608
3.65	0.2075716303387768
3.66	0.20686139864271913
3.67	0.2061555250405376
3.68	0.205453971024354
3.69	0.20475669852994363
3.7	0.2040636699304387
3.71	0.2033748480301384
3.72	0.20269019605842253
3.73	0.2020096776637677
3.74	0.2013332569078628
3.75	0.20066089825982347
3.7600000000000002	0.1999925665905016
3.77	0.19932822716689041
3.7800000000000002	0.19866784564662107
3.79	0.19801138807255067
3.8000000000000003	0.19735882086743892
3.81	0.1967101108287122
3.8200000000000003	0.19606522512331367
3.83	0.19542413128263664
3.84	0.19478679719754136
3.85	0.19415319111345186
3.86	0.19352328162553292
3.87	0.1928970376739443
3.88	0.19227442853917195
3.89	0.19165542383743386
3.9	0.19103999351615975
3.91	0.19042810784954295
3.92	0.18981973743416328
3.93	0.18921485318467945
3.94	0.18861342632958988
3.95	0.18801542840706045
3.96	0.18742083126081854
3.97	0.1868296070361108
3.98	0.18624172817572576
3.99	0.18565716741607752
4.	0.18507589778335115
4.01	0.18443949667504836
4.0200000000000005	0.1837994672680536
4.03	0.18316324072066376
4.04	0.1825307850849498
4.05	0.18190206875956086
4.0600000000000005	0.18127706048512043
4.07	0.1806557293396952
4.08	0.1800380447343344
4.09	0.17942397640867924
4.1	0.1788134944266405
4.11	0.17820656917214367
4.12	0.17760317134494
4.13	0.17700327195648213
4.14	0.17640684232586387
4.15	0.1758138540758219
4.16	0.17522427912879981
4.17	0.17463808970307143
4.18	0.17405525830892438
4.19	0.17347575774490104
4.2	0.17289956109409765
4.21	0.17232664172051862
4.22	0.1717569732654865
4.23	0.17119052964410683
4.24	0.17062728504178504
4.25	0.17006721391079674
4.26	0.16951029096690903
4.2700000000000005	0.16895649118605258
4.28	0.16840578980104334
4.29	0.16785816229835288
4.3	0.1673135844149273
4.3100000000000005	0.16677203213505273
4.32	0.1662334816872676
4.33	0.16569790954132033
4.34	0.1651652924051718
4.3500000000000005	0.16463560722204204
4.36	0.16410883116750025
4.37	0.16358494164659687
4.38	0.16306391629103825
4.39	0.16254573295640198
4.4	0.1620303697193929
4.41	0.16151780487513875
4.42	0.16100801693452482
4.43	0.16050098462156756
4.44	0.15999668687082533
4.45	0.15949510282484713
4.46	0.15899621183165694
4.47	0.15849999344227486
4.48	0.15800642740827328
4.49	0.15751549367936804
4.5	0.15702717240104316
4.51	0.15654144391221037
4.5200000000000005	0.15605828874290062
4.53	0.1555776876119889
4.54	0.1550996214249509
4.55	0.15462407127165084
4.5600000000000005	0.154151018424161
4.57	0.153680444334611
4.58	0.1532123306330679
4.59	0.152746659125445
4.6000000000000005	0.15225092711481966
4.61	0.1517371093805232
4.62	0.15122613342032715
4.63	0.15071797741710044
4.64	0.15021261976783912
4.65	0.1497100390811089
4.66	0.14921021417452426
4.67	0.14871312407226214
4.68	0.14821874800261103
4.69	0.14772706539555397
4.7	0.1472380558803855
4.71	0.14675169928336138
4.72	0.1462679756253814
4.73	0.14578686511970418
4.74	0.1453083481696931
4.75	0.14483240536659403
4.76	0.1443590174873432
4.7700000000000005	0.14388816549240516
4.78	0.1434198305236407
4.79	0.14295399390220379
4.8	0.14249063712646695
4.8100000000000005	0.14202974186997536
4.82	0.14157128997942856
4.83	0.1411152634726892
4.84	0.14066164453681954
4.8500000000000005	0.14021041552614363
4.86	0.13976155896033632
4.87	0.1393150575225374
4.88	0.13887089405749148
4.89	0.1384290515697126
4.9	0.1379895132216735
4.91	0.13755226233201884
4.92	0.13711728237380255
4.93	0.1366845569727483
4.94	0.13625406990553324
4.95	0.13582580509809444
4.96	0.13539974662395743
4.97	0.13497587870258732
4.98	0.13455418569776104
4.99	0.13413465211596146
5.	0.1337172626047921
5.01	0.13330200195141292
5.0200000000000005	0.13288885508099638
5.03	0.13247780705520365
5.04	0.1320688430706805
5.05	0.13166194845757306
5.0600000000000005	0.13125710867806234
5.07	0.1308543093249181
5.08	0.130453536120071
5.09	0.13005477491320358
5.1000000000000005	0.1296580116803588
5.11	0.12926323252256708
5.12	0.12887042366449022
5.13	0.12847957145308309
5.14	0.12809066235627234
5.15	0.12770368296165177
5.16	0.1273186199751944
5.17	0.12693546021998073
5.18	0.12655419063494322
5.19	0.12617479827362668
5.2	0.12579727030296398
5.21	0.12542159400206757
5.22	0.12504775676103566
5.23	0.124675746079774
5.24	0.12430554956683179
5.25	0.12393715493825258
5.26	0.12357055001643913
5.2700000000000005	0.12320572272903263
5.28	0.12281951929281025
5.29	0.12241628658334436
5.3	0.12201513553021631
5.3100000000000005	0.1216160514897391
5.32	0.12121901994855164
5.33	0.120824026522217
5.34	0.12043105695383782
5.3500000000000005	0.12004009711268936
5.36	0.11965113299286993
5.37	0.11926415071196776
5.38	0.11887913650974515
5.39	0.11849607674683836
5.4	0.11811495790347451
5.41	0.11773576657820368
5.42	0.11735848948664739
5.43	0.11698311346026206
5.44	0.11660962544511831
5.45	0.11623801250069489
5.46	0.11586826179868769
5.47	0.11550036062183341
5.48	0.11513429636274769
5.49	0.11477005652277747
5.5	0.11440762871086724
5.51	0.11404700064243946
5.5200000000000005	0.11368816013828846
5.53	0.11333109512348777
5.54	0.11297579362631067
5.55	0.11262224377716423
5.5600000000000005	0.11227043380753576
5.57	0.11192035204895218
5.58	0.11157198693195217
5.59	0.11122532698507036
5.6000000000000005	0.11088036083383396
5.61	0.11053707719977131
5.62	0.11019546489943242
5.63	0.109855512843421
5.64	0.10951721003543854
5.65	0.10918054557133905
5.66	0.10884550863819577
5.67	0.10851208851337843
5.68	0.10818027456364183
5.69	0.10785005624422485
5.7	0.10752142309796049
5.71	0.10719436475439596
5.72	0.10686887092892376
5.73	0.10654493142192202
5.74	0.10622253611790605
5.75	0.10590167498468893
5.76	0.10558233807255239
5.7700000000000005	0.10526451551342711
5.78	0.10494819752008275
5.79	0.10463337438532744
5.8	0.1043200364812162
5.8100000000000005	0.10400817425826904
5.82	0.1036977782446977
5.83	0.10338883904564158
5.84	0.10308134734241234
5.8500000000000005	0.10277529389174711
5.86	0.10247066952507071
5.87	0.1021674651477657
5.88	0.10186567173845137
5.89	0.10156528034827046
5.9	0.10126628210018457
5.91	0.10096866818827714
5.92	0.10067242987706454
5.93	0.100377558500815
5.94	0.10008404546287522
5.95	0.09979188223500468
5.96	0.09950106035671726
5.97	0.09921157143463054
5.98	0.0989234071418223
5.99	0.09863655921719422
6.	0.09835101946484295
6.01	0.09806677975343778
6.0200000000000005	0.09778383201560564
6.03	0.09750216824732305
6.04	0.09722178050731449
6.05	0.09694266091645758
6.0600000000000005	0.09665035364647553
6.07	0.09633823763635778
6.08	0.09602764083811761
6.09	0.095718553376558
6.1000000000000005	0.09541096545674373
6.11	0.0951048673632188
6.12	0.09480024945923285
6.13	0.09449710218597623
6.140000000000001	0.09419541606182393
6.15	0.09389518168158784
6.16	0.09359638971577754
6.17	0.09329903090986956
6.18	0.0930030960835847
6.19	0.09270857613017343
6.2	0.09241546201570956
6.21	0.09212374477839147
6.22	0.09183341552785147
6.23	0.09154446544447281
6.24	0.09125688577871398
6.25	0.09097066785044117
6.26	0.09068580304826734
6.2700000000000005	0.09040228282889941
6.28	0.09012009871649214
6.29	0.08983924230200936
6.3	0.08955970524259228
6.3100000000000005	0.08928147926093469
6.32	0.08900455614466501
6.33	0.08872892774573532
6.34	0.08845458597981676
6.3500000000000005	0.08818152282570198
6.36	0.08790973032471369
6.37	0.08763920058012002
6.38	0.08736992575655601
6.390000000000001	0.08710189807945157
6.4	0.0868351098344656
6.41	0.08656955336692615
6.42	0.08630522108127674
6.43	0.08604210544052888
6.44	0.08578019896571992
6.45	0.08551949423537744
6.46	0.08525998388498884
6.47	0.0850016606064772
6.48	0.08474451714768193
6.49	0.08448854631184614
6.5	0.0842337409571083
6.51	0.08398009399600014
6.5200000000000005	0.08372759839494971
6.53	0.08347624717378954
6.54	0.08322603340527022
6.55	0.08297695021457917
6.5600000000000005	0.08272899077886428
6.57	0.08248214832676297
6.58	0.08223641613793581
6.59	0.08199178754260539
6.6000000000000005	0.0817482559210999
6.61	0.08150581470340153
6.62	0.0812644573686996
6.63	0.0810241774449485
6.640000000000001	0.08078496850843005
6.65	0.08054682418332068
6.66	0.08030973814126284
6.67	0.08007370410094128
6.68	0.0798387158276632
6.69	0.07960476713294343
6.7	0.07937185187409326
6.71	0.07913996395381408
6.72	0.07890909731979474
6.73	0.07867924596431347
6.74	0.07845040392384374
6.75	0.07822256527866428
6.76	0.07799572415247268
6.7700000000000005	0.07776987471200376
6.78	0.07754501116665119
6.79	0.07732112776809308
6.8	0.07709821880992179
6.8100000000000005	0.07687627862727706
6.82	0.07665530159648315
6.83	0.0764352821346896
6.84	0.07621621469951556
6.8500000000000005	0.07599809378869803
6.86	0.07578091393974316
6.87	0.07556466972958173
6.88	0.07534935577422737
6.890000000000001	0.07513496672843897
6.9	0.07492149728538586
6.91	0.0747089421763169
6.92	0.07449729617023253
6.93	0.0742865540735601
6.94	0.07407671072983278
6.95	0.07386776101937141
6.96	0.0736401620102511
6.97	0.07340457959538037
6.98	0.07317008696661421
6.99	0.07293667753220251
7.	0.07270434474961796
7.01	0.07247308212511896
7.0200000000000005	0.0722428832133169
7.03	0.07201374161674785
7.04	0.07178565098544878
7.05	0.071558605016538
7.0600000000000005	0.07133259745379993
7.07	0.07110762208727418
7.08	0.07088367275284876
7.09	0.07066074333185743
7.1000000000000005	0.07043882775068112
7.11	0.07021791998035358
7.12	0.06999801403617073
7.13	0.06977910397730425
7.140000000000001	0.06956118390641888
7.15	0.0693442479692938
7.16	0.06912829035444759
7.17	0.06891330529276714
7.18	0.06869928705714015
7.19	0.06848622996209154
7.2	0.06827412836342328
7.21	0.06806297665785806
7.22	0.0678527692826862
7.23	0.06764350071541637
7.24	0.06743516547342988
7.25	0.06722775811363792
7.26	0.06702127323214283
7.2700000000000005	0.06681570546390221
7.28	0.06661104948239684
7.29	0.06640729999930142
7.3	0.06620445176415896
7.3100000000000005	0.06600249956405808
7.32	0.06580143822331386
7.33	0.06560126260315133
7.34	0.06540196760139264
7.3500000000000005	0.06520354815214674
7.36	0.06500599922550279
7.37	0.06480931582722582
7.38	0.06461349299845587
7.390000000000001	0.0644185258154099
7.4	0.06422440938908669
7.41	0.06403113886497463
7.42	0.06383870942276208
7.43	0.06364711627605102
7.44	0.06345635467207299
7.45	0.0632664198914083
7.46	0.06307730724770733
7.47	0.06288901208741515
7.48	0.06270152978949846
7.49	0.0625148557651752
7.5	0.062328985457646695
7.51	0.06214391434183276
7.5200000000000005	0.061959637924108676
7.53	0.06177615174204551
7.54	0.06159345136415213
7.55	0.061411532389620244
7.5600000000000005	0.0612303904480717
7.57	0.061050021199308045
7.58	0.06087042033306277
7.59	0.0606915835687556
7.6000000000000005	0.06051350665524943
7.61	0.0603361853706093
7.62	0.06015961552186379
7.63	0.0599837929447687
7.640000000000001	0.05980871350357291
7.65	0.05963437309078635
7.66	0.05946076762695046
7.67	0.059287893060410435
7.68	0.05911574536708996
7.69	0.058944320550267736
7.7	0.058773614640356436
7.71	0.05860362369468349
7.72	0.05843434379727389
7.73	0.05826577105863534
7.74	0.058097901615545046
7.75	0.05793073163083874
7.76	0.057764257293201546
7.7700000000000005	0.05759847481696076
7.78	0.05743338044188074
7.79	0.05726897043295953
7.8	0.05710524108022741
7.8100000000000005	0.05694218869854726
7.82	0.05677980962741698
7.83	0.05661810023077337
7.84	0.056457056896798245
7.8500000000000005	0.05629667603772594
7.86	0.05613695408965285
7.87	0.055977887512348605
7.88	0.055819472789069
7.890000000000001	0.05566170642637071
7.9	0.05550458495392745
7.91	0.05534810492434822
7.92	0.05519226291299678
7.930000000000001	0.05503705551781312
7.94	0.05488247935913635
7.95	0.0547285310795292
7.96	0.054575207343604305
7.97	0.054422504837851805
7.98	0.054270420270468675
7.99	0.05410406842112281
8.	0.0539311280314003
8.01	0.05375895544104089
8.02	0.05358754628908606
8.03	0.053416896244741385
8.040000000000001	0.05324700100713084
8.05	0.05307785630505307
8.06	0.0529094578967403
8.07	0.05274180156961909
8.08	0.0525748831400738
8.09	0.052408698453211826
8.1	0.05224324338263134
8.11	0.0520785138301909
8.120000000000001	0.05191450572578163
8.13	0.051751215027101026
8.14	0.051588637719429245
8.15	0.05142676981540717
8.16	0.05126560735481681
8.17	0.0511051464043635
8.18	0.05094538305746027
8.19	0.05078631343401415
8.2	0.050627933680214274
8.21	0.050470239968322304
8.22	0.05031322849646445
8.23	0.050156895488425536
8.24	0.05000123719344488
8.25	0.049846249886014236
8.26	0.049691929865677255
8.27	0.04953827345683112
8.28	0.049385277008529765
8.290000000000001	0.04923293689428893
8.3	0.04908124951189313
8.31	0.04893021128320411
8.32	0.048779818653971296
8.33	0.04863006809364386
8.34	0.04848095609518444
8.35	0.048332479174884646
8.36	0.04818463387218214
8.370000000000001	0.048037416749479374
8.38	0.047890824391964196
8.39	0.04774485340743151
8.4	0.04759950042610729
8.41	0.047454762100473474
8.42	0.04731063510509498
8.43	0.047167116136447786
8.44	0.04702420191274904
8.45	0.046881889173788244
8.46	0.046740174680760256
8.47	0.046599055216099666
8.48	0.04645852758331657
8.49	0.0463185886068339
8.5	0.046179235131826334
8.51	0.04604046402406023
8.52	0.045902272169735435
8.53	0.04576465647532825
8.540000000000001	0.04562761386743572
8.55	0.04549114129262158
8.56	0.045355235717263236
8.57	0.04521989412740035
8.58	0.04508511352858456
8.59	0.0449508909457307
8.6	0.0448172234229692
8.61	0.044684108023499834
8.620000000000001	0.04455154182944667
8.63	0.04441952194171454
8.64	0.04428804547984632
8.65	0.044157109581881994
8.66	0.04402671140421839
8.67	0.0438968481214707
8.68	0.043767516926334675
8.69	0.04363871502945045
8.700000000000001	0.0435104396592673
8.71	0.043382688061909556
8.72	0.04325545750104394
8.73	0.04312874525774768
8.74	0.04300254863037812
8.75	0.04287686493444316
8.76	0.04275169150247305
8.77	0.04262702568389307
8.78	0.04250286484489756
8.790000000000001	0.04237920636832473
8.8	0.04225604765353284
8.81	0.042133386116277226
8.82	0.042011219188588515
8.83	0.041889544318651724
8.84	0.04176835897068665
8.85	0.041647660624828955
8.86	0.0415274467770126
8.870000000000001	0.04140771493885293
8.88	0.04128846263753116
8.89	0.041169687415679404
8.9	0.04105138683126704
8.91	0.040933558457487806
8.92	0.040816199882647994
8.93	0.040699308710055566
8.94	0.04058288255791005
8.950000000000001	0.04046691905919364
8.96	0.04035141586156298
8.97	0.040236370627241946
8.98	0.04012178103291536
8.99	0.04000764476962354
9.	0.039893959542657814
9.01	0.03978072307145677
9.02	0.03966793308950351
9.03	0.03955558734422375
9.040000000000001	0.039443683596884646
9.05	0.039332219622494675
9.06	0.03922119320970408
9.07	0.039110602160706456
9.08	0.03900044429114084
9.09	0.03889071742999492
9.1	0.03878141941950873
9.11	0.038672548115079475
9.120000000000001	0.03856410138516683
9.13	0.038456077111199284
9.14	0.038348473187481115
9.15	0.038241287521100044
9.16	0.038134518031836
9.17	0.03802137352907707
9.18	0.03789830063622953
9.19	0.03777575946640137
9.200000000000001	0.03765374714749653
9.21	0.03753226082603077
9.22	0.037411297666991125
9.23	0.03729085485369638
9.24	0.03717092958765893
9.25	0.037051519088447754
9.26	0.03693262059355239
9.27	0.036814231358248496
9.28	0.03669634865546409
9.290000000000001	0.03657896977564731
9.3	0.03646209202663509
9.31	0.03634571273352305
9.32	0.036229829238536425
9.33	0.036114438900902254
9.34	0.03599953909672243
9.35	0.03588512721884805
9.36	0.03577120067675468
9.370000000000001	0.035657756896418764
9.38	0.035544793320195056
9.39	0.03543230740669508
9.4	0.03532029663066664
9.41	0.035208758482874365
9.42	0.03509769046998119
9.43	0.034987090114430935
9.44	0.03487695495433184
9.450000000000001	0.034767282543341015
9.46	0.03465807045054997
9.47	0.03454931626037108
9.48	0.034441017572424855
9.49	0.03433317200142849
9.5	0.034225777177084936
9.51	0.03411883074397325
9.52	0.03401233036143964
9.53	0.033906273703489566
9.540000000000001	0.0338006584586806
9.55	0.03369548233001632
9.56	0.03359074303484104
9.57	0.03348643830473528
9.58	0.03338256588541238
9.59	0.03327912353661573
9.6	0.033176109032016954
9.61	0.03307352015911495
9.620000000000001	0.0329713547191357
9.63	0.03286961052693301
9.64	0.032768285410889955
9.65	0.03266737721282123
9.66	0.032566883787876234
9.67	0.032466803004443066
9.68	0.03236713274405312
9.69	0.03226787090128668
9.700000000000001	0.03216901538367911
9.71	0.032070564111627974
9.72	0.03197251501830075
9.73	0.03187486604954345
9.74	0.03177761516378987
9.75	0.031680760331971716
9.76	0.03158429953742927
9.77	0.03148823077582299
9.78	0.03139255205504566
9.790000000000001	0.03129726139513541
9.8	0.031202356828189316
9.81	0.031107836398277737
9.82	0.031013698161359415
9.83	0.03091994018519715
9.84	0.030826560549274212
9.85	0.03073355734471154
9.86	0.030640928674185337
9.870000000000001	0.030548672651845625
9.88	0.030456787403235274
9.89	0.030365271065209736
9.9	0.03027412178585747
9.91	0.03018333772442087
9.92	0.03009291705121804
9.93	0.030002857947564954
9.94	0.029913158605698487
9.950000000000001	0.0298238172286998
9.96	0.02973483203041862
9.97	0.02964620123539788
9.98	0.02955792307879909
9.99	0.029469995806328288
10.	0.02938241767416255
10.01	0.02929518694887711
10.02	0.029208301907373033
10.03	0.02912176083680557
10.040000000000001	0.029035562034512824
10.05	0.028949703807945336
10.06	0.028864184474595902
10.07	0.028779002361930164
10.08	0.02869415580731764
10.09	0.028609643157963348
10.1	0.028525462770839942
10.11	0.028441613012620375
10.120000000000001	0.028358092259611153
10.13	0.028274898897686043
10.14	0.028192031322220323
10.15	0.028109487938025573
10.16	0.028027267159284944
10.17	0.02794536740948897
10.18	0.02786378712137181
10.19	0.027782524736848127
10.200000000000001	0.027701578706950277
10.21	0.027620947491766176
10.22	0.02754062956037748
10.23	0.02746062339079836
10.24	0.027380927469914735
10.25	0.027301540293423923
10.26	0.027222460365774855
10.27	0.027143686200108624
10.28	0.027065216318199636
10.290000000000001	0.026987049250397094
10.3	0.02690918353556705
10.31	0.026831617721034755
10.32	0.026754350362527646
10.33	0.026677380024118597
10.34	0.026600705278169698
10.35	0.026524324705276426
10.36	0.026448236894212385
10.370000000000001	0.02637244044187416
10.38	0.02629693395322693
10.39	0.026221716041250332
10.4	0.026146785326884744
10.41	0.026072140438977976
10.42	0.02599778001423242
10.43	0.0259237026971526
10.44	0.025849907139993057
10.450000000000001	0.025776392002706663
10.46	0.025703155952893384
10.47	0.025630197665749338
10.48	0.02555751582401634
10.49	0.025485109117931736
10.5	0.025412976245178638
10.51	0.025341115910836647
10.52	0.025269526827332772
10.53	0.025190882348102774
10.540000000000001	0.025107609013615525
10.55	0.02502468953359023
10.56	0.024942122071116294
10.57	0.0248599048005456
10.58	0.024778035907412913
10.59	0.024696513588356794
10.6	0.0246153360510414
10.61	0.024534501514078634
10.620000000000001	0.02445400820695107
10.63	0.024373854369935534
10.64	0.02429403825402712
10.65	0.024214558120863972
10.66	0.024135412242652633
10.67	0.024056598902093898
10.68	0.023978116392309345
10.69	0.02389996301676846
10.700000000000001	0.02382213708921624
10.71	0.023744636933601446
10.72	0.023667460884005474
10.73	0.023590607284571623
10.74	0.023514074489435106
10.75	0.02343786086265346
10.76	0.02336196477813762
10.77	0.02328638461958347
10.78	0.023211118780403977
10.790000000000001	0.023136165663661744
10.8	0.023061523682002316
10.81	0.022987191257587747
10.82	0.022913166822030907
10.83	0.02283944881633014
10.84	0.02276603569080456
10.85	0.022692925905029745
10.86	0.02262011792777402
10.870000000000001	0.0225476102369352
10.88	0.022475401319477794
10.89	0.022403489671370784
10.9	0.022331873797525777
10.91	0.0222605522117357
10.92	0.022189523436614084
10.93	0.022118786003534487
10.94	0.02204833845257079
10.950000000000001	0.02197817933243769
10.96	0.021908307200431715
10.97	0.021838720622372743
10.98	0.021769418172545935
10.99	0.021700398433644075
11.	0.02163165999671048
11.01	0.02156320146108219
11.02	0.021495021434333746
11.03	0.021427118532221213
11.040000000000001	0.02135949137862693
11.05	0.021292138605504326
11.06	0.021225058852823428
11.07	0.021158250768516674
11.08	0.021091713008425158
11.09	0.021025444236245274
11.1	0.020959443123475828
11.11	0.020893708349365454
11.120000000000001	0.020828238600860503
11.13	0.02076303257255333
11.14	0.02069808896663092
11.15	0.02063340649282397
11.16	0.020568983868356323
11.17	0.020504819817894773
11.18	0.020440913073499267
11.19	0.02037726237457352
11.200000000000001	0.020313866467815914
11.21	0.0202507241071709
11.22	0.020187834053780596
11.23	0.02012519507593693
11.24	0.020062805949033997
11.25	0.02000066545552089
11.26	0.019938772384854787
11.27	0.01987712553345448
11.28	0.019815723704654172
11.290000000000001	0.01975456570865766
11.3	0.019693650362492904
11.31	0.019632976489966886
11.32	0.019572542921620757
11.33	0.019512348494685427
11.34	0.019452392053037438
11.35	0.019392672447155174
11.36	0.019333188534075337
11.370000000000001	0.019273939177349857
11.38	0.019214923247003066
11.39	0.019156139619489167
11.4	0.019097587177649995
11.41	0.01903926481067329
11.42	0.01898117141405097
11.43	0.01892330588953798
11.44	0.018865667145111266
11.450000000000001	0.01880825409492921
11.46	0.018751065659291206
11.47	0.018694100764597665
11.48	0.018637358343310192
11.49	0.01858083733391224
11.5	0.018524536680869827
11.51	0.01846845533459273
11.52	0.018412592251395826
11.53	0.018356946393460864
11.540000000000001	0.01830151672879836
11.55	0.018246302231209915
11.56	0.01819130188025066
11.57	0.01813651466119213
11.58	0.018081939564985314
11.59	0.01802757558822399
11.6	0.01797342173310836
11.61	0.01791947700740888
11.620000000000001	0.017865740424430454
11.63	0.017812211002976846
11.64	0.01775888776731528
11.65	0.017705769747141376
11.66	0.017652855977544395
11.67	0.017600145498972573
11.68	0.017547637357198876
11.69	0.017495330603286844
11.700000000000001	0.01744322429355685
11.71	0.01739131748955249
11.72	0.017339609258007222
11.73	0.01728809867081127
11.74	0.01723678480497881
11.75	0.01718566674261533
11.76	0.01713474357088522
11.77	0.017084014381979623
11.78	0.01703347827308457
11.790000000000001	0.016983134346349207
11.8	0.016932981708854405
11.81	0.016883019472581477
11.82	0.016833246754381175
11.83	0.016783662675942924
11.84	0.016734266363764193
11.85	0.016685056949120213
11.86	0.016636033568033802
11.870000000000001	0.016587195361245463
11.88	0.01653854147418364
11.89	0.01649007105693529
11.9	0.016441783264216542
11.91	0.016393677255343637
11.92	0.016345752194204113
11.93	0.016298007249228
11.94	0.016250441593359546
11.950000000000001	0.016203054404028826
11.96	0.016155844863123745
11.97	0.01610881215696212
11.98	0.0160619554762641
11.99	0.01601527401612465
12.	0.015968766975986284
12.01	0.015922433559611985
12.02	0.015876272975058323
12.030000000000001	0.01583028443464876
12.040000000000001	0.015784467154947156
12.05	0.01573882035673138
12.06	0.01569334326496724
12.07	0.015648035108782495
12.08	0.01560289512144112
12.09	0.015553685417411815
12.1	0.015502670865097698
12.11	0.015451865571723919
12.120000000000001	0.015401268507184937
12.13	0.015350878647290091
12.14	0.015300694973724698
12.15	0.015250716474011647
12.16	0.015200942141473097
12.17	0.01515137097519257
12.18	0.01510200197997722
12.19	0.015052834166320524
12.200000000000001	0.015003866550365074
12.21	0.01495509815386584
12.22	0.014906528004153449
12.23	0.01485815513409803
12.24	0.014809978582073053
12.25	0.014761997391919626
12.26	0.014714210612910943
12.27	0.014666617299717024
12.280000000000001	0.014619216512369743
12.290000000000001	0.014572007316228049
12.3	0.014524988781943493
12.31	0.014478159985425997
12.32	0.014431520007809865
12.33	0.014385067935419975
12.34	0.014338802859738386
12.35	0.014292723877370983
12.36	0.01424683009001454
12.370000000000001	0.014201120604423878
12.38	0.014155594532379388
12.39	0.014110250990654681
12.4	0.014065089100984545
12.41	0.014020107990033089
12.42	0.013975306789362136
12.43	0.01393068463539988
12.44	0.0138862406694097
12.450000000000001	0.01384197403745919
12.46	0.013797883890389535
12.47	0.013753969383784979
12.48	0.013710229677942542
12.49	0.013666663937842037
12.5	0.013623271333116119
12.51	0.013580051038020785
12.52	0.013537002231405896
12.530000000000001	0.013494124096685997
12.540000000000001	0.013451415821811325
12.55	0.013408876599239006
12.56	0.013366505625904534
12.57	0.013324302103193339
12.58	0.013282265236912635
12.59	0.013240394237263439
12.6	0.013198688318812843
12.61	0.013157146700466377
12.620000000000001	0.013115768605440661
12.63	0.01307455326123623
12.64	0.013033499899610529
12.65	0.012992607756551113
12.66	0.012951876072249032
12.67	0.0129113040910724
12.68	0.012870891061540204
12.69	0.0128306362362962
12.700000000000001	0.012790538872083075
12.71	0.012750598229716744
12.72	0.012710813574060882
12.73	0.01267118417400155
12.74	0.012631709302422085
12.75	0.012592388236178127
12.76	0.012553220256072833
12.77	0.0125142046468322
12.780000000000001	0.012475340697080714
12.790000000000001	0.012436627699316995
12.8	0.012398064949889749
12.81	0.012359651748973742
12.82	0.012321387400546153
12.83	0.012283271212362888
12.84	0.012245302495935148
12.85	0.012207480566506205
12.86	0.0121698047430282
12.870000000000001	0.012132274348139283
12.88	0.012094888708140765
12.89	0.012057647152974513
12.9	0.012020549016200439
12.91	0.011983593634974216
12.92	0.0119467803500251
12.93	0.011910108505633914
12.94	0.011873577449611174
12.950000000000001	0.011836262990727818
12.96	0.01179647749741932
12.97	0.01175685626825173
12.98	0.011717398499154395
12.99	0.011678103390607757
13.	0.011638970147614084
13.01	0.011599997979668483
13.02	0.011561186100730043
13.030000000000001	0.011522533729193245
13.040000000000001	0.011484040087859568
13.05	0.011445704403909265
13.06	0.011407525908873353
13.07	0.011369503838605865
13.08	0.011331637433256193
13.09	0.011293925937241718
13.1	0.011256368599220586
13.11	0.011218964672064693
13.120000000000001	0.011181713412832877
13.13	0.011144614082744279
13.14	0.011107665947151905
13.15	0.011070868275516356
13.16	0.011034220341379802
13.17	0.010997721422340047
13.18	0.010961370800024859
13.19	0.010925167760066475
13.200000000000001	0.010889111592076232
13.21	0.010853201589619424
13.22	0.010817437050190313
13.23	0.010781817275187362
13.24	0.010746341569888556
13.25	0.010711009243427012
13.26	0.010675819608766636
13.27	0.010640771982678062
13.280000000000001	0.010605865685714685
13.290000000000001	0.010571100042188912
13.3	0.010536474380148535
13.31	0.010501988031353307
13.32	0.010467640331251672
13.33	0.010433430618957653
13.34	0.010399358237227886
13.35	0.010365422532438858
13.36	0.01033162285456426
13.370000000000001	0.010297958557152551
13.38	0.01026442899730458
13.39	0.010231033535651501
13.4	0.010197771536332736
13.41	0.010164642366974126
13.42	0.010131645398666215
13.43	0.01009878000594277
13.44	0.010066045566759307
13.450000000000001	0.010033441462471905
13.46	0.010000967077816085
13.47	0.009968621800885815
13.48	0.00993640502311279
13.49	0.009904316139245698
13.5	0.00987235454732972
13.51	0.009840519648686161
13.52	0.009808810847892209
13.530000000000001	0.009777227552760831
13.540000000000001	0.009745769174320818
13.55	0.009714435126796978
13.56	0.009683224827590407
13.57	0.009652137697259014
13.58	0.009621173159498035
13.59	0.009590330641120798
13.6	0.00955960957203955
13.61	0.009529009385246479
13.620000000000001	0.009498529516794744
13.63	0.009468169405779846
13.64	0.009437928494320869
13.65	0.00940780622754209
13.66	0.009377802053554525
13.67	0.009347915423437717
13.68	0.009318145791221633
13.69	0.009288492613868615
13.700000000000001	0.00925895535125554
13.71	0.009229533466156053
13.72	0.009200226424222946
13.73	0.00917103369397064
13.74	0.009141954746757752
13.75	0.009112989056769891
13.76	0.00908413610100245
13.77	0.00905539535924358
13.780000000000001	0.009026766314057239
13.790000000000001	0.008998248450766428
13.8	0.008969841257436464
13.81	0.008941544224858374
13.82	0.008913356846532489
13.83	0.008885278618652005
13.84	0.00885730904008678
13.85	0.008829447612367189
13.86	0.008801693839668084
13.870000000000001	0.008774047228792863
13.88	0.008744667158697636
13.89	0.00871446747060794
13.9	0.008684393698811252
13.91	0.008654445228283583
13.92	0.008624621447444063
13.93	0.008594921748133158
13.94	0.008565345525591118
13.950000000000001	0.00853589217843653
13.96	0.008506561108645064
13.97	0.00847735172152835
13.98	0.008448263425712976
13.99	0.008419295633119663
14.	0.008390447758942605
14.01	0.008361719221628882
14.02	0.008333109442858111
14.030000000000001	0.008304617847522134
14.040000000000001	0.008276243863704983
14.05	0.008247986922662816
14.06	0.008219846458804135
14.07	0.008191821909670088
14.08	0.008163912715914897
14.09	0.008136118321286426
14.1	0.008108438172606904
14.11	0.008080871719753762
14.120000000000001	0.008053418415640628
14.13	0.008026077716198418
14.14	0.007998849080356557
14.15	0.007971731970024404
14.16	0.007944725850072705
14.17	0.007917830188315225
14.18	0.007891044455490517
14.19	0.007864368125243791
14.200000000000001	0.007837800674108913
14.21	0.007811341581490555
14.22	0.00778499032964641
14.23	0.00775874640366959
14.24	0.007732609291471128
14.25	0.0077065784837625625
14.26	0.0076806534740387076
14.27	0.007654833758560467
14.280000000000001	0.007629118836337831
14.290000000000001	0.0076035082091129675
14.3	0.007578001381343396
14.31	0.007552597860185323
14.32	0.00752729715547708
14.33	0.007502098779722649
14.34	0.007477002248075349
14.35	0.007452007078321564
14.36	0.007427112790864649
14.370000000000001	0.007402318908708923
14.38	0.007377624957443755
14.39	0.007353030465227762
14.4	0.0073285349627731375
14.41	0.007304137983330079
14.42	0.007279839062671283
14.43	0.007255637739076617
14.44	0.007231533553317817
14.450000000000001	0.007207526048643336
14.46	0.007183614770763307
14.47	0.007159799267834555
14.48	0.00713607909044578
14.49	0.007112453791602736
14.5	0.007088922926713651
14.51	0.007065486053574631
14.52	0.007042142732355199
14.530000000000001	0.007018892525583929
14.540000000000001	0.006995734998134219
14.55	0.006972669717210076
14.56	0.006949696252332071
14.57	0.0069268141753233425
14.58	0.006904023060295744
14.59	0.006881322483635994
14.6	0.006858712023992052
14.61	0.006836191262259426
14.620000000000001	0.00681375978156775
14.63	0.00679141716726727
14.64	0.006769163006915567
14.65	0.00674699689026428
14.66	0.006724918409245963
14.67	0.006702927157961016
14.68	0.006681022732664682
14.69	0.006659204731754156
14.700000000000001	0.0066374727557557975
14.71	0.006615826407312393
14.72	0.00659426529117048
14.73	0.0065727890141678525
14.74	0.006551397185221025
14.75	0.006530089415312889
14.76	0.0065088653174803736
14.77	0.006487724506802246
14.780000000000001	0.006466666600386932
14.790000000000001	0.006445691217360484
14.8	0.006424797978854557
14.81	0.006403986507994559
14.82	0.006383256429887754
14.83	0.006362607371611562
14.84	0.0063420389622018646
14.85	0.006321550832641432
14.86	0.00630114261584836
14.870000000000001	0.00627989506814319
14.88	0.006257567203384594
14.89	0.006235333644603175
14.9	0.0062131939305453505
14.91	0.006191147602520986
14.92	0.006169194204387371
14.93	0.006147333282533446
14.94	0.006125564385863992
14.950000000000001	0.0061038870657840714
14.96	0.006082300876183458
14.97	0.006060805373421295
14.98	0.006039400116310693
14.99	0.006018084666103628
15.	0.0059968585864757645
15.01	0.005975721443511534
15.02	0.00595467280568918
15.030000000000001	0.0059337122438660106
15.040000000000001	0.00591283933126371
15.05	0.005892053643453737
15.06	0.005871354758342831
15.07	0.005850742256158651
15.08	0.0058302157194354675
15.09	0.005809774732999973
15.1	0.005789418883957183
15.11	0.005769147761676442
15.120000000000001	0.0057489609577775136
15.13	0.005728858066116783
15.14	0.005708838682773511
15.15	0.005688902406036246
15.16	0.005669048836389272
15.17	0.005649277576499165
15.18	0.005629588231201464
15.19	0.005609980407487395
15.200000000000001	0.005590453714490725
15.21	0.005571007763474647
15.22	0.005551642167818818
15.23	0.005532356543006456
15.24	0.005513150506611517
15.25	0.005494023678285942
15.26	0.0054749756797470754
15.27	0.005456006134765026
15.280000000000001	0.005437114669150258
15.290000000000001	0.005418300910741164
15.3	0.005399564489391788
15.31	0.005380905036959562
15.32	0.005362322187293208
15.33	0.005343815576220628
15.34	0.005325384841536975
15.35	0.005307029622992718
15.36	0.005288749562281832
15.370000000000001	0.0052705443030300544
15.38	0.005252413490783246
15.39	0.005234356772995764
15.4	0.005216373799018987
15.41	0.005198464220089873
15.42	0.005180627689319622
15.43	0.005162863861682359
15.44	0.005145172394003972
15.450000000000001	0.005127552944950955
15.46	0.005110005175019385
15.47	0.005092528746523895
15.48	0.00507512332358681
15.49	0.005057788572127276
15.5	0.005040524159850529
15.51	0.005023329756237172
15.52	0.005006205032532585
15.530000000000001	0.00498914966173632
15.540000000000001	0.004972163318591703
15.55	0.00495524567957534
15.56	0.004938396422886814
15.57	0.004921615228438404
15.58	0.004904901777844891
15.59	0.004888255754413381
15.6	0.004871676843133266
15.610000000000001	0.0048551647306662145
15.620000000000001	0.004838719105336205
15.63	0.004822339657119687
15.64	0.004806026077635728
15.65	0.004789778060136316
15.66	0.004773595299496634
15.67	0.00475747749220547
15.68	0.004741424336355636
15.69	0.004725435531634516
15.700000000000001	0.004709510779314589
15.71	0.00469364978224409
15.72	0.004677852244837684
15.73	0.004662117873067247
15.74	0.00464644637445264
15.75	0.00463083745805262
15.76	0.004615290834455751
15.77	0.004599806215771406
15.780000000000001	0.004584383315620803
15.790000000000001	0.004569021849128142
15.8	0.004553721532911748
15.81	0.004538482085075309
15.82	0.004523303225199138
15.83	0.004508184674331546
15.84	0.004493126154980203
15.85	0.004478127391103611
15.860000000000001	0.004463188108102584
15.870000000000001	0.004448308032811851
15.88	0.004433486893491626
15.89	0.004418724419819311
15.9	0.004404020342881188
15.91	0.004389374395164246
15.92	0.004374786310547944
15.93	0.004360083163237131
15.94	0.004344200609665034
15.950000000000001	0.004328385818222948
15.96	0.004312638457594531
15.97	0.004296958198289536
15.98	0.004281344712632576
15.99	0.00426579767475204
16.	0.004250316760569
16.01	0.00423490164778626
16.02	0.004219552015877459
16.03	0.004204267546076236
16.04	0.004189047921365483
16.05	0.0041738928264666445
16.06	0.004158801947829156
16.07	0.00414377497361983
16.080000000000002	0.004128811593712469
16.09	0.0041139114996774
16.1	0.004099074384771204
16.11	0.004084299943926413
16.12	0.004069587873741352
16.13	0.004054937872469987
16.14	0.004040349640011908
16.15	0.004025822877902317
16.16	0.004011357289302109
16.17	0.003996952578988025
16.18	0.003982608453342878
16.19	0.003968324620345799
16.2	0.003954100789562609
16.21	0.0039399366721362015
16.22	0.003925831980777044
16.23	0.003911786429753675
16.240000000000002	0.003897799734883334
16.25	0.0038838716135225913
16.26	0.0038700017845581065
16.27	0.0038561899683973704
16.28	0.0038424358869595812
16.29	0.003828739263666524
16.3	0.003815099823433568
16.31	0.0038015172926606595
16.32	0.0037879913992234227
16.330000000000002	0.0037745218724642995
16.34	0.003761108443183759
16.35	0.0037477508436315372
16.36	0.003734448807497986
16.37	0.003721202069905414
16.38	0.0037080103673995486
16.39	0.0036948734379409947
16.4	0.003681791020896812
16.41	0.003668762857032088
16.42	0.0036557886885016082
16.43	0.003642868258841554
16.44	0.003630001312961285
16.45	0.00361718759713514
16.46	0.0036044268589943253
16.47	0.0035917188475188154
16.48	0.0035790633130293637
16.490000000000002	0.0035664600071795157
16.5	0.0035539086829476894
16.51	0.003541409094629314
16.52	0.003528960997829024
16.53	0.0035165641494528887
16.54	0.0035042183077006934
16.55	0.0034919232320583023
16.56	0.0034796786832900157
16.57	0.003467484423431038
16.580000000000002	0.003455340215779933
16.59	0.0034432458248912
16.6	0.0034312010165678127
16.61	0.003419205557853895
16.62	0.0034072592170273654
16.63	0.003395361763592704
16.64	0.0033835129682736856
16.65	0.0033717126030062402
16.66	0.0033599604409312884
16.67	0.0033482562563876867
16.68	0.0033365998249051745
16.69	0.0033249909231973717
16.7	0.0033134293291548467
16.71	0.0033019148218382103
16.72	0.003290447181471245
16.73	0.0032790261894341047
16.740000000000002	0.0032676516282565313
16.75	0.0032563232816111495
16.76	0.003245040934306751
16.77	0.003233804372281688
16.78	0.0032226133825972434
16.79	0.003211467753431111
16.8	0.0032003672740708437
16.81	0.0031893117349074186
16.82	0.0031783009274287733
16.830000000000002	0.0031673346442134525
16.84	0.003156412678924231
16.85	0.0031455348263018192
16.86	0.0031347008821585986
16.87	0.0031239106433723963
16.88	0.003113163907880289
16.89	0.0031024604746724646
16.9	0.0030918001437861106
16.91	0.0030811827162993562
16.92	0.0030706079943252198
16.93	0.0030600757810056406
16.94	0.0030495858805055175
16.95	0.0030391380980067852
16.96	0.0030287322397025526
16.97	0.0030183681127912395
16.98	0.0030080455254708088
16.990000000000002	0.00299776428693296
17.	0.0029875242073574334
17.01	0.0029773250979062914
17.02	0.002967166770718286
17.03	0.0029570490389032125
17.04	0.0029469717165363416
17.05	0.0029369346186528637
17.06	0.002926937561242376
17.07	0.0029168001430137608
17.080000000000002	0.002905987727772326
17.09	0.0028952216869981835
17.1	0.002884501794830088
17.11	0.0028738278266379714
17.12	0.0028631995590155395
17.13	0.002852616769772879
17.14	0.0028420792379291364
17.150000000000002	0.0028315867437052294
17.16	0.0028211390685166393
17.17	0.0028107359949661927
17.18	0.0028003773068369605
17.19	0.0027900627890851356
17.2	0.002779792227833029
17.21	0.00276956541036203
17.22	0.0027593821251056905
17.23	0.0027492421616428044
17.240000000000002	0.0027391453106905585
17.25	0.002729091364097703
17.26	0.0027190801148377942
17.27	0.0027091113570024685
17.28	0.0026991848857947608
17.29	0.0026893004975224624
17.3	0.002679457989591535
17.31	0.0026696571604995496
17.32	0.0026598978098291964
17.330000000000002	0.0026501797382417953
17.34	0.0026405027474709
17.35	0.002630866640315889
17.36	0.0026212712206356535
17.37	0.002611716293342276
17.38	0.0026022016643947867
17.39	0.0025927271407929506
17.400000000000002	0.0025832925305710706
17.41	0.0025738976427918804
17.42	0.0025645422875404185
17.43	0.0025552262759180088
17.44	0.0025459494200361986
17.45	0.002536711533010825
17.46	0.002527512428956039
17.47	0.002518351922978438
17.48	0.0025092298311711735
17.490000000000002	0.002500145970608146
17.5	0.002491100159338208
17.51	0.0024820922163794287
17.52	0.0024731219617133617
17.53	0.002464189216279384
17.54	0.002455293801969055
17.55	0.002446435541620516
17.56	0.0024376142590129104
17.57	0.0024288297788608746
17.580000000000002	0.0024200819268090277
17.59	0.0024113705294265225
17.6	0.0024026954142016095
17.61	0.0023940564095362637
17.62	0.0023854533447408115
17.63	0.0023768860500286253
17.64	0.0023683543565108348
17.650000000000002	0.002359858096191064
17.66	0.0023513971019602288
17.67	0.0023429712075913422
17.68	0.0023345802477343623
17.69	0.0023262240579110796
17.7	0.002317902474510023
17.71	0.002309615334781417
17.72	0.0023013624768321458
17.73	0.0022931437396207736
17.740000000000002	0.002284958962952595
17.75	0.0022768079874746915
17.76	0.002268690654671045
17.77	0.002260606806857687
17.78	0.0022525562871778377
17.79	0.0022445389395971396
17.8	0.0022365546088988545
17.81	0.0022286031406791506
17.82	0.002220684381342374
17.830000000000002	0.00221279817809637
17.84	0.0022049443789478387
17.85	0.0021971228326977095
17.86	0.0021893333889365625
17.87	0.0021815758980400332
17.88	0.0021738502111643175
17.89	0.0021661561802416357
17.900000000000002	0.002158493657975779
17.91	0.0021508624978376404
17.92	0.002143262554060816
17.93	0.002135693681637189
17.94	0.0021281557363125874
17.95	0.0021206485745824265
17.96	0.00211317205368742
17.97	0.002105726031609278
17.98	0.0020983103670664666
17.990000000000002	0.0020909249195099656
18.	0.002083569549119082
18.01	0.002076244116797258
18.02	0.002068948484167932
18.03	0.0020616825135704076
18.04	0.002054446068055772
18.05	0.0020472390113827977
18.06	0.0020400612080139174
18.07	0.0020329125231111967
18.080000000000002	0.002025792822532341
18.09	0.002018701972826714
18.1	0.0020116398412314052
18.11	0.0020046062956672966
18.12	0.0019976012047351827
18.13	0.0019906244377118753
18.14	0.0019836758645463766
18.150000000000002	0.0019767553558560367
18.16	0.001969862782922774
18.17	0.0019629980176892746
18.18	0.0019561609327552578
18.19	0.0019493514013737363
18.2	0.0019425692974473169
18.21	0.0019358144955245048
18.22	0.0019290868707960635
18.23	0.0019223862990913488
18.240000000000002	0.0019157126568747236
18.25	0.0019090658212419416
18.26	0.0019024456699165823
18.27	0.001895852081246521
18.28	0.0018892849342003676
18.29	0.0018826987848681385
18.3	0.0018758405644499069
18.31	0.0018690110530709392
18.32	0.0018622101149718842
18.330000000000002	0.0018554376151089765
18.34	0.0018486934191498656
18.35	0.0018419773934694893
18.36	0.0018352894051459666
18.37	0.0018286293219565116
18.38	0.0018219970123733887
18.39	0.001815392345559875
18.400000000000002	0.001808815191366258
18.41	0.001802265420325863
18.42	0.0017957429036510918
18.43	0.0017892475132295054
18.44	0.0017827791216199118
18.45	0.001776337602048491
18.46	0.0017699228284049416
18.47	0.0017635346752386514
18.48	0.0017571730177548845
18.490000000000002	0.0017508377318110194
18.5	0.0017445286939127686
18.51	0.0017382457812104568
18.52	0.001731988871495306
18.53	0.0017257578431957615
18.54	0.0017195525753738012
18.55	0.0017133729477213245
18.56	0.0017072188405565089
18.57	0.001701090134820242
18.580000000000002	0.001694986712072514
18.59	0.001688908454488903
18.6	0.0016828552448570182
18.61	0.0016768269665730189
18.62	0.0016708235036381044
18.63	0.0016648447406550765
18.64	0.0016588905628248801
18.650000000000002	0.0016529608559431954
18.66	0.0016470555063970377
18.67	0.0016411744011613748
18.68	0.0016353174277957826
18.69	0.001629484474441103
18.7	0.0016236754298161271
18.71	0.0016178901832143127
18.72	0.0016121286245005092
18.73	0.0016063906441076917
18.740000000000002	0.0016006761330337519
18.75	0.0015949849828382607
18.76	0.0015893170856393032
18.77	0.0015836723341102858
18.78	0.0015780506214767946
18.79	0.001572451841513454
18.8	0.0015668758885408294
18.81	0.0015613226574223101
18.82	0.001555792043561058
18.830000000000002	0.001550283942896929
18.84	0.0015447982519034616
18.85	0.0015393348675848341
18.86	0.00153389368747288
18.87	0.0015284746096241018
18.88	0.0015230775326167143
18.89	0.0015177023555476865
18.900000000000002	0.0015123489780298342
18.91	0.0015070173001888944
18.92	0.0015017072226606511
18.93	0.00149641864658805
18.94	0.0014911514736183494
18.95	0.001485905605900283
18.96	0.0014806809460812427
18.97	0.0014754773973044686
18.98	0.0014702948632062712
18.990000000000002	0.0014651332479132635
19.	0.001459992456039605
19.01	0.0014548723926842675
19.02	0.0014497729634283239
19.03	0.001444694074332244
19.04	0.0014396356319332111
19.05	0.0014345975432424481
19.06	0.0014295797157425762
19.07	0.001424582057384973
19.080000000000002	0.0014196044765871546
19.09	0.0014146468822301731
19.1	0.0014097091836560317
19.11	0.0014047912906651086
19.12	0.0013998931135136023
19.13	0.001395014562910993
19.14	0.00139015555001752
19.150000000000002	0.001385315986441667
19.16	0.0013804957842376718
19.17	0.0013756948559030468
19.18	0.0013709131143761137
19.19	0.001366150473033554
19.2	0.00136140684568798
19.21	0.0013566821465855114
19.22	0.001351976290403368
19.23	0.0013472891922474888
19.240000000000002	0.0013426207676501458
19.25	0.001337970932567591
19.26	0.0013333396033777059
19.27	0.001328726696877669
19.28	0.001324132130281637
19.29	0.0013195558212184461
19.3	0.0013149976877293093
19.31	0.001310457648265552
19.32	0.0013059356216863405
19.330000000000002	0.0013014315272564417
19.34	0.0012969452846439719
19.35	0.0012924768139181964
19.36	0.001288026035547296
19.37	0.0012835928703961938
19.38	0.0012791772397243543
19.39	0.0012747790651836315
19.400000000000002	0.001270398268816095
19.41	0.0012660347730519019
19.42	0.0012616885007071534
19.43	0.0012573593749817908
19.44	0.0012530473194574756
19.45	0.0012487522580955127
19.46	0.001244474115234754
19.47	0.0012402128155895485
19.48	0.0012359682842476704
19.490000000000002	0.0012317404466682912
19.5	0.0012275292286799393
19.51	0.0012233345564784841
19.52	0.0012191563566251323
19.53	0.0012149945560444334
19.54	0.00121084908202229
19.55	0.001206719862204
19.56	0.0012026068245922848
19.57	0.0011985098975453537
19.580000000000002	0.0011944290097749576
19.59	0.001190364090344471
19.6	0.0011863493274318752
19.61	0.001182418850026831
19.62	0.0011785033884946351
19.63	0.001174602877859573
19.64	0.0011707172534599901
19.650000000000002	0.0011668464509466032
19.66	0.0011629904062808404
19.67	0.0011591490557331786
19.68	0.0011553223358815028
19.69	0.0011515101836094596
19.7	0.0011477125361048386
19.71	0.0011439293308579445
19.72	0.0011401605056599936
19.73	0.0011364059986015106
19.740000000000002	0.001132665748070737
19.75	0.0011289396927520565
19.76	0.001125227771624414
19.77	0.001121529923959755
19.78	0.0011178460893214752
19.79	0.0011141762075628702
19.8	0.001110520218825606
19.81	0.0011068780635381818
19.82	0.0011032496824144233
19.830000000000002	0.0010996350164519646
19.84	0.00109603400693075
19.85	0.0010924465954115423
19.86	0.0010888727237344398
19.87	0.0010853123340173996
19.88	0.0010817653686547748
19.89	0.001078231770315848
19.900000000000002	0.0010747114819433965
19.91	0.0010712044467522351
19.92	0.001067710608227796
19.93	0.0010642299101246938
19.94	0.0010607622964653191
19.95	0.0010573077115384234
19.96	0.0010538660998977208
19.97	0.0010504374063604947
19.98	0.0010470215760062212
19.990000000000002	0.0010436185541751804
20.	0.0010402282864670988
20.01	0.0010368507187397836
20.02	0.0010334857971077739
20.03	0.0010301334679409914
20.04	0.0010267936778634071
20.05	0.0010234663737517106
20.06	0.0010201515027339892
20.07	0.0010168490121884096
20.080000000000002	0.0010135588497419189
20.09	0.0010102809632689391
20.1	0.0010070153008900759
20.11	0.0010037618109708388
20.12	0.001000520442120357
20.13	0.0009972911431901184
20.14	0.000994073863272697
20.150000000000002	0.0009908685517005075
20.16	0.0009876751580445492
20.17	0.000984493632113171
20.18	0.0009813239239508304
20.19	0.000978165983836877
20.2	0.000975019762284319
20.21	0.0009718852100386258
20.22	0.0009687622780765044
20.23	0.0009656509176047165
20.240000000000002	0.0009625510800588735
20.25	0.0009594627171022614
20.26	0.0009563857806246504
20.27	0.0009533202227411341
20.28	0.0009502659957909524
20.29	0.0009472230523363441
20.3	0.0009441913451613841
20.31	0.0009411708272708439
20.32	0.0009381614518890515
20.330000000000002	0.0009351631724587529
20.34	0.0009321759426399932
20.35	0.0009291997163089896
20.36	0.0009262344475570229
20.37	0.000923280090689325
20.38	0.0009203366002239801
20.39	0.0009174039308908298
20.400000000000002	0.0009144820376303833
20.41	0.0009115708755927336
20.42	0.0009086704001364808
20.43	0.000905780566827663
20.44	0.0009029013314386905
20.45	0.0009000326499472862
20.46	0.0008971744785354317
20.47	0.000894326773588328
20.48	0.0008914894916933406
20.490000000000002	0.0008886625896389782
20.5	0.0008858460244138545
20.51	0.0008830397532056685
20.52	0.0008802437334001854
20.53	0.0008774579225802208
20.54	0.000874682278524645
20.55	0.0008719167592073669
20.56	0.0008691613227963523
20.57	0.0008664159276526239
20.580000000000002	0.0008636805323292853
20.59	0.0008609550955705349
20.6	0.0008582395763106998
20.61	0.0008555339336732599
20.62	0.0008528381269698938
20.63	0.0008501521156995144
20.64	0.000847475859547322
20.650000000000002	0.0008448093183838554
20.66	0.0008421524522640528
20.67	0.0008395052214263117
20.68	0.0008368675862915621
20.69	0.0008342395074623399
20.7	0.000831620945721866
20.71	0.0008290118620331291
20.72	0.0008264122175379811
20.73	0.0008238219735562223
20.740000000000002	0.0008212410915847119
20.75	0.0008186695332964654
20.76	0.0008161072605397665
20.77	0.0008135542353372807
20.78	0.0008110104198851792
20.79	0.000808475776552257
20.8	0.0008059502678790641
20.81	0.0008034338565770442
20.82	0.0008009265055276671
20.830000000000002	0.0007984281777815741
20.84	0.0007959388365577304
20.85	0.0007934584452425715
20.86	0.0007909869673891663
20.87	0.0007885243667163744
20.88	0.0007860706071080205
20.89	0.0007836256526120548
20.900000000000002	0.0007811894674397407
20.91	0.0007787620159648279
20.92	0.0007763432627227401
20.93	0.0007739331724097615
20.94	0.0007715317098822366
20.95	0.0007691388401557643
20.96	0.0007667545284043994
20.97	0.0007643787399598655
20.98	0.0007620114403107606
20.990000000000002	0.0007596525951017757
21.	0.0007574162987783225
21.01	0.0007557138716775289
21.02	0.0007540160784542525
21.03	0.000752322904299914
21.04	0.0007506343344602681
21.05	0.000748950354235179
21.06	0.0007472709489783937
21.07	0.0007455961040973231
21.080000000000002	0.0007439258050528154
21.09	0.0007422600373589394
21.1	0.000740598786582762
21.11	0.000738942038344129
21.12	0.0007372897783154516
21.13	0.0007356419922214818
21.14	0.0007339986658391045
21.150000000000002	0.0007323597849971175
21.16	0.0007307253355760189
21.17	0.0007290953035077939
21.18	0.000727469674775705
21.19	0.0007258484354140782
21.2	0.0007242315715080937
21.21	0.0007226190691935787
21.22	0.0007210109146567967
21.23	0.0007194070941342424
21.240000000000002	0.0007178075939124327
21.25	0.0007162124003277056
21.26	0.0007146214997660127
21.27	0.0007130348786627173
21.28	0.0007114525235023902
21.29	0.0007098744208186117
21.3	0.0007083005571937664
21.31	0.0007067309192588469
21.32	0.0007051654936932533
21.330000000000002	0.0007036042672245978
21.34	0.0007020472266285036
21.35	0.0007004943587284129
21.36	0.0006989456503953877
21.37	0.0006974010885479207
21.38	0.0006958606601517358
21.39	0.0006943243522196016
21.400000000000002	0.0006927921518111353
21.41	0.0006912640460326132
21.42	0.0006897400220367816
21.43	0.0006882200670226671
21.44	0.0006867041682353887
21.45	0.000685192312965969
21.46	0.0006836844885511498
21.47	0.000682180682373206
21.48	0.0006806808818597587
21.490000000000002	0.0006791850744835946
21.5	0.0006776932477624798
21.51	0.0006762053892589803
21.52	0.000674721486580276
21.53	0.000673241527377985
21.54	0.0006717654993479826
21.55	0.0006702933902302186
21.56	0.0006688251878085443
21.57	0.0006673608799105308
21.580000000000002	0.0006659004544072941
21.59	0.0006644438992133214
21.6	0.0006629912022862912
21.61	0.000661542351626902
21.62	0.0006600973352787008
21.63	0.0006586561413279051
21.64	0.0006572187579032354
21.650000000000002	0.0006557851731757422
21.66	0.000654355375358637
21.67	0.0006529293527071202
21.68	0.0006515070935182134
21.69	0.0006500885861305939
21.7	0.0006486738189244225
21.71	0.0006472627803211795
21.72	0.0006458554587835005
21.73	0.000644451842815009
21.740000000000002	0.000643051920960151
21.75	0.000641655681804033
21.76	0.0006402631139722606
21.77	0.0006388742061307736
21.78	0.0006374889469856856
21.79	0.0006361073252831215
21.8	0.0006347293298090634
21.81	0.0006333549493891835
21.82	0.0006319841728886879
21.830000000000002	0.0006306169892121642
21.84	0.0006292533873034155
21.85	0.0006278933561453124
21.86	0.0006265368847596293
21.87	0.0006251839622068955
21.88	0.0006238345775862371
21.89	0.000622488720035225
21.900000000000002	0.0006211463787297211
21.91	0.0006198075428837277
21.92	0.0006184722017492308
21.93	0.000617140344616056
21.94	0.0006158119608117123
21.95	0.0006144870397012471
21.96	0.0006131655706870916
21.97	0.0006118475432089189
21.98	0.0006105329467434902
21.990000000000002	0.0006092217708045135
22.	0.0006079140049424927
22.01	0.0006066096387445821
22.02	0.0006053086618344435
22.03	0.0006040110638721027
22.04	0.0006027168345538002
22.05	0.0006014259636118554
22.06	0.0006001384408145152
22.07	0.0005988542559658227
22.080000000000002	0.0005975733989054644
22.09	0.0005962958595086406
22.1	0.000595021627685915
22.11	0.000593750693383083
22.12	0.0005924830465810301
22.13	0.0005912186772955915
22.14	0.000589957575577418
22.150000000000002	0.000588699731511838
22.16	0.0005874451352187187
22.17	0.0005861937768523325
22.18	0.0005849456466012217
22.19	0.0005837007346880644
22.2	0.0005824590313695373
22.21	0.0005812205269361863
22.22	0.0005799852117122902
22.23	0.0005787530760557313
22.240000000000002	0.0005775241103578597
22.25	0.0005762983050433683
22.26	0.0005750756505701556
22.27	0.0005738561374292
22.28	0.0005726397561444296
22.29	0.0005714264972725898
22.3	0.0005702163514031215
22.31	0.0005690093091580276
22.32	0.0005678053611917482
22.330000000000002	0.0005666044981910341
22.34	0.0005654067108748197
22.35	0.000564211989994099
22.36	0.0005630203263317979
22.37	0.0005618317107026527
22.38	0.0005606461339530853
22.39	0.0005594635869610771
22.400000000000002	0.0005582840606360508
22.41	0.0005571075459187443
22.42	0.0005559340337810924
22.43	0.0005547635152260989
22.44	0.0005535959812877262
22.45	0.0005540372506786861
22.46	0.0005621241301206026
22.47	0.0005703253690435047
22.48	0.0005786425326690452
22.490000000000002	0.0005870772069310904
22.5	0.0005956309987403727