0.01	3.0906603710403515
0.02	2.6465771049611595
0.03	2.512954389446008
0.04	2.4470132052159204
0.05	2.3952155872803944
0.06	2.3508516839471376
0.07	2.3083016486788597
0.08	2.2715814780159085
0.09	2.235606101979024
0.1	2.1995280587869313
0.11	2.164574441068365
0.12	2.130736475928328
0.13	2.096608767614175
0.14	2.0644697622617767
0.15	2.031805588438555
0.16	2.001553260173323
0.17	1.9714740488877924
0.18	1.9432235408847098
0.19	1.9145982755792692
0.2	1.8854319105812318
0.21	1.8581012928577076
0.22	1.830729388293036
0.23	1.804358232009587
0.24	1.7794656309280044
0.25	1.75415816855914
0.26	1.7289613793589642
0.27	1.705057398486331
0.28	1.6823355766801065
0.29	1.6587051602375749
0.3	1.636118049083353
0.31	1.6145642893795102
0.32	1.5939654936045298
0.33	1.572483899369834
0.34	1.551516983280485
0.35000000000000003	1.5314254506748213
0.36	1.5121492688792053
0.37	1.4935683532344688
0.38	1.4741939823445505
0.39	1.4555645401407216
0.4	1.4376333600538622
0.41000000000000003	1.4203577727656882
0.42	1.403698676248691
0.43	1.386836658791465
0.44	1.3699690488814584
0.45	1.3536788275176397
0.46	1.3379340449409385
0.47000000000000003	1.3227051647934396
0.48	1.3079648350998374
0.49	1.2933200802454443
0.5	1.278196761435596
0.51	1.2635445720372451
0.52	1.2493400212353967
0.53	1.2355612123117858
0.54	1.2221877068416438
0.55	1.2092004027274519
0.56	1.196505251698905
0.5700000000000001	1.1829914892069298
0.58	1.1698614409493167
0.59	1.1570978731116175
0.6	1.1446846010729836
0.61	1.132606409329698
0.62	1.1208489787268505
0.63	1.1093988202254519
0.64	1.0982432145248169
0.65	1.0866002389870588
0.66	1.0750326020981211
0.67	1.0637593095487188
0.68	1.0527686437278936
0.6900000000000001	1.0420495169140125
0.7000000000000001	1.031591428881222
0.71	1.0213844279172342
0.72	1.011419074934285
0.73	1.0016864103887309
0.74	0.9919331759581695
0.75	0.9817064317044705
0.76	0.971718500975245
0.77	0.9619607734354697
0.78	0.9524250557598148
0.79	0.9431035464059606
0.8	0.9339888122106734
0.81	0.9250737666560288
0.8200000000000001	0.9163516496676603
0.8300000000000001	0.9078160088198531
0.84	0.8994606818339124
0.85	0.8910187614108126
0.86	0.88223441992513
0.87	0.8736367437373778
0.88	0.8652196883048175
0.89	0.8569774705916863
0.9	0.8489045549732042
0.91	0.8409956400460749
0.92	0.8332456462779547
0.93	0.8256497044340728
0.9400000000000001	0.8182031447243449
0.9500000000000001	0.810901486619009
0.96	0.8037404292850641
0.97	0.7967158425996539
0.98	0.7892971762525707
0.99	0.7818815686941578
1.	0.77460911760514
1.01	0.7674756688688382
1.02	0.7604772284714176
1.03	0.7536099548363947
1.04	0.7468701515963584
1.05	0.7402542607730418
1.06	0.7337588563390368
1.07	0.7273806381364283
1.08	0.7211164261294409
1.09	0.7149631549698499
1.1	0.708917868855454
1.11	0.7029777166633026
1.12	0.6969289673561929
1.1300000000000001	0.6906524316024547
1.1400000000000001	0.6844869794819196
1.1500000000000001	0.6784296962346241
1.16	0.6724777680479743
1.17	0.6666284777277655
1.18	0.6608792005899548
1.19	0.6552274005601699
1.2	0.6496706264688025
1.21	0.6442065085303483
1.22	0.6388327549963925
1.23	0.6335471489723362
1.24	0.6283475453885972
1.25	0.6232318681176118
1.26	0.6181981072285204
1.27	0.613244316371926
1.28	0.6083686102875969
1.29	0.6031273913529005
1.3	0.5978934256187195
1.31	0.5927444681281848
1.32	0.5876785049760883
1.33	0.5826935847442466
1.34	0.5777878161110348
1.35	0.5729593655693895
1.36	0.5682064552475987
1.37	0.5635273608275341
1.3800000000000001	0.5589204095552894
1.3900000000000001	0.5543839783394959
1.4000000000000001	0.5499164919328455
1.41	0.5455164211926209
1.42	0.5411822814162649
1.43	0.5369126307482543
1.44	0.5327060686547453
1.45	0.5285612344626633
1.46	0.5244768059600894
1.47	0.5204514980549758
1.48	0.5161010421101893
1.49	0.5117555172755179
1.5	0.5074752830306252
1.51	0.5032589328696002
1.52	0.4991050996321389
1.53	0.49501245415313394
1.54	0.4909797039670737
1.55	0.48700559206468663
1.56	0.48308889569940405
1.57	0.47922842524134013
1.58	0.47542302307660933
1.59	0.47167156254991244
1.6	0.46797294694843283
1.61	0.464326108525182
1.62	0.4607300075600289
1.6300000000000001	0.4571836314567349
1.6400000000000001	0.45368599387440744
1.6500000000000001	0.4502361338918552
1.6600000000000001	0.4468331152034103
1.67	0.4434760253448515
1.68	0.4401639749481278
1.69	0.43687203538597225
1.7	0.43327262719694837
1.71	0.429723725795028
1.72	0.42622433328724263
1.73	0.42277347714417385
1.74	0.41937020941338937
1.75	0.41601360596162074
1.76	0.4127027657444773
1.77	0.4094368101025435
1.78	0.4062148820827678
1.79	0.40303614578409414
1.8	0.3998997857263435
1.81	0.3968050062413922
1.82	0.393751030885746
1.83	0.39073710187364036
1.84	0.3877624795298457
1.85	0.38482644176138786
1.86	0.38192828354743363
1.87	0.37906731644662084
1.8800000000000001	0.37624286812114993
1.8900000000000001	0.3734542818769774
1.9000000000000001	0.3707009162194884
1.9100000000000001	0.3679821444240462
1.92	0.3652973541208471
1.93	0.36264594689353247
1.94	0.3600168914262224
1.95	0.35713428554660376
1.96	0.3542893286737877
1.97	0.3514813407387659
1.98	0.3487096573247062
1.99	0.345973629229975
2.	0.34327262204548004
2.0100000000000002	0.3406060157457949
2.02	0.33797320429355093
2.0300000000000002	0.3353735952566021
2.04	0.33280660943749063
2.05	0.3302716805147603
2.06	0.3277682546956811
2.07	0.3252957903799719
2.08	0.32285375783411946
2.09	0.3204416388759112
2.1	0.3180589265688153
2.11	0.3157051249258549
2.12	0.31337974862263784
2.13	0.3110823227192177
2.14	0.3088123823904746
2.15	0.3065694726647167
2.16	0.30435314817021275
2.17	0.3021629728893835
2.18	0.29999851992038223
2.19	0.29785937124581363
2.2	0.29574511750834176
2.21	0.2936553577929561
2.22	0.2915896994156656
2.23	0.28947224660549714
2.24	0.28720363795906895
2.25	0.28496279529782437
2.2600000000000002	0.2827492576377291
2.27	0.28056257364192083
2.2800000000000002	0.27840230137746186
2.29	0.27626800807925966
2.3000000000000003	0.27415926992091166
2.31	0.27207567179224557
2.32	0.27001680708332726
2.33	0.26798227747472547
2.34	0.26597169273382293
2.35	0.2639846705169773
2.36	0.2620208361773377
2.37	0.26007982257813217
2.38	0.25816126991125143
2.39	0.256264825520951
2.4	0.25439014373251295
2.41	0.2525368856857036
2.42	0.2507047191728753
2.43	0.24889331848156368
2.44	0.24710236424143875
2.45	0.24533154327547063
2.46	0.24358054845517807
2.47	0.24184907855983215
2.48	0.2401368381394903
2.49	0.23844353738174237
2.5	0.23676889198205467
2.5100000000000002	0.23511262301759775
2.52	0.2334744568244552
2.5300000000000002	0.23185412487810622
2.54	0.2302513636770838
2.5500000000000003	0.22866591462971242
2.56	0.22703660967607436
2.57	0.2252871834399801
2.58	0.2235579529896882
2.59	0.22184860825139557
2.6	0.2201588450840319
2.61	0.21848836514349437
2.62	0.21683687575049257
2.63	0.21520408976189795
2.64	0.21358972544548954
2.65	0.21199350635799494
2.66	0.21041516122632697
2.67	0.2088544238319224
2.68	0.20731103289808717
2.69	0.20578473198026384
2.7	0.20427526935912962
2.71	0.20278239793644656
2.72	0.2013058751335797
2.73	0.19984546279260743
2.74	0.19840092707994783
2.75	0.1969720383924281
2.7600000000000002	0.19555857126572634
2.77	0.19416030428511877
2.7800000000000002	0.19277701999846364
2.79	0.19140850483136107
2.8000000000000003	0.19005454900442426
2.81	0.18871494645260406
2.82	0.18738949474650707
2.83	0.18607799501565356
2.84	0.18478025187361768
2.85	0.18349607334500082
2.86	0.18222527079418324
2.87	0.1809676588558081
2.88	0.17972305536694794
2.89	0.17849128130090694
2.9	0.17727216070261587
2.91	0.176065520625574
2.92	0.1748711910702974
2.93	0.17368900492423142
2.94	0.172451915787743
2.95	0.17113700895558576
2.96	0.1698365270188279
2.97	0.1685502637981657
2.98	0.16727801674182435
2.99	0.16601958684984164
3.	0.16477477860017822
3.0100000000000002	0.16354339987660502
3.02	0.16232526189831964
3.0300000000000002	0.16112017915124346
3.04	0.15992796932095565
3.0500000000000003	0.15874845322721828
3.06	0.15758145476005075
3.0700000000000003	0.15642680081731175
3.08	0.15528432124374775
3.09	0.1541538487714702
3.1	0.15303521896182234
3.11	0.15192827014859903
3.12	0.1508328433825848
3.13	0.1497487823773736
3.14	0.1486759334564392
3.15	0.1476141455014206
3.16	0.14656326990159302
3.17	0.14552316050449304
3.18	0.14449367356766718
3.19	0.14347466771151607
3.2	0.1424660038732054
3.21	0.14146754526161628
3.22	0.14047915731330868
3.23	0.13950070764947134
3.24	0.13853206603383483
3.25	0.13757310433152095
3.2600000000000002	0.1366236964688069
3.27	0.13568371839377977
3.2800000000000002	0.13475304803786
3.29	0.13383156527817125
3.3000000000000003	0.1329191519007358
3.31	0.13201569156447576
3.3200000000000003	0.131121069765998
3.33	0.1302351738051463
3.34	0.12935789275129905
3.35	0.12848911741039612
3.36	0.12762874029267576
3.37	0.12677665558110512
3.38	0.125816783732419
3.39	0.12485797432887628
3.4	0.12390926369251681
3.41	0.12297051622216144
3.42	0.1220415985276745
3.43	0.12112237938758523
3.44	0.1202127297076424
3.45	0.11931252248027792
3.46	0.11842163274495808
3.47	0.11753993754940006
3.48	0.11666731591163161
3.49	0.11580364878287491
3.5	0.1149488190112325
3.5100000000000002	0.11410271130615728
3.52	0.11326521220368654
3.5300000000000002	0.11243621003242205
3.54	0.11161559488023709
3.5500000000000003	0.110803258561695
3.56	0.10999909458615943
3.5700000000000003	0.10920299812658162
3.58	0.10841486598894816
3.59	0.10763459658237273
3.6	0.10686208988981713
3.61	0.1060972474394266
3.62	0.10533997227646476
3.63	0.1045901689358338
3.64	0.10384774341516684
3.65	0.1031126031484781
3.66	0.10238465698035842
3.67	0.10166381514070359
3.68	0.10094998921996201
3.69	0.1002430921448913
3.7	0.0995430381548101
3.71	0.09884974277833578
3.72	0.09816312281059442
3.73	0.09748309629089474
3.74	0.09680958248085329
3.75	0.09614250184296183
3.7600000000000002	0.09548177601958625
3.77	0.09482732781238734
3.7800000000000002	0.09417908116215408
3.79	0.09353696112903975
3.8000000000000003	0.09290089387319182
3.81	0.0922708066357674
3.8200000000000003	0.09164662772032424
3.83	0.09102828647458071
3.84	0.09041571327253464
3.85	0.08980883949693454
3.86	0.08920759752209455
3.87	0.08861192069704535
3.88	0.08792608891494798
3.89	0.08724623085306792
3.9	0.08657335483165918
3.91	0.08590737151834975
3.92	0.08524819294813235
3.93	0.08459573249901732
3.94	0.08394990486817996
3.95	0.08331062604859073
3.96	0.08267781330611705
3.97	0.08205138515708642
3.98	0.08143126134630009
3.99	0.08081736282548767
4.	0.08020961173219189
4.01	0.07960793136907467
4.0200000000000005	0.07901224618363499
4.03	0.07842248174832854
4.04	0.07783856474108146
4.05	0.07726042292618843
4.0600000000000005	0.07668798513558696
4.07	0.07612118125049978
4.08	0.07555994218343677
4.09	0.07500419986054872
4.1	0.07445388720432558
4.11	0.07390893811663077
4.12	0.07336928746206532
4.13	0.07283487105165365
4.14	0.07230562562684469
4.15	0.07178148884382116
4.16	0.07126239925811051
4.17	0.07074829630949099
4.18	0.07023912030718618
4.19	0.06973481241534263
4.2	0.06923531463878338
4.21	0.06874056980903244
4.22	0.06825052157060402
4.23	0.06776511436755088
4.24	0.0672842934302666
4.25	0.06680800476253569
4.26	0.06633619512882742
4.2700000000000005	0.06586881204182696
4.28	0.06540580375020019
4.29	0.06494711922658586
4.3	0.0644927081558116
4.3100000000000005	0.06404252092332827
4.32	0.06359650860385858
4.33	0.06315462295025527
4.34	0.06271681638256453
4.3500000000000005	0.06228304197729072
4.36	0.06185325345685762
4.37	0.06142740517926291
4.38	0.06100545212792142
4.39	0.06058734990169306
4.4	0.06017305470509271
4.41	0.05976252333867694
4.42	0.059355713189605114
4.43	0.05895258222237075
4.44	0.05855308896969964
4.45	0.058109354636285374
4.46	0.057644629301954194
4.47	0.05718464893941806
4.48	0.056729354648105704
4.49	0.05627868838777488
4.5	0.05583259296406723
4.51	0.055391012014337423
4.5200000000000005	0.05495388999375049
4.53	0.054521172161641276
4.54	0.05409280456813139
4.55	0.053668734040997104
4.5600000000000005	0.05324890817278425
4.57	0.052833275308163605
4.58	0.05242178453152288
4.59	0.052014385654789774
4.6000000000000005	0.05161102920548126
4.61	0.05121166641497504
4.62	0.05081624920699762
4.63	0.050424730186325366
4.64	0.050037062627693855
4.65	0.049653200464911035
4.66	0.04927309828017049
4.67	0.04889671129356
4.68	0.04852399535276251
4.69	0.048154906922944156
4.7	0.047789403076827094
4.71	0.04742744148494192
4.72	0.04706898040605725
4.73	0.04671397867778212
4.74	0.046362395707338015
4.75	0.04601419146249722
4.76	0.04566932646268367
4.7700000000000005	0.04532776177023378
4.78	0.044989458981813474
4.79	0.04465438021998841
4.8	0.044322488124944735
4.8100000000000005	0.043993745846356666
4.82	0.043668117035398676
4.83	0.04334556583689917
4.84	0.04302605688163268
4.8500000000000005	0.04270955527874812
4.86	0.0423960266083302
4.87	0.04208543691409171
4.88	0.04177775269619376
4.89	0.04147294090419145
4.9	0.04117096893010321
4.91	0.04087180460160033
4.92	0.04057541617531524
4.93	0.040281772330265773
4.94	0.03999084216139344
4.95	0.03970259517321325
4.96	0.039417001273573
4.97	0.03913403076752021
4.98	0.038853654351274185
4.99	0.03857584310630164
5.	0.038300568493493475
5.01	0.03802780234744108
5.0200000000000005	0.03775751687081035
5.03	0.037489684628810985
5.04	0.03722427854376013
5.05	0.03696127188973778
5.0600000000000005	0.0367006382873327
5.07	0.036442351698477086
5.08	0.03618638642136784
5.09	0.03593271708547381
5.1000000000000005	0.03568131864662612
5.11	0.03540183591821437
5.12	0.03511847710934478
5.13	0.034837932598083446
5.14	0.03456016902855707
5.15	0.034285153504043146
5.16	0.034012853579775064
5.17	0.0337432372558729
5.18	0.033476272970398895
5.19	0.033211929592533836
5.2	0.032950176415873104
5.21	0.032690983151839374
5.22	0.03243431992320988
5.23	0.03218015725775636
5.24	0.0319284660819949
5.25	0.03167921771504432
5.26	0.03143238386259032
5.2700000000000005	0.03118793661095363
5.28	0.03094584842126063
5.29	0.030706092123713394
5.3	0.03046864091195868
5.3100000000000005	0.03023346833755266
5.32	0.030000548304520543
5.33	0.029769855064008675
5.34	0.029541363209027713
5.3500000000000005	0.02931504766928518
5.36	0.029090883706105283
5.37	0.028868846907435044
5.38	0.028648913182934437
5.39	0.028431058759149495
5.4	0.028215260174766513
5.41	0.028001494275945896
5.42	0.027789738211734423
5.43	0.02757996942955392
5.44	0.027372165670765697
5.45	0.02716630496630852
5.46	0.026962365632409408
5.47	0.02675393308334964
5.48	0.026534743641407527
5.49	0.026317744690542395
5.5	0.02610291040952808
5.51	0.025890215327678386
5.5200000000000005	0.02567963431946369
5.53	0.02547114259922013
5.54	0.025264715715948946
5.55	0.025060329548204734
5.5600000000000005	0.0248579602990709
5.57	0.024657584491220356
5.58	0.024459178962060336
5.59	0.024262720858959183
5.6000000000000005	0.0240681876345543
5.61	0.02387555704213892
5.62	0.023684807131126962
5.63	0.02349591624259404
5.64	0.02330886300489343
5.65	0.023123626329345563
5.66	0.02294018540599962
5.67	0.022758519699466108
5.68	0.02257860894481866
5.69	0.022400433143564425
5.7	0.02222397255968111
5.71	0.022049207715720078
5.72	0.021876119388973797
5.73	0.021704688607706666
5.74	0.021534896647448263
5.75	0.021366725027347346
5.76	0.021200155506586167
5.7700000000000005	0.02103517008085343
5.78	0.020871750978875184
5.79	0.020709880659002408
5.8	0.020549541805854478
5.8100000000000005	0.020390717327017173
5.82	0.020233390349794666
5.83	0.02007754421801411
5.84	0.01992316248888217
5.8500000000000005	0.019770228929892546
5.86	0.01961472349515898
5.87	0.019447769740837638
5.88	0.019282517596668932
5.89	0.01911894686987515
5.9	0.018957037641007295
5.91	0.0187967702597906
5.92	0.018638125341040205
5.93	0.018481083760645393
5.94	0.01832562665162149
5.95	0.018171735400227745
5.96	0.018019391642150516
5.97	0.017868577258749938
5.98	0.017719274373369454
5.99	0.017571465347706823
6.	0.017425132778245277
6.01	0.01728025949274426
6.0200000000000005	0.017136828546788052
6.03	0.016994823220391732
6.04	0.01685422701466309
6.05	0.01671502364851963
6.0600000000000005	0.01657719705545972
6.07	0.01644073138038671
6.08	0.016305610976485283
6.09	0.01617182040214894
6.1000000000000005	0.016039344417957783
6.11	0.015908167983705607
6.12	0.01577827625547564
6.13	0.01564965458276364
6.140000000000001	0.015522288505648017
6.15	0.015396163752005624
6.16	0.01527126623477295
6.17	0.015147582049251351
6.18	0.015025097470455944
6.19	0.014903798950507254
6.2	0.014783673116064724
6.21	0.014664706765801668
6.22	0.014546886867920616
6.23	0.01443020055770844
6.24	0.014314635135130706
6.25	0.014200178062464312
6.26	0.014086816961967993
6.2700000000000005	0.013974539613589854
6.28	0.013858945331842384
6.29	0.013736096641405132
6.3	0.013614529472898864
6.3100000000000005	0.013494228455428293
6.32	0.013375178426402323
6.33	0.013257364428387782
6.34	0.013140771706015398
6.3500000000000005	0.013025385702937405
6.36	0.01291119205883543
6.37	0.012798176606478119
6.38	0.012686325368827458
6.390000000000001	0.012575624556192754
6.4	0.012466060563431806
6.41	0.012357619967197942
6.42	0.0122502895232325
6.43	0.012144056163701674
6.44	0.01203890699457699
6.45	0.011934829293058852
6.46	0.011831810505041935
6.47	0.01172983824262215
6.48	0.01162890028164414
6.49	0.011528984559288613
6.5	0.011430079171699059
6.51	0.01133217237164675
6.5200000000000005	0.011235252566233707
6.53	0.011139308314632654
6.54	0.011044328325863656
6.55	0.01095030145660645
6.5600000000000005	0.010857216709048005
6.57	0.010765063228764773
6.58	0.010673830302638744
6.59	0.010583507356807131
6.6000000000000005	0.010494083954644635
6.61	0.010405549794778094
6.62	0.010317894709132663
6.63	0.010231108661009269
6.640000000000001	0.010145181743192533
6.65	0.01006010417608875
6.66	0.009975866305893416
6.67	0.009892458602787738
6.68	0.009809871659163687
6.69	0.009728096187877042
6.7	0.00964712302052799
6.71	0.009566943105768732
6.72	0.009487547507637735
6.73	0.009404642167525094
6.74	0.009317428847838646
6.75	0.009231151801781882
6.76	0.009145799613237766
6.7700000000000005	0.009061361021879846
6.78	0.008977824920820504
6.79	0.008895180354298092
6.8	0.008813416515402218
6.8100000000000005	0.008732522743836667
6.82	0.00865248852371903
6.83	0.008573303481416626
6.84	0.008494957383417873
6.8500000000000005	0.008417440134238601
6.86	0.008340741774362661
6.87	0.008264852478216159
6.88	0.008189762552174806
6.890000000000001	0.00811546243260368
6.9	0.008041942683929012
6.91	0.007969193996741192
6.92	0.007897207185928632
6.93	0.00782597318884189
6.94	0.007755483063487417
6.95	0.007685727986750645
6.96	0.007616699252647564
6.97	0.00754838827060466
6.98	0.007480786563766383
6.99	0.007413885767329906
7.	0.007347677626906589
7.01	0.007282153996909624
7.0200000000000005	0.007217306838967614
7.03	0.007153128220363357
7.04	0.007089610312497647
7.05	0.007026745389377512
7.0600000000000005	0.006964525826128459
7.07	0.0069029440975304475
7.08	0.006841992776577027
7.09	0.006781664533057323
7.1000000000000005	0.0067219521321604326
7.11	0.0066628484331019335
7.12	0.006604346387771959
7.13	0.006546439039404689
7.140000000000001	0.00648911952126869
7.15	0.006432381055377851
7.16	0.006376216951222556
7.17	0.006320620604520741
7.18	0.00626558549598848
7.19	0.00621110519012975
7.2	0.006157173334045136
7.21	0.00610164422973851
7.22	0.0060427815512057404
7.23	0.005984567017065164
7.24	0.005926992608812449
7.25	0.005870050418021986
7.26	0.005813732644686861
7.2700000000000005	0.0057580315955859905
7.28	0.0057029396826780996
7.29	0.005648449421521996
7.3	0.005594553429722737
7.3100000000000005	0.005541244425403125
7.32	0.005488515225700209
7.33	0.005436358745286225
7.34	0.005384767994913616
7.3500000000000005	0.005333736079983792
7.36	0.0052832561991389745
7.37	0.005233321642876984
7.38	0.005183925792188373
7.390000000000001	0.005135062117215596
7.4	0.005086724175933915
7.41	0.00503890561285344
7.42	0.0049916001577421446
7.43	0.004944801624369383
7.44	0.004898503909269612
7.45	0.00485270099052592
7.46	0.004807386926572991
7.47	0.004762555855019318
7.48	0.004718201991488088
7.49	0.004674319628476685
7.5	0.004630903134234283
7.51	0.00458794695165731
7.5200000000000005	0.0045454455972024806
7.53	0.00450339365981699
7.54	0.00446178579988582
7.55	0.004420616748195531
7.5600000000000005	0.0043798813049145315
7.57	0.004339574338589403
7.58	0.0042996907851570445
7.59	0.0042602256469724
7.6000000000000005	0.0042211739918514134
7.61	0.00418253095212906
7.62	0.0041442917237320895
7.63	0.004106451565266372
7.640000000000001	0.004069005797118436
7.65	0.004031949800571076
7.66	0.003995279016932738
7.67	0.003958988946680481
7.68	0.00392307514861626
7.69	0.003887533239036344
7.7	0.003852358890913561
7.71	0.003817547833092292
7.72	0.003783095849495839
7.73	0.003746434623617568
7.74	0.003709584271090412
7.75	0.003673143262169626
7.76	0.003637106530345045
7.7700000000000005	0.00360146907822782
7.78	0.003566225976520212
7.79	0.0035313723630019224
7.8	0.003496903441532885
7.8100000000000005	0.00346281448107205
7.82	0.003429100814712064
7.83	0.0033957578387293955
7.84	0.0033627810116497393
7.8500000000000005	0.0033301658533284504
7.86	0.003297907944045621
7.87	0.003266002923615773
7.88	0.003234446490511631
7.890000000000001	0.0032032344010019904
7.9	0.0031723624683032622
7.91	0.003141826561744567
7.92	0.00311162260594608
7.930000000000001	0.003081746580010429
7.94	0.0030521945167269245
7.95	0.0030229625017883827
7.96	0.0029940466730203506
7.97	0.002965443219622506
7.98	0.0029371483814220225
7.99	0.002909158448138715
8.	0.0028814697586617413
8.01	0.0028540787003376793
8.02	0.0028269817082697928
8.03	0.0028001752646282774
8.040000000000001	0.0027736558979712927
8.05	0.0027474201825766625
8.06	0.0027214647377839774
8.07	0.0026957862273469845
8.08	0.0026703813587960466
8.09	0.002645246882810568
8.1	0.002620379592601139
8.11	0.00259577632330129
8.120000000000001	0.0025714339513686914
8.13	0.002547349393995603
8.14	0.002523519608528468
8.15	0.002499941591896466
8.16	0.002476612380048893
8.17	0.002453529047401196
8.18	0.00243068870628957
8.19	0.0024080885064339005
8.2	0.002385725634408996
8.21	0.0023635973131239103
8.22	0.0023417008013092277
8.23	0.0023200333930122365
8.24	0.0022985924170997748
8.25	0.0022773752367687074
8.26	0.0022563792490638223
8.27	0.002235601884403115
8.28	0.0022148531397000347
8.290000000000001	0.0021941897712654686
8.3	0.0021737437436534176
8.31	0.0021535125130991172
8.32	0.0021334935686194664
8.33	0.0021136844315518583
8.34	0.0020940826551000724
8.35	0.002074685823887068
8.36	0.0020554915535145896
8.370000000000001	0.0020364974901294474
8.38	0.002017701309996381
8.39	0.0019991007190774124
8.4	0.001980693452617548
8.41	0.0019624772747367475
8.42	0.0019444499780280637
8.43	0.0019266093831618297
8.44	0.0019089533384958142
8.45	0.0018914797196912581
8.46	0.0018741864293346528
8.47	0.0018570713965652187
8.48	0.0018401325767079593
8.49	0.0018233679509122118
8.5	0.0018067755257956135
8.51	0.0017903533330933794
8.52	0.0017740994293128029
8.53	0.0017580118953929283
8.540000000000001	0.0017420888363692858
8.55	0.001726328381043602
8.56	0.0017107286816584182
8.57	0.001695287913576547
8.58	0.0016800042749652662
8.59	0.0016648759864852057
8.6	0.0016499012909838109
8.61	0.0016350784531933508
8.620000000000001	0.0016204057594333687
8.63	0.0016058815173175384
8.64	0.0015915040554648006
8.65	0.0015772717232147824
8.66	0.0015631828903473685
8.67	0.001549235946806386
8.68	0.0015354293024273712
8.69	0.001521761386669275
8.700000000000001	0.0015082306483501112
8.71	0.001494835555386468
8.72	0.0014815745945368122
8.73	0.001468446271148531
8.74	0.0014554491089086598
8.75	0.0014425816495982227
8.76	0.0014298424528501486
8.77	0.001417230095910699
8.78	0.001404743173404342
8.790000000000001	0.0013923802971020352
8.8	0.0013801400956928516
8.81	0.001368021214558905
8.82	0.001356022315553525
8.83	0.001344142076782618
8.84	0.00133237919238918
8.85	0.0013207323723409038
8.86	0.0013092003422208267
8.870000000000001	0.0012988362071664852
8.88	0.0012900814745288264
8.89	0.0012813955066251473
8.9	0.0012727776868960473
8.91	0.001264227404994194
8.92	0.0012557440567148481
8.93	0.001247327043927255
8.94	0.0012389757745068805
8.950000000000001	0.0012306896622684685
8.96	0.0012224681268999255
8.97	0.0012143105938970168
8.98	0.0012062164944988479
8.99	0.001198185265624145
9.	0.001190216349808304
9.01	0.0011823091951412212
9.02	0.0011744632552058553
9.03	0.0011666779890175606
9.040000000000001	0.0011589528609641396
9.05	0.001151287340746633
9.06	0.0011436809033208194
9.07	0.0011361330288394277
9.08	0.0011286432025950472
9.09	0.0011212109149637158
9.1	0.0011138356613492146
9.11	0.0011065169421280027
9.120000000000001	0.0010992542625948341
9.13	0.0010920471329090254
9.14	0.001084895068041357
9.15	0.0010777975877216304
9.16	0.001070754216386839
9.17	0.0010637644831299573
9.18	0.0010568279216493601
9.19	0.0010499440701988204
9.200000000000001	0.0010431124715381277
9.21	0.0010363326728842794
9.22	0.001029604225863257
9.23	0.0010229266864623752
9.24	0.0010162996149832018
9.25	0.0010097225759950273
9.26	0.0010031951382888954
9.27	0.0009967168748321682
9.28	0.0009902873627236348
9.290000000000001	0.000983906183149149
9.3	0.0009775729213377922
9.31	0.0009712871665185457
9.32	0.0009650485118774831
9.33	0.000958856554515458
9.34	0.0009527108954062917
9.35	0.0009466111393554562
9.36	0.0009405568949592313
9.370000000000001	0.0009345477745643518
9.38	0.0009285833942281174
9.39	0.0009226633736789711
9.4	0.000916787336277544
9.41	0.0009109549089781444
9.42	0.000905165722290704
9.43	0.0008994194102431593
9.44	0.0008937156103442808
9.450000000000001	0.0008880539635469192
9.46	0.0008824341142116944
9.47	0.0008768557100710898
9.48	0.0008798639391318376
9.49	0.0009216624509571047
9.5	0.0009653994383207433