0.01	3.470210170598817
0.02	2.0243226326567916
0.03	1.5426282383777374
0.04	1.3053035603319159
0.05	1.157159994472103
0.06	1.0593029321960794
0.07	0.98893561918061
0.08	0.936067666274387
0.09	0.8950518047246804
0.1	0.8622468928183691
0.11	0.8359874573382644
0.12	0.8147508587211668
0.13	0.7962477763042959
0.14	0.7802562427581494
0.15	0.7660638358991771
0.16	0.7540026210846958
0.17	0.7429028669358329
0.18	0.7330650884695717
0.19	0.7238792747126163
0.2	0.7154934231953587
0.21	0.7077504861613295
0.22	0.7004458671214845
0.23	0.6938963956697362
0.24	0.6878156622709307
0.25	0.6820332660222258
0.26	0.6767285897349916
0.27	0.6719336834914382
0.28	0.6673453222613143
0.29	0.6629476941275649
0.3	0.6585526546694933
0.31	0.654232013128754
0.32	0.650075571243182
0.33	0.6460722421198739
0.34	0.6421385611734729
0.35000000000000003	0.6381616496424561
0.36	0.6343203790555281
0.37	0.6306065433519856
0.38	0.6270126379932277
0.39	0.6234697399594156
0.4	0.6198869384497925
0.41000000000000003	0.6164124436272448
0.42	0.6130404570057295
0.43	0.609765619353294
0.44	0.6065829681057964
0.45	0.60345698972021
0.46	0.600390952855561
0.47000000000000003	0.5974059368900373
0.48	0.5944981440198001
0.49	0.591664028931169
0.5	0.5889002772625844
0.51	0.5862037862931478
0.52	0.5832754315600204
0.53	0.5804082799979539
0.54	0.5776084246950757
0.55	0.5748730830374841
0.56	0.5721996354276098
0.5700000000000001	0.5695856130236021
0.58	0.5670286865976407
0.59	0.564404587443897
0.6	0.561663505766775
0.61	0.5589807177092825
0.62	0.5563540579676322
0.63	0.5537814749520618
0.64	0.551261023121892
0.65	0.5487908559478343
0.66	0.5463692194414532
0.67	0.5439944461982412
0.68	0.5415146144969614
0.6900000000000001	0.5390272040658083
0.7000000000000001	0.5365867655288106
0.71	0.5341917596128555
0.72	0.5318407182655159
0.73	0.5295322404247796
0.74	0.5272649880940664
0.75	0.5250376826967118
0.76	0.5228491016865837
0.77	0.5206980753937309
0.78	0.5183959850663603
0.79	0.5160759580371689
0.8	0.5137953026520494
0.81	0.511552871002224
0.8200000000000001	0.5093475622924314
0.8300000000000001	0.5071783203607448
0.84	0.5050441313570339
0.85	0.5029440215681724
0.86	0.5008770553791085
0.87	0.4988423333598419
0.88	0.49683899046918545
0.89	0.49480830772712175
0.9	0.4926874189049222
0.91	0.49059890654736066
0.92	0.4885419286915561
0.93	0.48651567411778224
0.9400000000000001	0.48451936091075676
0.9500000000000001	0.48255223510274403
0.96	0.48061356939300925
0.97	0.4787026619385855
0.98	0.4768188352116899
0.99	0.474961434919482
1.	0.4731298289821653
1.01	0.471323406565738
1.02	0.4695096298152727
1.03	0.4675793259153072
1.04	0.4656754941378517
1.05	0.4637975220958147
1.06	0.461944817227811
1.07	0.46011680597653387
1.08	0.45831293300849074
1.09	0.456532660472657
1.1	0.45477546729577123
1.11	0.45304084851214466
1.12	0.4513283146260024
1.1300000000000001	0.4496373910045014
1.1400000000000001	0.4479676172996914
1.1500000000000001	0.44631854689780287
1.16	0.4446897463943393
1.17	0.4430672956877644
1.18	0.4413423022001402
1.19	0.4396384970078581
1.2	0.43795544505508655
1.21	0.4362927237485781
1.22	0.4346499225012183
1.23	0.43302664229587406
1.24	0.43142249526848453
1.25	0.4298371043093949
1.26	0.42827010268200116
1.27	0.42672113365781766
1.28	0.42518985016714156
1.29	0.4236759144645294
1.3	0.4221789978083486
1.31	0.4206987801537105
1.32	0.41923494985812515
1.33	0.41778720339926234
1.34	0.4163552451042329
1.35	0.4148400182700569
1.36	0.41331368400372304
1.37	0.4118040861517385
1.3800000000000001	0.41031092102977884
1.3900000000000001	0.40883389261294845
1.4000000000000001	0.4073727122891694
1.41	0.4059270986222071
1.42	0.4044967771238898
1.43	0.4030814800351033
1.44	0.40168094611516414
1.45	0.4002949204391963
1.46	0.39892315420315116
1.47	0.3975654045361374
1.48	0.396221434319734
1.49	0.39489101201398474
1.5	0.39357391148978216
1.51	0.39226991186736826
1.52	0.3909787973606844
1.53	0.3897003571273302
1.54	0.3884343851238841
1.55	0.38707709143840696
1.56	0.3857210456378922
1.57	0.3843783699549804
1.58	0.38304884865723554
1.59	0.3817322708299931
1.6	0.38042843023928985
1.61	0.3791371251995176
1.62	0.37785815844561826
1.6300000000000001	0.3765913370096299
1.6400000000000001	0.37533647210141524
1.6500000000000001	0.3740933789934035
1.6600000000000001	0.3728618769091889
1.67	0.3716417889158327
1.68	0.37043294181972575
1.69	0.3692351660658732
1.7	0.36804829564046876
1.71	0.36687216797663247
1.72	0.365706623863193
1.73	0.36455150735639597
1.74	0.363406665694432
1.75	0.36227194921467587
1.76	0.36114721127353694
1.77	0.3600261084264216
1.78	0.35882284321348495
1.79	0.3576303068172147
1.8	0.35644834443492585
1.81	0.3552768043414075
1.82	0.3541155378111511
1.83	0.3529643990429589
1.84	0.35182324508684637
1.85	0.3506919357731586
1.86	0.3495703336438201
1.87	0.34845830388564414
1.8800000000000001	0.34735571426562817
1.8900000000000001	0.34626243506816656
1.9000000000000001	0.34517833903411504
1.9100000000000001	0.34410330130164013
1.92	0.34303719934879523
1.93	0.3419799129377618
1.94	0.34093132406070153
1.95	0.3398913168871621
1.96	0.3388597777129863
1.97	0.337836594910674
1.98	0.33682165888114685
1.99	0.3358148620068712
2.	0.3348160986062934
2.0100000000000002	0.33382526488954467
2.02	0.3328422589153733
2.0300000000000002	0.33186698054926544
2.04	0.3308201870604205
2.05	0.3297677874958973
2.06	0.32872383261268945
2.07	0.3276882141464087
2.08	0.326660825734924
2.09	0.32564156287598883
2.1	0.32463032288600946
2.11	0.3236270048599191
2.12	0.3226315096321215
2.13	0.32164373973847304
2.14	0.3206635993792685
2.15	0.31969099438320175
2.16	0.31872583217226885
2.17	0.31776802172758717
2.18	0.3168174735561002
2.19	0.31587409965814406
2.2	0.3149378134958452
2.21	0.31400852996232964
2.22	0.3130861653517148
2.23	0.31217063732986317
2.24	0.3112618649058745
2.25	0.3103597684042945
2.2600000000000002	0.3094642694380188
2.27	0.3085752908818727
2.2800000000000002	0.3076927568468451
2.29	0.30681659265496064
2.3000000000000003	0.3059467248147678
2.31	0.30508308099742876
2.32	0.3042255900133909
2.33	0.30337418178962544
2.34	0.3024770580709445
2.35	0.301569367718799
2.36	0.3006682382252012
2.37	0.29977359466769254
2.38	0.2988853632907995
2.39	0.2980034714830465
2.4	0.29712784775451695
2.41	0.29625842171494415
2.42	0.29539512405232005
2.43	0.2945378865120061
2.44	0.29368664187633325
2.45	0.2928413239446762
2.46	0.29200186751399115
2.47	0.291168208359803
2.48	0.2903402832176293
2.49	0.28951802976483154
2.5	0.28870138660287986
2.5100000000000002	0.2878902932400208
2.52	0.2870846900743387
2.5300000000000002	0.2862845183771983
2.54	0.28548972027706043
2.5500000000000003	0.2847002387436582
2.56	0.28391601757252855
2.57	0.2831370013698848
2.58	0.2823631355378259
2.59	0.28159436625987044
2.6	0.2808306404868086
2.61	0.28007190592286413
2.62	0.2793181110121559
2.63	0.2785692049254563
2.64	0.2778251375472326
2.65	0.2770858594629705
2.66	0.2763513219467669
2.67	0.27562147694919087
2.68	0.27488285471358825
2.69	0.274093709336532
2.7	0.27330974507554207
2.71	0.272530908913108
2.72	0.2717571485672431
2.73	0.27098841247862215
2.74	0.27022464979799043
2.75	0.269465810373837
2.7600000000000002	0.2687118447403261
2.77	0.26796270410548034
2.7800000000000002	0.26721834033960834
2.79	0.26647870596397305
2.8000000000000003	0.265743754139693
2.81	0.2650134386568723
2.82	0.26428771392395217
2.83	0.2635665349572807
2.84	0.26284985737089456
2.85	0.262137637366507
2.86	0.261429831723699
2.87	0.2607263977903067
2.88	0.2600272934730029
2.89	0.2593324772280652
2.9	0.25864190805232934
2.91	0.2579555454743208
2.92	0.257273349545563
2.93	0.256595280832056
2.94	0.2559213004059227
2.95	0.25525136983721836
2.96	0.2545854511859007
2.97	0.2539235069939549
2.98	0.2532655002776726
2.99	0.2526113945200786
3.	0.251961153663504
3.0100000000000002	0.2513147421023026
3.02	0.2506721246757045
3.0300000000000002	0.25003326666080794
3.04	0.2493981337657034
3.0500000000000003	0.24876669212272753
3.06	0.24813890828184534
3.0700000000000003	0.2475147492041553
3.08	0.24686330035888557
3.09	0.24618710784572656
3.1	0.2455149433490767
3.11	0.24484676999654967
3.12	0.24418255137041592
3.13	0.24352225150056203
3.14	0.24286583485757995
3.15	0.24221326634598594
3.16	0.24156451129756368
3.17	0.2409195354648311
3.18	0.24027830501462702
3.19	0.2396407865218152
3.2	0.23900694696310365
3.21	0.23837675371097644
3.22	0.2377501745277358
3.23	0.23712717755965218
3.24	0.23650773133121913
3.25	0.23589180473951302
3.2600000000000002	0.23527936704865235
3.27	0.23467038788435726
3.2800000000000002	0.23406483722860547
3.29	0.23346268541438325
3.3000000000000003	0.23286390312052982
3.31	0.23226846136667237
3.3200000000000003	0.2316763315082503
3.33	0.23108748523162703
3.34	0.2305018945492877
3.35	0.2299195317951198
3.36	0.2293403696197768
3.37	0.22876438098612187
3.38	0.22819153916475035
3.39	0.22762181772958948
3.4	0.22705519055357423
3.41	0.2264916318043966
3.42	0.22593111594032814
3.43	0.22537361770611317
3.44	0.22481911212893257
3.45	0.22426757451443516
3.46	0.22371898044283672
3.47	0.22317330576508457
3.48	0.22263052659908641
3.49	0.22209061932600263
3.5	0.22155356058660045
3.5100000000000002	0.2210193272776688
3.52	0.22048789654849263
3.5300000000000002	0.2199592457973858
3.54	0.21938454313000005
3.5500000000000003	0.21881113730051382
3.56	0.21824083682696965
3.5700000000000003	0.21767361623965095
3.58	0.21710945034830895
3.59	0.21654831423832538
3.6	0.21599018326693978
3.61	0.21543503305953776
3.62	0.21488283950600076
3.63	0.21433357875711487
3.64	0.21378722722103877
3.65	0.21324376155982822
3.66	0.21270315868601758
3.67	0.21216539575925616
3.68	0.21163045018299884
3.69	0.21109829960125
3.7	0.2105689218953593
3.71	0.21004229518086914
3.72	0.20951839780441178
3.73	0.20899720834065613
3.74	0.20847870558930315
3.75	0.20796286857212812
3.7600000000000002	0.20744967653007002
3.77	0.20693910892036685
3.7800000000000002	0.20643114541373517
3.79	0.20592576589159436
3.8000000000000003	0.2054229504433342
3.81	0.2049226793636243
3.8200000000000003	0.20442493314976623
3.83	0.20392969249908585
3.84	0.20343693830636655
3.85	0.20294665166132114
3.86	0.20245881384610367
3.87	0.2019734063328583
3.88	0.20149041078130664
3.89	0.2010098090363708
3.9	0.2005315831258336
3.91	0.2000557152580332
3.92	0.1995821878195938
3.93	0.19911098337318944
3.94	0.1986420846553422
3.95	0.19817547457425308
3.96	0.19771113620766542
3.97	0.19724905280076024
3.98	0.19678920776408332
3.99	0.19633158467150205
4.	0.19587616725819385
4.01	0.19542293941866323
4.0200000000000005	0.19497188520478895
4.03	0.1945229888238992
4.04	0.19407623463687554
4.05	0.1936316071562843
4.0600000000000005	0.1931602201145434
4.07	0.19267634183882906
4.08	0.19219485868484965
4.09	0.19171575297021037
4.1	0.19123900718586814
4.11	0.19076460399401438
4.12	0.19029252622598905
4.13	0.18982275688022449
4.14	0.1893552791202199
4.15	0.18889007627254462
4.16	0.18842713182487075
4.17	0.1879664294240336
4.18	0.18750795287412073
4.19	0.1870516861345878
4.2	0.18659761331840222
4.21	0.1861457186902125
4.22	0.1856959866645441
4.23	0.18524840180402102
4.24	0.18480294881761272
4.25	0.18435961255890543
4.26	0.1839183780243982
4.2700000000000005	0.18347923035182298
4.28	0.18304215481848854
4.29	0.18260713683964688
4.3	0.1821741619668834
4.3100000000000005	0.18174321588652875
4.32	0.18131428441809377
4.33	0.180887353512725
4.34	0.18046240925168272
4.3500000000000005	0.1800394378448392
4.36	0.17961842562919847
4.37	0.17919935906743562
4.38	0.17878222474645675
4.39	0.17836700937597874
4.4	0.17795369978712797
4.41	0.17754228293105864
4.42	0.17713274587758954
4.43	0.17672507581385952
4.44	0.17631926004300125
4.45	0.1759152859828329
4.46	0.1755131411645673
4.47	0.17511281323153852
4.48	0.17471428993794577
4.49	0.1743175591476142
4.5	0.1739226088327717
4.51	0.17352942707284275
4.5200000000000005	0.17313800205325758
4.53	0.1727483220642782
4.54	0.17236037549983882
4.55	0.17197415085640227
4.5600000000000005	0.1715896367318317
4.57	0.17120682182427643
4.58	0.17082569493107322
4.59	0.1704462449476613
4.6000000000000005	0.170068460866512
4.61	0.16969233177607249
4.62	0.1693178468597225
4.63	0.16894499539474547
4.64	0.16857376675131294
4.65	0.16820415039148115
4.66	0.16781274653674175
4.67	0.16740805018298713
4.68	0.1670051923266519
4.69	0.1666041607139134
4.7	0.16620494319851717
4.71	0.16580752774060595
4.72	0.16541190240556453
4.73	0.1650180553628792
4.74	0.1646259748850121
4.75	0.16423564934628984
4.76	0.16384706722180686
4.7700000000000005	0.16346021708634229
4.78	0.16307508761329143
4.79	0.16269166757361006
4.8	0.16230994583477287
4.8100000000000005	0.16192991135974488
4.82	0.16155155320596593
4.83	0.1611748605243482
4.84	0.16079982255828615
4.8500000000000005	0.16042642864267925
4.86	0.16005466820296693
4.87	0.15968453075417552
4.88	0.15931600589997733
4.89	0.15894908333176147
4.9	0.15858375282771633
4.91	0.15822000425192334
4.92	0.15785782755346223
4.93	0.15749721276552722
4.94	0.1571381500045543
4.95	0.15678062946935936
4.96	0.15642464144028664
4.97	0.15607017627836808
4.98	0.15571722442449273
4.99	0.15536577639858665
5.	0.15501582279880247
5.01	0.15466735430071904
5.0200000000000005	0.15432036165655097
5.03	0.15397483569436768
5.04	0.15363076731732203
5.05	0.15328814750288797
5.0600000000000005	0.15294696730210783
5.07	0.15260721783884873
5.08	0.15226889030906735
5.09	0.15193197598008443
5.1000000000000005	0.15159646618986705
5.11	0.15126235234632074
5.12	0.15092962592658835
5.13	0.15059827847635893
5.14	0.15026830160918395
5.15	0.14993968700580193
5.16	0.14961242641347103
5.17	0.14928651164530948
5.18	0.14896193457964382
5.19	0.14863868715936512
5.2	0.14831676139129235
5.21	0.14799614934554364
5.22	0.14767684315491436
5.23	0.14735883501426322
5.24	0.14704211717990498
5.25	0.14672668196901054
5.26	0.14641252175901376
5.2700000000000005	0.14609962898702533
5.28	0.1457879961492538
5.29	0.14547761580043236
5.3	0.14516848055325332
5.3100000000000005	0.1448605830778083
5.32	0.14455391610103552
5.33	0.14424847240617283
5.34	0.1439442448322174
5.3500000000000005	0.1436190890854028
5.36	0.1432838185959848
5.37	0.1429499535124918
5.38	0.14261748534294413
5.39	0.14228640566232992
5.4	0.14195670611195413
5.41	0.14162837839879483
5.42	0.1413014142948671
5.43	0.14097580563659412
5.44	0.14065154432418556
5.45	0.14032862232102317
5.46	0.14000703165305323
5.47	0.139686764408186
5.48	0.13936781273570206
5.49	0.13905016884566562
5.5	0.1387338250083438
5.51	0.13841877355363347
5.5200000000000005	0.13810500687049376
5.53	0.13779251740638548
5.54	0.13748129766671657
5.55	0.13717134021429392
5.5600000000000005	0.13686263766878146
5.57	0.1365551827061641
5.58	0.1362489680582178
5.59	0.13594398651198572
5.6000000000000005	0.13564023090925972
5.61	0.13533769414606844
5.62	0.13503636917217005
5.63	0.13473624899055164
5.64	0.13443732665693348
5.65	0.13413959527927902
5.66	0.1338430480173104
5.67	0.1335476780820288
5.68	0.13325347873524104
5.69	0.13296044328909
5.7	0.13266856510559183
5.71	0.13237783759617647
5.72	0.13208825422123494
5.73	0.13179980848966996
5.74	0.13151249395845271
5.75	0.13122630423218382
5.76	0.13094123296265892
5.7700000000000005	0.1306572738484396
5.78	0.13037442063442825
5.79	0.13009266711144823
5.8	0.1298120071158277
5.8100000000000005	0.1295324345289887
5.82	0.12925394327704037
5.83	0.12897652733037637
5.84	0.12870018070327682
5.8500000000000005	0.12842489745351418
5.86	0.12815067168196417
5.87	0.1278774975322195
5.88	0.12760536919020882
5.89	0.12733428088381937
5.9	0.12706422688252356
5.91	0.12679520149700924
5.92	0.12652719907881463
5.93	0.1262602140199663
5.94	0.12599424075262133
5.95	0.1257292737487133
5.96	0.12546530751960186
5.97	0.12520233661572577
5.98	0.12494035562626012
5.99	0.12467935917877661
6.	0.1244193419389075
6.01	0.12416029861001329
6.0200000000000005	0.12390222393285344
6.03	0.12364511268526093
6.04	0.12338895968181988
6.05	0.12313375977354656
6.0600000000000005	0.12287950784757389
6.07	0.1226261988268389
6.08	0.12237382766977366
6.09	0.12212238936999906
6.1000000000000005	0.12187187895602221
6.11	0.12162229149093637
6.12	0.12137362207212446
6.13	0.12112586583096523
6.140000000000001	0.12086540694823684
6.15	0.12059200977588544
6.16	0.1203196737088449
6.17	0.12004839291620562
6.18	0.11977816160847972
6.19	0.11950897403724066
6.2	0.1192408244947662
6.21	0.11897370731368496
6.22	0.11870761686662697
6.23	0.1184425475658774
6.24	0.11817849386303432
6.25	0.11791545024866933
6.26	0.11765341125199226
6.2700000000000005	0.11739237144051891
6.28	0.11713232541974229
6.29	0.11687326783280716
6.3	0.11661519336018804
6.3100000000000005	0.1163580967193702
6.32	0.11610197266453409
6.33	0.11584681598624286
6.34	0.11559262151113313
6.3500000000000005	0.11533938410160859
6.36	0.11508709865553722
6.37	0.11483576010595087
6.38	0.11458536342074843
6.390000000000001	0.11433590360240152
6.4	0.11408737568766367
6.41	0.11383977474728159
6.42	0.11359309588571016
6.43	0.11334733424082975
6.44	0.11310248498366639
6.45	0.11285854331811487
6.46	0.11261550448066454
6.47	0.11237336374012759
6.48	0.11213211639737045
6.49	0.11189175778504737
6.5	0.11165228326733696
6.51	0.11141368823968108
6.5200000000000005	0.11117596812852648
6.53	0.11093911839106886
6.54	0.11070313451499943
6.55	0.11046801201825394
6.5600000000000005	0.11023374644876423
6.57	0.1100003333842122
6.58	0.1097677684317859
6.59	0.10953604722793847
6.6000000000000005	0.10930516543814892
6.61	0.10907511875668564
6.62	0.10884590290637182
6.63	0.10861751363835337
6.640000000000001	0.1083899467318691
6.65	0.10816319799402291
6.66	0.1079372632595583
6.67	0.10771213839063504
6.68	0.10748781927660798
6.69	0.1072643018338078
6.7	0.10704158200532432
6.71	0.1068196557607911
6.72	0.10659851909617284
6.73	0.1063781680335545
6.74	0.10615859862093226
6.75	0.10593980693200677
6.76	0.10572178906597805
6.7700000000000005	0.1055045411473426
6.78	0.10528805932569221
6.79	0.10507233977551478
6.8	0.10485737869599707
6.8100000000000005	0.10464317231082895
6.82	0.1044297168680101
6.83	0.10421700863965791
6.84	0.10400504392181756
6.8500000000000005	0.10379381903427354
6.86	0.10358333032036342
6.87	0.10337357414679288
6.88	0.10316454690345266
6.890000000000001	0.10295624500323712
6.9	0.10274866488186471
6.91	0.10254180299769977
6.92	0.10233565583157626
6.93	0.10213021988662298
6.94	0.10192549168809019
6.95	0.10172146778317841
6.96	0.10151814474086819
6.97	0.10131551915175181
6.98	0.10111358762786622
6.99	0.10091234680252785
7.	0.10071179333016864
7.01	0.1005119238861738
7.0200000000000005	0.10031273516672079
7.03	0.10011422388861999
7.04	0.09991638678915675
7.05	0.09970547243061516
7.0600000000000005	0.09948617825632204
7.07	0.09926767577414644
7.08	0.09904996101219862
7.09	0.0988330300240874
7.1000000000000005	0.09861687888872107
7.11	0.09840150371010943
7.12	0.09818690061716848
7.13	0.09797306576352621
7.140000000000001	0.09775999532733076
7.15	0.09754768551105975
7.16	0.09733613254133187
7.17	0.09712533266871988
7.18	0.09691528216756537
7.19	0.09670597733579528
7.2	0.09649741449474021
7.21	0.09628958998895391
7.22	0.09608250018603498
7.23	0.09587614147644981
7.24	0.09567051027335736
7.25	0.09546560301243523
7.26	0.0952614161517076
7.2700000000000005	0.09505794617137453
7.28	0.09485518957364296
7.29	0.09465314288255901
7.3	0.09445180264384191
7.3100000000000005	0.09425116542471956
7.32	0.09405122781376521
7.33	0.09385198642073596
7.34	0.09365343787641245
7.3500000000000005	0.09345557883244011
7.36	0.09325840596117187
7.37	0.09306191595551194
7.38	0.09286610552876157
7.390000000000001	0.09267097141446543
7.4	0.09247651036626016
7.41	0.09228271915772353
7.42	0.09208959458222542
7.43	0.09189713345277983
7.44	0.09170533260189842
7.45	0.09151418888144511
7.46	0.09132369916249222
7.47	0.09113386033517755
7.48	0.09094466930856297
7.49	0.09075612301049422
7.5	0.09056821838746179
7.51	0.09038095240446305
7.5200000000000005	0.09019432204486576
7.53	0.09000832431027261
7.54	0.0898229562203869
7.55	0.08963821481287948
7.5600000000000005	0.08945409714325675
7.57	0.0892706002847301
7.58	0.08908772132808596
7.59	0.08890545738155733
7.6000000000000005	0.08872380557069645
7.61	0.08854276303824844
7.62	0.0883623269440259
7.63	0.08818249446478486
7.640000000000001	0.08800326279410167
7.65	0.08782462914225082
7.66	0.08764659073608412
7.67	0.08746914481891056
7.68	0.08729228865037733
7.69	0.087116019506352
7.7	0.08694033467880556
7.71	0.08676523147569638
7.72	0.08659070722085527
7.73	0.08641675925387152
7.74	0.08624338492997993
7.75	0.08607058161994866
7.76	0.0858983467099681
7.7700000000000005	0.08572667760154065
7.78	0.08555557171137163
7.79	0.08538502647126082
7.8	0.08521503932799494
7.8100000000000005	0.08504560774324128
7.82	0.08487672919344202
7.83	0.08470840116970946
7.84	0.08454062117772206
7.8500000000000005	0.08437338673762158
7.86	0.08420669538391085
7.87	0.08404054466535248
7.88	0.08387493214486834
7.890000000000001	0.08370985539944006
7.9	0.08354531202001012
7.91	0.08338129961138391
7.92	0.08321781579213262
7.930000000000001	0.08305485819449665
7.94	0.08289242446429038
7.95	0.08273051226080708
7.96	0.08256911925672504
7.97	0.08240824313801444
7.98	0.08224788160384457
7.99	0.0820880323664925
8.	0.08192869315125177
8.01	0.08176986169634248
8.02	0.08161153575282164
8.03	0.08145371308449441
8.040000000000001	0.08129639146782618
8.05	0.08113956869185515
8.06	0.08098324255810589
8.07	0.08082741088050323
8.08	0.08067207148528723
8.09	0.08051274892130277
8.1	0.08033989176364119
8.11	0.08016761830840673
8.120000000000001	0.07999592586846725
8.13	0.07982481177234962
8.14	0.07965427336412935
8.15	0.07948430800332096
8.16	0.0793149130647697
8.17	0.07914608593854372
8.18	0.07897782402982734
8.19	0.07881012475881509
8.2	0.07864298556060689
8.21	0.07847640388510364
8.22	0.07831037719690415
8.23	0.07814490297520243
8.24	0.07797997871368631
8.25	0.0778156019204365
8.26	0.0776517701178266
8.27	0.07748848084242412
8.28	0.07732573164489187
8.290000000000001	0.07716352008989065
8.3	0.07700184375598237
8.31	0.0768407002355341
8.32	0.07668008713462286
8.33	0.07652000207294116
8.34	0.07636044268370347
8.35	0.07620140661355314
8.36	0.07604289152247037
8.370000000000001	0.07588489508368071
8.38	0.07572741498356445
8.39	0.07557044892156653
8.4	0.07541399461010756
8.41	0.07525804977449496
8.42	0.07510261215283547
8.43	0.07494767949594783
8.44	0.07479324956727641
8.45	0.07463932014280561
8.46	0.07448588901097465
8.47	0.0743329539725933
8.48	0.07418051284075816
8.49	0.07402856344076959
8.5	0.07387710361004943
8.51	0.0737261311980592
8.52	0.07357564406621903
8.53	0.07342564008782727
8.540000000000001	0.07327611714798068
8.55	0.0731270731434952
8.56	0.07297850598282749
8.57	0.0728304135859969
8.58	0.0726827938845083
8.59	0.07253564482127511
8.6	0.07238896435054357
8.61	0.07224275043781683
8.620000000000001	0.07209700105978026
8.63	0.07195171420422708
8.64	0.07180688786998449
8.65	0.07166252006684067
8.66	0.07151860881547197
8.67	0.07137515214737093
8.68	0.07123214810477492
8.69	0.07108959474059492
8.700000000000001	0.07094749011834534
8.71	0.07080583231207427
8.72	0.07066461940629377
8.73	0.07052384949591152
8.74	0.07038352068616242
8.75	0.07024363109254075
8.76	0.07010417884073324
8.77	0.06996516206655211
8.78	0.06982657891586913
8.790000000000001	0.06968842754454978
8.8	0.0695507061183883
8.81	0.06941341281304281
8.82	0.06927654581397126
8.83	0.06914010331636777
8.84	0.0690040835250994
8.85	0.06886848465464342
8.86	0.06873330492902513
8.870000000000001	0.06859854258175607
8.88	0.06846419585577275
8.89	0.06833026300337579
8.9	0.06819674228616956
8.91	0.06806363197500233
8.92	0.06793093034990672
8.93	0.06779863570004072
8.94	0.06766674632362919
8.950000000000001	0.06753526052790566
8.96	0.0674041766290547
8.97	0.06727349295215458
8.98	0.0671432078311206
8.99	0.06701331960864848
9.	0.06688382663615858
9.01	0.06675472727374021
9.02	0.06662601989009664
9.03	0.06649770286249013
9.040000000000001	0.06636977457668788
9.05	0.0662422334269079
9.06	0.06611507781576557
9.07	0.0659883061542206
9.08	0.06586191686152416
9.09	0.06573590836516661
9.1	0.06561027910082558
9.11	0.06548502751231437
9.120000000000001	0.06536015205153078
9.13	0.06523565117840632
9.14	0.06511152336085574
9.15	0.06498776707472698
9.16	0.06486438080375155
9.17	0.06474136303949507
9.18	0.06461871228130847
9.19	0.06449642703627922
9.200000000000001	0.0643745058191832
9.21	0.06425294715243678
9.22	0.0641317495660492
9.23	0.06401091159757553
9.24	0.06389043179206957
9.25	0.0637703087020376
9.26	0.06365054088739207
9.27	0.06353112691540572
9.28	0.06341206536066614
9.290000000000001	0.06328698358202037
9.3	0.06315352518020172
9.31	0.06302049118621961
9.32	0.06288787979673433
9.33	0.06275568921799239
9.34	0.06262391766576529
9.35	0.06249256336528875
9.36	0.06236162455120263
9.370000000000001	0.062231099467490884
9.38	0.06210098636742244
9.39	0.061971283513492084
9.4	0.06184198917736211
9.41	0.061713101639804153
9.42	0.06158461919064165
9.43	0.06145654012869256
9.44	0.0613288627617127
9.450000000000001	0.06120158540633924
9.46	0.06107470638803486
9.47	0.060948224041032194
9.48	0.060822136708278664
9.49	0.060696442741381786
9.5	0.06057114050055485
9.51	0.060446228354562974
9.52	0.06032170468066961
9.53	0.060197567864583364
9.540000000000001	0.06007381630040525
9.55	0.05995044839057633
9.56	0.0598274625458258
9.57	0.05970485718511917
9.58	0.05958263073560727
9.59	0.05946078163257527
9.6	0.05933930831939215
9.61	0.0592182092474607
9.620000000000001	0.05909748287616758
9.63	0.05897712767283411
9.64	0.058857142112667085
9.65	0.05873752467871005
9.66	0.05861827386179514
9.67	0.058499388160494874
9.68	0.05838086608107461
9.69	0.05826270613744523
9.700000000000001	0.05814490685111614
9.71	0.058027466751148685
9.72	0.057910384374109794
9.73	0.057793658264026056
9.74	0.057677286972337996
9.75	0.0575612690578549
9.76	0.0574456030867097
9.77	0.05733028763231436
9.78	0.057215321275315506
9.790000000000001	0.05710070260355042
9.8	0.05698643021200325
9.81	0.056872502702761674
9.82	0.05675891868497369
9.83	0.05664567677480497
9.84	0.05653277559539615
9.85	0.05642021377682085
9.86	0.05630798995604363
9.870000000000001	0.05619610277687833
9.88	0.05608455088994706
9.89	0.05597333295263878
9.9	0.05586244762906879
9.91	0.05575189359003836
9.92	0.05564166951299431
9.93	0.05553177408198932
9.94	0.05542220598764229
9.950000000000001	0.05531296392709897
9.96	0.05520404660399294
9.97	0.055095452728406914
9.98	0.05498718101683399
9.99	0.054879230192139666
10.	0.05477159898352374
10.01	0.05466428612648262
10.02	0.0545572903627719
10.03	0.054450610440369106
10.040000000000001	0.05434424511343681
10.05	0.05423819314228601
10.06	0.05413245329333961
10.07	0.054027024339096286
10.08	0.0539219050580946
10.09	0.053817094234877245
10.1	0.053712590659955727
10.11	0.05360839312977512
10.120000000000001	0.053504500446679065
10.13	0.05340091141887525
10.14	0.05329762486040073
10.15	0.05319463959108787
10.16	0.05309195443653027
10.17	0.05298956822804899
10.18	0.052887479802659086
10.19	0.052785688003036284
10.200000000000001	0.05268419167748385
10.21	0.05258298967989992
10.22	0.05248208086974455
10.23	0.05238146411200769
10.24	0.05228113827717678
10.25	0.05218110224120479
10.26	0.052081354885478555
10.27	0.05198189509678722
10.28	0.05188272176729089
10.290000000000001	0.05178383379448952
10.3	0.05168523008119212
10.31	0.05158690953548591
10.32	0.05148887107070599
10.33	0.05139111360540493
10.34	0.05129363606332284
10.35	0.05119643737335737
10.36	0.05109951646953408
10.370000000000001	0.05100287229097709
10.38	0.050906503781879636
10.39	0.05081040989147506
10.4	0.05071458957400796
10.41	0.05061904178870548
10.42	0.05052376549974882
10.43	0.05042875967624489
10.44	0.05033402329219824
10.450000000000001	0.05023955532648312
10.46	0.05014535476281575
10.47	0.05005142058972668
10.48	0.04995775180053356
10.49	0.04986434739331377
10.5	0.049771206370877535
10.51	0.049678327740741074
10.52	0.04958571051509987
10.53	0.049493353710802206
10.540000000000001	0.049401256349322936
10.55	0.04930941745673731
10.56	0.04921783606369494
10.57	0.04912651120539415
10.58	0.049035441921556136
10.59	0.0489446272563998
10.6	0.04885406625861623
10.61	0.04876375798134369
10.620000000000001	0.048673701482142596
10.63	0.04858389582297084
10.64	0.04849434007015905
10.65	0.048405033294386134
10.66	0.04831597457065503
10.67	0.04821684226491389
10.68	0.048116161967133586
10.69	0.04801578582813377
10.700000000000001	0.047915712645801314
10.71	0.047815941223891496
10.72	0.047716470371993856
10.73	0.04761729890549843
10.74	0.047518425645562
10.75	0.047419849419074775
10.76	0.04732156905862723
10.77	0.04722358340247701
10.78	0.04712589129451636
10.790000000000001	0.04702849158423942
10.8	0.046931383126710136
10.81	0.04683456478252998
10.82	0.04673803541780613
10.83	0.04664179390411991
10.84	0.046545839118495184
10.85	0.04645016994336726
10.86	0.04635478526655173
10.870000000000001	0.04625968398121375
10.88	0.04616486498583736
10.89	0.04607032718419509
10.9	0.0459760694853177
10.91	0.04588209080346422
10.92	0.04578839005809213
10.93	0.04569496617382768
10.94	0.04560181808043654
10.950000000000001	0.0455089447127945
10.96	0.04541634501085852
10.97	0.04532401791963777
10.98	0.045231962389165076
10.99	0.04514017737446838
11.	0.045048661835542535
11.01	0.04495741473732111
11.02	0.04486643504964858
11.03	0.04477572174725251
11.040000000000001	0.04468527380971606
11.05	0.04459509022145067
11.06	0.04450516997166868
11.07	0.044415512054356586
11.08	0.044326115468248
11.09	0.04423697921679707
11.1	0.04414810230815196
11.11	0.044059483755128595
11.120000000000001	0.043971122575184506
11.13	0.043883017790392796
11.14	0.04379516842741639
11.15	0.04370757351748238
11.16	0.04362023209635661
11.17	0.043533143204318225
11.18	0.04344630588613471
11.19	0.043359719191036775
11.200000000000001	0.04327338217269361
11.21	0.043187293889188204
11.22	0.04310145340299283
11.23	0.0430158597809447
11.24	0.04293051209422184
11.25	0.042845409418318985
11.26	0.04276055083302371
11.27	0.042675935422392786
11.28	0.042591562274728524
11.290000000000001	0.04250743048255537
11.3	0.042423539142596695
11.31	0.04233988735575154
11.32	0.042256474227071836
11.33	0.042173298865739395
11.34	0.042090360385043345
11.35	0.042007657902357526
11.36	0.041925190539118126
11.370000000000001	0.041842957420801415
11.38	0.04176095767690169
11.39	0.0416791904409092
11.4	0.041597654850288414
11.41	0.04151635004645627
11.42	0.041435275174760616
11.43	0.04135442938445889
11.44	0.04127381182869668
11.450000000000001	0.04119342166448666
11.46	0.04111325805268766
11.47	0.041033320157983555
11.48	0.04095360714886275
11.49	0.04087411819759744
11.5	0.04079485248022308
11.51	0.04071580917651817
11.52	0.040636987469983864
11.53	0.04055838654782392
11.540000000000001	0.04048000560092474
11.55	0.04040184382383553
11.56	0.040323900414748474
11.57	0.040246174575479216
11.58	0.0401686655114473
11.59	0.04009137243165692
11.6	0.040014294548677505
11.61	0.03993743107862473
11.620000000000001	0.03986078124114144
11.63	0.03978434425937884
11.64	0.0397081193599776
11.65	0.03963210577304932
11.66	0.03955630273215789
11.67	0.03948070947430116
11.68	0.03940532523989255
11.69	0.03933014927274291
11.700000000000001	0.0392551808200424
11.71	0.03918041913234255
11.72	0.03910586346353832
11.73	0.03903151307085049
11.74	0.038957367214807845
11.75	0.03888342515922977
11.76	0.038809686171208786
11.77	0.03873614952109321
11.78	0.03866281448246996
11.790000000000001	0.0385896803321474
11.8	0.03851674635013847
11.81	0.038444011819643624
11.82	0.03837147602703413
11.83	0.038299138261835355
11.84	0.038226997816710136
11.85	0.0381550539874424
11.86	0.038083306072920646
11.870000000000001	0.03801175337512169
11.88	0.03794039519909456
11.89	0.037869230852944295
11.9	0.03779825964781599
11.91	0.03772748089787892
11.92	0.0376568939203107
11.93	0.037586498035281614
11.94	0.037516292565939004
11.950000000000001	0.03744627683839172
11.96	0.03737645018169473
11.97	0.03730681192783374
11.98	0.03723736141171009
11.99	0.037168097971125434
12.	0.037099020946766786
12.01	0.037030129682191555
12.02	0.03696142352381265
12.030000000000001	0.03689290182088372
12.040000000000001	0.03682456392548444
12.05	0.036756409192505855
12.06	0.036688436979635995
12.07	0.03662064664734531
12.08	0.036553037558872396
12.09	0.03648560908020971
12.1	0.036418360580089376
12.11	0.03635129142996918
12.120000000000001	0.03628440100401844
12.13	0.036217688679104174
12.14	0.03615115383477722
12.15	0.036084795853258515
12.16	0.03601861411942537
12.17	0.035952608020797916
12.18	0.03588677694752555
12.19	0.035821120292373554
12.200000000000001	0.0357556374507097
12.21	0.03569032782049098
12.22	0.035625190802250434
12.23	0.03556022579908399
12.24	0.03549543221663747
12.25	0.0354226643145307
12.26	0.03534913956556612
12.27	0.035275827187915554
12.280000000000001	0.035202726395826035
12.290000000000001	0.03512983640708841
12.3	0.03505715644301841
12.31	0.034984685728438
12.32	0.034912423491656755
12.33	0.034840368964453264
12.34	0.034768521382056876
12.35	0.03469687998312927
12.36	0.03462544400974641
12.370000000000001	0.03455421270738046
12.38	0.034483185324881795
12.39	0.03441236111446118
12.4	0.034341739331672054
12.41	0.034271319235392915
12.42	0.03420110008780979
12.43	0.03413108115439879
12.44	0.03406126170390891
12.450000000000001	0.03399164100834472
12.46	0.033922218342949326
12.47	0.03385299298618739
12.48	0.0337839642197282
12.49	0.033715131328428904
12.5	0.03364649360031788
12.51	0.03357805032657802
12.52	0.033509800801530376
12.530000000000001	0.033441744322617706
12.540000000000001	0.033373880190388255
12.55	0.03330620770847945
12.56	0.0332387261836019
12.57	0.033171434925523394
12.58	0.03310433324705294
12.59	0.03303742046402509
12.6	0.032970695895284056
12.61	0.03290415886266825
12.620000000000001	0.03283780869099465
12.63	0.03277164470804348
12.64	0.03270566624454275
12.65	0.032639872634153105
12.66	0.03257426321345262
12.67	0.03250883732192178
12.68	0.032443594301928454
12.69	0.03237853349871305
12.700000000000001	0.03231365426037365
12.71	0.032248955937851424
12.72	0.03218443788491592
12.73	0.03212009945815047
12.74	0.03205594001693789
12.75	0.03199195892344597
12.76	0.03192815554261336
12.77	0.03186452924213516
12.780000000000001	0.03180107939244903
12.790000000000001	0.031737805366720946
12.8	0.03167470654083148
12.81	0.03161178229336173
12.82	0.03154903200557967
12.83	0.031486455061426395
12.84	0.03142405084750254
12.85	0.03136181875305469
12.86	0.03129975816996192
12.870000000000001	0.03123786849272249
12.88	0.031176149118440424
12.89	0.0311145994468124
12.9	0.03105321888011452
12.91	0.03099200682318926
12.92	0.030930962683432487
12.93	0.030870085870780543
12.94	0.030809375797697373
12.950000000000001	0.030748831879161772
12.96	0.03068845353265469
12.97	0.030628240178146623
12.98	0.030568191238085036
12.99	0.030508306137381914
13.	0.03044858430340132
13.01	0.030389025165947135
13.02	0.03032962815725073
13.030000000000001	0.030270392711958784
13.040000000000001	0.030211318267121225
13.05	0.030152404262179102
13.06	0.030093650138952682
13.07	0.030035055341629473
13.08	0.029976619316752436
13.09	0.029918341513208158
13.1	0.029860221382215224
13.11	0.0298022583773125
13.120000000000001	0.02974445195434761
13.13	0.02968680157146541
13.14	0.029629306689096583
13.15	0.029571966769946216
13.16	0.02951478127898254
13.17	0.029457749683425644
13.18	0.029400871452736323
13.19	0.029344146058604987
13.200000000000001	0.02928757297494055
13.21	0.02923115167785951
13.22	0.029174881645674944
13.23	0.029118762358885737
13.24	0.029062793300165708
13.25	0.02900697395435289
13.26	0.028951303808438873
13.27	0.02889578235155819
13.280000000000001	0.028840409074977702
13.290000000000001	0.028785183472086175
13.3	0.0287301050383838
13.31	0.02867517327147178
13.32	0.028620387671042125
13.33	0.02856574773886727
13.34	0.028511252978789925
13.35	0.028456902896712922
13.36	0.028402697000589144
13.370000000000001	0.028348634800411446
13.38	0.02829471580820275
13.39	0.028240939538006053
13.4	0.0281873055058746
13.41	0.02813381322986209
13.42	0.028080462230012898
13.43	0.02802725202835238
13.44	0.02797418214887724
13.450000000000001	0.027921252117545942
13.46	0.02786846146226917
13.47	0.027815809712900322
13.48	0.02776329640122611
13.49	0.02771092106095721
13.5	0.02765868322771886
13.51	0.027606582439041672
13.52	0.02755461823435232
13.530000000000001	0.027502790154964474
13.540000000000001	0.027451097744069612
13.55	0.02739954054672797
13.56	0.02734811810985952
13.57	0.02729682998223504
13.58	0.027245675714467135
13.59	0.027194654859001414
13.6	0.02714376697010769
13.61	0.02709301160387113
13.620000000000001	0.027042388318183612
13.63	0.026991896672735056
13.64	0.02694153622900471
13.65	0.026891306550252684
13.66	0.026841207201511355
13.67	0.026791237749576882
13.68	0.02674139776300082
13.69	0.026691686812081665
13.700000000000001	0.026642104468856575
13.71	0.02659265030709302
13.72	0.026543323902280577
13.73	0.026494124831622678
13.74	0.026445052674028482
13.75	0.026396107010104766
13.76	0.02634728742214779
13.77	0.026298593494135353
13.780000000000001	0.026250024811718745
13.790000000000001	0.02620158096221488
13.8	0.026153261534598293
13.81	0.02610506611949338
13.82	0.026056994309166547
13.83	0.026009045697518465
13.84	0.025961219880076283
13.85	0.025913516453986023
13.86	0.025865935018004903
13.870000000000001	0.025818475172493725
13.88	0.025771136519409352
13.89	0.025723918662297136
13.9	0.02567682120628349
13.91	0.02562984375806843
13.92	0.025582985925918195
13.93	0.02553624731965785
13.94	0.025489627550664015
13.950000000000001	0.02544312623185756
13.96	0.025396742977696406
13.97	0.025350477404168275
13.98	0.02530432912878354
13.99	0.02525829777056815
14.	0.025212382950056476
14.01	0.025166584289284356
14.02	0.025120901411781995
14.030000000000001	0.025075333942567054
14.040000000000001	0.02502988150813771
14.05	0.024984543736465737
14.06	0.024935407244028047
14.07	0.024883050819276362
14.08	0.02483084140746454
14.09	0.024778778491817977
14.1	0.024726861557743535
14.11	0.024675090092818847
14.120000000000001	0.024623463586781653
14.13	0.02457198153151909
14.14	0.024520643421057232
14.15	0.024469448751550507
14.16	0.024418397021271285
14.17	0.024367487730599432
14.18	0.024316720382012085
14.19	0.024266094480073257
14.200000000000001	0.024215609531423692
14.21	0.02416526504477071
14.22	0.02411506053087806
14.23	0.024064995502555916
14.24	0.024015069474650853
14.25	0.023965281964035936
14.26	0.02391563248960086
14.27	0.023866120572242057
14.280000000000001	0.023816745734852995
14.290000000000001	0.02376750750231444
14.3	0.02371840540148478
14.31	0.02366943896119045
14.32	0.023620607712216374
14.33	0.023571911187296405
14.34	0.02352334892110395
14.35	0.023474920450242565
14.36	0.02342662531323656
14.370000000000001	0.02337846305052176
14.38	0.02333043320443624
14.39	0.023282535319211154
14.4	0.023234768940961558
14.41	0.02318713361767738
14.42	0.0231396288992143
14.43	0.02309225433728486
14.44	0.02304500948544945
14.450000000000001	0.022997893899107454
14.46	0.022950907135488384
14.47	0.022904048753643116
14.48	0.022857318314435136
14.49	0.022810715380531817
14.5	0.022764239516395827
14.51	0.022717890288276452
14.52	0.02267166726420113
14.530000000000001	0.022625570013966877
14.540000000000001	0.02257959810913186
14.55	0.022533751123006943
14.56	0.022488028630647378
14.57	0.022442430208844455
14.58	0.022396955436117187
14.59	0.022351603892704134
14.6	0.02230637516055519
14.61	0.022261268823323452
14.620000000000001	0.022216284466357105
14.63	0.02217142167669138
14.64	0.02212668004304051
14.65	0.022082059155789865
14.66	0.022037558606987875
14.67	0.02199317799033827
14.68	0.021948916901192186
14.69	0.021904774936540382
14.700000000000001	0.021860751695005506
14.71	0.02181684677683436
14.72	0.021773059783890207
14.73	0.021729390319645197
14.74	0.02168583798917274
14.75	0.021642402399139987
14.76	0.02159908315780028
14.77	0.021555879874985712
14.780000000000001	0.021512792162099757
14.790000000000001	0.021469819632109782
14.8	0.021426961899539743
14.81	0.021384218580462917
14.82	0.021341589292494578
14.83	0.021299073654784815
14.84	0.021256671288011304
14.85	0.02121438181437218
14.86	0.021172204857578904
14.870000000000001	0.021130140042849237
14.88	0.02108818699690012
14.89	0.021046345347940764
14.9	0.021004614725665616
14.91	0.020962994761247487
14.92	0.02092148508733064
14.93	0.0208800853380239
14.94	0.020838795148893918
14.950000000000001	0.020797614156958355
14.96	0.02075654200067913
14.97	0.020715578319955703
14.98	0.02067472275611843
14.99	0.02063397495192193
15.	0.020593334551538455
15.01	0.020552801200551377
15.02	0.020512374545948564
15.030000000000001	0.020472054236115967
15.040000000000001	0.020431839920831172
15.05	0.020391731251256873
15.06	0.02035172787993458
15.07	0.02031182946077817
15.08	0.02027203564906766
15.09	0.020232346101442825
15.1	0.020192760475896982
15.11	0.02015327843177075
15.120000000000001	0.020113899629745854
15.13	0.020074623731838978
15.14	0.020035450401395632
15.15	0.01999637930308403
15.16	0.019957410102889036
15.17	0.019918542468106166
15.18	0.01987977606733553
15.19	0.0198411105704759
15.200000000000001	0.01980254564871874
15.21	0.019764080974542346
15.22	0.019725716221705908
15.23	0.019687451065243715
15.24	0.01964928518145931
15.25	0.019611218247919688
15.26	0.0195732499434496
15.27	0.019535379948125767
15.280000000000001	0.019497607943271218
15.290000000000001	0.01945993361144959
15.3	0.01942235663645955
15.31	0.019384876703329123
15.32	0.019347493498310137
15.33	0.019310206708872703
15.34	0.019273016023699647
15.35	0.019235921132681036
15.36	0.019198921726908732
15.370000000000001	0.019162017498670938
15.38	0.01912520814144677
15.39	0.01908849334990095
15.4	0.019051872819878354
15.41	0.019015346248398762
15.42	0.018978913333651537
15.43	0.018942573774990354
15.44	0.018906327272927965
15.450000000000001	0.01887017352913098
15.46	0.01883411224641466
15.47	0.018798143128737784
15.48	0.01876226588119751
15.49	0.01872648021002425
15.5	0.0186907858225766
15.51	0.018655182427336246
15.52	0.01861966973390303
15.530000000000001	0.01858424745298982
15.540000000000001	0.018548915296417622
15.55	0.018513672977110585
15.56	0.01847852020909108
15.57	0.018443456707474812
15.58	0.018408482188465913
15.59	0.01837359636935212
15.6	0.01833879896849991
15.610000000000001	0.018304089705349726
15.620000000000001	0.018269468300411196
15.63	0.018234934475258334
15.64	0.018200487952524894
15.65	0.01816612845589957
15.66	0.018131855710121377
15.67	0.01809766944097495
15.68	0.018063569375285943
15.69	0.018029555240916387
15.700000000000001	0.01799562676676013
15.71	0.017961783682738236
15.72	0.01792802571979447
15.73	0.017894352609890782
15.74	0.017860764086002782
15.75	0.017827259882115268
15.76	0.017793839733217815
15.77	0.017760503375300305
15.780000000000001	0.01772725054534853
15.790000000000001	0.017694080981339826
15.8	0.017660994422238657
15.81	0.01762799060799236
15.82	0.017595069279526743
15.83	0.01756223017874185
15.84	0.017529473048507622
15.85	0.01749679763265969
15.860000000000001	0.017464203675995157
15.870000000000001	0.017431690924268335
15.88	0.017399259124186595
15.89	0.017366908023406156
15.9	0.01733463737052798
15.91	0.017302446915093632
15.92	0.017270336407581147
15.93	0.017238305599400972
15.94	0.017206354242891894
15.950000000000001	0.017174482091316983
15.96	0.017142688898859584
15.97	0.017110974420619283
15.98	0.017079338412607933
15.99	0.017047780631745713
16.	0.017016300835857152
16.01	0.0169848987836672
16.02	0.016953574234797347
16.03	0.0169223269497617
16.04	0.01689115668996315
16.05	0.0168600632176895
16.06	0.01682904629610962
16.07	0.01679810568926968
16.080000000000002	0.016767241162089316
16.09	0.01673645248035789
16.1	0.0167057394107307
16.11	0.01667510172072526
16.12	0.016644539178717582
16.13	0.016614051553938483
16.14	0.01658199856627592
16.15	0.016546448809529685
16.16	0.01651099720177567
16.17	0.016475643411550774
16.18	0.01644038710871531
16.19	0.01640522796444687
16.2	0.01637016565123436
16.21	0.016335199842871833
16.22	0.01630033021445258
16.23	0.016265556442363126
16.240000000000002	0.016230878204277314
16.25	0.016196295179150368
16.26	0.016161807047213
16.27	0.016127413489965634
16.28	0.01609311419017248
16.29	0.016058908831855862
16.3	0.01602479710029038
16.31	0.01599077868199721
16.32	0.0159568532647384
16.330000000000002	0.015923020537511236
16.34	0.01588928019054255
16.35	0.01585563191528311
16.36	0.01582207540440212
16.37	0.01578861035178156
16.38	0.015755236452510767
16.39	0.015721953402880826
16.4	0.01568876090037922
16.41	0.015655658643684293
16.42	0.015622646332659933
16.43	0.015589723668350104
16.44	0.01555689035297353
16.45	0.015524146089918386
16.46	0.015491490583736958
16.47	0.015458923540140416
16.48	0.01542644466599352
16.490000000000002	0.015394053669309444
16.5	0.015361750259244534
16.51	0.01532953414609322
16.52	0.015297405041282793
16.53	0.015265362657368364
16.54	0.01523340670802772
16.55	0.015201536908056286
16.56	0.015169752973362134
16.57	0.015138054620960868
16.580000000000002	0.01510644156897076
16.59	0.015074913536607736
16.6	0.015043470244180405
16.61	0.015012111413085248
16.62	0.014980836765801631
16.63	0.014949646025887024
16.64	0.014918538917972146
16.65	0.014887515167756136
16.66	0.01485657450200179
16.67	0.014825716648530787
16.68	0.014794941336219
16.69	0.014764248294991695
16.7	0.014733637255818945
16.71	0.014703107950710864
16.72	0.014672660112713076
16.73	0.014642293475902
16.740000000000002	0.014612007775380317
16.75	0.014581802747272382
16.76	0.014551678128719653
16.77	0.014521633657876225
16.78	0.014491669073904272
16.79	0.014461784116969589
16.8	0.014431978528237124
16.81	0.014402252049866601
16.82	0.014372604425008005
16.830000000000002	0.01434303539779729
16.84	0.01431354471335196
16.85	0.01428413211776674
16.86	0.01425479735810925
16.87	0.014225540182415689
16.88	0.014196360339686576
16.89	0.014167257579882487
16.9	0.014138231653919805
16.91	0.014109282313666522
16.92	0.014080409311938021
16.93	0.014051612402492914
16.94	0.01402289134002891
16.95	0.013994245880178629
16.96	0.013965675779505525
16.97	0.013937180795499812
16.98	0.013908760686574364
16.990000000000002	0.013880415212060668
17.	0.01385214413220479
17.01	0.013823947208163366
17.02	0.013795824201999651
17.03	0.013767774876679465
17.04	0.013739798996067313
17.05	0.013711896324922425
17.06	0.013684066628894856
17.07	0.013656309674521578
17.080000000000002	0.013628625229222608
17.09	0.01360101306129718
17.1	0.013573472939919852
17.11	0.013546004635136766
17.12	0.013518607917861789
17.13	0.013491282559872753
17.14	0.013464028333807715
17.150000000000002	0.013436845013161175
17.16	0.013409732372280412
17.17	0.013382690186361698
17.18	0.013355718231446687
17.19	0.013328816284418706
17.2	0.013301984122999128
17.21	0.013275221525743707
17.22	0.013248528272038991
17.23	0.013221904142098713
17.240000000000002	0.013195348916960233
17.25	0.01316886237848094
17.26	0.013142444309334736
17.27	0.013116094493008478
17.28	0.013089812713798546
17.29	0.01306359875680724
17.3	0.013037452407939364
17.31	0.01301137345389881
17.32	0.012985361682185002
17.330000000000002	0.012959416881089602
17.34	0.01293353883969301
17.35	0.012907727347861003
17.36	0.012881982196241348
17.37	0.01285630317626048
17.38	0.012830690080120132
17.39	0.012805142700793977
17.400000000000002	0.012779660832024396
17.41	0.01275424426831913
17.42	0.012728892804948008
17.43	0.012703606237939678
17.44	0.012678384364078395
17.45	0.012653226980900776
17.46	0.012628133886692552
17.47	0.012603104880485447
17.48	0.012578139762053884
17.490000000000002	0.012553238331911909
17.5	0.012528400391310033
17.51	0.012503625742232028
17.52	0.012478914187391853
17.53	0.012454265530230546
17.54	0.01242967957491315
17.55	0.012405156126325567
17.56	0.012380694990071564
17.57	0.012356295972469698
17.580000000000002	0.012331958880550288
17.59	0.012307683522052384
17.6	0.012283469705420793
17.61	0.012259317239803034
17.62	0.012235225935046432
17.63	0.012211195601695127
17.64	0.012187226050987092
17.650000000000002	0.012163317094851245
17.66	0.012139468545904534
17.67	0.012115680217449
17.68	0.012091951923468895
17.69	0.012068283478627834
17.7	0.012044674698265898
17.71	0.012021125398396783
17.72	0.011997635395705017
17.73	0.011974204507543044
17.740000000000002	0.011950832551928517
17.75	0.011927519347541434
17.76	0.011904264713721378
17.77	0.011881068470464749
17.78	0.011857930438422008
17.79	0.011834850438894932
17.8	0.011811828293833876
17.81	0.011788863825835076
17.82	0.011765956858137942
17.830000000000002	0.011743107214622326
17.84	0.011720314719805917
17.85	0.01169757919884153
17.86	0.01167490047751443
17.87	0.011652278382239738
17.88	0.011629712740059793
17.89	0.011607203378641535
17.900000000000002	0.01158475012627387
17.91	0.011562352811865137
17.92	0.011540011264940465
17.93	0.011517725315639276
17.94	0.011495494794712666
17.95	0.011473319533520916
17.96	0.011451199364030898
17.97	0.01142913411881365
17.98	0.011407123631041778
17.990000000000002	0.011385167734487006
18.	0.011363266263517706
18.01	0.011341419053096363
18.02	0.011319625938777212
18.03	0.011297886756703691
18.04	0.011276201343606095
18.05	0.011254569536799056
18.06	0.011232991174179217
18.07	0.011211466094222786
18.080000000000002	0.011189994135983143
18.09	0.011168575139088453
18.1	0.011147208943739335
18.11	0.011125895390706488
18.12	0.01110463432132829
18.13	0.011083425577508564
18.14	0.011062269001714151
18.150000000000002	0.011041164436972672
18.16	0.011020111726870186
18.17	0.010999110715548903
18.18	0.010978161247704891
18.19	0.010957263168585845
18.2	0.010936416323988783
18.21	0.010915620560257806
18.22	0.01089487572428188
18.23	0.010874181663492589
18.240000000000002	0.01085353822586189
18.25	0.010832945259899963
18.26	0.010812402614652957
18.27	0.010791910139700848
18.28	0.010771467685155207
18.29	0.010751075101657093
18.3	0.010730732240374834
18.31	0.01071043895300193
18.32	0.010690195091754881
18.330000000000002	0.010670000509371077
18.34	0.010649855059106667
18.35	0.010629758594734454
18.36	0.010609710970541811
18.37	0.010589712041328542
18.38	0.010569761662404894
18.39	0.01054985968958937
18.400000000000002	0.010530005979206777
18.41	0.010510200388086087
18.42	0.010490442773558465
18.43	0.010470732993455184
18.44	0.010451070906105621
18.45	0.010431456370335278
18.46	0.010411889245463699
18.47	0.010392369391302546
18.48	0.010372896668153579
18.490000000000002	0.010353470936806696
18.5	0.01033409205853793
18.51	0.010314759895107533
18.52	0.010295474308758002
18.53	0.010275602785407236
18.54	0.010253785747381417
18.55	0.010232026757967581
18.56	0.010210325631547472
18.57	0.010188682183195918
18.580000000000002	0.010167096228677907
18.59	0.010145567584445599
18.6	0.010124096067635435
18.61	0.010102681496065165
18.62	0.010081323688231033
18.63	0.010060022463304783
18.64	0.010038777641130873
18.650000000000002	0.010017589042223548
18.66	0.009996456487764059
18.67	0.009975379799597756
18.68	0.00995435880023132
18.69	0.00993339331282992
18.7	0.009912483161214462
18.71	0.009891628169858783
18.72	0.00987082816388686
18.73	0.009850082969070115
18.740000000000002	0.009829392411824605
18.75	0.009808756319208365
18.76	0.009788174518918641
18.77	0.00976764683928921
18.78	0.009747173109287672
18.79	0.009726753158512813
18.8	0.009706386817191914
18.81	0.009686073916178078
18.82	0.009665814286947653
18.830000000000002	0.009645607761597534
18.84	0.009625454172842628
18.85	0.009605353354013168
18.86	0.009585305139052213
18.87	0.009565309362512982
18.88	0.009545365859556372
18.89	0.009525474465948359
18.900000000000002	0.009505635018057455
18.91	0.009485847352852192
18.92	0.00946611130789863
18.93	0.009446426721357823
18.94	0.009426793431983311
18.95	0.009407211279118694
18.96	0.009387680102695112
18.97	0.009368199743228816
18.98	0.00934877004181871
18.990000000000002	0.009329390840143918
19.	0.009310061980461365
19.01	0.009290783305603378
19.02	0.00927155465897525
19.03	0.009252375884552891
19.04	0.00923324682688043
19.05	0.00921416733106785
19.06	0.009195137242788635
19.07	0.00917615640827741
19.080000000000002	0.009157224674327653
19.09	0.009138341888289337
19.1	0.00911950789806659
19.11	0.009100722552115489
19.12	0.009081985699441651
19.13	0.009063297189598037
19.14	0.00904465687268266
19.150000000000002	0.009026064599336343
19.16	0.00900752022074041
19.17	0.008989023588614536
19.18	0.008970574555214461
19.19	0.00895217297332978
19.2	0.008933818696281778
19.21	0.008915511577921163
19.22	0.00889725147262596
19.23	0.008879038235299265
19.240000000000002	0.008860871721367135
19.25	0.008842751786776406
19.26	0.008824678287992539
19.27	0.008806651081997519
19.28	0.008788670026287677
19.29	0.008770734978871635
19.3	0.008752845798268152
19.31	0.008735002343504064
19.32	0.008717204474112162
19.330000000000002	0.008699452050129149
19.34	0.008681744932093545
19.35	0.008664082981043656
19.36	0.008646466058515496
19.37	0.008628894026540783
19.38	0.008611366747644879
19.39	0.008593884084844785
19.400000000000002	0.00857644590164714
19.41	0.00855905206204618
19.42	0.008541702430521813
19.43	0.00852439687203756
19.44	0.008507135252038646
19.45	0.008489917436449989
19.46	0.008472743291674273
19.47	0.008455612684589987
19.48	0.00843852548254949
19.490000000000002	0.0084214815533771
19.5	0.008404480765367137
19.51	0.008387522987282025
19.52	0.008370608088350426
19.53	0.0083537359382653
19.54	0.008336906407182031
19.55	0.008320119365716565
19.56	0.008303374684943531
19.57	0.008286672236394387
19.580000000000002	0.008270011892055553
19.59	0.008253393524366595
19.6	0.008236817006218368
19.61	0.008220282210951205
19.62	0.008203789012353089
19.63	0.008187337284657847
19.64	0.008170926902543351
19.650000000000002	0.008154557741129735
19.66	0.008138229675977592
19.67	0.008121942583086189
19.68	0.00810569633889174
19.69	0.008089490820265607
19.7	0.008073325904512568
19.71	0.008057201469369063
19.72	0.008041117393001451
19.73	0.008025073554004296
19.740000000000002	0.008009069831398645
19.75	0.007993106104630313
19.76	0.007977182253568143
19.77	0.007961298158502383
19.78	0.007945453700142931
19.79	0.007929648759617674
19.8	0.007913883218470804
19.81	0.00789815695866119
19.82	0.007882469862560651
19.830000000000002	0.007866821812952365
19.84	0.007851212693029203
19.85	0.007835642386392068
19.86	0.007819023121942248
19.87	0.007802050653178872
19.88	0.007785123537755829
19.89	0.007768241631759044
19.900000000000002	0.007751404791803146
19.91	0.007734612875029249
19.92	0.007717865739102746
19.93	0.007701163242211152
19.94	0.007684505243061889
19.95	0.007667891600880163
19.96	0.007651322175406766
19.97	0.007634796826895987
19.98	0.0076183154161133994
19.990000000000002	0.007601877804333809
20.	0.007585483853339095
20.01	0.007569133425416115
20.02	0.007552826383354604
20.03	0.007536562590445111
20.04	0.0075203419104769
20.05	0.007504164207735868
20.06	0.007488029347002546
20.07	0.007471937193549974
20.080000000000002	0.007455887613141727
20.09	0.007439880472029861
20.1	0.007423915636952874
20.11	0.007407992975133735
20.12	0.007392112354277854
20.13	0.007376273642571111
20.14	0.007360476708677842
20.150000000000002	0.007344721421738903
20.16	0.00732900765136968
20.17	0.007313335267658162
20.18	0.007297704141162945
20.19	0.0072821141429113495
20.2	0.007266565144397461
20.21	0.007251057017580217
20.22	0.0072355896348815065
20.23	0.0072201628691842545
20.240000000000002	0.007204776593830521
20.25	0.0071894306826196545
20.26	0.007174125009806384
20.27	0.00715885945009895
20.28	0.007143633878657273
20.29	0.007128448171091069
20.3	0.007113302203458038
20.31	0.007098195852262032
20.32	0.007083128994451189
20.330000000000002	0.007068101507416164
20.34	0.007053113268988303
20.35	0.0070381641574378435
20.36	0.00702325405147211
20.37	0.007008382830233768
20.38	0.006993550373298997
20.39	0.006978756560675781
20.400000000000002	0.0069640012728020865
20.41	0.006949284390544187
20.42	0.006934605795194838
20.43	0.006919965368471608
20.44	0.006905362992515124
20.45	0.006890798549887347
20.46	0.006876271923569856
20.47	0.006861782996962197
20.48	0.006847331653880104
20.490000000000002	0.006832917778553877
20.5	0.00681854125562668
20.51	0.0068042019701528445
20.52	0.006789899807596258
20.53	0.006775634653828656
20.54	0.006761406395127991
20.55	0.0067472149181767894
20.56	0.0067330601100605205
20.57	0.006718941858265973
20.580000000000002	0.006704860050679604
20.59	0.006690814575585972
20.6	0.006676805321666094
20.61	0.006662832177995859
20.62	0.00664889503404444
20.63	0.0066349937796727175
20.64	0.006621128305131674
20.650000000000002	0.006607298501060852
20.66	0.00659350425848679
20.67	0.0065797454688214475
20.68	0.006566022023860662
20.69	0.006552333815782632
20.7	0.006538680737146348
20.71	0.006525062680890067
20.72	0.0065114795403298335
20.73	0.006497931209157912
20.740000000000002	0.0064844175814413076
20.75	0.006470938551620266
20.76	0.006457494014506762
20.77	0.006444083865283031
20.78	0.006430707999500081
20.79	0.006417366313076222
20.8	0.006404058702295581
20.81	0.006390785063806672
20.82	0.0063775452946209146
20.830000000000002	0.006364339292111202
20.84	0.006351166954010443
20.85	0.006338028178410148
20.86	0.0063249228637589985
20.87	0.006311850908861392
20.88	0.006298812212876075
20.89	0.0062858066753147005
20.900000000000002	0.006272834196040423
20.91	0.006259894675266542
20.92	0.00624698801355505
20.93	0.006234114111815289
20.94	0.006221272871302572
20.95	0.006208464193616794
20.96	0.006195687980701073
20.97	0.0061829441348403924
20.98	0.006170232558660241
20.990000000000002	0.006157553155125271
21.	0.006144905827537947
21.01	0.006132290479537232
21.02	0.006119707015097221
21.03	0.006107155338525845
21.04	0.006094635354463555
21.05	0.006082146967881975
21.06	0.00606969008408264
21.07	0.006057264608695665
21.080000000000002	0.006044870447678459
21.09	0.00603250750731443
21.1	0.006020175694211719
21.11	0.006007874915301888
21.12	0.005995605077838683
21.13	0.005983366089396756
21.14	0.005971157857870377
21.150000000000002	0.005958980291472216
21.16	0.005946833298732075
21.17	0.005934716788495653
21.18	0.005922630669923275
21.19	0.005910574852488709
21.2	0.005898549245977884
21.21	0.005886553760487717
21.22	0.005874588306424849
21.23	0.0058626527945044755
21.240000000000002	0.005850747135749099
21.25	0.005838871241487356
21.26	0.005827025023352819
21.27	0.005815208393282781
21.28	0.005802558818912548
21.29	0.005789651692411001
21.3	0.005776779317228454
21.31	0.00576394158355065
21.32	0.005751138381961663
21.330000000000002	0.005738369603442228
21.34	0.005725635139368153
21.35	0.005712934881508693
21.36	0.005700268722024926
21.37	0.005687636553468163
21.38	0.005675038268778369
21.39	0.005662473761282553
21.400000000000002	0.005649942924693197
21.41	0.005637445653106692
21.42	0.005624981841001757
21.43	0.005612551383237902
21.44	0.005600154175053844
21.45	0.0055877901120660114
21.46	0.005575459090266954
21.47	0.005563161006023861
21.48	0.005550895756077005
21.490000000000002	0.005538663237538237
21.5	0.005526463347889473
21.51	0.005514295984981211
21.52	0.0055021610470310164
21.53	0.005490058432622019
21.54	0.005477988040701468
21.55	0.005465949770579236
21.56	0.005453943521926345
21.57	0.005441969194773523
21.580000000000002	0.005430026689509715
21.59	0.005418115906880683
21.6	0.005406236747987518
21.61	0.005394389114285232
21.62	0.00538257290758131
21.63	0.005370788030034305
21.64	0.005359034384152416
21.650000000000002	0.005347311872792058
21.66	0.005335620399156486
21.67	0.005323959866794389
21.68	0.005312330179598492
21.69	0.005300731241804162
21.7	0.0052891629579880665
21.71	0.005277625233066753
21.72	0.00526611797229532
21.73	0.005254641081266023
21.740000000000002	0.005243194465906976
21.75	0.0052317780324807155
21.76	0.005220391687582949
21.77	0.005209035338141172
21.78	0.005197708891413324
21.79	0.005186412254986511
21.8	0.005175145336775634
21.81	0.00516390804502213
21.82	0.005152700288292613
21.830000000000002	0.005141521975477626
21.84	0.005130373015790286
21.85	0.00511925331876506
21.86	0.005108162794256429
21.87	0.005097101352437628
21.88	0.005086068903799384
21.89	0.005075065359148641
21.900000000000002	0.005064090629607299
21.91	0.0050531446266109505
21.92	0.005042227261907648
21.93	0.005031338447556647
21.94	0.005020478095927179
21.95	0.0050096461196971935
21.96	0.004998842431852166
21.97	0.004988066945683847
21.98	0.004977319574789057
21.990000000000002	0.004966600233068483
22.	0.00495590883472544
22.01	0.004945245294264719
22.02	0.00493460952649135
22.03	0.004924001446509433
22.04	0.0049134209697209415
22.05	0.004902868011824561
22.06	0.004892342488814487
22.07	0.004881844316979282
22.080000000000002	0.0048713734129007
22.09	0.004860929693452523
22.1	0.0048505130757994135
22.11	0.004840123477395764
22.12	0.00482976081598455
22.13	0.004819425009596213
22.14	0.004809115976547477
22.150000000000002	0.004798833635440278
22.16	0.004788577905160602
22.17	0.004778348704877372
22.18	0.004768145954041352
22.19	0.004757969572384013
22.2	0.004747819479916457
22.21	0.004737695596928273
22.22	0.0047275978439865135
22.23	0.00471752614193452
22.240000000000002	0.004707480411890909
22.25	0.004697460575248449
22.26	0.004687466553672997
22.27	0.004677498269102446
22.28	0.0046675556437456205
22.29	0.004657638600081257
22.3	0.004647747060856908
22.31	0.004637880949087932
22.32	0.0046280401880564
22.330000000000002	0.004618224701310083
22.34	0.004608434412661416
22.35	0.004598669246186434
22.36	0.004588929126223781
22.37	0.00457921397737365
22.38	0.004569523724496781
22.39	0.004559858292713454
22.400000000000002	0.004550217607402455
22.41	0.00454060159420008
22.42	0.00453101017899913
22.43	0.004521443287947916
22.44	0.004511900847449256
22.45	0.004502382784159505
22.46	0.004492889024987533
22.47	0.004483419497093784
22.48	0.004473974127889278
22.490000000000002	0.004464552845034628
22.5	0.004455155576439105
22.51	0.004445782250259627
22.52	0.004436432794899847
22.53	0.004427107139009159
22.54	0.004417805211481762
22.55	0.004408526941455716
22.56	0.004399272258311988
22.57	0.004390041091673524
22.580000000000002	0.004380833371404289
22.59	0.004371649027608374
22.6	0.004362487990629028
22.61	0.004353350191047759
22.62	0.004344235559683414
22.63	0.004335144027591246
22.64	0.00432607552606202
22.650000000000002	0.004317029986621094
22.66	0.004308007341027528
22.67	0.00429900752127316
22.68	0.004290030459581736
22.69	0.004281076088408001
22.7	0.004272144340436814
22.71	0.004263235148582265
22.72	0.0042543484459868
22.73	0.004245484166020326
22.740000000000002	0.004236642242279356
22.75	0.004227822608586135
22.76	0.004219025198987756
22.77	0.004210249947755324
22.78	0.004201496789383081
22.79	0.004192765658587561
22.8	0.004183539433977045
22.81	0.004174004466516772
22.82	0.004164495395775082
22.830000000000002	0.004155012140115103
22.84	0.004145554618192935
22.85	0.0041361227489564315
22.86	0.0041267164516440484
22.87	0.004117335645783672
22.88	0.004107980251191453
22.89	0.0040986501879706535
22.900000000000002	0.004089345376510474
22.91	0.0040800657374849576
22.92	0.004070811191851772
22.93	0.004061581660851135
22.94	0.0040523770660046525
22.95	0.004043197329114197
22.96	0.004034042372260793
22.97	0.004024912117803479
22.98	0.004015806488378216
22.990000000000002	0.004006725406896773
23.	0.003997668796545624
23.01	0.003988636580784847
23.02	0.003979628683347032
23.03	0.003970645028236203
23.04	0.003961685539726717
23.05	0.0039527501423621955
23.06	0.003943838760954462
23.07	0.003934951320582443
23.080000000000002	0.003926087746591145
23.09	0.003917247964590552
23.1	0.003908431900454603
23.11	0.00389963948032012
23.12	0.003890870630585783
23.13	0.0038821252779110732
23.14	0.0038734033492152336
23.150000000000002	0.0038647047716762585
23.16	0.0038560294727298405
23.17	0.0038473773800683773
23.18	0.003838748421639917
23.19	0.003830142525647177
23.2	0.003821559620546514
23.21	0.003812999635046926
23.22	0.0038044624981090633
23.23	0.0037959481389442024
23.240000000000002	0.0037874564870132893
23.25	0.00377898747202593
23.26	0.0037705410239394195
23.27	0.0037621170729577468
23.28	0.0037537155495306358
23.29	0.003745336384352571
23.3	0.003736979508361827
23.31	0.003728644852739521
23.32	0.0037203323489086266
23.330000000000002	0.0037120419285330522
23.34	0.0037037735235166793
23.35	0.00369552706600241
23.36	0.0036873024883712353
23.37	0.0036790997232412893
23.38	0.0036709187034669366
23.39	0.0036627593621378135
23.400000000000002	0.0036546216325779347
23.41	0.0036465054483447485
23.42	0.003638410743228225
23.43	0.0036303374512499675
23.44	0.0036222855066622597
23.45	0.0036142548439472063
23.46	0.003606245397815799
23.47	0.0035982571032070394
23.48	0.003590289895287035
23.490000000000002	0.0035823437094481127
23.5	0.0035744184813079395
23.51	0.0035665141467086394
23.52	0.00355863064171591
23.53	0.0035507679026181484
23.54	0.003542925865925589
23.55	0.0035351044683694308
23.56	0.003527303646900985
23.57	0.0035195233386907956
23.580000000000002	0.0035117634811278097
23.59	0.0035040240118185085
23.6	0.003496304868586066
23.61	0.0034886059894695056
23.62	0.003480927312722858
23.63	0.0034732687768143262
23.64	0.0034656303204254465
23.650000000000002	0.003458011882450267
23.66	0.003450413401994522
23.67	0.0034428348183748
23.68	0.0034352760711177355
23.69	0.003427737099959187
23.7	0.003420217844843431
23.71	0.0034127182459223427
23.72	0.0034052382435546093
23.73	0.0033977777783049078
23.740000000000002	0.0033903367909431208
23.75	0.0033829152224435434
23.76	0.003375513013984075
23.77	0.0033681301069454638
23.78	0.0033607664429104837
23.79	0.0033534219636631806
23.8	0.0033460966111880865
23.81	0.00333879032766944
23.82	0.003331503055490427
23.830000000000002	0.0033242347372324007
23.84	0.00331698531567413
23.85	0.0033097547337910187
23.86	0.0033025429347543814
23.87	0.003295349861930647
23.88	0.0032881754588806357
23.89	0.0032810196693588076
23.900000000000002	0.003273882437312504
23.91	0.0032667637068812248
23.92	0.0032596634223958734
23.93	0.0032525815283780263
23.94	0.0032455179695392087
23.95	0.0032384726907801567
23.96	0.003231445637190088
23.97	0.003224436754045987
23.98	0.003217445986811883
23.990000000000002	0.0032104732811381272
24.	0.0032035185828606936
24.01	0.003196581838000444
24.02	0.0031896629927624432
24.03	0.003182761993535247
24.04	0.003175878786890188
24.05	0.003169013319580701
24.060000000000002	0.0031621655385415987
24.07	0.0031553353908884054
24.080000000000002	0.0031485228239166493
24.09	0.003141727785101178
24.1	0.003134950222095484
24.11	0.003128190082731009
24.12	0.003121447315016482
24.13	0.003114721867137224
24.14	0.0031080136874544985
24.150000000000002	0.0031013227245048156
24.16	0.003094648926999289
24.17	0.0030879922438229552
24.18	0.0030813526240341194
24.19	0.003074730016863697
24.2	0.0030681243717145556
24.21	0.003061535638160862
24.22	0.0030549637659474317
24.23	0.003048408704989085
24.240000000000002	0.003041870405369994
24.25	0.0030353488173430463
24.26	0.0030288438913292108
24.27	0.0030223555779168845
24.28	0.0030158838278612765
24.29	0.0030094285920837646
24.3	0.0030029898216712763
24.310000000000002	0.002996567467875651
24.32	0.0029901614821130165
24.330000000000002	0.00298377181596319
24.34	0.002977398421169024
24.35	0.0029710412496358266
24.36	0.002964700253430725
24.37	0.002958375384782054
24.38	0.002952066596078769
24.39	0.0029457738398698235
24.400000000000002	0.0029394970688635604
24.41	0.0029332362359271304
24.42	0.00292699129408588
24.43	0.0029204344720104485
24.44	0.0029136650597799273
24.45	0.0029069140983079395
24.46	0.0029001815297894796
24.47	0.002893467296624154
24.48	0.0028867713414153897
24.490000000000002	0.002880093606969633
24.5	0.0028734340362955397
24.51	0.0028667925726031836
24.52	0.0028601691593032586
24.53	0.0028535637400062936
24.54	0.0028469762585218595
24.55	0.0028404066588577992
24.560000000000002	0.0028338548852194297
24.57	0.0028273208820087754
24.580000000000002	0.002820804593823796
24.59	0.0028143059654576106
24.6	0.0028078249418977386
24.61	0.0028013614683253347
24.62	0.002794915490114415
24.63	0.002788486952831133
24.64	0.0027820758022329872
24.650000000000002	0.0027756819842681027
24.66	0.0027693054450744605
24.67	0.0027629461309791777
24.68	0.0027566039884977423
24.69	0.0027502789643332943
24.7	0.0027439710053758877
24.71	0.002737680058701748
24.72	0.0027314060715725712
24.73	0.0027251489914347634
24.740000000000002	0.002718908765918752
24.75	0.0027126853428382476
24.76	0.0027064786701895315
24.77	0.002700288696150758
24.78	0.002694115369081223
24.79	0.0026879586375206767
24.8	0.0026818184501886046
24.810000000000002	0.0026756947559835507
24.82	0.0026695875039823903
24.830000000000002	0.0026634966434396653
24.84	0.0026574221237868688
24.85	0.002651363894631771
24.86	0.00264532190575774
24.87	0.0026392961071230333
24.88	0.0026332864488601533
24.89	0.0026272928812751447
24.900000000000002	0.0026213153548469356
24.91	0.0026153538202266548
24.92	0.0026094082282369755
24.93	0.002603478529871447
24.94	0.002597564676293825
24.95	0.0025916666188374304
24.96	0.002585784309004472
24.97	0.002579917698465404
24.98	0.002574066739058281
24.990000000000002	0.0025682313827880988
25.	0.0025624115818261538
25.01	0.002556607288509396
25.02	0.0025508184553398017
25.03	0.002545045034983721
25.04	0.0025392869802712604
25.05	0.0025335442441956303
25.060000000000002	0.002527816779912535
25.07	0.002522104540739541
25.080000000000002	0.0025164074801554467
25.09	0.002510725551799669
25.1	0.0025050587094716218
25.11	0.0024994069071301033
25.12	0.002493770098892678
25.13	0.00248814823903507
25.14	0.0024825412819905524
25.150000000000002	0.00247694918234935
25.16	0.0024713718948580297
25.17	0.0024658093744188924
25.18	0.002460261576089396
25.19	0.0024547284550815395
25.2	0.0024492099667612855
25.21	0.0024437060666479635
25.22	0.002438216710413679
25.23	0.0024327418538827375
25.240000000000002	0.0024272814530310557
25.25	0.002421835463985583
25.26	0.002416403843023721
25.27	0.002410986546572755
25.28	0.002405583531209273
25.29	0.0024001947536586034
25.3	0.0023948201707942383
25.310000000000002	0.002389459739637273
25.32	0.0023841134173558497
25.330000000000002	0.002378781161264579
25.34	0.002373462928824
25.35	0.0023681586776400105
25.36	0.0023628683654633195
25.37	0.002357591950188897
25.38	0.0023523293898554203
25.39	0.00234708064264473
25.400000000000002	0.0023418456668812832
25.41	0.00233662442103162
25.42	0.002331416863703807
25.43	0.0023262229536469164
25.44	0.002321042649750478
25.45	0.00231587591104395
25.46	0.002310722696696198
25.47	0.0023055829660149447
25.48	0.0023004566784462677
25.490000000000002	0.002295343793574053
25.5	0.002290244271119494
25.51	0.002285158070940551
25.52	0.0022800851530314467
25.53	0.0022750254775221477
25.54	0.0022699790046778498
25.55	0.0022649456948984664
25.560000000000002	0.0022599255087181196
25.57	0.002254918406804631
25.580000000000002	0.002249924349959026
25.59	0.0022449432991150185
25.6	0.0022399752153385174
25.61	0.0022350200598271197
25.62	0.002230077793909635
25.63	0.0022251483790455616
25.64	0.002220231776824613
25.650000000000002	0.0022153279489662277
25.66	0.0022104368573190648
25.67	0.002205558463860547
25.68	0.002200692730696339
25.69	0.002195839620059896
25.7	0.0021909990943119644
25.71	0.0021861711159401167
25.72	0.002181355647558267
25.73	0.002176552651906194
25.740000000000002	0.002171762091849081
25.75	0.002166983930377025
25.76	0.0021622181306045984
25.77	0.0021574646557703486
25.78	0.0021527234692363586
25.79	0.00214799453448777
25.8	0.002143277815132326
25.810000000000002	0.0021385732748999196
25.82	0.002133880877642126
25.830000000000002	0.0021292005873317517
25.84	0.0021245323680623824
25.85	0.0021198761840479324
25.86	0.00211523199962219
25.87	0.002110599779238374
25.88	0.0021059794874686896
25.89	0.002101371089003875
25.900000000000002	0.0020967745486527713
25.91	0.002092189831341875
25.92	0.0020876169021149023
25.93	0.0020830557261323486
25.94	0.002078506268671058
25.95	0.002073968495123789
25.96	0.0020694423709987754
25.97	0.0020649278619193122
25.98	0.0020604249336233136
25.990000000000002	0.0020559335519628966
26.	0.0020514536829039456
26.01	0.002046985292525705
26.02	0.0020425283470203413
26.03	0.0020380828126925397
26.04	0.0020336486559590756
26.05	0.0020292258433483984
26.060000000000002	0.002024814341500233
26.07	0.002020414117165143
26.080000000000002	0.0020160251372041433
26.09	0.0020116473685882746
26.1	0.0020072807783982067
26.11	0.002002925333823827
26.12	0.001998581002163834
26.13	0.0019942477508253465
26.14	0.0019899255473234873
26.150000000000002	0.0019856143592810018
26.16	0.001981314154427841
26.17	0.0019770249006007797
26.18	0.0019724466412295505
26.19	0.0019678501859375285
26.2	0.0019632661904893573
26.21	0.0019586946163731604
26.22	0.0019541354252107317
26.23	0.001949588578757011
26.240000000000002	0.0019450540388995735
26.25	0.0019405317676581264
26.26	0.0019360217271839877
26.27	0.0019315238797595973
26.28	0.0019270381877979931
26.29	0.0019225646138423273
26.3	0.0019181031205653548
26.310000000000002	0.0019136536707689434
26.32	0.0019092162273835727
26.330000000000002	0.0019047907534678434
26.34	0.0019003772122079883
26.35	0.0018959755669173738
26.36	0.0018915857810360333
26.37	0.0018872078181301525
26.38	0.0018828416418916135
26.39	0.001878487216137498
26.400000000000002	0.0018741445048096113
26.41	0.0018698134719740145
26.42	0.0018654940818205326
26.43	0.0018611862986622984
26.44	0.001856890086935269
26.45	0.0018526054111977692
26.46	0.0018483322361300077
26.47	0.001844070526533629
26.48	0.0018398202473312397
26.490000000000002	0.0018355813635659477
26.5	0.0018313538404009148
26.51	0.001827137643118879
26.52	0.001822932737121719
26.53	0.0018187390879299868
26.54	0.0018145566611824668
26.55	0.0018103854226357145
26.560000000000002	0.0018062253381636159
26.57	0.0018020763737569476
26.580000000000002	0.001797938495522914
26.59	0.0017938116696847265
26.6	0.0017896958625811487
26.61	0.0017855910406660584
26.62	0.0017814971705080252
26.63	0.001777414218789854
26.64	0.0017733421523081722
26.650000000000002	0.00176928093797298
26.66	0.0017652305428072382
26.67	0.001761190933946428
26.68	0.001757162078638129
26.69	0.0017531439442415961
26.7	0.0017491364982273403
26.71	0.0017451397081766986
26.72	0.0017411535417814223
26.73	0.0017371779668432599
26.740000000000002	0.0017332129512735363
26.75	0.0017292584630927458
26.76	0.0017253144704301364
26.77	0.0017213809415232992
26.78	0.0017174578447177603
26.79	0.0017135451484665747
26.8	0.0017096428213299246
26.810000000000002	0.0017057508319747027
26.82	0.0017018691491741296
26.830000000000002	0.001697997741807338
26.84	0.0016941365788589778
26.85	0.001690285629418827
26.86	0.0016864448626813858
26.87	0.0016826142479454906
26.88	0.0016787937546139167
26.89	0.001674983352192993
26.900000000000002	0.0016711830102922069
26.91	0.0016673926986238243
26.92	0.0016636123870024996
26.93	0.0016598420453448868
26.94	0.0016560816436692735
26.95	0.0016523311520951797
26.96	0.0016485905408429968
26.97	0.0016448597802335941
26.98	0.0016411388406879534
26.990000000000002	0.0016374276927267888
27.	0.0016337263069701798
27.01	0.001630034654137191
27.02	0.0016263527050455078
27.03	0.001622680430611072
27.04	0.0016190178018477006
27.05	0.0016153647898667406
27.060000000000002	0.001611721365876683
27.07	0.0016080875011828188
27.080000000000002	0.001604463167186867
27.09	0.0016008483353866178
27.1	0.0015972429773755804
27.11	0.001593647064842616
27.12	0.0015900605695715862
27.13	0.0015864834634410107
27.14	0.0015829157184236958
27.150000000000002	0.0015793573065863997
27.16	0.001575808200089472
27.17	0.001572268371186514
27.18	0.001568737792224027
27.19	0.00156521643564107
27.2	0.0015617042739689158
27.21	0.0015582012798307043
27.22	0.00155470742594111
27.23	0.0015512226851059955
27.240000000000002	0.0015477470302220763
27.25	0.0015442804342765818
27.26	0.0015408228703469255
27.27	0.0015373743116003631
27.28	0.0015339347312936635
27.29	0.001530504102772785
27.3	0.001527082399472528
27.310000000000002	0.001523669594916226
27.32	0.001520265662715403
27.330000000000002	0.001516870576569458
27.34	0.0015134843102653313
27.35	0.0015101068376771908
27.36	0.0015067381327661022
27.37	0.0015033781695797115
27.38	0.0015000269222519248
27.39	0.0014966843650025931
27.400000000000002	0.001493350472137195
27.41	0.001490025218046513
27.42	0.001486708577206332
27.43	0.0014834005241771168
27.44	0.0014801010336037035
27.45	0.0014768100802149938
27.46	0.0014735276388236325
27.47	0.0014702536843257184
27.48	0.0014669881917004806
27.490000000000002	0.0014637311360099856
27.5	0.0014604824923988209
27.51	0.0014572422360938034
27.52	0.001454010342403673
27.53	0.0014507867867187894
27.54	0.0014475715445108383
27.55	0.001444364591332527
27.560000000000002	0.0014411659028172913
27.57	0.001437975454679003
27.580000000000002	0.0014347932227116702
27.59	0.0014316191827891415
27.6	0.0014284533108648212
27.61	0.0014252955829713743
27.62	0.0014221459752204373
27.63	0.001419004463802327
27.64	0.0014158710249857584
27.650000000000002	0.0014127456351175562
27.66	0.001409628270622366
27.67	0.0014065189080023706
27.68	0.0014034175238370175
27.69	0.0014003240947827184
27.7	0.0013972385975725902
27.71	0.0013941610090161558
27.72	0.0013910913059990786
27.73	0.001388029465482878
27.740000000000002	0.0013849754645046618
27.75	0.0013819292801768401
27.76	0.0013788908896868576
27.77	0.0013758602702969216
27.78	0.0013728373993437243
27.79	0.0013698222542381838
27.8	0.0013668148124651586
27.810000000000002	0.0013638150515831893
27.82	0.0013608229492242333
27.830000000000002	0.0013578384830933911
27.84	0.0013548616309686434
27.85	0.0013518923707005878
27.86	0.0013489306802121767
27.87	0.00134597653749845
27.88	0.001343029920626281
27.89	0.0013400908077341128
27.900000000000002	0.001337159177031693
27.91	0.0013342350067998316
27.92	0.0013313182753901265
27.93	0.0013284089612247202
27.94	0.0013255070427960359
27.95	0.0013226124986665273
27.96	0.0013197253074684295
27.97	0.0013168454479035008
27.98	0.001313972898742773
27.990000000000002	0.001311107638826304
28.	0.0013082496470629324
28.01	0.0013053989024300135
28.02	0.0013025553839731945
28.03	0.0012997190708061493
28.04	0.0012968899421103449
28.05	0.001293994806233934
28.060000000000002	0.0012910808071437266
28.07	0.0012881744050041012
28.080000000000002	0.0012852755773135487
28.09	0.0012823843016451873
28.1	0.001279500555646486
28.11	0.0012766243170389958
28.12	0.0012737555636180753
28.13	0.001270894273252622
28.14	0.001268040423884798
28.150000000000002	0.0012651939935297701
28.16	0.0012623549602754297
28.17	0.0012595233022821407
28.18	0.0012566989977824676
28.19	0.001253882025080907
28.2	0.0012510723625536301
28.21	0.0012482699886482197
28.22	0.0012454748818834071
28.23	0.0012426870208488187
28.240000000000002	0.0012399063842047056
28.25	0.0012371329506816959
28.26	0.0012343666990805332
28.27	0.001231607608271823
28.28	0.0012288556571957733
28.29	0.0012261108248619468
28.3	0.0012233730903490046
28.310000000000002	0.0012206424328044556
28.32	0.0012179188314444035
28.330000000000002	0.0012152022655532977
28.34	0.0012124927144836943
28.35	0.0012097901576559886
28.36	0.001207094574558186
28.37	0.0012044059447456465
28.38	0.0012017242478408459
28.39	0.0011990494635331253
28.400000000000002	0.0011963815715784567
28.41	0.0011937205517991896
28.42	0.0011910663840838242
28.43	0.001188419048386758
28.44	0.001185778524728059
28.45	0.001183144793193213
28.46	0.0011805178339329033
28.47	0.0011778976271627608
28.48	0.0011752841531631358
28.490000000000002	0.0011726773922788596
28.5	0.001170077324919016
28.51	0.0011674839315567076
28.52	0.0011648971927288188
28.53	0.0011623170890357928
28.54	0.0011597436011413962
28.55	0.001157176709772491
28.560000000000002	0.0011546163957188117
28.57	0.0011520626398327312
28.580000000000002	0.001149515423029042
28.59	0.0011469747262847232
28.6	0.0011444405306387235
28.61	0.001141912817191731
28.62	0.0011393915671059573
28.63	0.0011368767616049113
28.64	0.0011343683819731796
28.650000000000002	0.0011318664095562058
28.66	0.0011293708257600742
28.67	0.0011268816120512898
28.68	0.00112439874995656
28.69	0.001121922221062578
28.7	0.0011194520070158145
28.71	0.001116988089522285
28.72	0.0011145304503473615
28.73	0.0011120790713155353
28.740000000000002	0.0011096339343102184
28.75	0.0011071950212735333
28.76	0.0011047623142060878
28.77	0.001102335795166786
28.78	0.001099915446272603
28.79	0.0010975012496983838
28.8	0.0010950931876766343
28.810000000000002	0.0010926912424973156
28.82	0.001090295396507641
28.830000000000002	0.0010879056321118623
28.84	0.0010855219317710784
28.85	0.0010831442780030187
28.86	0.0010807726533818539
28.87	0.001078407040537984
28.88	0.0010760474221578424
28.89	0.0010736937809836928
28.900000000000002	0.0010713460998134367
28.91	0.001069004361500405
28.92	0.0010666685489531661
28.93	0.0010643386451353305
28.94	0.0010620146330653504
28.95	0.0010596964958163278
28.96	0.0010573842165158157
28.97	0.00105507777834563
28.98	0.0010527771645416494
28.990000000000002	0.0010504823583936283
29.	0.001048193343245004
29.01	0.0010459101024927057
29.02	0.0010436326195869627
29.03	0.0010413608780311166
29.04	0.0010390948613814349
29.05	0.001036834553246914
29.060000000000002	0.0010345799372891075
29.07	0.0010323309972219235
29.080000000000002	0.0010300877168114488
29.09	0.001027850079875761
29.1	0.0010256180702847455
29.11	0.0010233916719599085
29.12	0.001021170868874199
29.13	0.0010189556450518218
29.14	0.0010167459845680613
29.150000000000002	0.0010145418715490925
29.16	0.0010123432901718121
29.17	0.0010101502246636503
29.18	0.0010079626593023953
29.19	0.0010057805784160138
29.2	0.00100360396638248
29.21	0.0010014328076295902
29.22	0.0009992670866347888
29.23	0.0009971067879250008
29.240000000000002	0.000994951896076446
29.25	0.0009928023957144765
29.26	0.0009906582715133905
29.27	0.0009885195081962741
29.28	0.0009863860905348157
29.29	0.000984258003349149
29.3	0.000982135231507668
29.310000000000002	0.0009800177599268664
29.32	0.0009779055735711687
29.330000000000002	0.0009757986574527536
29.34	0.000973696996631396
29.35	0.0009716005762142934
29.36	0.0009695093813558995
29.37	0.000967423397257762
29.38	0.0009653426091683558
29.39	0.0009632670023829149
29.400000000000002	0.0009611965622432719
29.41	0.0009591312741376928
29.42	0.0009570711235007181
29.43	0.0009550160958129909
29.44	0.0009529661766011111
29.45	0.0009509213514374556
29.46	0.0009488816059400359
29.47	0.0009468469257723237
29.48	0.0009448172966431046
29.490000000000002	0.0009427927043063062
29.5	0.0009407731345608526
29.51	0.0009387585732504992
29.52	0.0009367490062636788
29.53	0.0009347444195333471
29.54	0.0009327447990368236
29.55	0.0009307501307956393
29.560000000000002	0.000928760400875382
29.57	0.0009267755953855419
29.580000000000002	0.0009247957004793592
29.59	0.00092282070235367
29.6	0.0009208505872487578
29.61	0.0009188853414481982
29.62	0.0009169249512787128
29.63	0.0009149694031100102
29.64	0.0009130186833546493
29.650000000000002	0.0009110727784678795
29.66	0.0009091316749474951
29.67	0.000907195359333692
29.68	0.0009052638182089113
29.69	0.0009033370381977025
29.7	0.0009014150059665705
29.71	0.0008994977082238307
29.72	0.0008975851317194672
29.73	0.0008956772632449873
29.740000000000002	0.0008937740896332736
29.75	0.0008918755977584423
29.76	0.0008899817745357045
29.77	0.0008880926069212187
29.78	0.0008862080819119515
29.79	0.0008843281865455355
29.8	0.0008824529079001252
29.810000000000002	0.0008805822330942686
29.82	0.0008787161492867497
29.830000000000002	0.0008768546436764642
29.84	0.0008749977035022722
29.85	0.0008731453160428673
29.86	0.000871297468616632
29.87	0.0008694541485815012
29.88	0.000867615343334833
29.89	0.0008657810403132652
29.900000000000002	0.0008639512269925826
29.91	0.0008621258908875807
29.92	0.0008603050195519329
29.93	0.0008584886005780555
29.94	0.0008566766215969741
29.95	0.0008548690702781927
29.96	0.0008530659343295557
29.97	0.0008512672014971234
29.98	0.0008494728595650352
29.990000000000002	0.0008476828963553804
30.	0.0008458972997280667
30.01	0.000844116057580693
30.02	0.0008423391578484152
30.03	0.0008405665885038213
30.04	0.000838798337556803
30.05	0.0008370493496993913
30.060000000000002	0.0008353746451106288
30.07	0.0008337038465004795
30.080000000000002	0.0008320369434644588
30.09	0.0008303739256292403
30.1	0.0008287147826525522
30.11	0.0008270595042230837
30.12	0.0008254080800603655
30.13	0.0008237604999146849
30.14	0.000822116753566968
30.150000000000002	0.0008204768308286919
30.16	0.0008188407215417715
30.17	0.0008172084155784663
30.18	0.0008155799028412763
30.19	0.0008139551732628417
30.2	0.0008123342168058451
30.21	0.0008107170234629092
30.22	0.0008091035832565019
30.23	0.0008074938862388308
30.240000000000002	0.0008058879224917526
30.25	0.0008042856821266674
30.26	0.0008026871552844245
30.27	0.0008010923321352301
30.28	0.000799501202878538
30.29	0.0007979137577429656
30.3	0.0007963299869861894
30.310000000000002	0.0007947498808948522
30.32	0.000793173429784466
30.330000000000002	0.0007916006239993216
30.34	0.0007900314539123839
30.35	0.0007884659099252069
30.36	0.0007869039824678356
30.37	0.0007853456619987092
30.38	0.0007837909390045732
30.39	0.0007822398040003832
30.400000000000002	0.0007806922475292106
30.41	0.0007791482601621538
30.42	0.0007776078324982414
30.43	0.0007760709551643448
30.44	0.0007745376188150842
30.45	0.0007730078141327352
30.46	0.0007714815318271451
30.47	0.0007699587626356332
30.48	0.0007684394973229077
30.490000000000002	0.0007669237266809703
30.5	0.0007654114415290354
30.51	0.0007639026327134267
30.52	0.0007623972911075031
30.53	0.000760895407611559
30.54	0.0007593969731527437
30.55	0.0007579019786849668
30.560000000000002	0.0007564104151888163
30.57	0.0007549222736714664
30.580000000000002	0.0007534375451665966
30.59	0.0007519562207342975
30.6	0.0007504782914609888
30.61	0.0007490037484593344
30.62	0.0007475325828681515
30.63	0.0007460647858523302
30.64	0.000744600348602747
30.650000000000002	0.000743139262336177
30.66	0.0007416815182952128
30.67	0.000740227107748181
30.68	0.0007387760219890537
30.69	0.0007373282523373675
30.7	0.0007358837901381405
30.71	0.0007344426267617898
30.72	0.0007330047536040471
30.73	0.0007315701620858766
30.740000000000002	0.0007301388436533923
30.75	0.0007287107897777783
30.76	0.0007272859919552042
30.77	0.0007258644417067492
30.78	0.000724446130578313
30.79	0.0007230310501405405
30.8	0.0007216191919887417
30.810000000000002	0.0007202105477428088
30.82	0.000718805109047138
30.830000000000002	0.0007174028675705486
30.84	0.0007160038150062078
30.85	0.0007146079430715456
30.86	0.0007132152435081803
30.87	0.0007118257080818387
30.88	0.0007104393285822778
30.89	0.0007090560968232082
30.900000000000002	0.0007076760046422145
30.91	0.0007062990439006788
30.92	0.0007049252064837045
30.93	0.0007035544843000392
30.94	0.0007021868692819973
30.95	0.0007008223533853852
30.96	0.0006994609285894228
30.970000000000002	0.000698102586896671
30.98	0.0006967473203329533
30.990000000000002	0.0006953951209472843
31.	0.0006940459808117905
31.01	0.0006926998920216382
31.02	0.0006913568466949606
31.03	0.0006900168369727799
31.04	0.0006886798550189361
31.05	0.0006873458930200121
31.060000000000002	0.0006860149431852633
31.07	0.0006846869977465383
31.080000000000002	0.000683362048958214
31.09	0.0006820400890971166
31.1	0.0006807211104624546
31.11	0.0006794051053757416
31.12	0.0006780920661807279
31.13	0.0006767819852433288
31.14	0.0006754748549515513
31.150000000000002	0.000674170667715426
31.16	0.0006728694159669331
31.17	0.0006715710921599358
31.18	0.0006702756887701055
31.19	0.0006689831982948565
31.2	0.0006676936132532724
31.21	0.0006664069261860387
31.220000000000002	0.000665123129655372
31.23	0.0006638422162449526
31.240000000000002	0.0006625641785598557
31.25	0.0006612890092264803
31.26	0.0006600167008924852
31.27	0.0006587472462267169
31.28	0.0006574806379191438
31.29	0.0006562168686807882
31.3	0.0006549559312436584
31.310000000000002	0.0006536978183606842
31.32	0.0006524425228056447
31.330000000000002	0.000651190037373109
31.34	0.0006499403548783626
31.35	0.0006486934681573451
31.36	0.0006474493700665859
31.37	0.0006462080534831322
31.38	0.0006449695113044914
31.39	0.0006437337364485596
31.400000000000002	0.0006425007218535588
31.41	0.0006412704604779752
31.42	0.000640042945300487
31.43	0.0006388181693199095
31.44	0.0006375961255551229
31.45	0.0006363768070450142
31.46	0.000635160206848409
31.470000000000002	0.0006339463180440129
31.48	0.000632735133730342
31.490000000000002	0.0006315266470256672
31.5	0.0006303208510679458
31.51	0.0006291177390147601
31.52	0.0006279173040432578
31.53	0.0006267195393500865
31.54	0.0006255244381513344
31.55	0.0006243319936824661
31.560000000000002	0.0006231421991982632
31.57	0.0006219550479727636
31.580000000000002	0.0006207705332991963
31.59	0.000619588648489926
31.6	0.000618409386876388
31.61	0.0006172327418090317
31.62	0.0006160587066572566
31.63	0.0006148872748093565
31.64	0.0006137184396724548
31.650000000000002	0.0006125521946724492
31.66	0.0006113885332539493
31.67	0.00061022744888022
31.68	0.0006090689350331204
31.69	0.0006079129852130476
31.7	0.0006067595929388749
31.71	0.0006056087517478954
31.720000000000002	0.0006044604551957646
31.73	0.0006033146968564406
31.740000000000002	0.0006021714703221265
31.75	0.0006010307692032157
31.76	0.00059989258712823
31.77	0.0005987569177437674
31.78	0.0005976237547144405
31.79	0.0005964930917228236
31.8	0.0005953649224693937
31.810000000000002	0.0005942392406724747
31.82	0.0005931160400681827
31.830000000000002	0.0005919953144103664
31.84	0.000590877057470558
31.85	0.0005897612630379093
31.86	0.0005886479249191418
31.87	0.0005875370369384903
31.88	0.0005864285929376487
31.89	0.0005853225867757135
31.900000000000002	0.0005842190123291294
31.91	0.000583117863491636
31.92	0.0005820191341742123
31.93	0.0005809228183050246
31.94	0.0005798289098293696
31.95	0.0005787374027096243
31.96	0.0005776482909251897
31.970000000000002	0.0005765615684724384
31.98	0.0005754772293646615
31.990000000000002	0.0005743952676320163
32.	0.0005733156773214718
32.01	0.0005722384524967586
32.02	0.0005711635872383131
32.03	0.0005700910756432301
32.04	0.0005690209118252055
32.05	0.0005679530899144885
32.06	0.0005668876040578267
32.07	0.0005658244484184191
32.08	0.0005647636171758578
32.09	0.0005637051045260835
32.1	0.0005626489046813328
32.11	0.0005615950118700832
32.12	0.0005605434203370096
32.13	0.0005594941243429267
32.14	0.0005584471181647445
32.15	0.0005574023960954147
32.160000000000004	0.000556359952443882
32.17	0.0005553197815350341
32.18	0.0005542818777096514
32.19	0.0005532462353243598
32.2	0.0005522937668334844
32.21	0.000551558738349442
32.22	0.000550824915797267
32.230000000000004	0.000550092296825077
32.24	0.0005493608790863016
32.25	0.0005486306602396711
32.26	0.0005479016379492057
32.27	0.0005471738098841957
32.28	0.0005464471737191941
32.29	0.0005457217271340002
32.3	0.0005449974678136448
32.31	0.0005442743934483805
32.32	0.0005435525017336655
32.33	0.0005428317903701498
32.34	0.0005421122570636657
32.35	0.0005413938995252091
32.36	0.0005406767154709315
32.37	0.0005399607026221232
32.38	0.0005392458587052006
32.39	0.0005385321814516962
32.4	0.000537819668598242
32.410000000000004	0.0005371083178865567
32.42	0.0005363981270634349
32.43	0.000535689093880732
32.44	0.0005349812160953534
32.45	0.00053427449146924
32.46	0.0005335689177693545
32.47	0.0005328644927676705
32.480000000000004	0.0005321612142411604
32.49	0.0005314590799717791
32.5	0.0005307580877464553
32.51	0.0005300582353570755
32.52	0.0005293595206004734
32.53	0.0005286619412784177
32.54	0.0005279654951975977
32.55	0.0005272701801696115
32.56	0.0005265759940109545
32.57	0.000525882934543005
32.58	0.0005251909995920146
32.59	0.0005245001869890926
32.6	0.0005238104945701957
32.61	0.0005231219201761154
32.62	0.0005224344616524653
32.63	0.0005217481168496686
32.64	0.0005210628836229473
32.65	0.000520378759832309
32.660000000000004	0.0005196957433425332
32.67	0.0005190138320231636
32.68	0.0005183330237484905
32.69	0.0005176533163975434
32.7	0.0005169747078540763
32.71	0.000516297196006556
32.72	0.0005156207787481527
32.730000000000004	0.0005149454539767231
32.74	0.0005142712195948052
32.75	0.0005135980735095995
32.76	0.0005129260136329623
32.77	0.0005122550378813921
32.78	0.0005115851441760173
32.79	0.0005109163304425845
32.8	0.0005102485946114496
32.81	0.0005095819346175626
32.82	0.0005089163484004568
32.83	0.000508251833904239
32.84	0.0005075883890775763
32.85	0.0005069260118736855
32.86	0.0005062647002503211
32.87	0.0005056044521697632
32.88	0.0005049452655988081
32.89	0.0005042871385087554
32.9	0.0005036300688753955
32.910000000000004	0.0005029740546790025
32.92	0.0005023190939043182
32.93	0.000501665184540544
32.94	0.0005010123245813269
32.95	0.0005003605120247512
32.96	0.0004997097448733268
32.97	0.0004990600211339759
32.980000000000004	0.0004984113388180237
32.99	0.0004977636959411876
33.	0.0004971170905235659
33.01	0.0004964715205896251
33.02	0.0004958269841681919
33.03	0.0004951834792924397
33.04	0.0004945410039998797
33.05	0.0004938995563323481
33.06	0.0004932591343359961
33.07	0.0004926197360612802
33.08	0.0004919813595629496
33.09	0.0004913440029000373
33.1	0.000490707664135847
33.11	0.0004900723413379446
33.12	0.0004894380325781466
33.13	0.0004888047359325091
33.14	0.00048817244948131826
33.15	0.00048754117130907915
33.160000000000004	0.0004869108995045046
33.17	0.0004862816321605063
33.18	0.000485653367374182
33.19	0.00048502610324680786
33.2	0.00048439983788382547
33.21	0.0004837745693948326
33.22	0.00048315029589357283
33.230000000000004	0.0004825270154979255
33.24	0.00048190472632989473
33.25	0.0004812834265155998
33.26	0.0004806631141852645
33.27	0.00048004378747320636
33.28	0.00047942544451782713
33.29	0.00047880808346160373
33.3	0.00047819170245107554
33.31	0.0004775762996368362
33.32	0.0004769618731735238
33.33	0.00047634842121980857
33.34	0.000475735941938385
33.35	0.00047512443349596157
33.36	0.0004745138940632504
33.37	0.0004739043218149564
33.38	0.00047329571492976886
33.39	0.00047268807159035124
33.4	0.00047208138998333036
33.410000000000004	0.0004714756682992876
33.42	0.00047087090473274903
33.43	0.00047026709748217496
33.44	0.00046966424474995105
33.45	0.0004690623447423766
33.46	0.00046846139566965864
33.47	0.0004678613957458984
33.480000000000004	0.0004672623431890839
33.49	0.0004666642362210795
33.5	0.0004660670730676165
33.51	0.0004654708519582831
33.52	0.0004648755711265172
33.53	0.00046428122880959327
33.54	0.0004636878232486144
33.55	0.0004630953526885046
33.56	0.0004625038153779966
33.57	0.0004619132095696252
33.58	0.00046132353351971466
33.59	0.0004607347854883714
33.6	0.00046014696373947585
33.61	0.00045956006654067046
33.62	0.0004589740921633515
33.63	0.00045838903888265986
33.64	0.00045780490497747384
33.65	0.0004572216887303955
33.660000000000004	0.00045663938842774505
33.67	0.0004560580023595511
33.68	0.0004554775288195406
33.69	0.00045489796610513025
33.7	0.00045431931251741723
33.71	0.0004537415663611717
33.72	0.00045316472594482437
33.730000000000004	0.00045258878958046115
33.74	0.000452013755583812
33.75	0.0004514396222742428
33.76	0.0004508663879747461
33.77	0.0004502940510119319
33.78	0.0004497226097160202
33.79	0.0004491520624208301
33.8	0.0004485824074637728
33.81	0.00044801364318584154
33.82	0.0004474457679316036
33.83	0.00044687878004919163
33.84	0.0004463126778902938
33.85	0.00044574745981014593
33.86	0.0004451831241675236
33.87	0.0004446196693247316
33.88	0.00044405709364759714
33.89	0.00044349539550545984
33.9	0.00044293457327116375
33.910000000000004	0.00044237462532104927
33.92	0.00044181555003494426
33.93	0.00044125734579615416
33.94	0.00044070001099145555
33.95	0.00044014354401108704
33.96	0.00043958794324874047
33.97	0.00043903320710155256
33.980000000000004	0.00043847933397009667
33.99	0.0004379263222583738
34.	0.00043737417037380586
34.01	0.0004368228767272253
34.02	0.00043627243973286804
34.03	0.0004357228578083656
34.04	0.0004351741293747354
34.05	0.0004346262528563736
34.06	0.00043407922668104576
34.07	0.0004335330492798807
34.08	0.0004329877190873602
34.09	0.00043244323454131206
34.1	0.00043189959408290154
34.11	0.000431356796156623
34.12	0.0004308148392102932
34.13	0.00043027372169504114
34.14	0.0004297334420653015
34.15	0.0004291939987788059
34.160000000000004	0.0004286553902965758
34.17	0.0004281176150829129
34.18	0.00042758067160539336
34.19	0.0004270445583348585
34.2	0.0004265092737454058
34.21	0.0004259748163143846
34.22	0.00042544118452238395
34.230000000000004	0.0004249083768532274
34.24	0.0004243763917939653
34.25	0.00042384522783486453
34.26	0.00042331488346940434
34.27	0.0004227853571942659
34.28	0.0004222566475093238
34.29	0.00042172875291764345
34.300000000000004	0.00042120167192546574
34.31	0.0004206754030422067
34.32	0.0004201499447804444
34.33	0.0004196252956559144
34.34	0.0004191014541875011
34.35	0.00041857841889722985
34.36	0.000418056188310261
34.37	0.0004175347609548792
34.38	0.00041701413536248956
34.39	0.0004164943100676074
34.4	0.0004159752836078522
34.410000000000004	0.00041545705452393923
34.42	0.00041493962135967266
34.43	0.000418140621569204
34.44	0.00042162797015255106
34.45	0.0004251433785607199
34.46	0.00042868706432447947
34.47	0.00043225924659711143
34.480000000000004	0.00043586014616603895
34.49	0.0004394899854645317
34.5	0.0004431489885834858