0.01	20.815473479197713
0.02	36.13830972809611
0.03	43.449585499539126
0.04	47.17001304693941
0.05	48.935569838422204
0.06	49.65385462928809
0.07	49.637745693696765
0.08	49.19196272466582
0.09	48.45272766402567
0.1	47.52296898668557
0.11	46.50754594416342
0.12	45.455800085957215
0.13	44.29681719710842
0.14	43.20220890825752
0.15	42.010526998968515
0.16	40.91174713026583
0.17	39.70805475288538
0.18	38.60563701588213
0.19	37.436302881113704
0.2	36.297285130367946
0.21	35.24602753754064
0.22	34.036442173286176
0.23	32.91705815944396
0.24	31.879835324997376
0.25	30.687864400573634
0.26	29.554459274226872
0.27	28.503373265175036
0.28	27.459284967457894
0.29	26.343191456949967
0.3	25.308042041307182
0.31	24.345551927684085
0.32	23.44606542315541
0.33	22.59663402979804
0.34	21.801983074926437
0.35000000000000003	21.05711980079439
0.36	20.357632180964295
0.37	19.70755229532086
0.38	19.10273178151248
0.39	18.53147226519218
0.4	17.99112072104676
0.41000000000000003	17.4792933134925
0.42	16.991569084292358
0.43	16.502768343030837
0.44	16.03878866719083
0.45	15.597847515033921
0.46	15.178326230421494
0.47000000000000003	14.778751817353251
0.48	14.397781077918948
0.49	14.008528850593928
0.5	13.633576627541593
0.51	13.275791243622407
0.52	12.934072772651808
0.53	12.607411122878817
0.54	12.294877177201903
0.55	11.995614951897515
0.56	11.69231456396461
0.5700000000000001	11.396142370803886
0.58	11.112429946095018
0.59	10.840451600688473
0.6	10.579535258219895
0.61	10.329057683397165
0.62	10.088440204836045
0.63	9.857144874178083
0.64	9.625786718417912
0.65	9.396252200926162
0.66	9.175571537323938
0.67	8.963276692591041
0.68	8.758930864943919
0.6900000000000001	8.562125980854209
0.7000000000000001	8.37248042375352
0.71	8.189636971652012
0.72	8.013260921830703
0.73	7.841260924870472
0.74	7.665317933098314
0.75	7.495605747417043
0.76	7.331824982227038
0.77	7.173694322168288
0.78	7.020949214706433
0.79	6.8733406725981
0.8	6.730634175748343
0.81	6.592608663090395
0.8200000000000001	6.459055606104451
0.8300000000000001	6.329778156463969
0.84	6.2015604645300675
0.85	6.072059231684501
0.86	5.946729876154756
0.87	5.825391804279638
0.88	5.707874194502277
0.89	5.594015365199383
0.9	5.483662189946948
0.91	5.376669556182957
0.92	5.272899863611427
0.93	5.172222559036085
0.9400000000000001	5.074513704619951
0.9500000000000001	4.979655576843759
0.96	4.887536293684565
0.97	4.7924453776826645
0.98	4.699941794277135
0.99	4.610135866732455
1.	4.522922853146346
1.01	4.438203070717737
1.02	4.355881604397123
1.03	4.275868034969331
1.04	4.1980761850991
1.05	4.122423881993663
1.06	4.048832735449237
1.07	3.9772279301503404
1.08	3.907538031183737
1.09	3.8396948018131822
1.1	3.7736330326380507
1.11	3.7062383351991097
1.12	3.6395590543164142
1.1300000000000001	3.5746562346394897
1.1400000000000001	3.511467448719676
1.1500000000000001	3.4499329843144833
1.16	3.389995704004264
1.17	3.3316009131998263
1.18	3.2746962359729084
1.19	3.219231498184272
1.2	3.1651586174235455
1.21	3.112431499311028
1.22	3.0610059397447626
1.23	3.0108395327066564
1.24	2.9618915832694284
1.25	2.914123025471852
1.26	2.867496344753611
1.27	2.820786664526126
1.28	2.7734385428782113
1.29	2.727244432476881
1.3	2.6821675848921753
1.31	2.6381726922921827
1.32	2.595225820529999
1.33	2.5532943458163007
1.34	2.5123468947601633
1.35	2.4723532875754537
1.36	2.433284484263741
1.37	2.3951125335971897
1.3800000000000001	2.357810524736639
1.3900000000000001	2.321352541330848
1.4000000000000001	2.285713617952888
1.41	2.2508696987390686
1.42	2.216797598104318
1.43	2.183474963416093
1.44	2.150880239516257
1.45	2.1189926349873986
1.46	2.0863800090004223
1.47	2.0537150163072475
1.48	2.021777724726263
1.49	1.9905471687796927
1.5	1.96000312216189
1.51	1.9301260669767561
1.52	1.9008971644485126
1.53	1.872298227026177
1.54	1.844311691806815
1.55	1.8169205952071794
1.56	1.7901085488174564
1.57	1.7638597163748526
1.58	1.7381587917983217
1.59	1.712990978229202
1.6	1.6883419680257306
1.61	1.6641979236623676
1.62	1.640545459487737
1.6300000000000001	1.6173716242975344
1.6400000000000001	1.5946638846812942
1.6500000000000001	1.5724101091041647
1.6600000000000001	1.550598552687075
1.67	1.5290537980885868
1.68	1.5065870489568274
1.69	1.484580820375429
1.7	1.463023030833406
1.71	1.4419019842708367
1.72	1.4212063556212577
1.73	1.4009251769764315
1.74	1.3810478243432855
1.75	1.3615640049644422
1.76	1.3424637451753085
1.77	1.3237373787721285
1.78	1.3053755358667605
1.79	1.2873691322052112
1.8	1.2697093589281876
1.81	1.252387672753016
1.82	1.2353957865574086
1.83	1.2187256603465055
1.84	1.2023694925856252
1.85	1.1863197118820106
1.86	1.170568968999729
1.87	1.1551101291926897
1.8800000000000001	1.1399362648414668
1.8900000000000001	1.1250406483803792
1.9000000000000001	1.110416745501892
1.9100000000000001	1.0960582086261057
1.92	1.0815828971049934
1.93	1.0667716231862776
1.94	1.0522381554759097
1.95	1.0379758913550914
1.96	1.0239784178760813
1.97	1.0102395053823998
1.98	0.9967531013746231
1.99	0.9835133246111548
2.	0.9705144594338174
2.0100000000000002	0.957750950308652
2.02	0.9452173965727244
2.0300000000000002	0.9329085473782011
2.04	0.9208192968253621
2.05	0.9089446792765934
2.06	0.8972798648438043
2.07	0.8858201550420357
2.08	0.8745609786023731
2.09	0.8634978874376052
2.1	0.8526265527543396
2.11	0.8419427613056083
2.12	0.8314424117782465
2.13	0.8211215113095831
2.14	0.8109761721282377
2.15	0.8010026083140568
2.16	0.7911971326724186
2.17	0.7815561537183714
2.18	0.7720761727662625
2.19	0.7627537811207036
2.2	0.7535856573648986
2.21	0.7439569394918794
2.22	0.734489038174835
2.23	0.7251833729595033
2.24	0.7160364549387438
2.25	0.7070448853453504
2.2600000000000002	0.6982053528362336
2.27	0.6895146308699712
2.2800000000000002	0.6809695751741432
2.29	0.6725671212989917
2.3000000000000003	0.6643042822541011
2.31	0.6561781462249385
2.32	0.6481858743662243
2.33	0.6403246986692303
2.34	0.6325919199002218
2.35	0.6249849056073806
2.36	0.6175010881936598
2.37	0.6101379630531102
2.38	0.6028930867683431
2.39	0.5957640753668677
2.4	0.5887486026341511
2.41	0.5818443984813229
2.42	0.5750492473655404
2.43	0.5683609867611079
2.44	0.5617775056795123
2.45	0.5552967432366233
2.46	0.5489166872653714
2.47	0.5426353729722732
2.48	0.5364508816362608
2.49	0.5303613393483089
2.5	0.5243649157904261
2.5100000000000002	0.5184598230526323
2.52	0.512644314486591
2.5300000000000002	0.5067598583879612
2.54	0.5007308662424561
2.5500000000000003	0.4947968703784299
2.56	0.4889560102020667
2.57	0.48320646863074473
2.58	0.4775464709114509
2.59	0.4719742834756962
2.6	0.46648821282968156
2.61	0.4610866044784879
2.62	0.4557678418831307
2.63	0.4505303454493488
2.64	0.44537257154704535
2.65	0.4402930115593478
2.66	0.4352901909602721
2.67	0.43036266842004073
2.68	0.4255090349371115
2.69	0.4207279129960405
2.7	0.4160179557503007
2.71	0.4113778462292396
2.72	0.40680629656837164
2.73	0.40230204726223756
2.74	0.39786386643909216
2.75	0.39349054915669646
2.7600000000000002	0.38918091671854105
2.77	0.3849338160098217
2.7800000000000002	0.3807481188525392
2.79	0.37662272137909897
2.8000000000000003	0.3725565434238187
2.81	0.36854852793177234
2.82	0.36459764038441295
2.83	0.3607028682414414
2.84	0.3568632203984122
2.85	0.3530777266595679
2.86	0.3493454372254355
2.87	0.34566542219471114
2.88	0.34203677107999375
2.89	0.3384585923369315
2.9	0.3349300129063683
2.91	0.3312291022947737
2.92	0.3275755132532757
2.93	0.3239745097535334
2.94	0.3204251593229191
2.95	0.31692654911694706
2.96	0.3134777854414449
2.97	0.3100779932879114
2.98	0.30672631588167276
2.99	0.30342191424242676
3.	0.3001639667568074
3.0100000000000002	0.2969516687625946
3.02	0.2937842321442192
3.0300000000000002	0.29066088493921777
3.04	0.28758087095530666
3.0500000000000003	0.2845434493977547
3.06	0.28154789450674583
3.0700000000000003	0.2785934952044304
3.08	0.275679554751379
3.09	0.27280539041215457
3.1	0.26997033312973506
3.11	0.26717372720852645
3.12	0.2644149300057077
3.13	0.26169331163066656
3.14	0.25900825465228955
3.15	0.256359153813873
3.16	0.253745415755438
3.17	0.2511664587432304
3.18	0.24862171240620112
3.19	0.2461106174792617
3.2	0.24363262555312526
3.21	0.24118719883053838
3.22	0.23877380988872762
3.23	0.23639194144787676
3.24	0.23404108614546995
3.25	0.23172074631632958
3.2600000000000002	0.2294304337781921
3.27	0.2271696696226626
3.2800000000000002	0.2249379840113999
3.29	0.2227349159773843
3.3000000000000003	0.22056001323112648
3.31	0.21841283197168176
3.3200000000000003	0.21629293670233302
3.33	0.21419928016696851
3.34	0.21199426820924644
3.35	0.20981844562235738
3.36	0.20767134059513445
3.37	0.2055524903150529
3.38	0.20346144077058265
3.39	0.20139774655845039
3.4	0.19936097069567454
3.41	0.1973506844362421
3.42	0.19536646709229935
3.43	0.19340790585973144
3.44	0.191474595648013
3.45	0.18956613891421026
3.46	0.1876821455010246
3.47	0.18582223247876636
3.48	0.18398602399115077
3.49	0.18217315110481755
3.5	0.18038325166246894
3.5100000000000002	0.17861597013953295
3.52	0.1768709575042545
3.5300000000000002	0.17514787108112553
3.54	0.17344637441756316
3.5500000000000003	0.17176613715375133
3.56	0.1701068348955613
3.5700000000000003	0.16846814909046987
3.58	0.16684976690639694
3.59	0.1652513811133857
3.6	0.16367268996804982
3.61	0.1621133971007176
3.62	0.16057321140520198
3.63	0.15905184693112664
3.64	0.15754902277874525
3.65	0.15606446299618637
3.66	0.15459789647906422
3.67	0.15314905687239272
3.68	0.15171768247474446
3.69	0.15030351614459722
3.7	0.1489063052088136
3.71	0.14752580137319665
3.72	0.1461617606350723
3.73	0.14481394319784527
3.74	0.14348211338747927
3.75	0.14216603957085303
3.7600000000000002	0.14086549407594612
3.77	0.1395802531138074
3.7800000000000002	0.13831009670226252
3.79	0.13705480859131705
3.8000000000000003	0.13581417619021352
3.81	0.13458799049610093
3.8200000000000003	0.13337604602427686
3.83	0.13212612997033993
3.84	0.1308657952170178
3.85	0.1296207137371952
3.86	0.12839066202475102
3.87	0.12717542041569926
3.88	0.12597477301244212
3.89	0.12478850760970805
3.9	0.12361641562213124
3.91	0.12245829201343253
3.92	0.12131393522716216
3.93	0.12018314711896663
3.94	0.1190657328903413
3.95	0.11796150102383389
3.96	0.11687026321966204
3.97	0.11579183433371203
3.98	0.11472603231688341
3.99	0.11367267815574947
4.	0.11263159581449927
4.01	0.11160261217813205
4.0200000000000005	0.11058555699687367
4.03	0.10958026283178528
4.04	0.10858656500153631
4.05	0.10760430153031383
4.0600000000000005	0.10663331309684179
4.07	0.1056734429844825
4.08	0.1047245370323969
4.09	0.10378644358773606
4.1	0.10285901345884212
4.11	0.10194209986943334
4.12	0.10103555841375086
4.13	0.10013924701264483
4.14	0.09925302587057734
4.15	0.0983767574335218
4.16	0.09751030634773733
4.17	0.09665353941939807
4.18	0.09580632557505778
4.19	0.09496853582293004
4.2	0.09414004321496663
4.21	0.093320722809714
4.22	0.09251045163593116
4.23	0.09170910865695182
4.24	0.09091657473577269
4.25	0.09013273260085321
4.26	0.08935746681260842
4.2700000000000005	0.0885906637305815
4.28	0.08783221148127886
4.29	0.08708199992665472
4.3	0.086339920633228
4.3100000000000005	0.08560586684182057
4.32	0.08487973343790037
4.33	0.08416141692251708
4.34	0.08345081538381703
4.3500000000000005	0.08274782846912491
4.36	0.08205235735757829
4.37	0.08136430473330507
4.38	0.08068357475912913
4.39	0.08000898361734934
4.4	0.07930167201840616
4.41	0.07860219780689716
4.42	0.07791045666289037
4.43	0.07722634588659749
4.44	0.07654976436963161
4.45	0.07588061256683822
4.46	0.07521879246868662
4.47	0.0745642075742092
4.48	0.07391676286447703
4.49	0.07327636477659968
4.5	0.07264292117823708
4.51	0.07201634134261424
4.5200000000000005	0.07139653592402484
4.53	0.07078341693381628
4.54	0.0701768977168428
4.55	0.06957689292837899
4.5600000000000005	0.06898331851148148
4.57	0.0683960916747914
4.58	0.06781513087076588
4.59	0.06724035577433131
4.6000000000000005	0.06667168726194753
4.61	0.06610904739107623
4.62	0.06555235938004254
4.63	0.06500154758828318
4.64	0.06445653749697267
4.65	0.06391725569001881
4.66	0.06338362983542031
4.67	0.06285558866697882
4.68	0.06233306196635728
4.69	0.061815980545478655
4.7	0.061304276229256084
4.71	0.060797881838649086
4.72	0.060296731174038234
4.73	0.05980075899891157
4.74	0.0593099010238567
4.75	0.05882409389085207
4.76	0.058343275157850684
4.7700000000000005	0.05786738328365138
4.78	0.05739635761305027
4.79	0.05693013836226816
4.8	0.05646866660464634
4.8100000000000005	0.05601188425660742
4.82	0.055559734063874176
4.83	0.05511215958794135
4.84	0.05466910519279631
4.8500000000000005	0.05423051603188193
4.86	0.053796338035298166
4.87	0.053366517897236544
4.88	0.052941003063643445
4.89	0.05251974172010713
4.9	0.05210268277996426
4.91	0.051689775872621434
4.92	0.05128097133208748
4.93	0.05087622018571204
4.94	0.05047547414312676
4.95	0.05007868558538464
4.96	0.04968580755429356
4.97	0.04929679374194094
4.98	0.04891159848040413
4.99	0.048530176731644975
5.	0.04815248407758283
5.01	0.04777847671034416
5.0200000000000005	0.04740811142268389
5.03	0.0470413455985765
5.04	0.04667813720397236
5.05	0.04629627305748362
5.0600000000000005	0.045918075197955315
5.07	0.04554370442841329
5.08	0.04517311458717259
5.09	0.04480626015866221
5.1000000000000005	0.04444309626313594
5.11	0.044083578646567485
5.12	0.043727663670725
5.13	0.043375308303422476
5.14	0.04302647010894364
5.15	0.04268110723863592
5.16	0.042339178421670044
5.17	0.04200064295596311
5.18	0.041665460699261254
5.19	0.041333592060378836
5.2	0.04100499799059155
5.21	0.04067963997518003
5.22	0.04035748002512107
5.23	0.04003848066892395
5.24	0.03972260494460869
5.25	0.03940981639182352
5.26	0.039100079044099435
5.2700000000000005	0.03879335742123815
5.28	0.03848961652183214
5.29	0.038188821815913196
5.3	0.037890939237727635
5.3100000000000005	0.03759593517863554
5.32	0.037303776480131924
5.33	0.0370144304269869
5.34	0.03672786474050339
5.3500000000000005	0.03644404757188944
5.36	0.03616294749574362
5.37	0.03588453350365097
5.38	0.03560877499788704
5.39	0.03533564178522927
5.4	0.035065104070872204
5.41	0.03479713245244563
5.42	0.03453169791413335
5.43	0.034268771820890435
5.44	0.03400832591275786
5.45	0.03375033229927198
5.46	0.03349476345396744
5.47	0.03324159220897183
5.48	0.03299079174969019
5.49	0.03274233560957787
5.5	0.032496197665000115
5.51	0.03225235213017655
5.5200000000000005	0.032010773552209555
5.53	0.03177143680619419
5.54	0.0315343170904089
5.55	0.031299389921585326
5.5600000000000005	0.031066631130255352
5.57	0.030836016856174788
5.58	0.030607523543821475
5.59	0.030381127937967087
5.6000000000000005	0.030156807079320985
5.61	0.02993453830024474
5.62	0.029714299220536523
5.63	0.02949606774328357
5.64	0.02927982205078162
5.65	0.029065540600520544
5.66	0.02885320212123443
5.67	0.02864278560901523
5.68	0.02843427032348888
5.69	0.028227635784052695
5.7	0.028022861766173
5.71	0.027819928297741787
5.72	0.027618815655491673
5.73	0.027419504361467607
5.74	0.027221975179555144
5.75	0.027026209112063184
5.76	0.026832187396361423
5.7700000000000005	0.026639891501570392
5.78	0.02644930312530421
5.79	0.026256718920737207
5.8	0.026058100422421026
5.8100000000000005	0.02586132264767414
5.82	0.02566636541306029
5.83	0.025473208790593935
5.84	0.02528183310407641
5.8500000000000005	0.025092218925491027
5.86	0.024904347071455724
5.87	0.024718198599732233
5.88	0.024533754805791137
5.89	0.024350997219431413
5.9	0.02416990760145376
5.91	0.023990467940386524
5.92	0.02381266044926386
5.93	0.02363646756245433
5.94	0.023461871932539766
5.95	0.023288856427243567
5.96	0.023117404126406765
5.97	0.022947498319012008
5.98	0.02277912250025392
5.99	0.022612260368655594
6.	0.022446895823229805
6.01	0.022283012960684762
6.0200000000000005	0.022120596072673155
6.03	0.021959629643084216
6.04	0.02180009834537752
6.05	0.02164198703995836
6.0600000000000005	0.021485280771593517
6.07	0.0213299647668671
6.08	0.02117602443167545
6.09	0.021023445348760727
6.1000000000000005	0.020872213275282412
6.11	0.020722314140425985
6.12	0.020573734043048162
6.13	0.020426459249358417
6.140000000000001	0.02028047619063554
6.15	0.020135771460979425
6.16	0.019992331815096593
6.17	0.019850144166119743
6.18	0.01970919558346018
6.19	0.019569473290692876
6.2	0.019430964663473427
6.21	0.01929365722748642
6.22	0.01915753865642496
6.23	0.019022596770000275
6.24	0.01888881953198135
6.25	0.018756195048264167
6.26	0.018624711564969556
6.2700000000000005	0.01849435746656963
6.28	0.01836512127404217
6.29	0.018236991643052543
6.3	0.018109957362162664
6.3100000000000005	0.01798400735106653
6.32	0.017859130658851963
6.33	0.017735316462288087
6.34	0.017612554064138117
6.3500000000000005	0.01749083289149715
6.36	0.01737014249415424
6.37	0.017250472542978817
6.38	0.017131812828330744
6.390000000000001	0.01701415325849358
6.4	0.01689748385813099
6.41	0.016781794766765536
6.42	0.016667076237279827
6.43	0.016553318634439568
6.44	0.0164405124334378
6.45	0.016328648218460744
6.46	0.01621771668127405
6.47	0.016107708619829894
6.48	0.015998614936893907
6.49	0.01589042663869215
6.5	0.01578313483357751
6.51	0.015676730730715342
6.5200000000000005	0.015571205638788058
6.53	0.015466550964718134
6.54	0.015362758212409634
6.55	0.015259818981507718
6.5600000000000005	0.015157724966175663
6.57	0.015056467953889641
6.58	0.014956039824250469
6.59	0.01485643254781233
6.6000000000000005	0.014757638184928137
6.61	0.014659648884611251
6.62	0.014562456883413337
6.63	0.014466054504318116
6.640000000000001	0.014370434155650678
6.65	0.01427189908300936
6.66	0.014171605282784903
6.67	0.014072165178840098
6.68	0.013973570240945449
6.69	0.013875812036694943
6.7	0.013778882230240206
6.71	0.013682772581043102
6.72	0.013587474942646
6.73	0.013492981261459982
6.74	0.013399283575570266
6.75	0.013306374013558747
6.76	0.013214244793343497
6.7700000000000005	0.013122888221034593
6.78	0.013032296689806582
6.79	0.012942462678786721
6.8	0.012853378751959152
6.8100000000000005	0.012765037557084592
6.82	0.01267743182463541
6.83	0.012590554366745681
6.84	0.012504398076176062
6.8500000000000005	0.012418955925293452
6.86	0.012334220965064794
6.87	0.012250186324065234
6.88	0.012166845207500101
6.890000000000001	0.012084190896240625
6.9	0.012002216745873213
6.91	0.01192091618576199
6.92	0.011840282718124406
6.93	0.011760309917119861
6.94	0.011680991427950831
6.95	0.011602320965976685
6.96	0.011524292315839702
6.97	0.011446899330603246
6.98	0.011370135930901836
6.99	0.011293996104103083
7.	0.011218473903481047
7.01	0.011143563447401134
7.0200000000000005	0.011069258918516093
7.03	0.010995554562973199
7.04	0.010922444689632209
7.05	0.01084992366929414
7.0600000000000005	0.01077798593394048
7.07	0.010706625975982983
7.08	0.010635838347523527
7.09	0.010565617659624191
7.1000000000000005	0.010495958581587167
7.11	0.010426855840244616
7.12	0.010358304219257994
7.13	0.010290298558426988
7.140000000000001	0.010222833753007749
7.15	0.010155904753040443
7.16	0.010089506562685719
7.17	0.010023634239570327
7.18	0.009958282894141307
7.19	0.009893447689029134
7.2	0.009829123838419159
7.21	0.009765306607431691
7.22	0.009701991311510186
7.23	0.0096391733158178
7.24	0.00957684803464187
7.25	0.009515010930806417
7.26	0.009453657515092391
7.2700000000000005	0.009392783345665701
7.28	0.009332384027512847
7.29	0.009272455211883942
7.3	0.009212992595743229
7.3100000000000005	0.009153991921226767
7.32	0.009095448975107381
7.33	0.009037359588266528
7.34	0.008979719635173295
7.3500000000000005	0.008922525033370097
7.36	0.008865771742965236
7.37	0.008809455766132042
7.38	0.00875357314661464
7.390000000000001	0.00869811996924013
7.4	0.008643092359437195
7.41	0.008588486482760916
7.42	0.008534298544423871
7.43	0.008480524788833262
7.44	0.008427161499134087
7.45	0.00837420499675822
7.46	0.008321651640979427
7.47	0.008269497828473957
7.48	0.008217739992887038
7.49	0.008166374604404754
7.5	0.008115398169331645
7.51	0.008064807229673546
7.5200000000000005	0.00801459836272597
7.53	0.007964768180667634
7.54	0.007915313330159308
7.55	0.007866230491947727
7.5600000000000005	0.00781751638047458
7.57	0.00776916774349055
7.58	0.007721181361674204
7.59	0.007673554048255764
7.6000000000000005	0.007626282648645716
7.61	0.007579364040068033
7.62	0.007532795131198165
7.63	0.007486004545833872
7.640000000000001	0.007436397917524142
7.65	0.007387184255589729
7.66	0.007338359939496009
7.67	0.00728992138673006
7.68	0.0072418650523525
7.69	0.007194187428555191
7.7	0.007146885044224734
7.71	0.007099954464511605
7.72	0.007053392290404955
7.73	0.007007195158312962
7.74	0.0069613597396484825
7.75	0.006915882740420275
7.76	0.00687076090082938
7.7700000000000005	0.0068259909948707705
7.78	0.006781569829940126
7.79	0.006737494246445737
7.8	0.006693761117425304
7.8100000000000005	0.006650367348167796
7.82	0.006607309875840044
7.83	0.0065645856691182464
7.84	0.006522191727824066
7.8500000000000005	0.006480125082565544
7.86	0.006438382794382435
7.87	0.006396961954396217
7.88	0.006355859683464475
7.890000000000001	0.006315073131839737
7.9	0.006274599478832592
7.91	0.006234435932479162
7.92	0.006194579729212741
7.930000000000001	0.0061550281335396315
7.94	0.006115778437719012
7.95	0.006076827961446977
7.96	0.006038174051544438
7.97	0.005999814081649046
7.98	0.0059617454519109315
7.99	0.005923965588692354
8.	0.005886471944271024
8.01	0.005849261996547242
8.02	0.0058123332487546135
8.03	0.005775683229174494
8.040000000000001	0.005739309490853899
8.05	0.005703209611327019
8.06	0.00566738119234012
8.07	0.005631821859579982
8.08	0.00559652926240561
8.09	0.005561501073583339
8.1	0.005526734989025202
8.11	0.005492228727530558
8.120000000000001	0.005457980030530905
8.13	0.0054239866618378315
8.14	0.005390246407394136
8.15	0.005356757075027947
8.16	0.0053235164942099285
8.17	0.005290522515813401
8.18	0.005257773011877541
8.19	0.005225265875373308
8.2	0.005192999019972414
8.21	0.005160970379818974
8.22	0.0051291779093040795
8.23	0.005097619582843022
8.24	0.005066293394655294
8.25	0.005035197358547234
8.26	0.005004329507697354
8.27	0.004973687894444238
8.28	0.004943270590077053
8.290000000000001	0.00491307568462855
8.3	0.004883101286670641
8.31	0.004853345523112378
8.32	0.004823806539000415
8.33	0.004794482497321862
8.34	0.004765371578809534
8.35	0.0047364719817495175
8.36	0.004707781921791072
8.370000000000001	0.004679299631758786
8.38	0.004651023361467045
8.39	0.0046229513775366375
8.4	0.00459508196321364
8.41	0.0045674134181904035
8.42	0.004539944058428721
8.43	0.004512672215985059
8.44	0.004485596238837923
8.45	0.0044587144907172445
8.46	0.00443202535093578
8.47	0.004405527214222541
8.48	0.004379218490558211
8.49	0.00435309760501246
8.5	0.0043271629975832155
8.51	0.004301413123037844
8.52	0.004275846450756181
8.53	0.004250461464575409
8.540000000000001	0.004225256662636808
8.55	0.004200230557234219
8.56	0.004175381674664383
8.57	0.004150708555078995
8.58	0.004126209752338445
8.59	0.004101883833867372
8.6	0.004077729380511799
8.61	0.00405374498639803
8.620000000000001	0.004029929258793103
8.63	0.004006280817966963
8.64	0.003982798297056147
8.65	0.0039594803419291304
8.66	0.003936325611053167
8.67	0.00391333277536275
8.68	0.0038905005181295088
8.69	0.0038678275348337
8.700000000000001	0.003845312533037097
8.71	0.0038229542322574333
8.72	0.0038007513638442132
8.73	0.003778702670856013
8.74	0.0037568069079391437
8.75	0.0037350628412077614
8.76	0.003713225006975467
8.77	0.003689949755175892
8.78	0.003666846672962218
8.790000000000001	0.0036439142928552776
8.8	0.003621151161533013
8.81	0.003598555839678042
8.82	0.003576126901827012
8.83	0.0035538629362217673
8.84	0.0035317625446622375
8.85	0.0035098243423611264
8.86	0.0034880469578002565
8.870000000000001	0.003466429032588671
8.88	0.00344496922132238
8.89	0.003423666191445752
8.9	0.0034025186231145706
8.91	0.003381525209060669
8.92	0.0033606846544581895
8.93	0.003339995676791368
8.94	0.0033194570057239114
8.950000000000001	0.0032990673829699072
8.96	0.003278825562166188
8.97	0.0032587303087462534
8.98	0.0032387803998156226
8.99	0.0032189746240286754
9.	0.0031993117814668724
9.01	0.0031797906835184663
9.02	0.003160410152759546
9.03	0.003141169022836493
9.040000000000001	0.0031220661383498057
9.05	0.0031031003547392533
9.06	0.003084270538170365
9.07	0.00306557556542224
9.08	0.003047014323776637
9.09	0.003028585710908354
9.1	0.0030102886347768785
9.11	0.002992122013519253
9.120000000000001	0.0029740847753442217
9.13	0.0029561758584275423
9.14	0.0029383942108085373
9.15	0.002920738790287802
9.16	0.002903208564326117
9.17	0.002885802509944468
9.18	0.0028685196136252686
9.19	0.002851358871214646
9.200000000000001	0.002834319287825896
9.21	0.0028173998777439994
9.22	0.0028005996643312545
9.23	0.0027839176799339285
9.24	0.00276735296579006
9.25	0.0027509045719381962
9.26	0.0027345715571272617
9.27	0.0027183529887273763
9.28	0.0027022479426417247
9.290000000000001	0.0026862555032193935
9.3	0.0026703747631692107
9.31	0.002654604823474541
9.32	0.002638944793309048
9.33	0.002623393789953399
9.34	0.0026079509387129185
9.35	0.002592615372836123
9.36	0.0025773862334342403
9.370000000000001	0.0025622626694015516
9.38	0.0025472438373366903
9.39	0.0025323289014647604
9.4	0.002517517033560376
9.41	0.0025028074128715357
9.42	0.0024881992260443234
9.43	0.0024736916670484864
9.44	0.0024592839371038212
9.450000000000001	0.0024449752446073685
9.46	0.0024307648050614157
9.47	0.002416651841002331
9.48	0.0024026355819301284
9.49	0.0023887152642388565
9.5	0.0023748901311477304
9.51	0.0023611594326330464
9.52	0.0023475224253608124
9.53	0.0023339783726201587
9.540000000000001	0.0023205265442574436
9.55	0.0023071662166111195
9.56	0.002293896672447274
9.57	0.002280717200895923
9.58	0.0022676270973879414
9.59	0.002254625663592756
9.6	0.0022417122073566586
9.61	0.0022288860426418113
9.620000000000001	0.002216146489465935
9.63	0.0022034928738426367
9.64	0.002190924527722376
9.65	0.002178440788934099
9.66	0.002166041001127493
9.67	0.002153724513715863
9.68	0.0021414906818196244
9.69	0.0021293388662104325
9.700000000000001	0.0021172684332558785
9.71	0.0021052787548648216
9.72	0.0020933692084332696
9.73	0.002081539176790884
9.74	0.002069788048148029
9.75	0.0020581152160434146
9.76	0.002046520079292271
9.77	0.002035002041935125
9.78	0.0020235605131870725
9.790000000000001	0.0020121949073876474
9.8	0.0020009046439511753
9.81	0.001989689147317707
9.82	0.0019785478469044335
9.83	0.0019674801770576456
9.84	0.0019564855770052066
9.85	0.0019455634908095102
9.86	0.0019347133673209569
9.870000000000001	0.001923934660131913
9.88	0.0019132268275311836
9.89	0.0019025893324589153
9.9	0.001892021642462051
9.91	0.0018815232296501773
9.92	0.0018710935706519065
9.93	0.0018607321465716703
9.94	0.0018504384429470049
9.950000000000001	0.001840211949706248
9.96	0.001830052161126732
9.97	0.001819958575793362
9.98	0.0018099306965576759
9.99	0.0017999680304972968
10.	0.001790070088875843
10.01	0.0017802363871032307
10.02	0.0017704664446964134
10.03	0.001760759785240516
10.040000000000001	0.0017511159363503845
10.05	0.0017415344296325358
10.06	0.0017316274508878458
10.07	0.0017211297603068776
10.08	0.0017107060351059507
10.09	0.0017003556815300786
10.1	0.0016900781111723103
10.11	0.0016798727409203197
10.120000000000001	0.0016697389929036033
10.13	0.0016596762944412302
10.14	0.0016496840779901944
10.15	0.0016397617810942967
10.16	0.0016299088463336221
10.17	0.0016201247212745292
10.18	0.0016104088584202255
10.19	0.0016007607151618392
10.200000000000001	0.001591179753730059
10.21	0.001581665441147279
10.22	0.0015722172491802627
10.23	0.0015628346542933315
10.24	0.0015535171376020553
10.25	0.0015442641848274366
10.26	0.0015350752862506012
10.27	0.001525949936667974
10.28	0.0015168876353469363
10.290000000000001	0.0015078878859819639
10.3	0.0014989501966512328
10.31	0.0014900740797737042
10.32	0.0014812590520666515
10.33	0.001472504634503664
10.34	0.0014638103522730834
10.35	0.0014551757347368963
10.36	0.001446600315390068
10.370000000000001	0.0014380836318202972
10.38	0.0014296252256682255
10.39	0.0014212246425880442
10.4	0.0014128814322085408
10.41	0.0014045951480945518
10.42	0.0013963653477088297
10.43	0.0013881915923743163
10.44	0.0013800734472368054
10.450000000000001	0.0013720104812280213
10.46	0.0013640022670290738
10.47	0.0013560483810343095
10.48	0.00134814840331553
10.49	0.0013403019175866147
10.5	0.0013325085111684936
10.51	0.0013247677749545007
10.52	0.001317079303376091
10.53	0.001309442694368919
10.540000000000001	0.0013018575493392718
10.55	0.001294323473130863
10.56	0.0012868400739919597
10.57	0.0012794069635428738
10.58	0.001272023756743777
10.59	0.0012646900718628709
10.6	0.0012574055304448637
10.61	0.001250169757279811
10.620000000000001	0.0012429823803722503
10.63	0.0012358430309106802
10.64	0.0012287513432373404
10.65	0.0012217069548183216
10.66	0.0012147095062139768
10.67	0.0012077586410496463
10.68	0.0012008540059866744
10.69	0.001193995250693748
10.700000000000001	0.0011871820278185163
10.71	0.001180413992959502
10.72	0.0011736908046383217
10.73	0.0011670121242721703
10.74	0.0011603776161466098
10.75	0.001153786947388622
10.76	0.001147239787939957
10.77	0.0011407358105307369
10.78	0.0011342746906533444
10.790000000000001	0.0011278561065365745
10.8	0.001121479739120065
10.81	0.0011151452720289535
10.82	0.0011088523915488428
10.83	0.0011026007866009825
10.84	0.0010963901487177302
10.85	0.001090220172018247
10.86	0.0010840905531844518
10.870000000000001	0.0010780009914372172
10.88	0.0010719511885128085
10.89	0.0010659408486395586
10.9	0.0010599696785147912
10.91	0.0010540373872819672
10.92	0.0010481436865080668
10.93	0.0010422882901612058
10.94	0.0010364709145884732
10.950000000000001	0.0010306912784939957
10.96	0.0010249491029172234
10.97	0.0010192441112114345
10.98	0.001013576029022467
10.99	0.0010079445842676427
11.	0.0010023495071149271
11.01	0.0009967905299622863
11.02	0.0009912673874172574
11.03	0.0009857798162767194
11.040000000000001	0.0009803275555068714
11.05	0.0009749103462234114
11.06	0.0009695279316719147
11.07	0.0009641800572083979
11.08	0.000958866470280103
11.09	0.0009535869204064417
11.1	0.0009483411591601573
11.11	0.0009431289401486594
11.120000000000001	0.0009379500189955452
11.13	0.0009328041533223184
11.14	0.0009276911027302709
11.15	0.0009226106287825612
11.16	0.0009175624949864592
11.17	0.00091254646677578
11.18	0.0009075623114934689
11.19	0.0009026097983743985
11.200000000000001	0.0008976886985282888
11.21	0.0008927987849228334
11.22	0.0008879398323669756
11.23	0.0008831116174943526
11.24	0.0008783139187469035
11.25	0.0008735465163586428
11.26	0.0008688091923395813
11.27	0.000864101730459826
11.28	0.0008594239162338166
11.290000000000001	0.0008547755369047237
11.3	0.0008501563814290073
11.31	0.0008455662404611163
11.32	0.0008410049063383439
11.33	0.0008364721730658335
11.34	0.0008319678363017171
11.35	0.0008274916933424213
11.36	0.0008230435431081006
11.370000000000001	0.0008186231861282154
11.38	0.000814230424527253
11.39	0.0008098650620105901
11.4	0.000805526903850488
11.41	0.0008012157568722265
11.42	0.0007969314294403698
11.43	0.0007926737314451726
11.44	0.0007884424742891086
11.450000000000001	0.0007842374708735373
11.46	0.0007800585355854972
11.47	0.0007759054842846223
11.48	0.000771778134290194
11.49	0.0007676763043683144
11.5	0.0007635998147191929
11.51	0.0007595484869645776
11.52	0.0007555221441352842
11.53	0.0007515206106588601
11.540000000000001	0.0007475437123473649
11.55	0.0007434700451148725
11.56	0.0007392268400690656
11.57	0.0007350114899034581
11.58	0.000730823787923853
11.59	0.0007266635291463895
11.6	0.0007225305102819393
11.61	0.0007184245297206376
11.620000000000001	0.0007143453875165976
11.63	0.0007102928853727511
11.64	0.000706266826625854
11.65	0.0007022670162316353
11.66	0.0006982932607500974
11.67	0.0006943453683309598
11.68	0.0006904231486992516
11.69	0.0006865264131410327
11.700000000000001	0.0006826549744892801
11.71	0.0006788086471098927
11.72	0.0006749872468878419
11.73	0.0006711905912134641
11.74	0.0006674184989688795
11.75	0.0006636707905145514
11.76	0.0006599472876759752
11.77	0.0006562478137304973
11.78	0.0006525721933942698
11.790000000000001	0.000648920252809322
11.8	0.0006452918195307714
11.81	0.0006416867225141513
11.82	0.0006381047921028674
11.83	0.0006345458600157739
11.84	0.0006310097593348744
11.85	0.0006274963244931392
11.86	0.0006240053912624498
11.870000000000001	0.0006205367967416446
11.88	0.0006170903793447051
11.89	0.0006136659787890312
11.9	0.0006102634360838519
11.91	0.0006068825935187376
11.92	0.0006035232946522234
11.93	0.0006001853843005531
11.94	0.0005968687085265196
11.950000000000001	0.0005935731146284203
11.96	0.0005902984511291206
11.97	0.0005870445677652218
11.98	0.0005838113154763268
11.99	0.0005805985463944265
12.	0.0005774061138333687
12.01	0.0005742338722784419
12.02	0.0005710816773760559
12.030000000000001	0.0005679493859235207
12.040000000000001	0.0005648368558589243
12.05	0.0005617439462511105
12.06	0.0005586705172897445
12.07	0.0005556164302754886
12.08	0.0005525815476102553
12.09	0.0005495657327875682
12.1	0.0005465688503830043
12.11	0.0005435907660447351
12.120000000000001	0.0005406313464841552
12.13	0.0005376904594666015
12.14	0.0005347679738021552
12.15	0.000531863759336545
12.16	0.0005289776869421201
12.17	0.0005261096285089222
12.18	0.000523259456935837
12.19	0.0005204270461218304
12.200000000000001	0.0005176122709572658
12.21	0.000514815007315312
12.22	0.0005120351320434182
12.23	0.0005092725229548861
12.24	0.0005065270588205089
12.25	0.0005037986193602967
12.26	0.0005010870852352765
12.27	0.0004983923380393723
12.280000000000001	0.0004957142602913583
12.290000000000001	0.0004930527354268938
12.3	0.0004904076477906237
12.31	0.0004877788826283664
12.32	0.0004851663260793603
12.33	0.0004825698651685971
12.34	0.000479989387799217
12.35	0.0004774247827449787
12.36	0.00047487593964280344
12.370000000000001	0.00047234274898538256
12.38	0.00046978010415650687
12.39	0.000467222519210047
12.4	0.0004646809048869334
12.41	0.00046215514870084397
12.42	0.0004596451390474602
12.43	0.00045715076519684347
12.44	0.0004546719172858917
12.450000000000001	0.0004522084863108624
12.46	0.00044976036411997
12.47	0.0004473274434060495
12.48	0.00044490961769928967
12.49	0.00044250678136003815
12.5	0.00044011882957166774
12.51	0.00043774565833351554
12.52	0.0004353871644538833
12.530000000000001	0.000433043245543109
12.540000000000001	0.00043071380000669684
12.55	0.0004283987270385173
12.56	0.0004260979266140664
12.57	0.0004238112994837892
12.58	0.00042153874716646986
12.59	0.00041928017194267197
12.6	0.0004170354768482565
12.61	0.00041480456566794245
12.620000000000001	0.00041258734292894247
12.63	0.00041038371389464723
12.64	0.00040819358455837333
12.65	0.00040601686163716785
12.66	0.000403853452565673
12.67	0.00040170326549003924
12.68	0.0003995662092619083
12.69	0.0003974421934324379
12.700000000000001	0.0003953311282463913
12.71	0.0003932329246362773
12.72	0.00039114749421654475
12.73	0.00038907474927783124
12.74	0.00038701460278126547
12.75	0.00038496696835281757
12.76	0.0003829317602777102
12.77	0.00038090889349487076
12.780000000000001	0.000378898283591442
12.790000000000001	0.0003768998467973393
12.8	0.00037491349997986013
12.81	0.0003729391606383409
12.82	0.0003709767468988639
12.83	0.0003690261775090116
12.84	0.00036708737183267006
12.85	0.0003651602498448813
12.86	0.0003632447321267352
12.870000000000001	0.0003613407398603205
12.88	0.0003594481948237091
12.89	0.0003575670193859945
12.9	0.000355697136502372
12.91	0.0003538384697092641
12.92	0.0003519909431194892
12.93	0.00035015448141747856
12.94	0.00034832900985452673
12.950000000000001	0.00034651445424409993
12.96	0.00034471074095717216
12.97	0.00034291779691761234
12.98	0.00034113554959761
12.99	0.0003393639270131436
13.	0.0003376028577194884
13.01	0.0003358522708067681
13.02	0.0003341120958955391
13.030000000000001	0.0003323822631324242
13.040000000000001	0.0003306627031857789
13.05	0.00032895334724139877
13.06	0.0003272541269982652
13.07	0.00032556497466432963
13.08	0.00032388582295233556
13.09	0.0003222166050756783
13.1	0.00032055725474429913
13.11	0.00031890770616062206
13.120000000000001	0.00031726789401551964
13.13	0.00031563775348432107
13.14	0.000314017220222853
13.15	0.00031240623036351444
13.16	0.00031080472051139054
13.17	0.00030921262774039694
13.18	0.0003076298895894608
13.19	0.0003060564440587375
13.200000000000001	0.000304492229605854
13.21	0.0003029371851421948
13.22	0.000301391250029214
13.23	0.000299854364074784
13.24	0.00029832646752957264
13.25	0.0002968075010834576
13.26	0.00029528587793865385
13.27	0.0002937489165280859
13.280000000000001	0.0002922211037532163
13.290000000000001	0.0002907023783299201
13.3	0.00028919267943026803
13.31	0.0002876919466787841
13.32	0.00028620012014875094
13.33	0.0002847171403585367
13.34	0.0002832429482679599
13.35	0.0002817774852746862
13.36	0.00028032069321065584
13.370000000000001	0.00027887251433854343
13.38	0.0002774328913482524
13.39	0.00027600176735343264
13.4	0.00027457908588803947
13.41	0.00027316479090291456
13.42	0.00027175882676240076
13.43	0.00027036113824098745
13.44	0.00026897167051998384
13.450000000000001	0.00026759036918422356
13.46	0.0002662171802187971
13.47	0.00026485205000581095
13.48	0.00026349492532118217
13.49	0.00026214575333145346
13.5	0.0002608044815906408
13.51	0.0002594710580371073
13.52	0.00025814543099046537
13.530000000000001	0.00025682754914850526
13.540000000000001	0.00025551736158415235
13.55	0.00025421481774244765
13.56	0.00025291986743755874
13.57	0.0002516324608498143
13.58	0.0002503525485227662
13.59	0.00024908008136027593
13.6	0.00024781501062362684
13.61	0.0002465572879286632
13.620000000000001	0.0002453068652429523
13.63	0.0002440636948829712
13.64	0.00024282772951132072
13.65	0.00024159892213396027
13.66	0.00024037722609746853
13.67	0.00023916259508632861
13.68	0.00023795498312023555
13.69	0.00023675434455142612
13.700000000000001	0.00023556063406203663
13.71	0.00023437380666147694
13.72	0.0002331938176838326
13.73	0.00023202062278528834
13.74	0.00023085417794156975
13.75	0.00022969443944541415
13.76	0.00022854136390405735
13.77	0.0002273949082367457
13.780000000000001	0.00022625502967226656
13.790000000000001	0.00022512168574650402
13.8	0.0002239948343000121
13.81	0.0002228744334756101
13.82	0.0002217604417160009
13.83	0.00022065281776140306
13.84	0.00021955152064721386
13.85	0.00021845650970168178
13.86	0.0002173677445436053
13.870000000000001	0.0002162851850800501
13.88	0.0002152087915040846
13.89	0.0002141385242925363
13.9	0.00021307434420376724
13.91	0.00021201621227546637
13.92	0.00021096408982246387
13.93	0.00020991793843456265
13.94	0.00020887771997438778
13.950000000000001	0.00020784339657525585
13.96	0.0002068149306390601
13.97	0.00020579228483417594
13.98	0.00020477542209338412
13.99	0.00020376430561180897
14.	0.0002027588988448768
14.01	0.0002017591655062922
14.02	0.00020076506956602787
14.030000000000001	0.00019977657524833465
14.040000000000001	0.0001987936470297684
14.05	0.00019781624963723113
14.06	0.00019684434804603248
14.07	0.0001958779074779622
14.08	0.00019491689339938545
14.09	0.00019396127151934925
14.1	0.00019301100778770555
14.11	0.00019206606839325283
14.120000000000001	0.0001911264197618917
14.13	0.0001901920285547943
14.14	0.00018926286166659148
14.15	0.00018833888622357556
14.16	0.00018742006958191506
14.17	0.00018650637932588886
14.18	0.00018559778326613082
14.19	0.00018469424943789152
14.200000000000001	0.00018379574609931552
14.21	0.00018290784123171285
14.22	0.0001820302176914872
14.23	0.0001811574176651632
14.24	0.00018028941128040907
14.25	0.00017942616887068442
14.26	0.00017856766097368025
14.27	0.00017771385832977054
14.280000000000001	0.00017686473188047804
14.290000000000001	0.00017602025276695102
14.3	0.00017518039232845397
14.31	0.00017434512210087042
14.32	0.00017351441381521768
14.33	0.00017268823939617478
14.34	0.0001718665709606207
14.35	0.00017104938081618698
14.36	0.00017023664145982088
14.370000000000001	0.00016942832557636066
14.38	0.00016862440603712108
14.39	0.00016782485589849442
14.4	0.00016702964840055795
14.41	0.00016623875696569762
14.42	0.00016545215519723819
14.43	0.00016466981687808958
14.44	0.00016389171596940046
14.450000000000001	0.00016311782660922435
14.46	0.00016234812311119662
14.47	0.00016158257996322223
14.48	0.00016082117182617407
14.49	0.00016006387353260224
14.5	0.00015931066008545268
14.51	0.00015856150665679767
14.52	0.00015781638858657684
14.530000000000001	0.0001570752813813458
14.540000000000001	0.00015633816071303837
14.55	0.0001556050024177372
14.56	0.0001548757824944538
14.57	0.00015415047710391874
14.58	0.00015342906256738363
14.59	0.00015271151536542984
14.6	0.0001519978121367888
14.61	0.00015128792967717073
14.620000000000001	0.00015058184493810378
14.63	0.0001498795350257824
14.64	0.00014918097719992436
14.65	0.00014848614887263674
14.66	0.00014779502760729318
14.67	0.00014710759111741725
14.68	0.00014642381726557725
14.69	0.00014574368406228773
14.700000000000001	0.00014506716966492206
14.71	0.00014439425237663226
14.72	0.00014372491064527815
14.73	0.0001430591230623634
14.74	0.00014239686836198397
14.75	0.0001417381254197805
14.76	0.00014108287325190246
14.77	0.00014043109101397776
14.780000000000001	0.00013978275800009357
14.790000000000001	0.00013913785364178324
14.8	0.0001384963575070218
14.81	0.00013785824929922897
14.82	0.00013722350885628205
14.83	0.00013659211614953375
14.84	0.00013596405128284117
14.85	0.0001353392944915985
14.86	0.0001347178261417816
14.870000000000001	0.0001340996267289973
14.88	0.00013348467687754147
14.89	0.00013287295733946342
14.9	0.00013226444899364022
14.91	0.0001316591328448549
14.92	0.00013105699002288474
14.93	0.00013045800178159564
14.94	0.0001298621494980432
14.950000000000001	0.00012926941467158307
14.96	0.00012867977892298414
14.97	0.00012809322399355376
14.98	0.0001275097317442662
14.99	0.00012692928415489988
15.	0.00012635186332317914
15.01	0.0001257774514639267
15.02	0.00012520603090821885
15.030000000000001	0.00012463758410254894
15.040000000000001	0.00012407209360799793
15.05	0.00012350954209941066
15.06	0.00012294991236457863
15.07	0.0001223931873034296
15.08	0.00012183934992722261
15.09	0.00012128838335775142
15.1	0.00012074027082655133
15.11	0.00012019499567411458
15.120000000000001	0.0001196525413491098
15.13	0.00011911289140761021
15.14	0.00011857602951232509
15.15	0.00011804193943183915
15.16	0.0001175106050398564
15.17	0.00011698201031445158
15.18	0.00011645613933732599
15.19	0.00011593297629306934
15.200000000000001	0.00011541250546842829
15.21	0.0001148947112515792
15.22	0.0001143795781314082
15.23	0.00011387610553732376
15.24	0.00011337599419985718
15.25	0.00011287840509954855
15.26	0.0001123833238744382
15.27	0.00011189073625367925
15.280000000000001	0.00011140062805690122
15.290000000000001	0.00011091298519357743
15.3	0.00011042779366239702
15.31	0.00010994503955064361
15.32	0.00010946470903357572
15.33	0.00010898678837381482
15.34	0.00010851126392073607
15.35	0.000108038122109865
15.36	0.00010756734946227697
15.370000000000001	0.00010709893258400428
15.38	0.00010663285816544427
15.39	0.00010616911298077416
15.4	0.00010570768388737007
15.41	0.00010524855782522917
15.42	0.00010479172181639848
15.43	0.00010433716296440511
15.44	0.00010388486845369336
15.450000000000001	0.00010343482554906527
15.46	0.00010298702159512413
15.47	0.00010254144401572423
15.48	0.00010209808031342335
15.49	0.00010165691806893993
15.5	0.00010121794494061433
15.51	0.0001007811486638736
15.52	0.00010034651705070128
15.530000000000001	0.00009991403798911055
15.540000000000001	0.00009948369944262109
15.55	0.00009905548944974008
15.56	0.00009862939612344822
15.57	0.00009820540765068716
15.58	0.00009778351229185368
15.59	0.00009736369838029494
15.6	0.00009694595432180957
15.610000000000001	0.00009653026859415152
15.620000000000001	0.00009611662974653762
15.63	0.00009570502639915885
15.64	0.00009529544724269634
15.65	0.0000948878810378387
15.66	0.00009448231661480566
15.67	0.00009407874287287255
15.68	0.0000936771487799008
15.69	0.0000932775233718703
15.700000000000001	0.00009287985575241586
15.71	0.000092484135092367
15.72	0.00009209035062929111
15.73	0.00009169849166704006
15.74	0.00009130854757530087
15.75	0.00009092050778914725
15.76	0.00009053436180859854
15.77	0.0000901500991981781
15.780000000000001	0.0000897677095864767
15.790000000000001	0.00008938718266571918
15.8	0.00008900850819133426
15.81	0.00008863167598152691
15.82	0.00008825667591685427
15.83	0.00008788349793980525
15.84	0.00008751213205438225
15.85	0.00008714256832568685
15.860000000000001	0.00008677479687950739
15.870000000000001	0.0000864088079019111
15.88	0.00008604459163883819
15.89	0.00008568213839569907
15.9	0.00008532143853697466
15.91	0.00008496248248581984
15.92	0.00008460526072366954
15.93	0.00008424976378984768
15.94	0.00008389598228117893
15.950000000000001	0.00008354390685160375
15.96	0.00008319352821179601
15.97	0.00008284483712878309
15.98	0.00008249782442556889
15.99	0.00008215248098076032
16.	0.0000818087977281952
16.01	0.00008146676565657464
16.02	0.00008112637580909563
16.03	0.00008078761928308878
16.04	0.00008045048722965768
16.05	0.00008011497085332025
16.06	0.00007978106141165354
16.07	0.00007944875021494132
16.080000000000002	0.00007911802862582332
16.09	0.00007878888805894774
16.1	0.0000784613199806256
16.11	0.00007813531590848876
16.12	0.0000778108674111492
16.13	0.0000774879661078613
16.14	0.00007716660366818648
16.15	0.00007684677181166081
16.16	0.00007652846230746371
16.17	0.00007621166697409076
16.18	0.00007589637767902715
16.19	0.00007558258633842459
16.2	0.0000752702849167809
16.21	0.00007495946542662018
16.22	0.00007465011992817713
16.23	0.00007434224052908287
16.240000000000002	0.00007403581938405268
16.25	0.0000737308486945765
16.26	0.00007342732070861193
16.27	0.00007312522772027824
16.28	0.00007282456206955405
16.29	0.00007252531614197602
16.3	0.00007222748236834024
16.31	0.00007193094602366544
16.32	0.00007163408113814203
16.330000000000002	0.00007133862216055176
16.34	0.00007104456157789606
16.35	0.00007075189192188699
16.36	0.00007046060576865491
16.37	0.00007017069573845648
16.38	0.00006988215449538634
16.39	0.00006959497474709006
16.4	0.00006930914924447886
16.41	0.00006902467078144677
16.42	0.00006874153219459065
16.43	0.00006845972636293012
16.44	0.00006817924620763165
16.45	0.00006790008469173318
16.46	0.00006762223481987124
16.47	0.00006734568963801042
16.48	0.00006707044223317374
16.490000000000002	0.00006679648573317576
16.5	0.00006652381330635767
16.51	0.00006625241816132325
16.52	0.000065982293546678
16.53	0.00006571343275076933
16.54	0.00006544582910142855
16.55	0.00006517947596571509
16.56	0.00006491436674966285
16.57	0.00006465049489802652
16.580000000000002	0.00006438785389403268
16.59	0.00006412643725912972
16.6	0.00006386623855274146
16.61	0.00006360725137202163
16.62	0.00006334946935161041
16.63	0.00006309288616339246
16.64	0.00006283749551625695
16.65	0.00006258329115585918
16.66	0.00006233026686438317
16.67	0.00006207841646030778
16.68	0.00006182773379817183
16.69	0.00006157821276834351
16.7	0.00006132984729678957
16.71	0.00006108263134484661
16.72	0.00006083655890899487
16.73	0.000060591624020631876
16.740000000000002	0.00006034782074584948
16.75	0.0000601051431852113
16.76	0.00005986358547353189
16.77	0.000059623141779657786
16.78	0.000059383806306250144
16.79	0.00005914557328956822
16.8	0.000058908436999254944
16.81	0.000058672391738124086
16.82	0.00005843743184194837
16.830000000000002	0.00005820355167924976
16.84	0.00005797074565109024
16.85	0.00005773900819086479
16.86	0.00005750833376409642
16.87	0.000057278716868230565
16.88	0.0000570501520324329
16.89	0.000056822633817388153
16.9	0.000056596156815099126
16.91	0.000056370715648688805
16.92	0.00005614630497220257
16.93	0.000055922919470412214
16.94	0.00005570055385862181
16.95	0.00005547920288247385
16.96	0.00005525886131775753
16.97	0.000055039523970218545
16.98	0.00005482118567536899
16.990000000000002	0.000054603841298300365
17.	0.00005438748573349594
17.01	0.00005417211390464602
17.02	0.00005395772076446374
17.03	0.00005374430129450197
17.04	0.00005353185050497163
17.05	0.00005332036343456197
17.06	0.00005310983515026088
17.07	0.000052900260747177314
17.080000000000002	0.0000526916353483643
17.09	0.000052483954104643956
17.1	0.00005227721219443317
17.11	0.00005207140482357004
17.12	0.000051866527225142756
17.13	0.00005166257465931851
17.14	0.000051459542413174085
17.150000000000002	0.00005125742580052726
17.16	0.00005105622016177028
17.17	0.000050855920863702823
17.18	0.00005065652329936809
17.19	0.00005045802288788822
17.2	0.00005026041507430194
17.21	0.00005006369532940306
17.22	0.00004986785914957998
17.23	0.000049672902056656024
17.240000000000002	0.000049478819597731395
17.25	0.00004928560734502609
17.26	0.00004909326089572338
17.27	0.00004890177587181505
17.28	0.00004871114791994704
17.29	0.00004852137271126683
17.3	0.0000483324459412712
17.31	0.00004814436332965539
17.32	0.00004795712062016312
17.330000000000002	0.00004777071358043781
17.34	0.00004758513800187489
17.35	0.00004740038969947423
17.36	0.00004721646451169516
17.37	0.000047033358300310755
17.38	0.000046851066950264495
17.39	0.00004666958636952685
17.400000000000002	0.000046488912488953754
17.41	0.000046309041262145014
17.42	0.00004612996866530488
17.43	0.000045951690697102236
17.44	0.00004577420337853278
17.45	0.000045597502752781827
17.46	0.000045421584885087503
17.47	0.00004524644586260572
17.48	0.00004506724143545621
17.490000000000002	0.00004488203824121578
17.5	0.00004469770134571445
17.51	0.0000445142262052301
17.52	0.000044331608302447686
17.53	0.00004414984314629111
17.54	0.00004396892627175522
17.55	0.00004378885323974019
17.56	0.0000436096196368868
17.57	0.0000434312210754121
17.580000000000002	0.00004325365319294697
17.59	0.000043076911652374785
17.6	0.00004290099214167077
17.61	0.00004272589037374274
17.62	0.00004255160208627282
17.63	0.00004237812304156057
17.64	0.00004220544902636678
17.650000000000002	0.00004203357585175847
17.66	0.00004186249935295503
17.67	0.00004169221538917565
17.68	0.000041522719843487125
17.69	0.00004135400862265353
17.7	0.00004118607765698621
17.71	0.000041018922900195244
17.72	0.00004085254032924199
17.73	0.000040686925944192214
17.740000000000002	0.0000405220757680704
17.75	0.0000403579858467156
17.76	0.00004019465224863723
17.77	0.00004003207106487282
17.78	0.00003987023840884618
17.79	0.00003970915041622672
17.8	0.000039548803244789904
17.81	0.000039389193074278155
17.82	0.0000392303161062632
17.830000000000002	0.000039072168564009276
17.84	0.00003891474669233699
17.85	0.000038758046757488435
17.86	0.00003860206504699294
17.87	0.00003844679786953411
17.88	0.00003829224155481723
17.89	0.000038138392453438325
17.900000000000002	0.00003798524693675306
17.91	0.0000378328013967478
17.92	0.00003768105224591037
17.93	0.0000375299959171025
17.94	0.0000373796288634328
17.95	0.00003722994755813051
17.96	0.00003708094849442038
17.97	0.00003693262818539826
17.98	0.00003678498316390742
17.990000000000002	0.00003663800998241583
18.	0.00003649170521289458
18.01	0.000036346065446696166
18.02	0.00003620108729443484
18.03	0.000036056767385866835
18.04	0.00003591310236977188
18.05	0.00003577008891383517
18.06	0.00003562772370453058
18.07	0.00003548600344700417
18.080000000000002	0.00003534492486495889
18.09	0.00003520448470053964
18.1	0.00003506467971421971
18.11	0.00003492550668468737
18.12	0.000034786962408733486
18.13	0.000034649043701139915
18.14	0.00003451174739456865
18.150000000000002	0.000034375070339451564
18.16	0.000034239009403881233
18.17	0.00003410356147350193
18.18	0.00003396872345140192
18.19	0.000033834492258006135
18.2	0.000033700864830969777
18.21	0.00003356783812507232
18.22	0.00003343540911211259
18.23	0.000033303574780804295
18.240000000000002	0.00003317233213667252
18.25	0.00003304167820195036
18.26	0.00003291161001547691
18.27	0.000032782124632595625
18.28	0.000032653219125053274
18.29	0.000032524890580899536
18.3	0.00003239713610438775
18.31	0.0000322699528158756
18.32	0.00003214333785172709
18.330000000000002	0.00003201728836421475
18.34	0.00003189180152142261
18.35	0.00003176687450715008
18.36	0.000031642504520815994
18.37	0.000031518688777363594
18.38	0.00003139542450716634
18.39	0.00003127270895593374
18.400000000000002	0.000031150539384618253
18.41	0.000031028913069322836
18.42	0.00003090782730120897
18.43	0.00003078727938640514
18.44	0.00003066726664591615
18.45	0.00003054778641553304
18.46	0.00003042883604574351
18.47	0.000030310412901642825
18.48	0.000030192514362845578
18.490000000000002	0.000030075137823397757
18.5	0.000029958280691689676
18.51	0.000029841940390369295
18.52	0.000029726114356255805
18.53	0.00002961080004025467
18.54	0.000029495994907272335
18.55	0.00002938169643613179
18.56	0.000029267902119488922
18.57	0.000029154609463749087
18.580000000000002	0.000029041815988984463
18.59	0.000028929519228851728
18.6	0.000028817716730510522
18.61	0.00002870640605454218
18.62	0.000028595584774869234
18.63	0.000028485250478675377
18.64	0.00002837540076632572
18.650000000000002	0.000028266033251288015
18.66	0.00002815714556005394
18.67	0.000028048735332061273
18.68	0.00002794080021961612
18.69	0.00002783333788781624
18.7	0.000027726346014474436
18.71	0.000027619822290042475
18.72	0.000027513764417535668
18.73	0.000027403658518614308
18.740000000000002	0.000027288055923532715
18.75	0.00002717300228046281
18.76	0.000027058494691952066
18.77	0.000026944530277373798
18.78	0.000026831106172820804
18.79	0.000026718219530999022
18.8	0.00002660586752112287
18.81	0.000026494047328810434
18.82	0.000026382756155980118
18.830000000000002	0.000026271991220747263
18.84	0.00002616174975732228
18.85	0.000026052029015908664
18.86	0.000025942826262602368
18.87	0.000025834138779291438
18.88	0.000025725963863556544
18.89	0.000025618298828572247
18.900000000000002	0.0000255111410030086
18.91	0.000025404487730933802
18.92	0.000025298336371717397
18.93	0.000025192684299934
18.94	0.00002508752890526783
18.95	0.000024982867592417754
18.96	0.000024878697781003166
18.97	0.0000247750169054705
18.98	0.000024671822414999917
18.990000000000002	0.000024569111773413382
19.	0.000024466882459082766
19.01	0.000024365131964838818
19.02	0.000024263857797880773
19.03	0.000024163057479686354
19.04	0.000024062728545922715
19.05	0.000023962868546357772
19.06	0.000023863475044772147
19.07	0.000023764545618871615
19.080000000000002	0.000023666077860200617
19.09	0.000023568069374055622
19.1	0.00002347051777939964
19.11	0.000023373420708777204
19.12	0.000023276775808229604
19.13	0.000023180580737211238
19.14	0.000023084833168506024
19.150000000000002	0.00002298953078814456
19.16	0.00002289467129532206
19.17	0.00002280025240231644
19.18	0.00002270627183440727
19.19	0.000022612727329795136
19.2	0.000022519616639521497
19.21	0.000022426937527389288
19.22	0.00002233468776988373
19.23	0.000022242865156094075
19.240000000000002	0.000022151467487635505
19.25	0.000022060492578571758
19.26	0.00002196993825533812
19.27	0.000021879802356665295
19.28	0.0000217900827335032
19.29	0.000021700777248945834
19.3	0.000021611883778156286
19.31	0.000021523400208292464
19.32	0.000021435324438433036
19.330000000000002	0.000021347654379504347
19.34	0.000021260387954207157
19.35	0.000021173523096944604
19.36	0.00002108705775375001
19.37	0.00002100098988221557
19.38	0.000020915317451421384
19.39	0.000020830038441864823
19.400000000000002	0.000020745150845390726
19.41	0.00002066065266512169
19.42	0.00002057654191538892
19.43	0.00002049281662166376
19.44	0.000020409474820489375
19.45	0.00002032651455941304
19.46	0.00002024393389691893
19.47	0.0000201617309023611
19.48	0.000020079903655897315
19.490000000000002	0.00001999845024842297
19.5	0.000019917368781505543
19.51	0.00001983665736731954
19.52	0.000019756314128581913
19.53	0.000019676337198487712
19.54	0.000019596724720646257
19.55	0.000019517474849017986
19.56	0.000019438585747851138
19.57	0.000019360055591619555
19.580000000000002	0.000019281882564960198
19.59	0.0000192040648626117
19.6	0.000019126600689352917
19.61	0.000019049488259941965
19.62	0.00001897272579905573
19.63	0.000018896311541229832
19.64	0.00001882024373079878
19.650000000000002	0.000018744520621836625
19.66	0.0000186691404780982
19.67	0.00001859410157296027
19.68	0.000018519402189363644
19.69	0.000018445040619755074
19.7	0.000018371015166030125
19.71	0.00001829732413947601
19.72	0.000018223965860714872
19.73	0.000018150938659647484
19.740000000000002	0.00001807824087539746
19.75	0.00001800587085625551
19.76	0.00001793382695962445
19.77	0.000017862107551964072
19.78	0.000017790711008736863
19.79	0.0000177196357143539
19.8	0.000017648880062120897
19.81	0.000017578442454184896
19.82	0.00001750832130148122
19.830000000000002	0.000017438515023680605
19.84	0.00001736902204913701
19.85	0.000017299840814835293
19.86	0.000017230969766339737
19.87	0.000017162407357742586
19.88	0.00001709415205161295
19.89	0.000017026202318946152
19.900000000000002	0.000016958556639113342
19.91	0.000016891213499811388
19.92	0.000016824171397013275
19.93	0.000016757428834918455
19.94	0.00001669098432590395
19.95	0.00001662483639047556
19.96	0.00001655898355721933
19.97	0.000016493424362753426
19.98	0.000016428157351680296
19.990000000000002	0.000016363181076539175
20.	0.00001629849409775887
20.01	0.000016234094983610736
20.02	0.000016169982310162147
20.03	0.000016106154661230256
20.04	0.000016042610628335842
20.05	0.00001597934881065758
20.06	0.00001591636781498677
20.07	0.000015860559796044074
20.080000000000002	0.00001581175691862264
20.09	0.00001576312839357457
20.1	0.00001571467351169025
20.11	0.000015666391566995817
20.12	0.00001561828185673658
20.13	0.000015570343681360855
20.14	0.000015522576344503743
20.150000000000002	0.000015474979152971148
20.16	0.000015427551416723538
20.17	0.00001538029244886031
20.18	0.000015333201565603777
20.19	0.000015286278086283546
20.2	0.000015239521333320758
20.21	0.000015192930632212604
20.22	0.000015146505311516854
20.23	0.000015100244702836401
20.240000000000002	0.00001505414814080401
20.25	0.000015008214963067082
20.26	0.000014962444510272532
20.27	0.000014916836126051692
20.28	0.00001487138915700535
20.29	0.000014826102952688897
20.3	0.000014780976865597513
20.31	0.000014736010251151398
20.32	0.000014691202467681146
20.330000000000002	0.000014646552876413212
20.34	0.000014602060841455387
20.35	0.000014557725729782453
20.36	0.000014513546911221748
20.37	0.000014469523758439026
20.38	0.000014425655646924276
20.39	0.000014381941954977551
20.400000000000002	0.000014338382063694998
20.41	0.000014294975356954986
20.42	0.00001425172122140414
20.43	0.000014208619046443635
20.44	0.000014165668224215404
20.45	0.000014122868149588598
20.46	0.000014080218220145966
20.47	0.000014037717836170381
20.48	0.000013995366400631395
20.490000000000002	0.000013953163319171982
20.5	0.00001391110800009519
20.51	0.000013869199854350961
20.52	0.000013827438295523078
20.53	0.000013785822739815984
20.54	0.000013744352606041947
20.55	0.000013703027315607998
20.56	0.000013661846292503241
20.57	0.000013620808963285983
20.580000000000002	0.000013579914757071062
20.59	0.000013539163105517176
20.6	0.000013498553442814442
20.61	0.00001345808520567176
20.62	0.000013417757833304428
20.63	0.000013377570767421833
20.64	0.000013337523452215109
20.650000000000002	0.000013297615334344884
20.66	0.000013257845862929249
20.67	0.000013218214489531447
20.68	0.000013178720668148031
20.69	0.000013139363855196856
20.7	0.00001310014350950512
20.71	0.000013061059092297547
20.72	0.00001302211006718467
20.73	0.000012983295900151052
20.740000000000002	0.000012944616059543743
20.75	0.00001290607001606049
20.76	0.000012867657242738504
20.77	0.000012829377214942728
20.78	0.000012791229410354647
20.79	0.000012753213308960818
20.8	0.000012715328393041627
20.81	0.000012677574147160156
20.82	0.00001263995005815092
20.830000000000002	0.000012602455615108818
20.84	0.000012565090309378081
20.85	0.000012527853634541346
20.86	0.000012490745086408713
20.87	0.000012453764163006814
20.88	0.000012416910364568116
20.89	0.000012380183193520144
20.900000000000002	0.000012343582154474793
20.91	0.00001230710675421767
20.92	0.000012270756501697568
20.93	0.000012234530908015926
20.94	0.000012198429486416386
20.95	0.000012162451752274331
20.96	0.000012126597223086678
20.97	0.000012090865418461405
20.98	0.000012055255860107465
20.990000000000002	0.000012019768071824488
21.	0.000011984401579492732
21.01	0.00001194915591106299
21.02	0.000011914030596546511
21.03	0.000011879025168005129
21.04	0.000011844139159541279
21.05	0.000011809372107288123
21.06	0.00001177472354939982
21.07	0.000011740193026041685
21.080000000000002	0.000011705780079380488
21.09	0.000011671484253574901
21.1	0.000011637305094765716
21.11	0.000011603242151066464
21.12	0.000011569294972553818
21.13	0.000011535463111258173
21.14	0.000011501746121154197
21.150000000000002	0.00001146814355815153
21.16	0.0000114346549800855
21.17	0.000011401279946707803
21.18	0.000011368018019677297
21.19	0.000011334868762550926
21.2	0.000011301831740774533
21.21	0.00001126890652167385
21.22	0.000011236092674445389
21.23	0.000011203389770147641
21.240000000000002	0.000011170797381692014
21.25	0.000011138315083834014
21.26	0.00001110594245316443
21.27	0.000011073679068100527
21.28	0.000011041524508877344
21.29	0.000011009478357538989
21.3	0.000010977540197929977
21.31	0.000010945709615686695
21.32	0.00001091398619822877
21.330000000000002	0.000010882369534750697
21.34	0.000010850859216213158
21.35	0.000010819454835334819
21.36	0.00001078815598658387
21.37	0.000010756962266169651
21.38	0.000010725873272034463
21.39	0.00001069488860384524
21.400000000000002	0.00001066400786298542
21.41	0.000010633230652546683
21.42	0.000010602556577321005
21.43	0.000010571985243792393
21.44	0.000010541516260129018
21.45	0.000010511149236175111
21.46	0.000010723033501495078
21.47	0.00001095367410336182
21.48	0.000011189164649141363
21.490000000000002	0.000011429604794732268
21.5	0.000011675096195927074