0.01	20.751635642371113
0.02	35.865536589948704
0.03	43.08930152328626
0.04	46.76020530842278
0.05	48.553624218975514
0.06	49.21836379323192
0.07	49.209161550442126
0.08	48.76456984467974
0.09	48.05215084040747
0.1	47.18023260265435
0.11	46.226479980706465
0.12	45.113266540834246
0.13	44.0293313540969
0.14	42.91018727356464
0.15	41.79190266094397
0.16	40.66506968976444
0.17	39.56812251024177
0.18	38.4285579781989
0.19	37.38084335655932
0.2	36.24137881419055
0.21	35.16096170780718
0.22	34.158017490164276
0.23	33.01020050558841
0.24	31.947401773775574
0.25	30.960159986178454
0.26	29.860051213877547
0.27	28.783019095581118
0.28	27.78193088074192
0.29	26.846081629805173
0.3	25.78266992463058
0.31	24.79422195812657
0.32	23.873282538434697
0.33	23.013340726810515
0.34	22.19997932528466
0.35000000000000003	21.434494311285828
0.36	20.71587340581603
0.37	20.040061941317017
0.38	19.403453248779716
0.39	18.813275530953433
0.4	18.257989425009484
0.41000000000000003	17.73220690613242
0.42	17.23369672743019
0.43	16.760444242613467
0.44	16.307192236104306
0.45	15.853575322589137
0.46	15.422136611025397
0.47000000000000003	15.011344205991406
0.48	14.619801652132619
0.49	14.2462334465453
0.5	13.889472358926264
0.51	13.53158673742656
0.52	13.180006737117505
0.53	12.84400084010014
0.54	12.522604443874142
0.55	12.214929087328999
0.56	11.920155192242767
0.5700000000000001	11.63752561155818
0.58	11.362901418417263
0.59	11.08258405614883
0.6	10.813721000487746
0.61	10.55566479535506
0.62	10.307814397336074
0.63	10.06961116727693
0.64	9.840535265074022
0.65	9.620102401541804
0.66	9.407860907135435
0.67	9.19463431684872
0.68	8.983581320577938
0.6900000000000001	8.78034895706211
0.7000000000000001	8.584540288856394
0.71	8.39578381045941
0.72	8.213731489620509
0.73	8.038056984165806
0.74	7.868454016463807
0.75	7.704634889686225
0.76	7.546329131798675
0.77	7.385285487176336
0.78	7.227237152843418
0.79	7.074520477122327
0.8	6.9268914778586295
0.81	6.78412019986752
0.8200000000000001	6.645989747950634
0.8300000000000001	6.512295397376024
0.84	6.382843774771318
0.85	6.2574521030964325
0.86	6.135947504998822
0.87	6.0181663594201416
0.88	5.900388160324996
0.89	5.7822068479801585
0.9	5.667673776536181
0.91	5.55663764274899
0.92	5.448954987893021
0.93	5.34448971142105
0.9400000000000001	5.24311261960805
0.9500000000000001	5.144701006322402
0.96	5.049138263327949
0.97	4.956313517755025
0.98	4.866121294589384
0.99	4.778461202218279
1.	4.693237639244584
1.01	4.607723891036478
1.02	4.521974525263941
1.03	4.438634358899057
1.04	4.357613287923499
1.05	4.278825400639236
1.06	4.202188745063744
1.07	4.127625111275377
1.08	4.055059827618996
1.09	3.984421569770702
1.1	3.9156421817412275
1.11	3.8486565079710795
1.12	3.7834022357375936
1.1300000000000001	3.7198197471553085
1.1400000000000001	3.6578519801069436
1.1500000000000001	3.5974442974934515
1.16	3.5362757552353985
1.17	3.4752170442121733
1.18	3.4157188820629507
1.19	3.357728660971666
1.2	3.3011959683745857
1.21	3.2460724780447965
1.22	3.1923118474252465
1.23	3.1398696208041876
1.24	3.0887031379563292
1.25	3.038771447900018
1.26	2.99003522744586
1.27	2.9424567042350325
1.28	2.895999583986824
1.29	2.850628981694497
1.3	2.806311356526538
1.31	2.7630144502071334
1.32	2.7207072286650438
1.33	2.6779833110656495
1.34	2.63494735491077
1.35	2.5929153051291185
1.36	2.5518565649773026
1.37	2.5117416858303443
1.3800000000000001	2.472542316126055
1.3900000000000001	2.4342311529292786
1.4000000000000001	2.3967818959638945
1.41	2.3601692039703206
1.42	2.3243686532553594
1.43	2.289356698309797
1.44	2.255110634376974
1.45	2.2216085618629746
1.46	2.188829352485861
1.47	2.156752617067789
1.48	2.125358674879728
1.49	2.0946285244540896
1.5	2.064543815785667
1.51	2.0350868238461572
1.52	2.006240423341947
1.53	1.9762490775151422
1.54	1.946667291620483
1.55	1.917715498849765
1.56	1.8893763467870854
1.57	1.8616330679955955
1.58	1.8344694567343154
1.59	1.8078698467416776
1.6	1.7818190900306108
1.61	1.756302536643083
1.62	1.7313060153151343
1.6300000000000001	1.7068158150060713
1.6400000000000001	1.682818667248218
1.6500000000000001	1.6593017292760486
1.6600000000000001	1.6362525678957975
1.67	1.6136591440588117
1.68	1.5915097981040005
1.69	1.5697932356365332
1.7	1.548498514011824
1.71	1.527615029395472
1.72	1.5071325043714219
1.73	1.4870409760720849
1.74	1.4673307848055983
1.75	1.4475154522773142
1.76	1.4271852835747312
1.77	1.4072534206578842
1.78	1.387709875317496
1.79	1.368544963990109
1.8	1.349749296832177
1.81	1.3313137672439566
1.82	1.3132295418223507
1.83	1.2954880507228657
1.84	1.2780809784119125
1.85	1.2610002547916397
1.86	1.2442380466803555
1.87	1.2277867496324872
1.8800000000000001	1.2116389800828133
1.8900000000000001	1.1957875678004815
1.9000000000000001	1.1802255486390183
1.9100000000000001	1.1649461575692575
1.92	1.1499428219827226
1.93	1.1352091552536285
1.94	1.120738950548236
1.95	1.1065261748708406
1.96	1.0925649633362036
1.97	1.078849613658683
1.98	1.0653745808488568
1.99	1.0521344721087964
2.	1.0391240419176053
2.0100000000000002	1.025919205754761
2.02	1.012478589232356
2.0300000000000002	0.9992791341360708
2.04	0.9863153571503926
2.05	0.9735819256680858
2.06	0.9610736529393943
2.07	0.9487854933999549
2.08	0.9367125381700205
2.09	0.9248500107179384
2.1	0.9131932626811082
2.11	0.9017377698380166
2.12	0.8904791282251828
2.13	0.87941305039316
2.14	0.8685353617959715
2.15	0.8578419973086547
2.16	0.8473289978677767
2.17	0.8369925072300481
2.18	0.8268287688443475
2.19	0.8168341228327141
2.2	0.8070050030760082
2.21	0.7973379344001813
2.22	0.7878295298592273
2.23	0.7784764881110864
2.24	0.7692755908829199
2.25	0.7602237005223249
2.2600000000000002	0.751317757631221
2.27	0.7425547787792526
2.2800000000000002	0.7339318542937092
2.29	0.7254461461230789
2.3000000000000003	0.7170948857714715
2.31	0.7084489899496437
2.32	0.6998106474722466
2.33	0.6913141125698937
2.34	0.682956463604256
2.35	0.6747348512595155
2.36	0.6666464964543987
2.37	0.6586886883230015
2.38	0.6508587822618827
2.39	0.6431541980409615
2.4	0.6355724179759003
2.41	0.6281109851597063
2.42	0.6207675017514105
2.43	0.6135396273197506
2.44	0.6064250772398708
2.45	0.599421621141136
2.46	0.5925270814042302
2.47	0.5857393317057779
2.48	0.579056295608807
2.49	0.5724759451974271
2.5	0.5659962997541663
2.5100000000000002	0.5596154244784698
2.52	0.5533314292449262
2.5300000000000002	0.5471424673998275
2.54	0.5410467345947468
2.5500000000000003	0.5350424676558437
2.56	0.5291279434876748
2.57	0.5233014780103272
2.58	0.5175614251287296
2.59	0.5119061757330584
2.6	0.5063341567291709
2.61	0.5008438300980703
2.62	0.4954336919834057
2.63	0.490102271806086
2.64	0.48484813140509286
2.65	0.4794395752784879
2.66	0.47398798467040376
2.67	0.468618491479241
2.68	0.46332955879978527
2.69	0.45811968408361337
2.7	0.4529873982471297
2.71	0.44793126480595663
2.72	0.44294987903480143
2.73	0.4380418671519657
2.74	0.43320588552767686
2.75	0.42844061991547305
2.7600000000000002	0.42374478470588556
2.77	0.4191171222016916
2.7800000000000002	0.41455640191403675
2.79	0.41006141987876854
2.8000000000000003	0.4056309979923084
2.81	0.40126398336645486
2.82	0.3969592477015044
2.83	0.3927156866771103
2.84	0.38853221936031385
2.85	0.38440778763021205
2.86	0.38034135561872895
2.87	0.3763319091669932
2.88	0.3723784552968307
2.89	0.3684800216968996
2.9	0.3646356562230174
2.91	0.3608444264122379
2.92	0.3571054190102535
2.93	0.3534177395117156
2.94	0.34978051171307667
2.95	0.3461928772775704
2.96	0.3426539953119628
2.97	0.3391630419547145
2.98	0.3357192099752134
2.99	0.33232170838374037
3.	0.32896976205184886
3.0100000000000002	0.32566261134284336
3.02	0.32239951175205905
3.0300000000000002	0.3191797335566503
3.04	0.31590183926285936
3.0500000000000003	0.3125618588367599
3.06	0.3092679515590446
3.0700000000000003	0.3060193344116292
3.08	0.3028152401738639
3.09	0.29965491705390773
3.1	0.29653762832986313
3.11	0.2934626520003795
3.12	0.29042928044444755
3.13	0.28743682009011473
3.14	0.28448459109185875
3.15	0.28157192701636774
3.16	0.27869817453648094
3.17	0.275862693133055
3.18	0.27306485480452347
3.19	0.2703040437839293
3.2	0.26757965626321656
3.21	0.2648911001245704
3.22	0.26223779467860664
3.23	0.2596191704092132
3.24	0.25703466872485536
3.25	0.25448374171616484
3.2600000000000002	0.2519658519196282
3.27	0.24948047208721155
3.2800000000000002	0.24702708496174677
3.29	0.2446051830579239
3.3000000000000003	0.2422142684487315
3.31	0.2398538525571925
3.3200000000000003	0.23752345595324847
3.33	0.23522260815565296
3.34	0.2329508474387328
3.35	0.23070772064388478
3.36	0.228492782995677
3.37	0.22630559792243185
3.38	0.2241457368811647
3.39	0.2220127791867627
3.4	0.219906311845289
3.41	0.21782592939129813
3.42	0.21577123372905896
3.43	0.2137418339775753
3.44	0.21173734631930857
3.45	0.20975739385249625
3.46	0.20780160644697895
3.47	0.20586962060343414
3.48	0.203961079315935
3.49	0.20201106024701207
3.5	0.20002536144951494
3.5100000000000002	0.19806476345244975
3.52	0.19612887879988233
3.5300000000000002	0.19421732709355008
3.54	0.19232973484479787
3.5500000000000003	0.1904657353300275
3.56	0.18862496844956672
3.5700000000000003	0.1868070805898677
3.58	0.18501172448895015
3.59	0.18323855910499878
3.6	0.1814872494880373
3.61	0.1797574666545961
3.62	0.1780488874652976
3.63	0.17636119450527993
3.64	0.17469407596739062
3.65	0.1730472255380746
3.66	0.17142034228588898
3.67	0.16981313055257696
3.68	0.1682252998466354
3.69	0.16665656473931215
3.7	0.16510664476297088
3.71	0.1635752643117651
3.72	0.1620621525445601
3.73	0.16056704329004856
3.74	0.15908967495400259
3.75	0.1576297904286108
3.7600000000000002	0.15618713700384548
3.77	0.15476146628081114
3.7800000000000002	0.15335253408702443
3.79	0.15196010039357682
3.8000000000000003	0.15058392923413458
3.81	0.1492237886257297
3.8200000000000003	0.14787945049129766
3.83	0.14655069058391926
3.84	0.1452372884127248
3.85	0.14393902717042026
3.86	0.14265569366239408
3.87	0.14138707823736918
3.88	0.14013297471955935
3.89	0.13889318034229634
3.9	0.13766749568308984
3.91	0.13645572460008826
3.92	0.13525767416990356
3.93	0.13407315462677083
3.94	0.1329019793030076
3.95	0.13174396457074447
3.96	0.13059892978489482
3.97	0.12946669722733498
3.98	0.12834709205226705
3.99	0.12723994223273435
4.	0.126145078508265
4.01	0.1250002192497738
4.0200000000000005	0.1238607439421222
4.03	0.12273444824574373
4.04	0.12162114758166584
4.05	0.1205206604038035
4.0600000000000005	0.11943280814180116
4.07	0.11835741514508974
4.08	0.11729430862812953
4.09	0.11624331861681028
4.1	0.11520427789598268
4.11	0.11417702195809373
4.12	0.11316138895289955
4.13	0.11215721963823286
4.14	0.11116435733179708
4.15	0.11018264786396652
4.16	0.10921193953156734
4.17	0.10825208305261665
4.18	0.10730293152199925
4.19	0.10636434036805806
4.2	0.10543616731007971
4.21	0.10451827231665209
4.22	0.10361051756487667
4.23	0.10271276740041485
4.24	0.10182488829834781
4.25	0.10094674882483494
4.26	0.1000782195995492
4.2700000000000005	0.09921917325887435
4.28	0.09836948441984543
4.29	0.09752902964481658
4.3	0.0966976874068394
4.3100000000000005	0.09587533805573599
4.32	0.09506186378485222
4.33	0.09425714859847353
4.34	0.09346107827989183
4.3500000000000005	0.09267354036010632
4.36	0.09189442408714567
4.37	0.09112362039599757
4.38	0.09036102187913159
4.39	0.0896065227576037
4.4	0.08886001885272829
4.41	0.08812140755830582
4.42	0.08739058781339445
4.43	0.08666746007561303
4.44	0.08595192629496416
4.45	0.08524388988816667
4.46	0.08454325571348509
4.47	0.08384993004604696
4.48	0.08316382055363658
4.49	0.08248483627295485
4.5	0.08181288758633591
4.51	0.0811478861989102
4.5200000000000005	0.08048974511620452
4.53	0.07983837862217001
4.54	0.079193702257629
4.55	0.07855563279913086
4.5600000000000005	0.07792408823821038
4.57	0.0772989877610372
4.58	0.07668025172845129
4.59	0.07606780165637306
4.6000000000000005	0.07543881380518293
4.61	0.07480190940508705
4.62	0.07417174481724151
4.63	0.07354823436243889
4.64	0.07293129363239452
4.65	0.07232083946821037
4.66	0.07171678993924886
4.67	0.07111906432240818
4.68	0.07052758308179082
4.69	0.06994226784875657
4.7	0.06936304140235293
4.71	0.06878982765011356
4.72	0.06822255160921833
4.73	0.06766113938800712
4.74	0.0671055181678392
4.75	0.06655561618529211
4.76	0.06601136271469252
4.7700000000000005	0.06547268805097191
4.78	0.0649395234928409
4.79	0.06441180132627536
4.8	0.063889454808308
4.8100000000000005	0.06337241815111883
4.82	0.06286062650641888
4.83	0.06235401595012096
4.84	0.06185252346729153
4.8500000000000005	0.06135608693737801
4.86	0.06086464511970589
4.87	0.06037813763924042
4.88	0.05989650497260704
4.89	0.05941968843436588
4.9	0.058947630163534756
4.91	0.05848027311035591
4.92	0.058017561023301634
4.93	0.05755943843631369
4.94	0.05710585065627236
4.95	0.05665674375069002
4.96	0.05621206453562484
4.97	0.05577176056381099
4.98	0.05533578011299976
4.99	0.05490407217450855
5.	0.05447658644197324
5.01	0.054053273300299354
5.0200000000000005	0.05363408381480954
5.03	0.0532189697205815
5.04	0.05280788341197471
5.05	0.05240077793234095
5.0600000000000005	0.051997606963915005
5.07	0.05159832481788306
5.08	0.05120288642462413
5.09	0.05081124732412212
5.1000000000000005	0.050423363656544394
5.11	0.050039192152984704
5.12	0.049658690126365715
5.13	0.04928181546249989
5.14	0.0489085266113043
5.15	0.048538782578166906
5.16	0.04817254291546183
5.17	0.04780976771420969
5.18	0.047450417595881464
5.19	0.04709445370434227
5.2	0.04674183769793283
5.21	0.04639253174168591
5.22	0.046046498499675015
5.23	0.04570370112749313
5.24	0.04536410326485892
5.25	0.045027669028347934
5.26	0.044694363004246423
5.2700000000000005	0.04436415024152584
5.28	0.044025951336533295
5.29	0.04368195193801744
5.3	0.043341282471748746
5.3100000000000005	0.04300390451186542
5.32	0.04266978014710619
5.33	0.04233887197296936
5.34	0.04201114308400501
5.3500000000000005	0.04168655706623932
5.36	0.0413650779897273
5.37	0.04104667040123202
5.38	0.04073129931702839
5.39	0.04041893021582781
5.4	0.04010952903182329
5.41	0.03980306214785098
5.42	0.03949949638866735
5.43	0.0391987990143389
5.44	0.038900937713742846
5.45	0.03860588059817656
5.46	0.03831359619507363
5.47	0.03802405344182473
5.48	0.037737221679701574
5.49	0.03745307064788132
5.5	0.03717157047757043
5.51	0.036892691686225575
5.5200000000000005	0.036616405171870293
5.53	0.03634268220750502
5.54	0.036071494435609294
5.55	0.0358028138627345
5.5600000000000005	0.035536612854184885
5.57	0.03527286412878598
5.58	0.03501154075373863
5.59	0.03475261613955649
5.6000000000000005	0.034496064035086475
5.61	0.034241858522609796
5.62	0.0339899740130229
5.63	0.033740385241095905
5.64	0.033493067260808335
5.65	0.03324799544075966
5.66	0.03300514545965409
5.67	0.03276449330185771
5.68	0.03252601525302735
5.69	0.0322896878958091
5.7	0.032055488105605975
5.71	0.031823393046412865
5.72	0.03159338016671845
5.73	0.031365427195471494
5.74	0.03113951213811213
5.75	0.030915613272665426
5.76	0.030693709145897252
5.7700000000000005	0.030473778569530596
5.78	0.03025580061652171
5.79	0.030039754617395057
5.8	0.029825620156635597
5.8100000000000005	0.02961337706913797
5.82	0.029403005436711243
5.83	0.029194485584638205
5.84	0.02898779807828873
5.8500000000000005	0.028782923719785407
5.86	0.02857984354472185
5.87	0.028378538818931074
5.88	0.028178991035304815
5.89	0.027981181910661554
5.9	0.027785093382663342
5.91	0.027590707606779917
5.92	0.02739800695329971
5.93	0.027206974004387
5.94	0.027017591551183856
5.95	0.02682984259095695
5.96	0.026643710324287737
5.97	0.026459178152305654
5.98	0.026276229673963605
5.99	0.02609484868335477
6.	0.025915019167070383
6.01	0.025736725301597447
6.0200000000000005	0.02555995145075602
6.03	0.025384682163175198
6.04	0.025210902169807255
6.05	0.02503859638147913
6.0600000000000005	0.024863481486004008
6.07	0.0246836478436355
6.08	0.024505407727539286
6.09	0.02432874443110743
6.1000000000000005	0.024153641449910005
6.11	0.023980082478922367
6.12	0.023808051409794976
6.13	0.023637532328164904
6.140000000000001	0.023468509511008602
6.15	0.023300967424034747
6.16	0.02313489071911698
6.17	0.022970264231765576
6.18	0.022807072978637547
6.19	0.022645302155084274
6.2	0.02248493713273659
6.21	0.022325963457125838
6.22	0.022168366845341257
6.23	0.022012133183722353
6.24	0.021857248525585966
6.25	0.021703699088987664
6.26	0.021551471254516313
6.2700000000000005	0.02140055156312186
6.28	0.02125092671397562
6.29	0.02110258356236223
6.3	0.020955509117603147
6.3100000000000005	0.02080969054101098
6.32	0.020665115143874077
6.33	0.020521770385471153
6.34	0.020379643871115075
6.3500000000000005	0.0202387233502257
6.36	0.020098996714431078
6.37	0.01996045199569651
6.38	0.019823077364481266
6.390000000000001	0.019686861127922246
6.4	0.019551791728044318
6.41	0.019417857739996793
6.42	0.01928504787031559
6.43	0.019153350955211052
6.44	0.0190227559588802
6.45	0.018893251971844
6.46	0.01876482820930844
6.47	0.01863747400954966
6.48	0.018511178832322003
6.49	0.01838593225728971
6.5	0.018261723982480507
6.51	0.018138543822762143
6.5200000000000005	0.018016381708340367
6.53	0.017895227683278715
6.54	0.017775071904039437
6.55	0.017655904638045363
6.5600000000000005	0.01753771626226224
6.57	0.017420497261801494
6.58	0.01730423822854263
6.59	0.017188929859775465
6.6000000000000005	0.017074562956861584
6.61	0.016961128423914753
6.62	0.016848617266500034
6.63	0.016737020590351395
6.640000000000001	0.016626329600107282
6.65	0.016516535598064146
6.66	0.016407629982947435
6.67	0.01629960424869999
6.68	0.01619244998328727
6.69	0.016086158867519473
6.7	0.01598072267389013
6.71	0.015876133265430893
6.72	0.01577238259458226
6.73	0.015669462702080115
6.74	0.015567365715857805
6.75	0.015466083849963369
6.76	0.01536560940349174
6.7700000000000005	0.015265934759531984
6.78	0.015167052384128866
6.79	0.01506895482525878
6.8	0.014971634711820007
6.8100000000000005	0.014875084752636644
6.82	0.014779297735476293
6.83	0.014684266526081378
6.84	0.014589984067213535
6.8500000000000005	0.014496443377711278
6.86	0.014403637551560378
6.87	0.0143115597569771
6.88	0.014220203235503754
6.890000000000001	0.0141295613011168
6.9	0.014039627339346737
6.91	0.013950394806410395
6.92	0.013861857228354483
6.93	0.013774008200211125
6.94	0.013686841385164617
6.95	0.013600350513729478
6.96	0.013510612442178063
6.97	0.013419794136311823
6.98	0.013329715206116508
6.99	0.013240368585766674
7.	0.013151747286932362
7.01	0.013063844397820172
7.0200000000000005	0.012976653082227466
7.03	0.012890166578609573
7.04	0.012804378199159886
7.05	0.01271928132890249
7.0600000000000005	0.012634869424797246
7.07	0.012551136014857208
7.08	0.01246807469727794
7.09	0.012385679139578875
7.1000000000000005	0.012303943077756192
7.11	0.012222860315447434
7.12	0.012142424723107241
7.13	0.012062630237194474
7.140000000000001	0.011983470859370203
7.15	0.011904940655706603
7.16	0.01182703375590658
7.17	0.01174974435253382
7.18	0.011673066700253296
7.19	0.011596995115081969
7.2	0.011521523973649533
7.21	0.011446647712469138
7.22	0.011372360827217794
7.23	0.011298657872026465
7.24	0.011225533458779666
7.25	0.011152982256424299
7.26	0.011080998990287867
7.2700000000000005	0.011009578441405566
7.28	0.01093871544585649
7.29	0.010868404894108525
7.3	0.010798641730371993
7.3100000000000005	0.010729420951961796
7.32	0.010660737608668055
7.33	0.010592586802134967
7.34	0.010524963685247963
7.3500000000000005	0.010457863461528763
7.36	0.010391281384538624
7.37	0.01032521275728918
7.38	0.010259652931661105
7.390000000000001	0.01019459730783045
7.4	0.01013004133370233
7.41	0.010065980504352224
7.42	0.010002410361474229
7.43	0.009939326492836896
7.44	0.009876724531745769
7.45	0.009814600156513219
7.46	0.009752949089934872
7.47	0.009691767098773039
7.48	0.009631049993246705
7.49	0.009570793626528164
7.5	0.009510993894246065
7.51	0.009451646733994996
7.5200000000000005	0.009392748124851193
7.53	0.00933429408689472
7.54	0.009276280680737463
7.55	0.009218704007057472
7.5600000000000005	0.009161560206139082
7.57	0.009104845457418962
7.58	0.00904855597903797
7.59	0.008992688027398664
7.6000000000000005	0.008937237896728576
7.61	0.008882201918648844
7.62	0.008827576461748506
7.63	0.00877335793116409
7.640000000000001	0.008719542768164522
7.65	0.008666127449741335
7.66	0.008613108488204055
7.67	0.008560482430780598
7.68	0.008508245859222828
7.69	0.008456395389416992
7.7	0.008404927670999068
7.71	0.008353839386974982
7.72	0.00830312725334548
7.73	0.00825278801873584
7.74	0.008202818464030067
7.75	0.008153215402009792
7.76	0.00810397567699755
7.7700000000000005	0.008055096164504547
7.78	0.008006573770882883
7.79	0.007958405432981942
7.8	0.00791058811780918
7.8100000000000005	0.007863118822195052
7.82	0.007815994572462074
7.83	0.007769212424098013
7.84	0.00772276946143308
7.8500000000000005	0.00767666279732114
7.86	0.007630889572824771
7.87	0.0075854469569042755
7.88	0.007540332146110487
7.890000000000001	0.0074955423642813004
7.9	0.00745107486224197
7.91	0.007406926917509064
7.92	0.007363095833997999
7.930000000000001	0.007319578941734211
7.94	0.007276373596567764
7.95	0.00723347717989149
7.96	0.007190887098362568
7.97	0.007148600783627388
7.98	0.007106615692049879
7.99	0.007062679466695748
8.	0.007017968357707317
8.01	0.006973595622137656
8.02	0.006929558281524533
8.03	0.006885853387290151
8.040000000000001	0.006842478020404682
8.05	0.006799429291053842
8.06	0.006756704338310752
8.07	0.006714300329811765
8.08	0.006672214461436453
8.09	0.0066304439569914286
8.1	0.006588986067898208
8.11	0.0065478380728848816
8.120000000000001	0.006506997277681637
8.13	0.0064664610147199915
8.14	0.006426226642835816
8.15	0.006386291546975938
8.16	0.00634665313790844
8.17	0.006307308851936456
8.18	0.0062682561506155286
8.19	0.00622949252047443
8.2	0.006191015472739341
8.21	0.006152822543061533
8.22	0.006114911291248264
8.23	0.00607727930099702
8.24	0.006039924179632965
8.25	0.006002843557849653
8.26	0.005966035089452796
8.27	0.005929496451107255
8.28	0.005893225342087012
8.290000000000001	0.00585721948402823
8.3	0.005821476620685294
8.31	0.005785994517689769
8.32	0.0057507709623123215
8.33	0.005715803763227482
8.34	0.005681090750281246
8.35	0.005646629774261486
8.36	0.005612418706671099
8.370000000000001	0.005578455439503913
8.38	0.005544737885023271
8.39	0.005511263975543221
8.4	0.005478031663212419
8.41	0.00544503891980051
8.42	0.005412283736487159
8.43	0.005379764123653498
8.44	0.0053474781106761585
8.45	0.005315423745723662
8.46	0.005283599095555307
8.47	0.005252002245322382
8.48	0.005220631298371778
8.49	0.0051894843760519
8.5	0.005158559617520898
8.51	0.005127855179557121
8.52	0.005097369236371877
8.53	0.005067099979424328
8.540000000000001	0.005037045617238595
8.55	0.005007204375223042
8.56	0.004977574495491616
8.57	0.0049481542366873535
8.58	0.004918941873807899
8.59	0.004889935698033105
8.6	0.004861134016554623
8.61	0.004832535152407497
8.620000000000001	0.0048041374443037015
8.63	0.004775939246467667
8.64	0.004747938928473643
8.65	0.004720134875085049
8.66	0.004692525486095572
8.67	0.004665109176172227
8.68	0.0046378843747001425
8.69	0.0046108495256291975
8.700000000000001	0.004584003087322415
8.71	0.004557343532406069
8.72	0.004530869347621607
8.73	0.004504579033679161
8.74	0.004478471105112871
8.75	0.004452544090137749
8.76	0.004426796530508285
8.77	0.004401226981378593
8.78	0.004375834011164248
8.790000000000001	0.004350616201405596
8.8	0.004325572146632732
8.81	0.004300700454231926
8.82	0.0042759997443136575
8.83	0.0042514686495820665
8.84	0.004227105815205979
8.85	0.004202909898691299
8.86	0.004178879569754957
8.870000000000001	0.004155013510200178
8.88	0.004131310413793267
8.89	0.004107768986141687
8.9	0.004084387944573605
8.91	0.004061166018018721
8.92	0.004038101946890494
8.93	0.004015194482969696
8.94	0.003992442389289187
8.950000000000001	0.00396984444002014
8.96	0.0039473994203593895
8.97	0.0039251061264181306
8.98	0.003902963365111842
8.99	0.0038809699540514396
9.	0.0038591247214356506
9.01	0.0038374265059445724
9.02	0.003815874156634434
9.03	0.003794466532833543
9.040000000000001	0.003773202504039343
9.05	0.0037520809498166672
9.06	0.0037311007596970806
9.07	0.0037102608330793737
9.08	0.00368956007913112
9.09	0.0036689974166913644
9.1	0.0036485717741743372
9.11	0.003628282089474284
9.120000000000001	0.0036081273098713023
9.13	0.003588106391938239
9.14	0.003568218301448614
9.15	0.0035484620132855173
9.16	0.0035288365113515705
9.17	0.0035086823776768364
9.18	0.0034876605892916733
9.19	0.0034667874318148827
9.200000000000001	0.00344606169435794
9.21	0.003425482177198193
9.22	0.003405047691663967
9.23	0.0033847570600209114
9.24	0.0033646091153596777
9.25	0.0033446027014848554
9.26	0.0033247366728051393
9.27	0.0033050098942248186
9.28	0.0032854212410363885
9.290000000000001	0.003265969598814458
9.3	0.003246653863310813
9.31	0.0032274729403506683
9.32	0.003208425745730087
9.33	0.0031895112051145685
9.34	0.0031707282539387505
9.35	0.003152075837307246
9.36	0.0031335529098966064
9.370000000000001	0.0031151584358583627
9.38	0.0030968913887231444
9.39	0.003078750751305908
9.4	0.0030607355156121747
9.41	0.003042844682745349
9.42	0.003025077262815042
9.43	0.0030074322748464446
9.44	0.00298990874669068
9.450000000000001	0.0029725057149361683
9.46	0.002955222224820962
9.47	0.0029380573301460654
9.48	0.0029210100931896963
9.49	0.002904079584622518
9.5	0.0028872648834237825
9.51	0.0028705650767984186
9.52	0.002853979260095015
9.53	0.0028375065367247277
9.540000000000001	0.0028211460180810615
9.55	0.002804896823460537
9.56	0.0027887580799842394
9.57	0.0027727289225201973
9.58	0.0027568084936066524
9.59	0.0027409959433761385
9.6	0.002725290429480394
9.61	0.0027096911170161123
9.620000000000001	0.002694197178451465
9.63	0.0026788077935534834
9.64	0.002663522149316155
9.65	0.0026483394398893775
9.66	0.00263325886650862
9.67	0.0026182796374254074
9.68	0.0026034009678384887
9.69	0.002588622079825823
9.700000000000001	0.0025739422022772406
9.71	0.0025593605708278742
9.72	0.002544876427792282
9.73	0.0025304890220992937
9.74	0.0025161976092275516
9.75	0.002502001451141756
9.76	0.0024878998162295787
9.77	0.0024738919792392715
9.78	0.0024599772212179237
9.790000000000001	0.0024461548294504084
9.8	0.0024324240973989616
9.81	0.0024187843246434013
9.82	0.002405234816822014
9.83	0.002391774885573045
9.84	0.0023784038484768186
9.85	0.002365121028998489
9.86	0.00235192575643138
9.870000000000001	0.00233881736584094
9.88	0.002325795198009289
9.89	0.0023128585993803454
9.9	0.0023000069220055585
9.91	0.0022872395234901765
9.92	0.002274555766940128
9.93	0.0022619550209094174
9.94	0.0022494366593481235
9.950000000000001	0.0022370000615509014
9.96	0.0022246446121060638
9.97	0.002212369700845173
9.98	0.002200174722793173
9.99	0.0021880590781190455
10.	0.002176022172086982
10.01	0.002164063415008067
10.02	0.0021521822221924614
10.03	0.0021403780139021126
10.040000000000001	0.002128650215303907
10.05	0.002116998256423374
10.06	0.0021054215720988133
10.07	0.002093919601935954
10.08	0.002082491790263038
10.09	0.002071137586086408
10.1	0.002059856443046535
10.11	0.0020486478193745025
10.120000000000001	0.002037511177848955
10.13	0.0020264459857534853
10.14	0.0020154517148344552
10.15	0.0020045278412592644
10.16	0.00199367384557504
10.17	0.0019828892126677643
10.18	0.0019721734317218057
10.19	0.00196152599617989
10.200000000000001	0.0019509464037034535
10.21	0.0019404341561334415
10.22	0.0019299887594514688
10.23	0.001919609723741403
10.24	0.0019092965631513448
10.25	0.001899048795855975
10.26	0.0018888659440193126
10.27	0.0018787475337578305
10.28	0.0018686930951039651
10.290000000000001	0.001858702161969984
10.3	0.0018487742721122362
10.31	0.0018389089670957498
10.32	0.0018291057922592095
10.33	0.0018193642966802621
10.34	0.0018096840331412066
10.35	0.0018000645580950024
10.36	0.0017905054316316462
10.370000000000001	0.0017810062174448702
10.38	0.0017715664827991843
10.39	0.0017621857984972567
10.4	0.001752863738847616
10.41	0.0017435998816326763
10.42	0.0017343938080770938
10.43	0.001725245102816437
10.44	0.0017161533538661668
10.450000000000001	0.001707118152590937
10.46	0.0016981390936741973
10.47	0.0016892157750881007
10.48	0.0016803477980637152
10.49	0.0016715347670615277
10.5	0.0016627762897422505
10.51	0.001654071976937918
10.52	0.001645421442623256
10.53	0.0016362821157415888
10.540000000000001	0.0016268368432326547
10.55	0.001617454972280372
10.56	0.0016081360178083427
10.57	0.0015988794989057272
10.58	0.001589684938787583
10.59	0.0015805518647556069
10.6	0.0015714798081593027
10.61	0.0015624683043575366
10.620000000000001	0.0015535168926805103
10.63	0.0015446251163921182
10.64	0.001535792522652704
10.65	0.0015270186624821939
10.66	0.0015183030907236317
10.67	0.0015096453660070669
10.68	0.0015010450507138436
10.69	0.0014925017109412358
10.700000000000001	0.0014840149164674678
10.71	0.0014755842407170804
10.72	0.0014672092607266685
10.73	0.001458889557110962
10.74	0.001450624714029262
10.75	0.001442414319152221
10.76	0.0014342579636289635
10.77	0.0014261552420545486
10.78	0.0014181057524377632
10.790000000000001	0.0014101090961692443
10.8	0.0014021648779899353
10.81	0.0013942727059598594
10.82	0.0013864321914272102
10.83	0.001378642948997767
10.84	0.0013709045965046138
10.85	0.0013632167549781772
10.86	0.0013555790486165507
10.870000000000001	0.0013479911047561534
10.88	0.0013404525538426482
10.89	0.0013329630294021924
10.9	0.0013255221680129518
10.91	0.0013181296092769198
10.92	0.0013107849957920256
10.93	0.0013034879731245016
10.94	0.0012962381897815621
10.950000000000001	0.0012890352971843323
10.96	0.0012818789496410702
10.97	0.0012747688043206378
10.98	0.0012677045212262641
10.99	0.0012606857631695504
11.	0.0012537121957447556
11.01	0.0012467834873033225
11.02	0.0012398993089286795
11.03	0.0012330593344112714
11.040000000000001	0.0012262632402238697
11.05	0.0012195107054971022
11.06	0.0012128014119952466
11.07	0.001206135044092258
11.08	0.0011995112887480367
11.09	0.0011929298354849342
11.1	0.0011863903763644982
11.11	0.0011798926059644371
11.120000000000001	0.0011734362213558266
11.13	0.001167020922080534
11.14	0.0011606464101288775
11.15	0.0011543123899174887
11.16	0.0011480185682674216
11.17	0.0011417646543824527
11.18	0.0011355503598276086
11.19	0.00112937539850791
11.200000000000001	0.0011232394866473136
11.21	0.0011171423427678742
11.22	0.0011110836876691043
11.23	0.0011050632444075394
11.24	0.0010990807382765073
11.25	0.0010931358967860927
11.26	0.0010872284496433024
11.27	0.0010813581287324227
11.28	0.00107552466809557
11.290000000000001	0.0010697278039134294
11.3	0.0010639672744861954
11.31	0.0010582428202146794
11.32	0.0010525541835816165
11.33	0.0010469011091331453
11.34	0.0010412833434604812
11.35	0.001035700635181756
11.36	0.0010301527349240388
11.370000000000001	0.0010246393953055343
11.38	0.001019160370917955
11.39	0.0010137154183090583
11.4	0.0010083042959653547
11.41	0.0010029267642949963
11.42	0.000997582585610812
11.43	0.000992271524113524
11.44	0.0009869933458751103
11.450000000000001	0.0009817478188223457
11.46	0.0009765347127204881
11.47	0.0009713537991571321
11.48	0.0009662048515262038
11.49	0.0009610876450121334
11.5	0.000956001956574156
11.51	0.0009509475649307782
11.52	0.0009459242505443879
11.53	0.0009409317956060177
11.540000000000001	0.0009359699840202453
11.55	0.0009310386013902501
11.56	0.0009261374350030007
11.57	0.0009212662738145934
11.58	0.0009164249084357287
11.59	0.000911613131117324
11.6	0.0009068307357362679
11.61	0.0009020775177813025
11.620000000000001	0.0008973532743390517
11.63	0.0008926578040801759
11.64	0.000887990907245654
11.65	0.0008833523856332033
11.66	0.0008787420425838307
11.67	0.0008741596829684983
11.68	0.000869605113174933
11.69	0.0008650781410945407
11.700000000000001	0.0008605785761094662
11.71	0.0008561062290797612
11.72	0.0008516609123306753
11.73	0.0008472424396400675
11.74	0.0008428506262259449
11.75	0.0008384852887341068
11.76	0.00083414624522591
11.77	0.0008298333151661479
11.78	0.0008255463194110518
11.790000000000001	0.0008212850801963914
11.8	0.0008170494211256965
11.81	0.0008128391671585864
11.82	0.0008086541445992066
11.83	0.0008044941810847804
11.84	0.0008003591055742576
11.85	0.0007962487483370758
11.86	0.0007921629409420317
11.870000000000001	0.0007881015162462418
11.88	0.0007840643083842154
11.89	0.0007800511527570356
11.9	0.0007760618860216255
11.91	0.0007720963460801246
11.92	0.000768154372069366
11.93	0.000764235804350437
11.94	0.0007603404844983598
11.950000000000001	0.0007564682552918426
11.96	0.0007526189607031465
11.97	0.0007487924458880271
11.98	0.0007449885571757911
11.99	0.0007412071420594242
12.	0.0007374480491858209
12.01	0.0007337111283461033
12.02	0.0007299962304660289
12.030000000000001	0.000726303207596481
12.040000000000001	0.0007226319129040593
12.05	0.0007189822006617393
12.06	0.0007153539262396366
12.07	0.0007117469460958402
12.08	0.0007081611177673419
12.09	0.0007044058924527874
12.1	0.0007005839536689451
12.11	0.0006967858834801618
12.120000000000001	0.0006930115132978784
12.13	0.0006892606758619967
12.14	0.0006855332052293236
12.15	0.000681828936762136
12.16	0.0006781477071168443
12.17	0.0006744893542327676
12.18	0.0006708537173210141
12.19	0.0006672406368534709
12.200000000000001	0.0006636499545518914
12.21	0.0006600815133770943
12.22	0.0006565351575182532
12.23	0.0006530107323823007
12.24	0.000649508084583422
12.25	0.000646027061932654
12.26	0.0006425675134275787
12.27	0.0006391292892421146
12.280000000000001	0.0006357122407164046
12.290000000000001	0.0006323162203468007
12.3	0.0006289410817759389
12.31	0.0006255866797829097
12.32	0.0006222528702735227
12.33	0.0006189395102706556
12.34	0.0006156464579047018
12.35	0.0006123735724041023
12.36	0.000609120714085969
12.370000000000001	0.0006058877443467904
12.38	0.0006026745256532313
12.39	0.000599480921533014
12.4	0.0005963067965658848
12.41	0.0005931520163746622
12.42	0.0005900164476163762
12.43	0.0005868999579734817
12.44	0.000583802416145159
12.450000000000001	0.000580723691838687
12.46	0.0005776636557609098
12.47	0.0005746221796097714
12.48	0.00057159913606593
12.49	0.0005685943987844569
12.5	0.0005656078423866
12.51	0.0005626393424516381
12.52	0.0005596887755087988
12.530000000000001	0.0005567560190292561
12.540000000000001	0.0005538409514181991
12.55	0.0005509434520069778
12.56	0.0005480634010453165
12.57	0.000545200679693602
12.58	0.0005423551700152415
12.59	0.0005395267549690884
12.6	0.0005367153184019439
12.61	0.000533920745041121
12.620000000000001	0.0005311429204870762
12.63	0.0005283817312061165
12.64	0.0005256370645231643
12.65	0.000522908808614592
12.66	0.0005201968525011232
12.67	0.0005175010860407962
12.68	0.0005148213999219931
12.69	0.0005121576856565326
12.700000000000001	0.0005095098355728237
12.71	0.0005068777428090843
12.72	0.0005042613013066194
12.73	0.0005016604058031602
12.74	0.0004990749518262661
12.75	0.0004965048356867846
12.76	0.0004939499544723698
12.77	0.0004914102060410586
12.780000000000001	0.0004888854890149117
12.790000000000001	0.00048637570277370245
12.8	0.0004838807474486708
12.81	0.0004814005239163245
12.82	0.0004789349337923106
12.83	0.00047648387942532546
12.84	0.00047404726389109074
12.85	0.00047162499098638174
12.86	0.0004692169652231034
12.870000000000001	0.000466823091822428
12.88	0.0004644432767089813
12.89	0.00046207742650507906
12.9	0.00045972544852501646
12.91	0.00045738725076941306
12.92	0.00045506274191960117
12.93	0.000452751831332069
12.94	0.00045045442903295113
12.950000000000001	0.00044815726894523574
12.96	0.0004458363150292933
12.97	0.0004435291573433752
12.98	0.0004412357033374879
12.99	0.0004389558611531103
13.	0.0004366895396174991
13.01	0.0004344366482380484
13.02	0.0004321970971966958
13.030000000000001	0.0004299707973443852
13.040000000000001	0.00042775766019557363
13.05	0.00042555759792278915
13.06	0.0004233705233512377
13.07	0.00042119634995345953
13.08	0.0004190349918440316
13.09	0.00041688636377431654
13.1	0.00041475038112726275
13.11	0.00041262695991224293
13.120000000000001	0.00041051601675995013
13.13	0.00040841746891732755
13.14	0.00040633123424255283
13.15	0.0004042572312000594
13.16	0.0004021953788556089
13.17	0.0004001455968714007
13.18	0.00039810780550123107
13.19	0.00039608192558569224
13.200000000000001	0.0003940678785474124
13.21	0.0003920655863863425
13.22	0.000390074971675078
13.23	0.0003880959575542312
13.24	0.00038612846772783434
13.25	0.00038417242645879174
13.26	0.00038222775856436655
13.27	0.0003802943894117101
13.280000000000001	0.00037837224491342984
13.290000000000001	0.0003764612515231962
13.3	0.00037456133623138804
13.31	0.000372672426560777
13.32	0.0003707944505622488
13.33	0.0003689273368105631
13.34	0.00036707101440014954
13.35	0.0003652254129409418
13.36	0.00036339046255424626
13.370000000000001	0.00036156609386865115
13.38	0.0003597522380159634
13.39	0.0003579488266271909
13.4	0.00035615579182855176
13.41	0.00035437306623752393
13.42	0.00035260058295892327
13.43	0.00035083827558102444
13.44	0.0003490860781717057
13.450000000000001	0.0003473439252746363
13.46	0.00034561175190548976
13.47	0.00034388949354819363
13.48	0.000342177086151213
13.49	0.00034047446612386266
13.5	0.000338781570332654
13.51	0.00033709833609767224
13.52	0.0003354247011889855
13.530000000000001	0.0003337606038230858
13.540000000000001	0.000332105982659358
13.55	0.00033046077679658314
13.56	0.00032882492576946746
13.57	0.0003271983695452067
13.58	0.00032558104852007546
13.59	0.00032397290351604676
13.6	0.00032237387577744377
13.61	0.00032078390696761667
13.620000000000001	0.00031920293916564855
13.63	0.0003176309148630929
13.64	0.00031606777696073464
13.65	0.0003145134687653826
13.66	0.0003129679339866856
13.67	0.00031143111673397994
13.68	0.0003099029615131623
13.69	0.00030838341322358726
13.700000000000001	0.0003068724171549941
13.71	0.000305369918984458
13.72	0.00030387586477337037
13.73	0.00030239020096443973
13.74	0.0003009128743787223
13.75	0.00029944383221267696
13.76	0.00029798302203524395
13.77	0.0002965303917849502
13.780000000000001	0.0002950858897670378
13.790000000000001	0.0002936494646506165
13.8	0.00029222106546584456
13.81	0.0002908006416011257
13.82	0.0002893881428003377
13.83	0.0002879835191600788
13.84	0.00028658672112694155
13.85	0.0002851976994948059
13.86	0.000283816405402159
13.870000000000001	0.00028244279032943286
13.88	0.00028105757267943813
13.89	0.00027967033812979883
13.9	0.0002782909416339486
13.91	0.00027691933331470075
13.92	0.00027555546364778957
13.93	0.00027419928345912047
13.94	0.0002728507439220464
13.950000000000001	0.000271509796554664
13.96	0.000270176393217138
13.97	0.00026885048610904294
13.98	0.0002675320277667295
13.99	0.0002662209710607143
14.	0.00026491726919308984
14.01	0.0002636208756949576
14.02	0.0002623317444238833
14.030000000000001	0.00026104982956137035
14.040000000000001	0.0002597750856103602
14.05	0.0002585074673927478
14.06	0.00025724693004692205
14.07	0.0002559934290253262
14.08	0.0002547469200920379
14.09	0.00025350735932036956
14.1	0.00025227470309048853
14.11	0.00025104890808706076
14.120000000000001	0.00024982993129690827
14.13	0.0002486177300066929
14.14	0.0002474122618006115
14.15	0.0002462134845581192
14.16	0.0002450213564516662
14.17	0.0002438358359444532
14.18	0.00024265688178820937
14.19	0.00024148445302098475
14.200000000000001	0.0002403185089649646
14.21	0.00023915900922429835
14.22	0.00023800591368295184
14.23	0.0002368591825025698
14.24	0.0002357187761203644
14.25	0.00023458465524701575
14.26	0.0002334567808645919
14.27	0.00023233511422448452
14.280000000000001	0.0002312196168453655
14.290000000000001	0.0002301102505111559
14.3	0.00022900697726901457
14.31	0.00022790975942734218
14.32	0.00022681855955380297
14.33	0.00022573334047336073
14.34	0.00022465406526633454
14.35	0.0002235806972664654
14.36	0.00022251320005900477
14.370000000000001	0.00022145153747881434
14.38	0.00022039567360848268
14.39	0.00021934557277645834
14.4	0.00021830119955519817
14.41	0.00021726251875932943
14.42	0.00021622949544382805
14.43	0.00021520209490221242
14.44	0.00021418028266475105
14.450000000000001	0.00021316402449668399
14.46	0.0002121532863964623
14.47	0.00021114803459399778
14.48	0.00021014823554892982
14.49	0.00020915385594890445
14.5	0.00020816486270787012
14.51	0.0002071812229643845
14.52	0.00020620290407993692
14.530000000000001	0.00020522987363728317
14.540000000000001	0.0002042620994387963
14.55	0.00020329954950482648
14.56	0.0002023421920720801
14.57	0.00020138999559200606
14.58	0.00020044292872919986
14.59	0.00019950096035981752
14.6	0.00019856405957000437
14.61	0.00019763219565433485
14.620000000000001	0.0001967053381142677
14.63	0.00019578345665661022
14.64	0.00019486652119199638
14.65	0.0001939545018333791
14.66	0.00019304736889453185
14.67	0.0001921450928885639
14.68	0.00019124764452644718
14.69	0.00019035499471555458
14.700000000000001	0.0001894671145582124
14.71	0.00018858397535025996
14.72	0.00018770554857962428
14.73	0.00018683180592490744
14.74	0.00018596271925397956
14.75	0.00018509826062259026
14.76	0.00018423840227298454
14.77	0.00018338311663253625
14.780000000000001	0.00018253237631238613
14.790000000000001	0.00018168615410609634
14.8	0.00018084442298831039
14.81	0.00018000715611343098
14.82	0.0001791743268142994
14.83	0.00017834590860089328
14.84	0.00017752187515903043
14.85	0.00017670220034908505
14.86	0.00017588685820471182
14.870000000000001	0.0001750810675860572
14.88	0.00017428615593460649
14.89	0.0001734953837829459
14.9	0.00017270872681627322
14.91	0.00017192616087878957
14.92	0.0001711476619725515
14.93	0.0001703732062563377
14.94	0.0001696027700445173
14.950000000000001	0.00016883632980593534
14.96	0.00016807386216279979
14.97	0.0001673153438895831
14.98	0.00016656075191192704
14.99	0.00016581006330556062
15.	0.0001650632552952238
15.01	0.00016432030525360134
15.02	0.0001635811907002627
15.030000000000001	0.00016284588930061303
15.040000000000001	0.00016211437886485023
15.05	0.00016138663734693067
15.06	0.00016066264284354372
15.07	0.00015994237359309344
15.08	0.0001592258079746888
15.09	0.00015851292450714093
15.1	0.00015780370184796894
15.11	0.00015709811879241356
15.120000000000001	0.00015639615427245768
15.13	0.00015569778735585494
15.14	0.0001550029972451663
15.15	0.00015431176327680268
15.16	0.00015362406492007752
15.17	0.00015293988177626303
15.18	0.00015225919357765764
15.19	0.00015158198018665802
15.200000000000001	0.00015090822159483937
15.21	0.00015023789792204187
15.22	0.00014957098941546605
15.23	0.0001489074764487727
15.24	0.00014824733952119244
15.25	0.00014759055925663817
15.26	0.00014693711640283044
15.27	0.00014628699183042237
15.280000000000001	0.00014564016653213722
15.290000000000001	0.00014499662162190875
15.3	0.00014435633833403226
15.31	0.00014371929802231527
15.32	0.00014308548215924373
15.33	0.0001424548723351455
15.34	0.0001418274502573689
15.35	0.00014120319774945956
15.36	0.00014058209675034977
15.370000000000001	0.00013996412931354998
15.38	0.00013934927760634968
15.39	0.00013873752390902044
15.4	0.00013812885061402974
15.41	0.0001375232402252563
15.42	0.00013692067535721575
15.43	0.0001363211387342872
15.44	0.00013572461318995068
15.450000000000001	0.00013513108166602667
15.46	0.0001345405272119242
15.47	0.00013395293298389113
15.48	0.00013336828224427513
15.49	0.0001327865583607847
15.5	0.00013220774480576065
15.51	0.00013163182515544934
15.52	0.00013105878308928442
15.530000000000001	0.0001304886023891711
15.540000000000001	0.00012992126693877937
15.55	0.00012935676072283814
15.56	0.00012879506782643944
15.57	0.00012823617243434333
15.58	0.0001276800588302927
15.59	0.0001271267113963285
15.6	0.00012657611461211357
15.610000000000001	0.00012602825305426085
15.620000000000001	0.0001254831113956648
15.63	0.00012494067440484063
15.64	0.00012440092694526625
15.65	0.00012386385397473044
15.66	0.00012332944054468524
15.67	0.0001227976717996039
15.68	0.00012226853297634218
15.69	0.00012174200940350685
15.700000000000001	0.00012121808650082619
15.71	0.00012069674977852757
15.72	0.00012017798483671788
15.73	0.00011966177736476951
15.74	0.00011914811314071113
15.75	0.00011863697803062167
15.76	0.00011812835798803104
15.77	0.0001176222390533234
15.780000000000001	0.00011711860735314461
15.790000000000001	0.00011661744909981684
15.8	0.00011611875059075456
15.81	0.00011562249820788562
15.82	0.00011512867841707779
15.83	0.00011463727776756881
15.84	0.00011414828289139987
15.85	0.00011366168050285491
15.860000000000001	0.00011317745739790199
15.870000000000001	0.00011269560045364167
15.88	0.0001122160966277565
15.89	0.00011173893295796633
15.9	0.00011126409656148732
15.91	0.00011079157463449471
15.92	0.00011032135445158919
15.93	0.00010985464866255705
15.94	0.00010939898796689801
15.950000000000001	0.00010894550127813479
15.96	0.00010849417687057048
15.97	0.00010804500308904245
15.98	0.00010759796834845256
15.99	0.00010715306113330439
16.	0.00010671026999724009
16.01	0.00010626958356258359
16.02	0.00010583099051988526
16.03	0.00010539447962747141
16.04	0.00010496003971099519
16.05	0.00010452765966299222
16.06	0.00010409732844243937
16.07	0.0001036690350743152
16.080000000000002	0.00010324276864916614
16.09	0.00010281851832267275
16.1	0.00010239627331522229
16.11	0.00010197602291148128
16.12	0.00010155775645997387
16.13	0.00010114146337266077
16.14	0.00010072713312452409
16.15	0.00010031475525315178
16.16	0.00009990431935832774
16.17	0.00009949581510162362
16.18	0.00009908923220599449
16.19	0.00009868456045537542
16.2	0.00009828178969428393
16.21	0.00009788090982742165
16.22	0.00009748191081928357
16.23	0.00009708478269376408
16.240000000000002	0.00009668951553377211
16.25	0.00009629609948084377
16.26	0.00009590452473476137
16.27	0.00009551478155317273
16.28	0.00009512686025121518
16.29	0.00009474075120114058
16.3	0.00009435644483194434
16.31	0.00009397393162899575
16.32	0.00009359320213367218
16.330000000000002	0.00009321424694299511
16.34	0.00009283705670926942
16.35	0.00009246162213972394
16.36	0.0000920879339961563
16.37	0.00009171598309457883
16.38	0.00009134576030486808
16.39	0.00009097725655041564
16.4	0.00009061046280778256
16.41	0.00009024537010635558
16.42	0.00008988196952800608
16.43	0.00008952025220675087
16.44	0.00008916020932841642
16.45	0.00008880183213030468
16.46	0.00008844511190086081
16.47	0.00008809003997934455
16.48	0.00008773660775550342
16.490000000000002	0.00008738480666924707
16.5	0.00008703462821032543
16.51	0.0000866860639180091
16.52	0.00008633910538077026
16.53	0.00008599374423596791
16.54	0.00008564997216953402
16.55	0.00008530778091566255
16.56	0.00008496716225649992
16.57	0.00008462810802183879
16.580000000000002	0.00008429061008881231
16.59	0.0000839546603815929
16.6	0.00008362025087108981
16.61	0.00008328737357465282
16.62	0.00008295602055577404
16.63	0.00008262618392379524
16.64	0.00008229785583361402
16.65	0.00008197102848539528
16.66	0.00008164569412428177
16.67	0.00008132184504010845
16.68	0.00008099947356711874
16.69	0.00008067857208368129
16.7	0.00008035913301201076
16.71	0.00008004114881788917
16.72	0.00007972461201038924
16.73	0.00007940951514160053
16.740000000000002	0.00007909585080635644
16.75	0.00007878361164196395
16.76	0.00007847279032793456
16.77	0.0000781633795857175
16.78	0.00007785537217843443
16.79	0.00007754876091061696
16.8	0.00007724353862794428
16.81	0.00007693969821698414
16.82	0.00007663723260493479
16.830000000000002	0.00007633613475936921
16.84	0.00007603639768798057
16.85	0.00007573801443832984
16.86	0.00007544097809759472
16.87	0.00007514528179232129
16.88	0.00007485091868817567
16.89	0.00007455788198969936
16.9	0.00007426616494006445
16.91	0.00007397576082083204
16.92	0.00007368666295171098
16.93	0.00007339886469031938
16.94	0.00007311235943194699
16.95	0.00007282714060931958
16.96	0.00007254320169236489
16.97	0.00007226053618797995
16.98	0.00007197913763980039
16.990000000000002	0.00007169899962797098
17.	0.00007142011576891803
17.01	0.00007114247971512249
17.02	0.00007086608515489668
17.03	0.00007059092581215947
17.04	0.00007031699544621596
17.05	0.00007004428785153671
17.06	0.00006977279685753933
17.07	0.000069502496475354
17.080000000000002	0.0000692333217655402
17.09	0.00006896534617264514
17.1	0.0000686985636578888
17.11	0.00006843296821640799
17.12	0.00006816855387704696
17.13	0.00006790531470214819
17.14	0.00006764324478734525
17.150000000000002	0.00006738233826135661
17.16	0.00006712258928578185
17.17	0.00006686399205489728
17.18	0.00006660654079545535
17.19	0.00006635022976648339
17.2	0.00006609505325908534
17.21	0.00006584100559624316
17.22	0.00006558808113262123
17.23	0.00006533627425437046
17.240000000000002	0.00006508557937893551
17.25	0.00006483599095486153
17.26	0.00006458750346160336
17.27	0.00006434011140933549
17.28	0.00006409380933876408
17.29	0.00006384859182093849
17.3	0.00006360445345706629
17.31	0.00006336138887832774
17.32	0.00006311939274569276
17.330000000000002	0.00006287845974973797
17.34	0.00006263858461046616
17.35	0.00006239976207712577
17.36	0.0000621619869280328
17.37	0.00006192525397039273
17.38	0.00006168955804012438
17.39	0.00006145489400168514
17.400000000000002	0.00006122125674789604
17.41	0.00006098864119977008
17.42	0.00006075704230633939
17.43	0.000060526455044485826
17.44	0.00006029687441877055
17.45	0.00006006829546126638
17.46	0.00005984071323139026
17.47	0.000059614122815737874
17.48	0.00005938851932791768
17.490000000000002	0.000059163897908388005
17.5	0.000058940253724293435
17.51	0.00005871758196930415
17.52	0.00005849587786345424
17.53	0.000058275136652982983
17.54	0.00005805535361017554
17.55	0.00005783652403320674
17.56	0.00005761864324598314
17.57	0.00005740170659798894
17.580000000000002	0.00005718570946413088
17.59	0.000056970647244585265
17.6	0.000056756515364645406
17.61	0.00005654330927457061
17.62	0.000056331024449435586
17.63	0.0000561196563889812
17.64	0.000055909200617466266
17.650000000000002	0.00005569965268351991
17.66	0.000055491008159995447
17.67	0.00005528326264382477
17.68	0.00005507641175587394
17.69	0.00005487045114079958
17.7	0.00005466537646690629
17.71	0.00005446118342600528
17.72	0.000054257867733273
17.73	0.000054055425127112
17.740000000000002	0.000053853851369011606
17.75	0.0000536531422434101
17.76	0.000053453293557557635
17.77	0.00005325430114137998
17.78	0.00005305616084734325
17.79	0.000052858868550319646
17.8	0.00005266242014745342
17.81	0.000052466811558028864
17.82	0.00005227203872333807
17.830000000000002	0.00005207809760655008
17.84	0.00005188498419258075
17.85	0.00005169269448796366
17.86	0.00005150122452072159
17.87	0.00005131057034023868
17.88	0.00005112072801713449
17.89	0.00005093169364313693
17.900000000000002	0.00005074346333095818
17.91	0.00005055603321416966
17.92	0.000050369399447079165
17.93	0.00005018355820460753
17.94	0.00004999850568216716
17.95	0.00004981423809554085
17.96	0.00004963075168076143
17.97	0.000049448042693992
17.98	0.000049266107411407573
17.990000000000002	0.00004908494212907659
18.	0.00004890454316284419
18.01	0.0000487249068482151
18.02	0.00004854602954023854
18.03	0.00004836790761339253
18.04	0.00004819053746147039
18.05	0.00004801391549746651
18.06	0.00004783803815346395
18.07	0.00004766290188052237
18.080000000000002	0.00004748850314856645
18.09	0.000047314838446275456
18.1	0.0000471419042809732
18.11	0.00004696969717851888
18.12	0.00004679821368319855
18.13	0.00004662745035761724
18.14	0.00004645740378259188
18.150000000000002	0.000046288070557044604
18.16	0.00004611944729789768
18.17	0.000045951530639967264
18.18	0.000045784317235860154
18.19	0.00004561780375586917
18.2	0.000045451986887870655
18.21	0.00004528686333722139
18.22	0.00004512242982665763
18.23	0.000044958683096193046
18.240000000000002	0.0000447956199030191
18.25	0.00004463323702140442
18.26	0.00004447153124259619
18.27	0.0000443104993747212
18.28	0.0000441501382426879
18.29	0.00004398911456652701
18.3	0.00004382000387986991
18.31	0.00004365163517102348
18.32	0.000043484004781972025
18.330000000000002	0.000043317109074717234
18.34	0.00004315094443115682
18.35	0.00004298550725296587
18.36	0.000042820793961477265
18.37	0.00004265680099756401
18.38	0.000042493524821522214
18.39	0.00004233096191295403
18.400000000000002	0.000042169108770652427
18.41	0.00004200796191248601
18.42	0.000041847517875284866
18.43	0.000041687773214727186
18.44	0.00004152872450522619
18.45	0.00004137036833981861
18.46	0.00004121270133005309
18.47	0.000041055720105879866
18.48	0.00004089942131554062
18.490000000000002	0.000040743801625459825
18.5	0.00004058885772013599
18.51	0.000040434586302034096
18.52	0.000040280984091478595
18.53	0.00004012804782654727
18.54	0.000039975774262965193
18.55	0.00003982416017400039
18.56	0.00003967320235035906
18.57	0.0000395228976000824
18.580000000000002	0.000039373242748443394
18.59	0.00003922423463784497
18.6	0.000039075870127717865
18.61	0.00003892814609442034
18.62	0.000038781059431137515
18.63	0.00003863460704778186
18.64	0.00003848878587089401
18.650000000000002	0.000038343592843545084
18.66	0.0000381990249252381
18.67	0.00003805507909181168
18.68	0.00003791175233534295
18.69	0.00003776904166405235
18.7	0.00003762694410220793
18.71	0.000037485456690030896
18.72	0.00003734457648360183
18.73	0.00003720430055476688
18.740000000000002	0.00003706462599104553
18.75	0.00003692554989553774
18.76	0.00003678706938683308
18.77	0.00003664918159891904
18.78	0.00003651188368109117
18.79	0.0000363751727978627
18.8	0.00003623904612887573
18.81	0.00003610350086881222
18.82	0.000035968534227305946
18.830000000000002	0.00003583414342885503
18.84	0.00003570032571273474
18.85	0.00003556707833291105
18.86	0.00003543439855795501
18.87	0.00003530228367095686
18.88	0.00003517073096944186
18.89	0.000035039737765285314
18.900000000000002	0.00003490930138462953
18.91	0.00003477941916779991
18.92	0.00003465008846922298
18.93	0.00003452130665734357
18.94	0.00003439307111454369
18.95	0.000034265379237061044
18.96	0.00003413822843490877
18.97	0.00003401161613179505
18.98	0.00003388553976504372
18.990000000000002	0.000033759996785515016
19.	0.0000336349846575273
19.01	0.000033510500858778594
19.02	0.00003338654288026931
19.03	0.00003326310822622493
19.04	0.000033140194414019576
19.05	0.00003301779897409971
19.06	0.00003289591944990871
19.07	0.00003277455339781143
19.080000000000002	0.00003265369838701979
19.09	0.0000325333519995182
19.1	0.00003241351182999031
19.11	0.00003229417548574519
19.12	0.00003217534058664476
19.13	0.00003205700476503142
19.14	0.00003193916566565623
19.150000000000002	0.000031821820945607005
19.16	0.00003170496827423792
19.17	0.000031588605333098435
19.18	0.000031472729815863416
19.19	0.000031357339428263353
19.2	0.00003124243188801511
19.21	0.00003112800492475325
19.22	0.00003101405627996134
19.23	0.00003090058370690435
19.240000000000002	0.00003078758497056079
19.25	0.00003067505784755582
19.26	0.00003056300012609453
19.27	0.000030451409605895538
19.28	0.000030340284098125095
19.29	0.00003022962142533203
19.3	0.000030119419421382046
19.31	0.000030009675931393678
19.32	0.00002990038881167369
19.330000000000002	0.000029791555929653454
19.34	0.00002968317516382533
19.35	0.000029575244403679685
19.36	0.00002946776154964229
19.37	0.000029360724513012058
19.38	0.000029254131215898964
19.39	0.000029147979591162815
19.400000000000002	0.000029042267582351985
19.41	0.000028936993143642736
19.42	0.00002883215423977875
19.43	0.00002872774884601128
19.44	0.000028623774948039452
19.45	0.000028520230541951115
19.46	0.000028417113634163774
19.47	0.000028314422241366238
19.48	0.0000282121543904603
19.490000000000002	0.000028110308118503287
19.5	0.00002800888147265016
19.51	0.000027907872510096754
19.52	0.000027807279298022813
19.53	0.000027707099913535915
19.54	0.00002760733244361508
19.55	0.00002750797498505534
19.56	0.000027409025644412163
19.57	0.000027310482537946775
19.580000000000002	0.00002721234379157106
19.59	0.00002711460754079355
19.6	0.000027014097142364037
19.61	0.000026907646674128338
19.62	0.000026801669629040033
19.63	0.000026696163661929207
19.64	0.000026591126440429392
19.650000000000002	0.000026486555644900818
19.66	0.000026382448968354867
19.67	0.000026278804116378438
19.68	0.000026175618807059324
19.69	0.000026072890770911507
19.7	0.000025970617750801495
19.71	0.000025868797501874608
19.72	0.000025767427791482294
19.73	0.000025666506399109252
19.740000000000002	0.0000255660311163018
19.75	0.000025465999746595962
19.76	0.000025366410105446504
19.77	0.00002526726002015624
19.78	0.000025168547329805874
19.79	0.000025070269885184136
19.8	0.000024972425548718616
19.81	0.000024875012194406785
19.82	0.000024778027707747638
19.830000000000002	0.000024681469985673717
19.84	0.000024585336936483467
19.85	0.00002448962647977418
19.86	0.00002439433654637554
19.87	0.000024299465078282915
19.88	0.00002420501002859194
19.89	0.000024110969361432725
19.900000000000002	0.0000240173410519054
19.91	0.00002392412308601492
19.92	0.000023831313460607256
19.93	0.00002373891018330566
19.94	0.00002364691127244721
19.95	0.00002355531475701976
19.96	0.00002346411867659964
19.97	0.000023373321081289345
19.98	0.000023282920031655883
19.990000000000002	0.000023192913598669292
20.	0.000023103299863641776
20.01	0.000023014076918167043
20.02	0.00002292524286406028
20.03	0.000022836795813298096
20.04	0.000022748733887959287
20.05	0.00002266105522016572
20.06	0.000022573757952023572
20.07	0.00002248684023556513
20.080000000000002	0.000022400300232690765
20.09	0.00002231413611511155
20.1	0.00002222834606429171
20.11	0.00002214292827139209
20.12	0.00002205788093721347
20.13	0.00002197320227214065
20.14	0.000021888890496086352
20.150000000000002	0.00002180494383843609
20.16	0.000021721360537992945
20.17	0.000021638138842922943
20.18	0.00002155527701070049
20.19	0.00002147277330805457
20.2	0.00002139062601091478
20.21	0.000021308833404358332
20.22	0.000021227393782556562
20.23	0.00002114630544872262
20.240000000000002	0.000021065566715058943
20.25	0.00002098517590270535
20.26	0.000020905131341687066
20.27	0.000020825431370863574
20.28	0.00002074607433787757
20.29	0.00002066705859910408
20.3	0.000020588382519600112
20.31	0.00002051004447305458
20.32	0.000020432042841738448
20.330000000000002	0.0000203543760164553
20.34	0.000020277042396492146
20.35	0.00002020004038957053
20.36	0.00002012336841179809
20.37	0.00002004702488762018
20.38	0.000019971008249771887
20.39	0.000019895316939230518
20.400000000000002	0.000019819949405168182
20.41	0.000019744904104904718
20.42	0.00001967017950386078
20.43	0.000019595774075511732
20.44	0.000019521686301341076
20.45	0.00001944791467079477
20.46	0.00001937445768123547
20.47	0.00001930131383789736
20.48	0.000019228481653840997
20.490000000000002	0.000019155959649908515
20.5	0.000019083746354679235
20.51	0.000019011840304425348
20.52	0.000018940240043068
20.53	0.000018868944122133652
20.54	0.0000187979511007107
20.55	0.000018727259545406203
20.56	0.000018656868030303224
20.57	0.00001858677513691805
20.580000000000002	0.00001851697945415794
20.59	0.000018447479578279048
20.6	0.00001837827411284463
20.61	0.000018309361668683358
20.62	0.000018240740863848224
20.63	0.000018172410323575303
20.64	0.000018104368680243085
20.650000000000002	0.000018036614573331846
20.66	0.00001796914664938349
20.67	0.000017901963561961262
20.68	0.000017835063971610247
20.69	0.00001776844654581752
20.7	0.00001770210995897315
20.71	0.000017636052892330837
20.72	0.000017570274033969266
20.73	0.00001750477207875344
20.740000000000002	0.000017439545728296354
20.75	0.000017374593690920854
20.76	0.000017309914681621795
20.77	0.00001724550742202831
20.78	0.000017181370640366506
20.79	0.000017117503071422118
20.8	0.00001705390345650366
20.81	0.000016990570543405616
20.82	0.000016927503086372033
20.830000000000002	0.000016864699846060034
20.84	0.000016802159589503985
20.85	0.00001673988109007938
20.86	0.00001667786312746747
20.87	0.00001661610448761965
20.88	0.00001655460396272236
20.89	0.000016493360351162046
20.900000000000002	0.00001643237245749044
20.91	0.000016371639092389988
20.92	0.0000163111590726394
20.93	0.000016250931221079698
20.94	0.000016190954366580063
20.95	0.00001613122734400433
20.96	0.00001607174899417723
20.97	0.00001601251816385126
20.98	0.00001595353370567349
20.990000000000002	0.00001589479447815263
21.	0.000015838648810658746
21.01	0.000015793554540730744
21.02	0.000015748610025416915
21.03	0.000015703814696504376
21.04	0.000015659167988204856
21.05	0.000015614669337143348
21.06	0.000015570318182346568
21.07	0.000015526113965231644
21.080000000000002	0.000015482056129594735
21.09	0.000015438144121599912
21.1	0.000015394377389767743
21.11	0.00001535075538496437
21.12	0.000015307277560390315
21.13	0.000015263943371569514
21.14	0.00001522075227633825
21.150000000000002	0.000015177703734834406
21.16	0.000015134797209486428
21.17	0.000015092032165002724
21.18	0.000015049408068360735
21.19	0.000015006924388796416
21.2	0.000014964580597793451
21.21	0.00001492237616907284
21.22	0.000014880310578582251
21.23	0.00001483838330448563
21.240000000000002	0.000014796593827152751
21.25	0.000014754941629148921
21.26	0.00001471342619522452
21.27	0.000014672047012304957
21.28	0.000014630803569480356
21.29	0.000014589695357995438
21.3	0.000014548721871239373
21.31	0.000014507882604735867
21.32	0.000014467177056133012
21.330000000000002	0.000014426604725193505
21.34	0.000014386165113784627
21.35	0.000014345857725868537
21.36	0.000014305682067492356
21.37	0.000014265637646778542
21.38	0.000014225723973915113
21.39	0.000014185940561146106
21.400000000000002	0.000014146286922761923
21.41	0.000014106762575089799
21.42	0.000014067367036484394
21.43	0.000014028099827318207
21.44	0.000013988960469972326
21.45	0.000013949948488827003
21.46	0.000013911063410252399
21.47	0.000013872304762599331
21.48	0.000013833672076190057
21.490000000000002	0.000013795164883309103
21.5	0.000013756782718194251
21.51	0.000013718525117027342
21.52	0.000013680391617925391
21.53	0.000013642381760931474
21.54	0.00001360449508800602
21.55	0.000013566731143017715
21.56	0.000013529089471734799
21.57	0.000013491569621816209
21.580000000000002	0.000013454171142802944
21.59	0.00001341689358610922
21.6	0.000013379736505013947
21.61	0.000013342699454652015
21.62	0.000013305781992005864
21.63	0.000013268983675896775
21.64	0.000013232304066976597
21.650000000000002	0.000013195742727719102
21.66	0.000013159299222411812
21.67	0.000013122973117147432
21.68	0.000013086763979815728
21.69	0.000013050671380095125
21.7	0.000013014694889444578
21.71	0.000012978834081095312
21.72	0.000012943088530042719
21.73	0.000012907457813038275
21.740000000000002	0.00001287194150858148
21.75	0.000012836539196911741
21.76	0.000012801250460000558
21.77	0.000012766074881543448
21.78	0.000012731012046952143
21.79	0.000012696061543346637
21.8	0.000012661222959547473
21.81	0.000012626495886067871
21.82	0.000012591879915106025
21.830000000000002	0.000012557374640537455
21.84	0.000012522979657907207
21.85	0.000012488694564422415
21.86	0.000012454518958944523
21.87	0.000012420452441981883
21.88	0.000012386494615682194
21.89	0.000012352645083824997
21.900000000000002	0.000012318903451814292
21.91	0.000012285269326671115
21.92	0.000012251742317026189
21.93	0.000012218322033112562
21.94	0.00001218500808675839
21.95	0.000012151800091379638
21.96	0.000012118697661972862
21.97	0.00001208570041510806
21.98	0.000012052807968921485
21.990000000000002	0.000012020019943108624
22.	0.000011987335958917026
22.01	0.0000119547556391393
22.02	0.000011922278608106155
22.03	0.0000118899044916794
22.04	0.00001185763291724501
22.05	0.000011825463513706237
22.06	0.0000117933959114767
22.07	0.0000117614297424737
22.080000000000002	0.000011729564640111245
22.09	0.000011697800239293396
22.1	0.000011666136176407522
22.11	0.000011634572089317616
22.12	0.000011603107617357555
22.13	0.000011571742401324628
22.14	0.000011540476083472758
22.150000000000002	0.000011509308307506115
22.16	0.000011478238718572447
22.17	0.000011447266963256666
22.18	0.00001141639268957431
22.19	0.000011385615546965245
22.2	0.000011354935186287088
22.21	0.000011324351259808961
22.22	0.000011293863421205144
22.23	0.000011263471325548677
22.240000000000002	0.000011233174629305186
22.25	0.000011202972990326627
22.26	0.00001117286606784498
22.27	0.000011142853522466186
22.28	0.00001111293501616393
22.29	0.000011083110212273485
22.3	0.000011053378775485727
22.31	0.000011023740371840974
22.32	0.000010994194668722977
22.330000000000002	0.000010964741334852952
22.34	0.000010935380040283576
22.35	0.000010906110456393039
22.36	0.000010876932255879148
22.37	0.000010847845112753427
22.38	0.00001081884870233529
22.39	0.000010789942701246152
22.400000000000002	0.000010761126787403661
22.41	0.000010732400640015997
22.42	0.00001070376393957599
22.43	0.000010675216367855504
22.44	0.000010646757607899744
22.45	0.000010659728909580947
22.46	0.000010870178516091115
22.47	0.000011084686457394032
22.48	0.0000113033291363228
22.490000000000002	0.000011526184359124051
22.5	0.000011753331360594444