0.01	21.49165658445806
0.02	35.48400679130612
0.03	42.371424044231404
0.04	45.90089395232512
0.05	47.65345721761604
0.06	48.25923120199251
0.07	48.226903243769705
0.08	47.789302427448625
0.09	47.10598515729095
0.1	46.286373916768
0.11	45.293545213911635
0.12	44.283816724944934
0.13	43.26007720086149
0.14	42.17254443533859
0.15	41.14096233839945
0.16	40.05910670800553
0.17	39.03918998741885
0.18	38.01102153839808
0.19	36.99812379247711
0.2	36.062153879370705
0.21	35.04470629476946
0.22	34.0991350433492
0.23	33.216489700638434
0.24	32.24935927488849
0.25	31.348183229576595
0.26	30.506085524859078
0.27	29.619714281651685
0.28	28.731799254089054
0.29	27.900286937833314
0.3	27.1198288595076
0.31	26.266651156678694
0.32	25.41886018202457
0.33	24.623281382362467
0.34	23.87525886353531
0.35000000000000003	23.141606919515926
0.36	22.35035007131083
0.37	21.60673522297153
0.38	20.906719315660677
0.39	20.2466969725108
0.4	19.622711340020917
0.41000000000000003	19.022422192126985
0.42	18.454308937320913
0.43	17.915940934323796
0.44	17.405122072300397
0.45	16.919863446357272
0.46	16.459280075217222
0.47000000000000003	16.02586728045336
0.48	15.612636612709919
0.49	15.218256563169733
0.5	14.8415082805644
0.51	14.481274022203674
0.52	14.136526987782679
0.53	13.799774509308731
0.54	13.46557309082269
0.55	13.14537757118252
0.56	12.83836203792805
0.5700000000000001	12.54376287885249
0.58	12.26087309219694
0.59	11.98903720387803
0.6	11.72764671797237
0.61	11.46630226142593
0.62	11.207232712467059
0.63	10.958022823891179
0.64	10.718149639452385
0.65	10.487125534999908
0.66	10.264495333768814
0.67	10.049833696611179
0.68	9.84274275731676
0.6900000000000001	9.642849976797505
0.7000000000000001	9.4417600866035
0.71	9.242399833694611
0.72	9.049949873176134
0.73	8.864079617658119
0.74	8.684478533926315
0.75	8.510854676105655
0.76	8.342933343941347
0.77	8.180455854044125
0.78	8.023178413266875
0.79	7.870871084542244
0.8	7.7201989422764346
0.81	7.567694421366766
0.8200000000000001	7.42001875689639
0.8300000000000001	7.276962920584254
0.84	7.138329304419495
0.85	7.003930970160432
0.86	6.87359095627775
0.87	6.74714163733753
0.88	6.624424131307386
0.89	6.505287750704209
0.9	6.389589493891118
0.91	6.277193573179005
0.92	6.164441056198259
0.93	6.051616202558363
0.9400000000000001	5.9420301576490235
0.9500000000000001	5.835556957188659
0.96	5.732076792300306
0.97	5.631475648587221
0.98	5.533644969825654
0.99	5.438481344364767
1.	5.3458862124896855
1.01	5.255765593153289
1.02	5.168029828618154
1.03	5.0825933456728505
1.04	4.999374432198327
1.05	4.918295027961284
1.06	4.83444762514215
1.07	4.752588780942278
1.08	4.672858284109586
1.09	4.595181850724558
1.1	4.519488438822949
1.11	4.445710079080257
1.12	4.373781715766398
1.1300000000000001	4.3036410572625385
1.1400000000000001	4.235228435486689
1.1500000000000001	4.168486673624498
1.16	4.103360961607444
1.17	4.039798738822563
1.18	3.977749583576182
1.19	3.9171651088694426
1.2	3.857998864075816
1.21	3.798808930980726
1.22	3.7389089040676984
1.23	3.680430878576603
1.24	3.6233299436021773
1.25	3.567562953286616
1.26	3.513088444043835
1.27	3.4598665562846076
1.28	3.4078589603646825
1.29	3.3570287864971915
1.3	3.3073405583883915
1.31	3.258760130372092
1.32	3.2112546278333403
1.33	3.16479239072587
1.34	3.1193429200008844
1.35	3.0748768267766904
1.36	3.0313657840899264
1.37	2.988782481079443
1.3800000000000001	2.9471005794634806
1.3900000000000001	2.90500372242331
1.4000000000000001	2.8626677975481303
1.41	2.821243628770611
1.42	2.780705321086114
1.43	2.7410278902311904
1.44	2.7021872245726226
1.45	2.6641600488421524
1.46	2.6269238896155724
1.47	2.5904570424409705
1.48	2.5547385405268193
1.49	2.5197481249059104
1.5	2.485466215996272
1.51	2.451873886484837
1.52	2.4189528354640912
1.53	2.3866853637560226
1.54	2.3550543503615087
1.55	2.3240432299769482
1.56	2.293635971523227
1.57	2.263817057635319
1.58	2.23457146506375
1.59	2.205862230500329
1.6	2.1759149296941414
1.61	2.1465570087211763
1.62	2.1177733147635855
1.6300000000000001	2.089549174820729
1.6400000000000001	2.061870377692888
1.6500000000000001	2.034723156746146
1.6600000000000001	2.0080941734201216
1.67	1.9819705014422602
1.68	1.956339611714428
1.69	1.931189357839369
1.7	1.906507962256344
1.71	1.882284002956906
1.72	1.8585064007533303
1.73	1.835164407073642
1.74	1.8122475922585746
1.75	1.789745834337086
1.76	1.7676493082582416
1.77	1.7459484755584636
1.78	1.724634074444205
1.79	1.703697110271107
1.8	1.683128846401709
1.81	1.6629207954246317
1.82	1.6430647107190577
1.83	1.6229441775607754
1.84	1.6024675354048004
1.85	1.5823581407480116
1.86	1.562607474950207
1.87	1.5432072613071697
1.8800000000000001	1.524149456933609
1.8900000000000001	1.5054262449597884
1.9000000000000001	1.487030027028151
1.9100000000000001	1.4689534160768813
1.92	1.4511892293980166
1.93	1.4337304819582877
1.94	1.4165703799714557
1.95	1.3997023147114298
1.96	1.383119856555974
1.97	1.3668167492512826
1.98	1.3507869043881688
1.99	1.3350243960810246
2.	1.3195234558411566
2.0100000000000002	1.3042784676364492
2.02	1.289283963129703
2.0300000000000002	1.274534617088349
2.04	1.260025242958555
2.05	1.2457507885970622
2.06	1.2317063321544093
2.07	1.2178870781034588
2.08	1.2042883534074267
2.09	1.1909056038218835
2.1	1.1773521708294885
2.11	1.163481280214717
2.12	1.149838238005173
2.13	1.1364182530437228
2.14	1.1232166567617274
2.15	1.1102288994887954
2.16	1.0974505468901385
2.17	1.0848772765265409
2.18	1.0725048745322032
2.19	1.0603292324058706
2.2	1.0483463439109173
2.21	1.0365523020801992
2.22	1.0249432963216762
2.23	1.0135156096209879
2.24	1.0022656158373149
2.25	0.9911897770890068
2.2600000000000002	0.9802846412256325
2.27	0.9695468393832094
2.2800000000000002	0.9589730836195328
2.29	0.9485601646266534
2.3000000000000003	0.9383049495176355
2.31	0.9282043796849033
2.32	0.9182554687275455
2.33	0.9084553004450726
2.34	0.8988010268952301
2.35	0.8892898665135531
2.36	0.8799191022924508
2.37	0.8706860800176877
2.38	0.8615882065602287
2.39	0.8526229482214828
2.4	0.8437878291300487
2.41	0.8348620026957502
2.42	0.8256873954764437
2.43	0.816650823672176
2.44	0.8077496551917263
2.45	0.7989813186355306
2.46	0.7903433016560294
2.47	0.7818331493687476
2.48	0.773448462812344
2.49	0.7651868974559293
2.5	0.7570461617520146
2.5100000000000002	0.7490240157335246
2.52	0.7411182696533652
2.5300000000000002	0.7333267826650888
2.54	0.7256474615432623
2.5500000000000003	0.7180782594421878
2.56	0.7106171746916891
2.57	0.7032622496287132
2.58	0.6960115694635459
2.59	0.6888632611794908
2.6	0.6818154924648945
2.61	0.6748664706764542
2.62	0.6680144418327697
2.63	0.6612576896371489
2.64	0.6545945345287066
2.65	0.6480233327608388
2.66	0.6415424755061835
2.67	0.6351503879871968
2.68	0.6288455286315411
2.69	0.622626388251474
2.7	0.6164914892464634
2.71	0.6104393848283113
2.72	0.6044686582680429
2.73	0.5985779221638957
2.74	0.5927658177297299
2.75	0.5870310141032208
2.7600000000000002	0.5813722076732162
2.77	0.575515356165846
2.7800000000000002	0.5696287142599856
2.79	0.5638230975225526
2.8000000000000003	0.5580971062575929
2.81	0.5524493698275421
2.82	0.546878545949379
2.83	0.541383320010262
2.84	0.5359624044020143
2.85	0.5306145378738938
2.86	0.5253384849030801
2.87	0.5201330350823201
2.88	0.514997002524229
2.89	0.509929225281717
2.9	0.5049285647840682
2.91	0.4999939052881798
2.92	0.4951241533445226
2.93	0.4903182372773629
2.94	0.4855751066788261
2.95	0.4808937319163861
2.96	0.4762731036533819
2.97	0.471712232382169
2.98	0.46721014796953964
2.99	0.46276589921404093
3.	0.4583785534148476
3.0100000000000002	0.4540471959518474
3.02	0.4497709298766132
3.0300000000000002	0.4455488755139401
3.04	0.441380170073649
3.0500000000000003	0.4372639672723518
3.06	0.4331994369648943
3.0700000000000003	0.42918576478520015
3.08	0.4252221517962419
3.09	0.4213078141488822
3.1	0.41744198274933203
3.11	0.41362390293498147
3.12	0.40985283415836093
3.13	0.4061280496790162
3.14	0.4024488362630584
3.15	0.39881449389018786
3.16	0.3952243354679748
3.17	0.3916776865531976
3.18	0.38799086238187075
3.19	0.3842984148228775
3.2	0.38065250021885977
3.21	0.37705238947369984
3.22	0.3734973671367322
3.23	0.3699867311060366
3.24	0.3665197923390748
3.25	0.36309587457047343
3.2600000000000002	0.359714314036744
3.27	0.35637445920775845
3.2800000000000002	0.3530756705247902
3.29	0.34981732014493994
3.3000000000000003	0.3465987916917749
3.31	0.3434194800120107
3.3200000000000003	0.34027879093806895
3.33	0.3371761410563575
3.34	0.33411095748111325
3.35	0.3310826776336594
3.36	0.3280907490269362
3.37	0.3251346290551538
3.38	0.3222137847884432
3.39	0.319327692772363
3.4	0.316475838832136
3.41	0.31365771788149166
3.42	0.3108728337359931
3.43	0.30812069893072713
3.44	0.30540083454224826
3.45	0.3027127700146608
3.46	0.3000560429897341
3.47	0.2974301991409453
3.48	0.2948347920113471
3.49	0.29226938285516196
3.5	0.2897335404830086
3.5100000000000002	0.28722684111066343
3.52	0.2847488682112711
3.5300000000000002	0.28229921237091243
3.54	0.2798774711474461
3.5500000000000003	0.27748324893253845
3.56	0.27511615681680673
3.5700000000000003	0.2727758124579866
3.58	0.2704618399520606
3.59	0.2681738697072612
3.6	0.2659115383208844
3.61	0.2636744884588418
3.62	0.26146236873787865
3.63	0.25927483361039905
3.64	0.2571115432518261
3.65	0.25486072779233826
3.66	0.25260459312618794
3.67	0.2503745051090042
3.68	0.24817009328957218
3.69	0.2459909934720888
3.7	0.24383684759396143
3.71	0.24170730360632148
3.72	0.2396020153571738
3.73	0.2375206424771274
3.74	0.23546285026763722
3.75	0.23342830959169683
3.7600000000000002	0.23141669676692314
3.77	0.22942769346097389
3.7800000000000002	0.22746098658924074
3.79	0.2255162682147614
3.8000000000000003	0.22359323545030027
3.81	0.22169159036254227
3.8200000000000003	0.2198110398783492
3.83	0.2179512956930302
3.84	0.21611207418057657
3.85	0.21429309630581486
3.86	0.21249408753843224
3.87	0.2107147777688282
3.88	0.20895490122575228
3.89	0.2072141963956813
3.9	0.2054924059438987
3.91	0.2037892766372331
3.92	0.20210455926842008
3.93	0.20043800858204455
3.94	0.19878938320203193
3.95	0.1971584455606477
3.96	0.19554496182897296
3.97	0.19394870184881974
3.98	0.19236943906605472
3.99	0.19080695046529678
4.	0.18926101650595764
4.01	0.18773142105959573
4.0200000000000005	0.18621795134855076
4.03	0.18472039788583156
4.04	0.18323855441622852
4.05	0.18177221785862105
4.0600000000000005	0.1803211882494558
4.07	0.1788852686873658
4.08	0.177464265278907
4.09	0.17605798708538675
4.1	0.17466624607075848
4.11	0.17328885705056002
4.12	0.1719256376418712
4.13	0.1705764082142689
4.14	0.16924099184175578
4.15	0.16791921425564305
4.16	0.16661090379836493
4.17	0.1653158913782038
4.18	0.16403401042490715
4.19	0.16269818279006407
4.2	0.16136178298595374
4.21	0.16003949941327547
4.22	0.15873114996311877
4.23	0.15743655529962675
4.24	0.15615553881134697
4.25	0.15488792656354838
4.26	0.1536335472514836
4.2700000000000005	0.1523922321545727
4.28	0.15116381509149124
4.29	0.1499481323761418
4.3	0.14874502277448762
4.3100000000000005	0.1475543274622329
4.32	0.14637588998332812
4.33	0.14520955620928452
4.34	0.14405517429927978
4.3500000000000005	0.14291259466103606
4.36	0.14178166991245672
4.37	0.1406622548440018
4.38	0.13955420638178953
4.39	0.13845738355140674
4.4	0.13737164744241276
4.41	0.1362968611735218
4.42	0.1352328898584519
4.43	0.1341796005724221
4.44	0.13313686231928684
4.45	0.13210454599929444
4.46	0.13108252437745416
4.47	0.13007067205250095
4.48	0.12906886542644447
4.49	0.1280769826746907
4.5	0.1270949037167229
4.51	0.1261225101873319
4.5200000000000005	0.12515968540838268
4.53	0.12420631436110775
4.54	0.12326228365891388
4.55	0.12232748152069493
4.5600000000000005	0.12140179774463704
4.57	0.12048512368250816
4.58	0.11957735221442074
4.59	0.11867837772405881
4.6000000000000005	0.11778809607435917
4.61	0.11690640458363762
4.62	0.11603320200215139
4.63	0.11516838848908872
4.64	0.11431186558997636
4.65	0.11346353621449781
4.66	0.11262330461471251
4.67	0.11179107636366914
4.68	0.11096675833440377
4.69	0.11015025867931653
4.7	0.1093414868099186
4.71	0.10854035337694101
4.72	0.1077467702508005
4.73	0.1069606505024125
4.74	0.10618190838434668
4.75	0.1054104593123165
4.76	0.10464621984699764
4.7700000000000005	0.10388910767616741
4.78	0.1031390415971595
4.79	0.10239594149962879
4.8	0.10165972834861751
4.8100000000000005	0.10088981920302416
4.82	0.10012103224119967
4.83	0.09935967865918126
4.84	0.0986056714163084
4.8500000000000005	0.09785892466798919
4.86	0.09711935374684488
4.87	0.09638687514418852
4.88	0.09566140649183236
4.89	0.094942866544218
4.9	0.09423117516086181
4.91	0.0935262532891102
4.92	0.0928280229471978
4.93	0.0921364072076048
4.94	0.09145133018070382
4.95	0.0907727169986945
4.96	0.09010049379981848
4.97	0.0894345877128482
4.98	0.08877492684184665
4.99	0.08812144025119154
5.	0.08747405795085773
5.01	0.08683271088195542
5.0200000000000005	0.08619733090251684
5.03	0.08556785077352835
5.04	0.0849442041452021
5.05	0.08432632554348284
5.0600000000000005	0.08371415035678674
5.07	0.08310761482296558
5.08	0.08250665601649353
5.09	0.08191121183587251
5.1000000000000005	0.0813212209912505
5.11	0.0807366229922502
5.12	0.08015735813600366
5.13	0.07958336749538861
5.14	0.0790145929074633
5.15	0.07845097696209517
5.16	0.07789246299078165
5.17	0.07733899505565667
5.18	0.07679051793868233
5.19	0.07624697713101973
5.2	0.07570831882257822
5.21	0.07517448989173688
5.22	0.07464543789523764
5.23	0.07412111105824527
5.24	0.07360145826457196
5.25	0.07308642904706265
5.26	0.07257597357813919
5.2700000000000005	0.07207004266049982
5.28	0.07156858771797105
5.29	0.0710715607865091
5.3	0.070578914505349
5.3100000000000005	0.0700906021082977
5.32	0.06960657741516886
5.33	0.06912679482335683
5.34	0.06865120929954757
5.3500000000000005	0.06817977637156349
5.36	0.06771245212034024
5.37	0.06724919317203269
5.38	0.06678995669024829
5.39	0.06633470036840508
5.4	0.06588338242221205
5.41	0.06543596158227061
5.42	0.06499239708679322
5.43	0.06455264867443923
5.44	0.06411667657726412
5.45	0.06368444151378098
5.46	0.06325590468213209
5.47	0.06283102775336882
5.48	0.06240977286483723
5.49	0.06199210261366852
5.5	0.06157798005037184
5.51	0.06116736867252779
5.5200000000000005	0.060741815767311295
5.53	0.06031325476441859
5.54	0.059888483551896354
5.55	0.059467461866108705
5.5600000000000005	0.05905014994264935
5.57	0.05863650850926913
5.58	0.0582264987789157
5.59	0.05782008244288395
5.6000000000000005	0.057417221664075535
5.61	0.05701787907036474
5.62	0.05662201774806935
5.63	0.05622960123552506
5.64	0.05584059351676049
5.65	0.05545495901527214
5.66	0.05507266258789698
5.67	0.05469366951878114
5.68	0.05431794551344307
5.69	0.05394545669292904
5.7	0.053576169588060406
5.71	0.053210051133770093
5.72	0.0528470686635268
5.73	0.05248718990384642
5.74	0.052130382968887834
5.75	0.05177661635513254
5.76	0.05142585893614629
5.7700000000000005	0.0510780799574216
5.78	0.05073324903129937
5.79	0.050391336131968445
5.8	0.05005231159054219
5.8100000000000005	0.04971614609020984
5.82	0.049382810661462634
5.83	0.04905227667739167
5.84	0.048724515849058646
5.8500000000000005	0.04839950022093595
5.86	0.04807720216641612
5.87	0.04775759438338983
5.88	0.04744064988989009
5.89	0.047126342019802446
5.9	0.046814644418639945
5.91	0.04650553103938155
5.92	0.04619897613837283
5.93	0.04589495427128849
5.94	0.04559344028915505
5.95	0.04529440933443315
5.96	0.044997836837158064
5.97	0.04470369851113784
5.98	0.04441197035020812
5.99	0.04412262862454197
6.	0.043835649877015055
6.01	0.04355101091962441
6.0200000000000005	0.04326868882995969
6.03	0.04298866094772686
6.04	0.042710904871323084
6.05	0.042435398454461676
6.0600000000000005	0.04216211980284655
6.07	0.04189104727089592
6.08	0.04162215945851307
6.09	0.041355435207905064
6.1000000000000005	0.041090853600447216
6.11	0.040828393953593604
6.12	0.04056803581783222
6.13	0.04030975897368429
6.140000000000001	0.04005354342874732
6.15	0.039799369414780454
6.16	0.0395472173848323
6.17	0.039297068010409844
6.18	0.03904890217868836
6.19	0.038802700989761144
6.2	0.03855844575392886
6.21	0.03831611798902762
6.22	0.03807569941779528
6.23	0.037837171965275265
6.24	0.03760051775625755
6.25	0.03736571911275592
6.26	0.03713275855152085
6.2700000000000005	0.03690161878158828
6.28	0.0366722827018623
6.29	0.03644473339873266
6.3	0.0362189541437255
6.3100000000000005	0.03599492839118746
6.32	0.03577263977600211
6.33	0.03555130287371883
6.34	0.035319327133468775
6.3500000000000005	0.03508922709050535
6.36	0.034860984660294074
6.37	0.03463458196070943
6.38	0.03441000130945647
6.390000000000001	0.03418722522152925
6.4	0.03396623640670548
6.41	0.033747017767076906
6.42	0.03352955239461491
6.43	0.03331382356877021
6.44	0.03309981475410711
6.45	0.03288750959797092
6.46	0.03267689192818838
6.47	0.03246794575080031
6.48	0.032260655247826876
6.49	0.032055004775063276
6.5	0.0318509788599072
6.51	0.03164856219921636
6.5200000000000005	0.03144773965719608
6.53	0.031248496263316397
6.54	0.03105081721025816
6.55	0.03085468785188802
6.5600000000000005	0.030660093701261226
6.57	0.030467020428652142
6.58	0.03027545385961274
6.59	0.030085379973057068
6.6000000000000005	0.02989678489937273
6.61	0.029709654918558464
6.62	0.02952397645838716
6.63	0.02933973609259418
6.640000000000001	0.02915692053909088
6.65	0.028975516658202166
6.66	0.02879551145092879
6.67	0.028616892057232682
6.68	0.02843964575434655
6.69	0.028263759955105754
6.7	0.028089222206303402
6.71	0.027916020187067743
6.72	0.027744141707261354
6.73	0.027573574705902236
6.74	0.027404307249606432
6.75	0.027236327531051242
6.76	0.02706962386745972
6.7700000000000005	0.02690418469910505
6.78	0.02673999858783567
6.79	0.0265770542156197
6.8	0.026415340383109047
6.8100000000000005	0.02625484600822298
6.82	0.02609556012475042
6.83	0.025937471880970862
6.84	0.02578057053829391
6.8500000000000005	0.025624845469916783
6.86	0.025470286159499797
6.87	0.02531688219985932
6.88	0.025164623291678095
6.890000000000001	0.025013499242232694
6.9	0.024863499964137826
6.91	0.024714615474107103
6.92	0.024566835891730275
6.93	0.024420151438266497
6.94	0.024274552435453536
6.95	0.024130029304332484
6.96	0.02398657256408811
6.97	0.023844172830904096
6.98	0.023702820816833458
6.99	0.02356250732868373
7.	0.02342322326691647
7.01	0.02328495962456135
7.0200000000000005	0.023147707486144205
7.03	0.023011458026629066
7.04	0.022876202510373783
7.05	0.022741932290099406
7.0600000000000005	0.0226086388058727
7.07	0.02247631358410179
7.08	0.022344948236544863
7.09	0.02221453445933161
7.1000000000000005	0.022085064031997184
7.11	0.021956528816528525
7.12	0.021828920756423075
7.13	0.021702231875759377
7.140000000000001	0.021576454278279717
7.15	0.02145158014648418
7.16	0.02132760174073671
7.17	0.02120451139838205
7.18	0.021082301532874333
7.19	0.02096096463291649
7.2	0.020840493261610554
7.21	0.020720880055618906
7.22	0.020602117724335983
7.23	0.020484199049070447
7.24	0.02036711688223769
7.25	0.020250864146562547
7.26	0.020135433834291953
7.2700000000000005	0.020018703460242007
7.28	0.019897552334363588
7.29	0.01977729919785658
7.3	0.019657936176550095
7.3100000000000005	0.019539455475971627
7.32	0.01942184938043276
7.33	0.01930511025212687
7.34	0.01918923053023794
7.3500000000000005	0.019074202730061305
7.36	0.018960019442135125
7.37	0.0188466733313833
7.38	0.01873415713626901
7.390000000000001	0.018622463667959235
7.4	0.018511585809499773
7.41	0.018401516515000674
7.42	0.018292248808832193
7.43	0.018183775784830596
7.44	0.01807609060551424
7.45	0.017969186501309534
7.46	0.017863056769786455
7.47	0.01775769477490383
7.48	0.01765309394626418
7.49	0.01754924777837759
7.5	0.01744614982993522
7.51	0.0173437937230915
7.5200000000000005	0.01724217314275567
7.53	0.01714128183589183
7.54	0.017041113610827857
7.55	0.016941662336573064
7.5600000000000005	0.016842921942144026
7.57	0.016744886415899038
7.58	0.016647549804880663
7.59	0.016550906214166532
7.6000000000000005	0.016454949806228084
7.61	0.016359674800297284
7.62	0.01626507547174105
7.63	0.016171146151443553
7.640000000000001	0.016077881225195923
7.65	0.015985275133093623
7.66	0.015893322368941042
7.67	0.01580201747966358
7.68	0.015711355064726627
7.69	0.015621329775562102
7.7	0.015531936315001478
7.71	0.015443169436716031
7.72	0.01535502394466391
7.73	0.015267494692543704
7.74	0.015180576583254913
7.75	0.015094264568364645
7.76	0.015008553647581191
7.7700000000000005	0.014923438868233538
7.78	0.014838915324757406
7.79	0.014754978158187515
7.8	0.01467162255565575
7.8100000000000005	0.014588843749895573
7.82	0.014506637018752369
7.83	0.0144249976846995
7.84	0.014343921114360347
7.8500000000000005	0.014263402718035995
7.86	0.014183437949238558
7.87	0.01410402230423007
7.88	0.014025151321566877
7.890000000000001	0.013946820581649585
7.9	0.013869025706278055
7.91	0.013791762358212011
7.92	0.013715026240736672
7.930000000000001	0.013638813097233606
7.94	0.013563118710756581
7.95	0.013487938903612544
7.96	0.013413269536947468
7.97	0.013339106510337088
7.98	0.013265445761382454
7.99	0.013192283265310314
8.	0.013119615034578052
8.01	0.013047437118483409
8.02	0.012975745602778664
8.03	0.012904536609289391
8.040000000000001	0.012833806295537617
8.05	0.012763550854369454
8.06	0.012693766513587047
8.07	0.01262444953558471
8.08	0.01255559621698949
8.09	0.012487202888305663
8.1	0.012419265913563607
8.11	0.01235178168997251
8.120000000000001	0.012284746647577307
8.13	0.012218157248919411
8.14	0.012152009988701418
8.15	0.012086301393455757
8.16	0.012021028021217017
8.17	0.011956186461198176
8.18	0.011891773333470447
8.19	0.011827785288646824
8.2	0.01176421900756932
8.21	0.011701071200999677
8.22	0.011638338609313709
8.23	0.01157601800219907
8.24	0.011514106178356458
8.25	0.011452599965204337
8.26	0.011391496218586887
8.27	0.011330791822485291
8.28	0.011270483688732388
8.290000000000001	0.011210568756730448
8.3	0.011151043993172276
8.31	0.011091906391765294
8.32	0.01103315297295887
8.33	0.010974780783674701
8.34	0.010916786897040263
8.35	0.010856807590244988
8.36	0.01079579254205156
8.370000000000001	0.010735192724269031
8.38	0.010675004820057779
8.39	0.010615225542985997
8.4	0.010555851636715144
8.41	0.010496879874688983
8.42	0.010438307059826284
8.43	0.010380130024216899
8.44	0.01032234562882156
8.45	0.01026495076317485
8.46	0.010207942345091755
8.47	0.010151317320377582
8.48	0.010095072662541034
8.49	0.01003920537251076
8.5	0.009983712478354936
8.51	0.009928591035004224
8.52	0.00987383812397775
8.53	0.00981945085311222
8.540000000000001	0.009765426356294182
8.55	0.00971176179319521
8.56	0.009658454349010177
8.57	0.009605501234198443
8.58	0.009552899684227973
8.59	0.00950064695932235
8.6	0.009448740344210577
8.61	0.00939717714787985
8.620000000000001	0.009345954703330885
8.63	0.009295070367336207
8.64	0.009244521520201015
8.65	0.009194305565526768
8.66	0.0091444199299774
8.67	0.009094862063048192
8.68	0.009045629436837158
8.69	0.008996719545819064
8.700000000000001	0.008948129906621824
8.71	0.008899858057805587
8.72	0.008851901559644054
8.73	0.008804257993908425
8.74	0.00875692496365356
8.75	0.008709900093006649
8.76	0.008663181026958192
8.77	0.008616765431155178
8.78	0.008570650991696703
8.790000000000001	0.00852483541493171
8.8	0.00847931642725909
8.81	0.008434091774929793
8.82	0.008389159223851335
8.83	0.008344516559394288
8.84	0.008300161586200906
8.85	0.008256092127995962
8.86	0.008212306027399517
8.870000000000001	0.00816880114574178
8.88	0.008125575362880071
8.89	0.008082626577017592
8.9	0.008039952704524426
8.91	0.007997551679760195
8.92	0.007955421454898907
8.93	0.007913559999755515
8.94	0.007871965301614466
8.950000000000001	0.007830635365060052
8.96	0.007789568211808592
8.97	0.007748761880542501
8.98	0.007708214426746022
8.99	0.007667923922542875
9.	0.007627888456535509
9.01	0.007588106133646199
9.02	0.007548575074959776
9.03	0.007509293417568109
9.040000000000001	0.007470259314416149
9.05	0.007431470934149782
9.06	0.007392926460965123
9.07	0.007354624094459581
9.08	0.0073165620494844
9.09	0.007278738555998847
9.1	0.007241151858925899
9.11	0.007203800218009507
9.120000000000001	0.007166681907673357
9.13	0.007129795216881111
9.14	0.00709313844899815
9.15	0.007056709921654824
9.16	0.007020507966611032
9.17	0.006984530929622376
9.18	0.006948777170307603
9.19	0.0069132450620175406
9.200000000000001	0.006877932991705327
9.21	0.006842839359798086
9.22	0.006807962580069904
9.23	0.006773301079516143
9.24	0.006738853298229088
9.25	0.00670461768927489
9.26	0.006670592718571786
9.27	0.006636776864769612
9.28	0.006603168619130548
9.290000000000001	0.006569766485411134
9.3	0.006536568979745501
9.31	0.00650357463052984
9.32	0.006470781978307989
9.33	0.0064381895756583435
9.34	0.006405795987081829
9.35	0.006373599788891076
9.36	0.006341599569100742
9.370000000000001	0.006309793927318964
9.38	0.006278181474639956
9.39	0.006246760833537633
9.4	0.006215530637760463
9.41	0.006184489532227269
9.42	0.006153636172924213
9.43	0.00612296922680274
9.44	0.006092487371678663
9.450000000000001	0.006062189296132192
9.46	0.0060320736994090825
9.47	0.006002139291322712
9.48	0.0059723847921571835
9.49	0.005942808932571469
9.5	0.005913410453504439
9.51	0.005884188106080948
9.52	0.005855140651518804
9.53	0.005826266861036735
9.540000000000001	0.005797565515763278
9.55	0.005769035406646555
9.56	0.005740675334365031
9.57	0.005712484109239106
9.58	0.005684452335655235
9.59	0.005654472876796758
9.6	0.005624682525878666
9.61	0.005595079894896652
9.620000000000001	0.005565663607463184
9.63	0.005536432298698421
9.64	0.005507384615122126
9.65	0.00547851921454678
9.66	0.005449834765971799
9.67	0.005421329949478857
9.68	0.0053930034561282475
9.69	0.005364853987856381
9.700000000000001	0.0053368802573743315
9.71	0.0053090809880673795
9.72	0.005281454913895675
9.73	0.005254000779295838
9.74	0.005226717339083687
9.75	0.005199603358357821
9.76	0.005172657612404357
9.77	0.005145878886602505
9.78	0.005119265976331219
9.790000000000001	0.005092817686876728
9.8	0.005066532833341069
9.81	0.005040410240551551
9.82	0.005014448742971076
9.83	0.004988647184609509
9.84	0.004963004418935795
9.85	0.004937519308791124
9.86	0.004912190726302874
9.870000000000001	0.004887017552799466
9.88	0.004861998678726089
9.89	0.004837133003561295
9.9	0.004812419435734384
9.91	0.004787856892543717
9.92	0.004763444300075759
9.93	0.0047391805931250065
9.94	0.004715064715114718
9.950000000000001	0.0046910956180184005
9.96	0.004667272262282137
9.97	0.0046435936167477055
9.98	0.004620058658576386
9.99	0.004596666373173653
10.	0.004573415754114526
10.01	0.00455030580306973
10.02	0.004527335529732559
10.03	0.004504503951746511
10.040000000000001	0.004481810094633598
10.05	0.004459252991723422
10.06	0.004436831684082929
10.07	0.0044145452204468584
10.08	0.004392392657148924
10.09	0.004370373058053634
10.1	0.004348485494488817
10.11	0.0043267290451788265
10.120000000000001	0.00430510279617836
10.13	0.004283605840807026
10.14	0.004262237279584435
10.15	0.004240996220166046
10.16	0.004219881777279586
10.17	0.004198893072662128
10.18	0.0041780292349977415
10.19	0.00415728939985584
10.200000000000001	0.00413667270963005
10.21	0.0041161783134777315
10.22	0.004095805367260088
10.23	0.004075553033482846
10.24	0.004055420481237537
10.25	0.004035406886143351
10.26	0.004015511430289543
10.27	0.003995733302178418
10.28	0.00397607169666888
10.290000000000001	0.0039565258149205145
10.3	0.003937094864338216
10.31	0.00391777805851739
10.32	0.003898574617189644
10.33	0.0038794837661690245
10.34	0.0038605047372987766
10.35	0.0038416367683986406
10.36	0.0038228791032126116
10.370000000000001	0.0038042309913572515
10.38	0.0037856916882704917
10.39	0.003767260455160896
10.4	0.0037489365589574736
10.41	0.0037307192722599155
10.42	0.0037126078732893555
10.43	0.0036946016458395915
10.44	0.0036766998792287595
10.450000000000001	0.003658901868251507
10.46	0.0036412069131315835
10.47	0.0036236143194749255
10.48	0.0036061233982231703
10.49	0.0035887334656076126
10.5	0.0035714438431036144
10.51	0.0035542538573854433
10.52	0.0035371628402815504
10.53	0.003520170128730245
10.540000000000001	0.003503275064735851
10.55	0.00348647699532521
10.56	0.003469775272504655
10.57	0.003453169253217362
10.58	0.003436658299301123
10.59	0.003420241777446505
10.6	0.00340391905915542
10.61	0.0033876895207000752
10.620000000000001	0.003371552543082325
10.63	0.0033555075119933854
10.64	0.0033395538177739665
10.65	0.00332369085537473
10.66	0.00330791802431717
10.67	0.0032922347286548316
10.68	0.0032766403769348934
10.69	0.0032611343821601275
10.700000000000001	0.003245716161751221
10.71	0.003230385137509415
10.72	0.0032151407355795417
10.73	0.003199982386413364
10.74	0.003184909524733297
10.75	0.0031699215894964382
10.76	0.003155018023858933
10.77	0.003140198275140727
10.78	0.003125461794790551
10.790000000000001	0.003110808038351337
10.8	0.0030962364654258602
10.81	0.003081746539642785
10.82	0.0030673377286229526
10.83	0.003053009503946036
10.84	0.003038761341117481
10.85	0.0030245927195357487
10.86	0.003010503122459879
10.870000000000001	0.0029964920369773313
10.88	0.0029825589539721475
10.89	0.002968703368093378
10.9	0.002954924777723839
10.91	0.0029412226849491185
10.92	0.002927596595526887
10.93	0.0029140460188564897
10.94	0.00290057046794882
10.950000000000001	0.0028871694593964616
10.96	0.0028738425133440987
10.97	0.0028605891534592234
10.98	0.0028474089069030796
10.99	0.002834301304301906
11.	0.002821183737988771
11.01	0.002807104951287698
11.02	0.0027931091090490166
11.03	0.002779195648006376
11.040000000000001	0.0027653640092242344
11.05	0.0027516136380606325
11.06	0.002737943984130402
11.07	0.0027243545012686637
11.08	0.002710844647494709
11.09	0.002697413884976202
11.1	0.002684061679993727
11.11	0.002670787502905676
11.120000000000001	0.0026575908281134502
11.13	0.002644471134027011
11.14	0.0026314279030307365
11.15	0.0026184606214496153
11.16	0.002605568779515734
11.17	0.002592751871335111
11.18	0.0025800093948548258
11.19	0.0025673408518304395
11.200000000000001	0.0025547457477937494
11.21	0.002542223592020835
11.22	0.0025297738975003856
11.23	0.0025173961809023485
11.24	0.0025050899625468576
11.25	0.0024928547663734535
11.26	0.0024806901199105826
11.27	0.0024685955542454005
11.28	0.00245657060399383
11.290000000000001	0.0024446148072709162
11.3	0.002432727705661443
11.31	0.00242090884419084
11.32	0.0024091577712963457
11.33	0.0023974740387984273
11.34	0.002385857201872494
11.35	0.0023743068190208477
11.36	0.0023628224520449016
11.370000000000001	0.0023514036660176414
11.38	0.0023400500292563783
11.39	0.002328761113295697
11.4	0.0023175364928607017
11.41	0.002306375745840486
11.42	0.002295278453261842
11.43	0.0022842441992632183
11.44	0.002273272571068914
11.450000000000001	0.0022623631589635293
11.46	0.002251515556266603
11.47	0.0022407293593075315
11.48	0.0022300041674006804
11.49	0.0022193395828207555
11.5	0.002208735210778361
11.51	0.0021981906593958153
11.52	0.0021877055396831674
11.53	0.002177279465514437
11.540000000000001	0.0021669120536040674
11.55	0.0021566029234835974
11.56	0.0021463516974785392
11.57	0.002136158000685466
11.58	0.0021260214609493157
11.59	0.002115941708840894
11.6	0.0021059183776345703
11.61	0.0020959511032862007
11.620000000000001	0.0020860395244112146
11.63	0.002076183282262944
11.64	0.0020663820207111
11.65	0.0020566353862204773
11.66	0.0020469430278298424
11.67	0.002037304597130999
11.68	0.0020277197482480532
11.69	0.0020181881378168723
11.700000000000001	0.002008709424964695
11.71	0.0019992832712899694
11.72	0.0019899093408423355
11.73	0.0019805873001028018
11.74	0.001971316817964096
11.75	0.001962097565711201
11.76	0.001952929217002039
11.77	0.001943811447848358
11.78	0.0019347439365967644
11.790000000000001	0.0019257263639099438
11.8	0.0019167584127480284
11.81	0.0019078397683501536
11.82	0.0018989701182161455
11.83	0.001890149152088417
11.84	0.0018813765619339726
11.85	0.0018726520419266063
11.86	0.0018639752884292617
11.870000000000001	0.0018553459999765063
11.88	0.001846763877257218
11.89	0.0018382286230973722
11.9	0.0018297399424430161
11.91	0.0018212975423433709
11.92	0.0018129011319341002
11.93	0.0018045504224207106
11.94	0.0017962451270621081
11.950000000000001	0.0017879849611542942
11.96	0.0017797696420142036
11.97	0.0017715988889636825
11.98	0.0017634724233136295
11.99	0.001755389968348223
12.	0.0017473512493093536
12.01	0.001739355993381131
12.02	0.001731403929674574
12.030000000000001	0.0017234947892123998
12.040000000000001	0.001715628304913963
12.05	0.0017078042115803247
12.06	0.0017000222458794427
12.07	0.0016922821463315066
12.08	0.0016845836532943781
12.09	0.0016769265089491769
12.1	0.0016693104572859795
12.11	0.0016617352440896518
12.120000000000001	0.0016542006169257915
12.13	0.0016467063251268078
12.14	0.001639252119778106
12.15	0.0016318377537043976
12.16	0.0016244629814561391
12.17	0.0016171275592960655
12.18	0.0016098312451858561
12.19	0.001602573798772916
12.200000000000001	0.0015953549813772575
12.21	0.0015881745559785062
12.22	0.0015810322872030222
12.23	0.0015739279413111097
12.24	0.0015668612861843602
12.25	0.0015598320913131
12.26	0.0015528401277839262
12.27	0.0015458851682673763
12.280000000000001	0.0015389669870056802
12.290000000000001	0.0015320853598006308
12.3	0.0015252400640015564
12.31	0.0015184308784933808
12.32	0.0015116575836848153
12.33	0.0015049199614966136
12.34	0.0014982177953499606
12.35	0.0014915508701549335
12.36	0.0014849189722990824
12.370000000000001	0.0014783218896360876
12.38	0.001471759411474529
12.39	0.0014652313285667446
12.4	0.0014587374330977784
12.41	0.0014522775186744307
12.42	0.001445851380314392
12.43	0.0014394588144354809
12.44	0.001433099618844953
12.450000000000001	0.0014267735927289207
12.46	0.0014204805366418523
12.47	0.0014142202524961558
12.48	0.0014079925435518587
12.49	0.0014017972144063666
12.5	0.0013956340709843143
12.51	0.0013895029205274973
12.52	0.0013834035715848912
12.530000000000001	0.00137733583400275
12.540000000000001	0.0013712995189147956
12.55	0.0013652944387324748
12.56	0.0013593204071353142
12.57	0.0013533772390613475
12.58	0.0013474647506976159
12.59	0.0013415827594707645
12.6	0.001335731084037698
12.61	0.001329909544276333
12.620000000000001	0.0013241179612764067
12.63	0.0013182921916327153
12.64	0.0013120074075233259
12.65	0.00130575751997191
12.66	0.0012995423078568772
12.67	0.0012933615516308417
12.68	0.0012872150333081876
12.69	0.0012811025364527365
12.700000000000001	0.001275023846165537
12.71	0.0012689787490727286
12.72	0.0012629670333135484
12.73	0.0012569884885284119
12.74	0.001251042905847115
12.75	0.0012451300778771302
12.76	0.0012392497986919995
12.77	0.0012334018638198423
12.780000000000001	0.0012275860702319456
12.790000000000001	0.0012218022163314603
12.8	0.0012160501019422
12.81	0.0012103295282975249
12.82	0.0012046402980293298
12.83	0.0011989822151571225
12.84	0.0011933550850771987
12.85	0.0011877587145519015
12.86	0.0011821929116989896
12.870000000000001	0.0011766574859810794
12.88	0.001171152248195189
12.89	0.00116567701046236
12.9	0.0011602315862173837
12.91	0.0011548157901985984
12.92	0.001149429438437786
12.93	0.0011440723482501508
12.94	0.0011387443382243757
12.950000000000001	0.0011334452282127838
12.96	0.0011281748393215545
12.97	0.0011229329939010492
12.98	0.001117719515536204
12.99	0.0011125342290370082
13.	0.001107376960429064
13.01	0.0011022475369442263
13.02	0.0010971457870113204
13.030000000000001	0.0010920715402469342
13.040000000000001	0.0010870246274463037
13.05	0.0010820048805742484
13.06	0.001077012132756216
13.07	0.0010720462182693747
13.08	0.0010671069725337937
13.09	0.001062194232103699
13.1	0.0010573078346587965
13.11	0.0010524476189956707
13.120000000000001	0.0010476134250192604
13.13	0.0010428050937343943
13.14	0.0010380224672374126
13.15	0.001033265388707843
13.16	0.0010285337024001637
13.17	0.0010238272536356172
13.18	0.0010191458887941058
13.19	0.0010144894553061482
13.200000000000001	0.0010098578016449068
13.21	0.001005250777318282
13.22	0.0010006682328610654
13.23	0.0009961100198271672
13.24	0.0009915759907819014
13.25	0.0009870659992943418
13.26	0.0009825798999297342
13.27	0.0009781175482419789
13.280000000000001	0.0009736788007661674
13.290000000000001	0.00096926351501119
13.3	0.0009648715494523972
13.31	0.0009605027635243272
13.32	0.0009561570176134865
13.33	0.0009518341730512005
13.34	0.0009475340921065138
13.35	0.0009432566379791534
13.36	0.0009390016747925511
13.370000000000001	0.0009347690675869168
13.38	0.0009305586823123821
13.39	0.0009263703858221791
13.4	0.0009222040458659014
13.41	0.0009180595310827984
13.42	0.0009139367109951363
13.43	0.0009098354560016099
13.44	0.0009057556373708096
13.450000000000001	0.000901697127234738
13.46	0.0008976597985823915
13.47	0.0008936435252533755
13.48	0.0008896481819315893
13.49	0.0008856736441389529
13.5	0.0008817197882291847
13.51	0.0008777864913816411
13.52	0.0008738736315951856
13.530000000000001	0.0008699810876821321
13.540000000000001	0.0008661087392622182
13.55	0.0008622564667566364
13.56	0.0008584241513821164
13.57	0.0008546116751450447
13.58	0.0008508189208356409
13.59	0.0008470457720221817
13.6	0.0008432921130452654
13.61	0.0008395578290121279
13.620000000000001	0.0008358428057910002
13.63	0.0008321469300055209
13.64	0.0008284700890291807
13.65	0.0008248121709798184
13.66	0.0008211730647141681
13.67	0.000817552659822433
13.68	0.0008139508466229239
13.69	0.0008103675161567215
13.700000000000001	0.0008068025601823986
13.71	0.0008032558711707681
13.72	0.0007997273422996881
13.73	0.0007962168674488987
13.74	0.0007927243411949053
13.75	0.0007892496588058996
13.76	0.0007857927162367267
13.77	0.000782353410123884
13.780000000000001	0.0007789316377805667
13.790000000000001	0.0007755272971917527
13.8	0.0007721402870093238
13.81	0.0007687705065472239
13.82	0.0007654178557766649
13.83	0.0007620822353213618
13.84	0.0007587635464528075
13.85	0.0007554616910855875
13.86	0.0007521765717727331
13.870000000000001	0.000748908091701106
13.88	0.0007456561546868241
13.89	0.000742420665170721
13.9	0.0007392015282138476
13.91	0.0007359986494929977
13.92	0.0007328119352962804
13.93	0.00072964129251872
13.94	0.0007264866286578963
13.950000000000001	0.0007233478518096151
13.96	0.0007202248706636138
13.97	0.0007171175944993052
13.98	0.0007140259331815454
13.99	0.0007109497971564438
14.	0.0007078890974472046
14.01	0.0007048437456499957
14.02	0.0007018136539298571
14.030000000000001	0.0006987987350166354
14.040000000000001	0.0006957989022009569
14.05	0.0006928140693302232
14.06	0.0006898441508046469
14.07	0.0006868890615733124
14.08	0.0006839487171302729
14.09	0.0006810230335106723
14.1	0.0006781119272868993
14.11	0.0006752153155647762
14.120000000000001	0.0006723331159797701
14.13	0.0006694652466932364
14.14	0.0006666116263886949
14.15	0.0006637721742681309
14.16	0.0006609468100483244
14.17	0.0006581354539572159
14.18	0.0006553380267302866
14.19	0.0006525544496069773
14.200000000000001	0.0006497846443271366
14.21	0.0006470285331274857
14.22	0.0006442860387381212
14.23	0.0006415570843790378
14.24	0.000638841593756687
14.25	0.0006361394910605494
14.26	0.0006334507009597431
14.27	0.0006307751485996587
14.280000000000001	0.0006281127595986137
14.290000000000001	0.0006254634600445376
14.3	0.0006228271764916795
14.31	0.0006202038359573477
14.32	0.0006175933659186644
14.33	0.0006149956943093495
14.34	0.0006124107495165377
14.35	0.0006098384603776033
14.36	0.0006072787561770257
14.370000000000001	0.0006047315666432644
14.38	0.000602196821945674
14.39	0.0005996744526914282
14.4	0.0005971643899224697
14.41	0.0005946665651124979
14.42	0.0005921809101639585
14.43	0.0005897073574050722
14.44	0.0005872458395868745
14.450000000000001	0.000584796289880291
14.46	0.0005823586418732218
14.47	0.0005799328295676554
14.48	0.0005775187873768039
14.49	0.000575116450122259
14.5	0.0005727233422877768
14.51	0.000570174650655632
14.52	0.0005676390452203959
14.530000000000001	0.0005651164498480758
14.540000000000001	0.0005626067888995815
14.55	0.0005601099872271626
14.56	0.0005576259701708878
14.57	0.0005551546635551443
14.58	0.0005526959936851657
14.59	0.0005502498873435912
14.6	0.0005478162717870447
14.61	0.0005453950747427479
14.620000000000001	0.0005429862244051536
14.63	0.0005405896494326129
14.64	0.000538205278944058
14.65	0.0005358330425157237
14.66	0.0005334728701778813
14.67	0.000531124692411607
14.68	0.000528788440145576
14.69	0.0005264640447528724
14.700000000000001	0.0005241514380478359
14.71	0.0005218505522829211
14.72	0.0005195613201455947
14.73	0.0005172836747552426
14.74	0.00051501754966011
14.75	0.0005127628788342659
14.76	0.0005105195966745845
14.77	0.0005082876379977555
14.780000000000001	0.0005060669380373156
14.790000000000001	0.0005038574324407046
14.8	0.0005016590572663389
14.81	0.0004994717489807176
14.82	0.0004972954444555392
14.83	0.0004951300809648506
14.84	0.0004929755961822109
14.85	0.0004908319281778811
14.86	0.0004886990154160367
14.870000000000001	0.00048657679675199436
14.88	0.0004844652114294698
14.89	0.0004823641990778494
14.9	0.0004802736997094852
14.91	0.0004781936537170123
14.92	0.00047612400187068413
14.93	0.00047406468531573055
14.94	0.0004720156455697309
14.950000000000001	0.00046997682452001833
14.96	0.0004679481644210914
14.97	0.0004659296078920521
14.98	0.00046392109791406277
14.99	0.0004619225778278245
15.	0.0004599339913310658
15.01	0.0004579552824760636
15.02	0.00045598639566717445
15.030000000000001	0.00045402727565838357
15.040000000000001	0.0004520778675508795
15.05	0.0004501381167906407
15.06	0.00044820796916604554
15.07	0.0004462873708054936
15.08	0.0004443762681750537
15.09	0.00044247460807612357
15.1	0.0004405823376431096
15.11	0.000438699404341122
15.120000000000001	0.0004368257559636917
15.13	0.0004349613406305004
15.14	0.0004331061067851293
15.15	0.00043126000319282517
15.16	0.0004294229789382832
15.17	0.00042759498342344587
15.18	0.0004257759663653188
15.19	0.00042396587779380465
15.200000000000001	0.0004221646680495493
15.21	0.0004203722877818087
15.22	0.00041858868794632996
15.23	0.00041681381980324654
15.24	0.0004150476349149934
15.25	0.0004132900851442326
15.26	0.00041154112265179944
15.27	0.00040980069989466115
15.280000000000001	0.00040806876962389124
15.290000000000001	0.00040634528488265974
15.3	0.0004046301990042384
15.31	0.00040292346561001866
15.32	0.000401225038607547
15.33	0.000399534872188578
15.34	0.00039785292082713
15.35	0.00039617913927757155
15.36	0.00039451348257270926
15.370000000000001	0.00039285590602189597
15.38	0.0003912063652091519
15.39	0.00038956481599129787
15.4	0.0003879312144961076
15.41	0.00038630551712046557
15.42	0.0003846876805285454
15.43	0.0003830776616500011
15.44	0.0003814754176781684
15.450000000000001	0.00037988090606827887
15.46	0.0003782940845356943
15.47	0.0003767149110541471
15.48	0.0003751433438539937
15.49	0.00037357934142048696
15.5	0.00037202286249205603
15.51	0.0003704738660585998
15.52	0.0003689323113597936
15.530000000000001	0.0003673981578834101
15.540000000000001	0.00036585996308480804
15.55	0.0003643041823206701
15.56	0.0003627560111577612
15.57	0.000361215407521506
15.58	0.0003596823295967726
15.59	0.00035815673582610853
15.6	0.00035663858490798825
15.610000000000001	0.0003551278357950756
15.620000000000001	0.0003536244476924966
15.63	0.00035212838005612795
15.64	0.00035063959259089495
15.65	0.00034915804524908466
15.66	0.0003476836982286713
15.67	0.000346216511971652
15.68	0.00034475644716239835
15.69	0.00034330346472601536
15.700000000000001	0.00034185752582671896
15.71	0.0003404185918662178
15.72	0.00033898662448211375
15.73	0.00033756158554631033
15.74	0.00033614343716343567
15.75	0.0003347321416692714
15.76	0.00033332766162920207
15.77	0.00033192995983666817
15.780000000000001	0.000330538999311634
15.790000000000001	0.00032915474329906614
15.8	0.000327777155267423
15.81	0.00032640619890715654
15.82	0.0003250418381292224
15.83	0.0003236840370636041
15.84	0.0003223327600578465
15.85	0.0003209879716755982
15.860000000000001	0.0003196496366951692
15.870000000000001	0.0003183177201080936
15.88	0.00031699218711770804
15.89	0.0003156730031377363
15.9	0.0003143601337908867
15.91	0.0003130535449074592
15.92	0.00031175320252396175
15.93	0.00031045907288173793
15.94	0.00030917112242560347
15.950000000000001	0.0003078893178024945
15.96	0.00030661362586012367
15.97	0.0003053440136456455
15.98	0.0003040804484043362
15.99	0.00030282289757827566
16.	0.0003015713288050454
16.01	0.00030032570991643233
16.02	0.0002990860089371438
16.03	0.00029785219408353004
16.04	0.0002966242337623192
16.05	0.0002954020965693565
16.06	0.0002941857512883574
16.07	0.00029297516688966724
16.080000000000002	0.0002917703125290292
16.09	0.000290571157546364
16.1	0.00028937767146455486
16.11	0.00028818982398824537
16.12	0.0002870075850026409
16.13	0.0002858309245723223
16.14	0.0002846598129400681
16.15	0.00028349422052568383
16.16	0.0002823341179248391
16.17	0.00028117947590791534
16.18	0.0002800302654188609
16.19	0.00027888645757405216
16.2	0.0002777480236611669
16.21	0.00027661493513806096
16.22	0.00027548716363165834
16.23	0.00027436468093684427
16.240000000000002	0.0002732474590153685
16.25	0.0002721354699947578
16.26	0.0002710286861672326
16.27	0.00026992707998863425
16.28	0.0002688306240773599
16.29	0.00026773929121330186
16.3	0.0002666530543367999
16.31	0.0002655718865475948
16.32	0.00026449576110379485
16.330000000000002	0.00026342465142084555
16.34	0.0002623585310705098
16.35	0.000261297373779852
16.36	0.00026024115343023377
16.37	0.0002591898440563114
16.38	0.0002581434198450458
16.39	0.0002571018551347155
16.4	0.0002560651244139381
16.41	0.00025503320232069904
16.42	0.0002540060636413863
16.43	0.0002529836833098333
16.44	0.00025196603640636626
16.45	0.00025095309815686094
16.46	0.00024994484393180453
16.47	0.00024894124924536325
16.48	0.00024794228975445965
16.490000000000002	0.00024694794125785174
16.5	0.00024595817969522474
16.51	0.0002449729811462819
16.52	0.00024399232182984896
16.53	0.00024301617810297866
16.54	0.0002420445264600674
16.55	0.00024107734353197101
16.56	0.000240114606085135
16.57	0.00023915629102072341
16.580000000000002	0.0002382023753737588
16.59	0.0002372528363122663
16.6	0.0002363076511364226
16.61	0.00023536679727771337
16.62	0.00023443025229809492
16.63	0.00023349799388916202
16.64	0.00023256999987132068
16.65	0.00023164543968430564
16.66	0.0002307217513049527
16.67	0.00022980229709860232
16.68	0.0002288870551333181
16.69	0.00022797600360381637
16.7	0.00022706912083065946
16.71	0.00022616638525945406
16.72	0.00022526777546005543
16.73	0.00022437327012577997
16.740000000000002	0.00022348284807261672
16.75	0.00022259648823845163
16.76	0.0002217141696822927
16.77	0.00022083587158350237
16.78	0.00021996157324103273
16.79	0.00021909125407267065
16.8	0.0002182248936142839
16.81	0.0002173624715190741
16.82	0.00021650396755683416
16.830000000000002	0.00021564936161321276
16.84	0.00021479863368898183
16.85	0.00021395176389930935
16.86	0.00021310873247303936
16.87	0.0002122695197519726
16.88	0.00021143410619015686
16.89	0.00021060247235317985
16.9	0.00020977459891746602
16.91	0.0002089504666695802
16.92	0.00020813005650553555
16.93	0.00020731334943010498
16.94	0.00020650032655613947
16.95	0.0002056909691038882
16.96	0.00020488525840032636
16.97	0.0002040831758784861
16.98	0.00020328470307679088
16.990000000000002	0.0002024898216383974
17.	0.00020169851331053936
17.01	0.00020091075994387625
17.02	0.0002001265434918482
17.03	0.00019934584601003278
17.04	0.00019856864965550822
17.05	0.00019779493668621955
17.06	0.00019702468946035035
17.07	0.00019625789043569797
17.080000000000002	0.00019549452216905338
17.09	0.00019473456731558327
17.1	0.00019397800862822138
17.11	0.00019322482895705773
17.12	0.00019247501124873646
17.13	0.00019172853854585595
17.14	0.00019098539398637335
17.150000000000002	0.00019024556080301304
17.16	0.0001895090223226793
17.17	0.0001887757619658729
17.18	0.0001880457632461115
17.19	0.00018731900976935378
17.2	0.00018659548523342864
17.21	0.00018587517342746662
17.22	0.0001851580582313359
17.23	0.00018444412361508266
17.240000000000002	0.00018373335363837428
17.25	0.00018302573244994644
17.26	0.0001823212442870552
17.27	0.0001816198734749306
17.28	0.00018092160442623615
17.29	0.00018022642164053007
17.3	0.00017953430970373146
17.31	0.00017884525328758924
17.32	0.0001781592371491563
17.330000000000002	0.0001774762461302639
17.34	0.00017679626515700283
17.35	0.00017611927923920673
17.36	0.00017544527346993917
17.37	0.00017477423302498317
17.38	0.0001741061431623359
17.39	0.0001734409892217044
17.400000000000002	0.00017277875662400776
17.41	0.00017211943087088014
17.42	0.00017146299754417765
17.43	0.0001708094423054887
17.44	0.0001701587508956483
17.45	0.0001695109091342551
17.46	0.0001688659029191901
17.47	0.00016822371822614195
17.48	0.00016758434110813203
17.490000000000002	0.0001669477576950446
17.5	0.0001663139541931598
17.51	0.00016568291688468973
17.52	0.0001650546321273162
17.53	0.0001644290863537341
17.54	0.00016380626607119587
17.55	0.0001631861578610601
17.56	0.00016256874837834173
17.57	0.0001619540243512669
17.580000000000002	0.0001613419725808297
17.59	0.00016073257994035216
17.6	0.0001601258333750466
17.61	0.00015952171990158236
17.62	0.0001589202266076536
17.63	0.0001583213406515512
17.64	0.00015772504926173672
17.650000000000002	0.0001571313397364198
17.66	0.0001565401994431377
17.67	0.00015595161581833796
17.68	0.00015536557636696457
17.69	0.00015478206866204476
17.7	0.00015420108034428114
17.71	0.00015362259912164405
17.72	0.00015304661276896903
17.73	0.00015247310912755362
17.740000000000002	0.00015190207610476155
17.75	0.00015133350167362465
17.76	0.0001507673738724505
17.77	0.00015020368080443096
17.78	0.0001496424106372553
17.79	0.00014908355160272316
17.8	0.00014852709199636162
17.81	0.00014797302017704542
17.82	0.0001474213245666182
17.830000000000002	0.00014687199364951697
17.84	0.00014632636178223935
17.85	0.0001457922184573369
17.86	0.00014526032246554144
17.87	0.00014473066310114052
17.88	0.00014420322971537018
17.89	0.00014367801171608245
17.900000000000002	0.00014315499856740999
17.91	0.00014263417978943832
17.92	0.00014211554495787625
17.93	0.00014159908370372994
17.94	0.00014108478571297968
17.95	0.00014057264072625707
17.96	0.00014006263853852621
17.97	0.00013955476899876512
17.98	0.0001390490220096505
17.990000000000002	0.00013854538752724373
18.	0.00013804385556067894
18.01	0.00013754441617185424
18.02	0.00013704705947512313
18.03	0.0001365517756369891
18.04	0.0001360585548758012
18.05	0.00013556738746145353
18.06	0.00013507826371508358
18.07	0.00013459117400877545
18.080000000000002	0.0001341061087652632
18.09	0.00013362305845763644
18.1	0.00013314201360904867
18.11	0.0001326629647924256
18.12	0.00013218590263017733
18.13	0.0001317108177939114
18.14	0.00013123770100414696
18.150000000000002	0.0001307665430300332
18.16	0.00013029733468906604
18.17	0.0001298300668468095
18.18	0.00012936473041661765
18.19	0.0001289013163593587
18.2	0.0001284398156831402
18.21	0.00012798021944303645
18.22	0.00012752251874081767
18.23	0.00012706670472468118
18.240000000000002	0.0001266127685889834
18.25	0.0001261607015739739
18.26	0.00012571049496553182
18.27	0.00012526214009490246
18.28	0.00012481562833843788
18.29	0.00012437095111733615
18.3	0.00012392809989738516
18.31	0.0001234870661887053
18.32	0.00012304784154549623
18.330000000000002	0.0001226104175657842
18.34	0.00012217478589116927
18.35	0.00012174093820657796
18.36	0.00012130886624001362
18.37	0.00012087856176231075
18.38	0.00012045001658688998
18.39	0.00012002322256951424
18.400000000000002	0.00011959817160804742
18.41	0.00011917485564221346
18.42	0.00011875326665335836
18.43	0.00011833339666421228
18.44	0.00011791523773865324
18.45	0.00011749878198147353
18.46	0.00011708402153814656
18.47	0.00011667094859459471
18.48	0.0001162595553769603
18.490000000000002	0.00011584983415137584
18.5	0.00011544177722373847
18.51	0.00011503537693948205
18.52	0.00011463062568335458
18.53	0.00011422751587919435
18.54	0.00011382603998970833
18.55	0.00011342619051625209
18.56	0.0001130279599986115
18.57	0.00011263134101478409
18.580000000000002	0.00011223632618076373
18.59	0.00011184290815032557
18.6	0.0001114510796148126
18.61	0.00011106083330292345
18.62	0.0001106721619805011
18.63	0.00011028505845032423
18.64	0.00010989951555189836
18.650000000000002	0.0001095155261612486
18.66	0.00010913308319071487
18.67	0.00010875217958874658
18.68	0.00010837280833969955
18.69	0.00010799496246363488
18.7	0.00010761863501611746
18.71	0.00010724381908801665
18.72	0.00010687050780530831
18.73	0.00010649869432887754
18.740000000000002	0.0001061283718543234
18.75	0.00010575953361176373
18.76	0.00010539217286564158
18.77	0.00010502628291453392
18.78	0.00010466185709096002
18.79	0.00010429888876119135
18.8	0.00010393737132506358
18.81	0.00010357729821578815
18.82	0.00010321866289976649
18.830000000000002	0.00010286145887640504
18.84	0.00010250567967793018
18.85	0.000102151318869206
18.86	0.00010179837004755208
18.87	0.00010144682684256285
18.88	0.00010109668291592795
18.89	0.00010074793196125324
18.900000000000002	0.00010040056770388398
18.91	0.00010005458390072795
18.92	0.00009970997434008003
18.93	0.00009936673284144855
18.94	0.00009902485325538116
18.95	0.00009868432946329327
18.96	0.00009834515537729696
18.97	0.000098007324940031
18.98	0.00009767083212449106
18.990000000000002	0.00009733567093386234
19.	0.00009700183540135247
19.01	0.00009666931959002563
19.02	0.00009633811759263697
19.03	0.00009600822353146953
19.04	0.0000956796315581701
19.05	0.00009535233585358865
19.06	0.00009502633062761575
19.07	0.0000947016101190236
19.080000000000002	0.00009437816859530658
19.09	0.00009405600035252295
19.1	0.00009373509971513793
19.11	0.00009341546103586748
19.12	0.00009310312913350752
19.13	0.00009279700939864702
19.14	0.00009249205536511877
19.150000000000002	0.00009218826198837782
19.16	0.00009188562424832692
19.17	0.00009158413714918607
19.18	0.00009128379571936118
19.19	0.00009098459501131541
19.2	0.00009068653010143985
19.21	0.00009038959608992524
19.22	0.00009009378810063482
19.23	0.00008979910128097776
19.240000000000002	0.00008950553080178349
19.25	0.0000892130718571762
19.26	0.00008892171966445052
19.27	0.00008863146946394806
19.28	0.00008834231651893438
19.29	0.00008805425611547661
19.3	0.00008776728356232235
19.31	0.00008748139419077813
19.32	0.00008719658335459026
19.330000000000002	0.00008691284642982483
19.34	0.00008663017881474929
19.35	0.00008634857592971406
19.36	0.0000860680332170356
19.37	0.00008578854614087964
19.38	0.00008551011018714574
19.39	0.00008523272086335067
19.400000000000002	0.00008495637369851552
19.41	0.00008468106424305017
19.42	0.00008440678806864144
19.43	0.00008413354076813946
19.44	0.00008386131795544592
19.45	0.00008359011526540303
19.46	0.0000833199283536827
19.47	0.00008305075289667682
19.48	0.00008278258459138674
19.490000000000002	0.00008251541915531605
19.5	0.00008224925232636132
19.51	0.00008198407986270549
19.52	0.00008171989754270995
19.53	0.0000814567011648092
19.54	0.00008119448654740463
19.55	0.00008093324952875975
19.56	0.00008067298596689587
19.57	0.00008041369173948776
19.580000000000002	0.00008015536274376087
19.59	0.0000798979948963887
19.6	0.00007964158413339045
19.61	0.00007938612641002981
19.62	0.00007913161770071385
19.63	0.00007887805399889294
19.64	0.00007862543131696095
19.650000000000002	0.00007837374568615629
19.66	0.0000781229931564629
19.67	0.00007787316979651247
19.68	0.00007762427169348713
19.69	0.0000773762949530224
19.7	0.00007712923569911074
19.71	0.00007688309007400614
19.72	0.00007663785423812836
19.73	0.00007639352436996867
19.740000000000002	0.00007615009666599557
19.75	0.00007590756734056094
19.76	0.00007566593262580718
19.77	0.00007542518877157501
19.78	0.00007518533204531051
19.79	0.00007494635873197469
19.8	0.0000747082651339517
19.81	0.00007447104757095885
19.82	0.00007423470237995627
19.830000000000002	0.00007399922591505796
19.84	0.00007376461454744258
19.85	0.00007353086466526493
19.86	0.00007329797267356825
19.87	0.00007306593499419678
19.88	0.00007283474806570877
19.89	0.00007260440834328987
19.900000000000002	0.00007237491229866774
19.91	0.00007214625642002601
19.92	0.00007191843721191966
19.93	0.00007169145119519046
19.94	0.00007146529490688279
19.95	0.00007123996490016052
19.96	0.00007101545774422337
19.97	0.00007079177002422503
19.98	0.00007056889834119025
19.990000000000002	0.00007034683931193394
20.	0.0000701255895689792
20.01	0.00006990514576047761
20.02	0.0000696855045501276
20.03	0.00006946666261709588
20.04	0.00006924861665593715
20.05	0.00006903136337651598
20.06	0.00006881489950392734
20.07	0.00006859922177841955
20.080000000000002	0.00006838432695531589
20.09	0.00006817021180493774
20.1	0.000067956873112528
20.11	0.00006774430767817453
20.12	0.00006753251231673419
20.13	0.00006732148385775761
20.14	0.0000671112191454143
20.150000000000002	0.00006690171503841743
20.16	0.00006669296840995007
20.17	0.00006648497614759159
20.18	0.00006627773515324372
20.19	0.000066071242343058
20.2	0.00006586549464736339
20.21	0.00006566048901059339
20.22	0.00006545622239121516
20.23	0.00006525269176165752
20.240000000000002	0.00006504989410824043
20.25	0.0000648478264311041
20.26	0.00006464648574413917
20.27	0.00006444586907491651
20.28	0.0000642459734646185
20.29	0.00006404679596796911
20.3	0.00006384833365316617
20.31	0.00006365058360181278
20.32	0.00006345354290884908
20.330000000000002	0.00006325720868248565
20.34	0.00006306157804413546
20.35	0.00006286664812834794
20.36	0.00006267241608274198
20.37	0.00006247887906794048
20.38	0.0000622860342575042
20.39	0.000062093878837867
20.400000000000002	0.00006190241000827048
20.41	0.0000617116249806999
20.42	0.00006152152097981961
20.43	0.00006133209524290935
20.44	0.00006114334501980077
20.45	0.00006095526757281443
20.46	0.00006076786017669668
20.47	0.00006058112011855782
20.48	0.00006039504469780917
20.490000000000002	0.000060213954006630104
20.5	0.000060034311678832464
20.51	0.00005985529251331122
20.52	0.00005967689404612121
20.53	0.00005949911382425347
20.54	0.00005932194940558144
20.55	0.000059145398358807635
20.56	0.00005896945826340981
20.57	0.00005879412670958841
20.580000000000002	0.00005861940129821405
20.59	0.000058445279640774573
20.6	0.0000582717593593235
20.61	0.00005809883808642795
20.62	0.00005792651346511677
20.63	0.000057754783148829955
20.64	0.000057583644801366964
20.650000000000002	0.00005741309609683651
20.66	0.000057243134719605894
20.67	0.00005707375836425068
20.68	0.00005690496473550487
20.69	0.00005673675154821169
20.7	0.00005656911652727334
20.71	0.00005640205740760278
20.72	0.000056235571934074244
20.73	0.00005606965786147496
20.740000000000002	0.00005590431295445692
20.75	0.0000557395349874883
20.76	0.0000555753217448063
20.77	0.00005541167102036906
20.78	0.000055248580617808746
20.79	0.00005508604835038426
20.8	0.000054924072040934475
20.81	0.00005476264952183192
20.82	0.00005460177863493603
20.830000000000002	0.00005444145723154744
20.84	0.000054281683172362205
20.85	0.00005412245432742602
20.86	0.00005396376857608909
20.87	0.00005380562380696078
20.88	0.00005364801791786531
20.89	0.00005349094881579642
20.900000000000002	0.000053334414416873655
20.91	0.00005317841264629787
20.92	0.00005302294143830748
20.93	0.00005286799873613483
20.94	0.000052713582491962537
20.95	0.00005255969066688047
20.96	0.00005240632123084315
20.97	0.000052253472162626023
20.98	0.000052101141449783975
20.990000000000002	0.000051949327088608464
21.	0.000051798027084085653
21.01	0.000051647239449854464
21.02	0.00005149696220816506
21.03	0.00005134719338983738
21.04	0.00005119793103422001
21.05	0.000051049173189148974
21.06	0.000050900917910907396
21.07	0.00005075316326418477
21.080000000000002	0.00005060590732203636
21.09	0.00005045914816584371
21.1	0.00005031288388527401
21.11	0.00005016711257824103
21.12	0.000050021832350865337
21.13	0.000049877041317435066
21.14	0.000049732737600366755
21.150000000000002	0.00004958891933016675
21.16	0.00004944558464539243
21.17	0.00004930273169261348
21.18	0.000049160358626374044
21.19	0.000049018463609154536
21.2	0.000048877044811333626
21.21	0.00004873610041115081
21.22	0.00004859562859466878
21.23	0.00004845562755573642
21.240000000000002	0.00004831609549595123
21.25	0.0000481770306246232
21.26	0.00004803843115873741
21.27	0.00004790029532291798
21.28	0.00004776262134939149
21.29	0.00004762540747795132
21.3	0.00004748865195592115
21.31	0.00004735235303811969
21.32	0.000047216508986824825
21.330000000000002	0.00004708111807173853
21.34	0.000046946178569951436
21.35	0.00004681168876590797
21.36	0.000046677646951371625
21.37	0.00004654405142538994
21.38	0.000046410900494260794
21.39	0.000046278192471497304
21.400000000000002	0.00004614592567779421
21.41	0.00004601409844099386
21.42	0.00004588270909605255
21.43	0.000045751755985006776
21.44	0.00004562123745693991
21.45	0.000045491151867949025
21.46	0.00004536149758111194
21.47	0.000045232272966454165
21.48	0.000045103476400916124
21.490000000000002	0.00004497510626832099
21.5	0.000044847160959342
21.51	0.00004471963887147012
21.52	0.000044592538408982636
21.53	0.00004446585798291059
21.54	0.000044339596011007404
21.55	0.00004421375091771729
21.56	0.000044088321134144005
21.57	0.000043963305098019276
21.580000000000002	0.000043838701253672165
21.59	0.00004371450805199788
21.6	0.0000435907239504272
21.61	0.000043467347412895695
21.62	0.00004334437690981354
21.63	0.00004322181091803514
21.64	0.000043099647920829004
21.650000000000002	0.0000429778864078477
21.66	0.000042856524875098345
21.67	0.00004273556182491265
21.68	0.00004261499576591756
21.69	0.00004249482521300574
21.7	0.00004237504868730687
21.71	0.00004225566471615787
21.72	0.00004213667183307464
21.73	0.000042018068577722815
21.740000000000002	0.00004189985349588962
21.75	0.00004178202513945504
21.76	0.000041664582066363715
21.77	0.000041547522840596664
21.78	0.00004143084603214325
21.79	0.00004131455021697351
21.8	0.00004119863397701009
21.81	0.000041083095900100916
21.82	0.00004096793457999156
21.830000000000002	0.000040853148616298
21.84	0.0000407387366144795
21.85	0.000040624697185811425
21.86	0.000040511028947358507
21.87	0.000040397730521947824
21.88	0.00004028480053814244
21.89	0.00004017223763021486
21.900000000000002	0.000040060040438120415
21.91	0.00003994820760747142
21.92	0.00003983673778951076
21.93	0.00003972562964108607
21.94	0.000039614881824623925
21.95	0.000039502358978641825
21.96	0.00003938638531256084
21.97	0.00003927080469669415
21.98	0.000039155615620947476
21.990000000000002	0.00003904081658171178
22.	0.000038926406081832135
22.01	0.00003881238263057725
22.02	0.00003869874474360897
22.03	0.00003858549094295189
22.04	0.00003847261975696341
22.05	0.000038360129720303433
22.06	0.00003824801937390494
22.07	0.00003813628726494401
22.080000000000002	0.00003802493194681033
22.09	0.00003791395197907783
22.1	0.00003780334592747563
22.11	0.000037693112363858784
22.12	0.000037583249866179324
22.13	0.000037473757018457745
22.14	0.000037364632410754064
22.150000000000002	0.000037255874639139606
22.16	0.00003714748230566854
22.17	0.000037039454018349814
22.18	0.00003693178839111885
22.19	0.00003682448404380996
22.2	0.000036717539602128585
22.21	0.00003661095369762346
22.22	0.00003650472496765932
22.23	0.00003639885205538946
22.240000000000002	0.00003629333360972876
22.25	0.000036188168285326524
22.26	0.00003608335474253954
22.27	0.00003597889164740531
22.28	0.00003587477767161551
22.29	0.00003577101149248955
22.3	0.000035667591792948016
22.31	0.0000355645172614866
22.32	0.00003546178659214996
22.330000000000002	0.000035359398484505875
22.34	0.000035257351643619406
22.35	0.00003515564478002695
22.36	0.000035054276609711075
22.37	0.000034953245854074846
22.38	0.00003485255123991668
22.39	0.000034752191499405
22.400000000000002	0.00003465216537005333
22.41	0.00003455247159469539
22.42	0.0000344531089214604
22.43	0.00003435407610374817
22.44	0.000034255371900204795
22.45	0.00003415699507469812
22.46	0.000034058944396293574
22.47	0.00003396121863922992
22.48	0.00003386381658289541
22.490000000000002	0.00003376673701180352
22.5	0.000033669978715569545
22.51	0.000033573540488886664
22.52	0.00003347742113150259
22.53	0.00003338161944819592
22.54	0.00003328613424875304
22.55	0.0000331909643479448
22.56	0.000033096108565503555
22.57	0.00003300156572610008
22.580000000000002	0.00003290733465932082
22.59	0.000032813414199645135
22.6	0.00003271980318642267
22.61	0.00003262650046385099
22.62	0.00003253350488095296
22.63	0.00003244081529155475
22.64	0.000032348430554263455
22.650000000000002	0.00003225634953244514
22.66	0.00003216457109420304
22.67	0.00003207309411235548
22.68	0.000031981917464414314
22.69	0.000031891040032563354
22.7	0.00003180046070363685
22.71	0.000031710178369098056
22.72	0.00003162019192501795
22.73	0.00003153050027205415
22.740000000000002	0.000031441102315429755
22.75	0.000031351996964912574
22.76	0.00003126318313479395
22.77	0.00003117465974386832
22.78	0.00003108642571541242
22.79	0.000030998479977164774
22.8	0.00003091082146130525
22.81	0.00003082344910443484
22.82	0.00003073636184755514
22.830000000000002	0.00003064955863604862
22.84	0.00003056303841965828
22.85	0.000030476800152467807
22.86	0.00003039084279288176
22.87	0.000030305165303605973
22.88	0.000030219766651627632
22.89	0.00003013464580819603
22.900000000000002	0.00003004980174880293
22.91	0.000029965233453163378
22.92	0.000029880939905196308
22.93	0.000029796920093005563
22.94	0.00002971317300886069
22.95	0.00002962969764917813
22.96	0.000029546493014502143
22.97	0.000029463558109486366
22.98	0.00002938089194287485
22.990000000000002	0.00002929849352748354
23.	0.000029216361880181907
23.01	0.000029134496021874442
23.02	0.00002905289497748246
23.03	0.000028971557775925668
23.04	0.00002889048345010433
23.05	0.000028809671036880967
23.06	0.000028729119577062623
23.07	0.00002864882811538288
23.080000000000002	0.000028568795700484148
23.09	0.000028489021384899986
23.1	0.00002840950422503744
23.11	0.00002833024328115969
23.12	0.000028251237617368423
23.13	0.00002817248630158673
23.14	0.000028093988405541692
23.150000000000002	0.000028015743004747296
23.16	0.000027937749178487344
23.17	0.00002786000600979842
23.18	0.0000277825125854531
23.19	0.000027705267995942973
23.2	0.000027628271335462034
23.21	0.000027551521701890006
23.22	0.000027475018196775606
23.23	0.000027398759925320242
23.240000000000002	0.000027322745996361557
23.25	0.000027246975522357104
23.26	0.00002717144761936795
23.27	0.000027096161407042662
23.28	0.0000270211160086012
23.29	0.000026946310550818858
23.3	0.000026871744164010335
23.31	0.000026797415982013912
23.32	0.00002672332514217562
23.330000000000002	0.000026649470785333503
23.34	0.00002657585205580221
23.35	0.000026502468101357167
23.36	0.000026429318073219277
23.37	0.000026356401126039428
23.38	0.00002628371641788339
23.39	0.00002621126311021618
23.400000000000002	0.00002613904036788722
23.41	0.00002606704735911516
23.42	0.000025995283255472752
23.43	0.000025923747231872006
23.44	0.00002585243846654939
23.45	0.00002578135614105076
23.46	0.0000257104994402168
23.47	0.000025639867552168457
23.48	0.00002556945966829216
23.490000000000002	0.00002549927498322542
23.5	0.000025429312694842353
23.51	0.000025359572004239187
23.52	0.000025287614733944504
23.53	0.000025212221794808422
23.54	0.000025137085524751794
23.55	0.000025062204941486777
23.56	0.000024987579066899638
23.57	0.000024913206927031096
23.580000000000002	0.000024839087552057198
23.59	0.000024765219976269782
23.6	0.000024691603238057357
23.61	0.0000246182363798861
23.62	0.000024545118448280633
23.63	0.000024472248493805304
23.64	0.000024399625571045277
23.650000000000002	0.000024327248738587923
23.66	0.000024255117059003957
23.67	0.000024183229598829185
23.68	0.000024111585428545925
23.69	0.00002404018362256464
23.7	0.000023969023259205743
23.71	0.000023898103420681548
23.72	0.000023827423193077933
23.73	0.000023756981666336606
23.740000000000002	0.000023686777934237102
23.75	0.0000236168110943791
23.76	0.00002354708024816458
23.77	0.00002347758450078031
23.78	0.000023408322961180257
23.79	0.000023339294742068278
23.8	0.00002327049895988057
23.81	0.000023201934734768605
23.82	0.00002313360119058185
23.830000000000002	0.000023065497454850685
23.84	0.00002299762265876945
23.85	0.000022929975937179497
23.86	0.000022862556428552352
23.87	0.00002279536327497303
23.88	0.000022728395622123278
23.89	0.000022661652619265075
23.900000000000002	0.000022595133419224138
23.91	0.00002252883717837346
23.92	0.000022462763056617
23.93	0.000022396910217373438
23.94	0.000022331277827560074
23.95	0.000022265865057576662
23.96	0.000022200671081289386
23.97	0.00002213569507601505
23.98	0.000022070936222505148
23.990000000000002	0.000022006393704930113
24.	0.000021942066710863627
24.01	0.000021877954431267046
24.02	0.00002181405606047392
24.03	0.000021750370796174306
24.04	0.00002168689783939973
24.05	0.000021623636394507644
24.060000000000002	0.000021560585669166315
24.07	0.0000214977448743396
24.080000000000002	0.00002143511322427197
24.09	0.000021372689936473497
24.1	0.000021310474231704847
24.11	0.000021248465333962515
24.12	0.00002118666247046411
24.13	0.0000211250648716335
24.14	0.000021063671771086266
24.150000000000002	0.000021002482405615213
24.16	0.00002094149601517582
24.17	0.00002088071184287185
24.18	0.000020820129134940968
24.19	0.000020759747140740574
24.2	0.00002069956511273352
24.21	0.00002063958230647402
24.22	0.000020579797980593625
24.23	0.0000205202113967872
24.240000000000002	0.000020460821819798988
24.25	0.000020401628517408847
24.26	0.000020342630760418366
24.27	0.000020283827822637322
24.28	0.00002022521898086975
24.29	0.00002016680351490073
24.3	0.00002010858070748259
24.310000000000002	0.000020050549844321637
24.32	0.00001999271021406466
24.330000000000002	0.00001993506110828575
24.34	0.000019877601821472875
24.35	0.000019820331651015014
24.36	0.0000197632498971887
24.37	0.000019706355863145152
24.38	0.000019649648854897296
24.39	0.000019593128181306793
24.400000000000002	0.000019536793154071237
24.41	0.00001948064308771131
24.42	0.000019424677299558058
24.43	0.000019368895109740294
24.44	0.00001931329584117187
24.45	0.000019257878819539295
24.46	0.00001920264337328908
24.47	0.00001914758883361542
24.48	0.000019092714534447885
24.490000000000002	0.00001903801981243902
24.5	0.000018983504006952084
24.51	0.000018929166460049054
24.52	0.000018875006516478246
24.53	0.000018821023523662542
24.54	0.000018767216831687115
24.55	0.0000187135857932877
24.560000000000002	0.000018660129763838564
24.57	0.000018606848101340808
24.580000000000002	0.00001855374016641052
24.59	0.00001850080532226708
24.6	0.000018448042934721486
24.61	0.000018395452372164785
24.62	0.00001834303300555658
24.63	0.00001829078420841348
24.64	0.00001823870535679769
24.650000000000002	0.000018186795829305588
24.66	0.000018135055007056627
24.67	0.000018083482273681713
24.68	0.00001803207701531235
24.69	0.000017980838620569236
24.7	0.000017929766480551382
24.71	0.00001787885998882484
24.72	0.000017828118541411912
24.73	0.00001777754153678011
24.740000000000002	0.000017727128375831258
24.75	0.000017676878461890746
24.76	0.000017626791200696682
24.77	0.000017576866000389216
24.78	0.00001752710227149983
24.79	0.000017477499426940703
24.8	0.00001742805688199419
24.810000000000002	0.000017378774054302296
24.82	0.00001732965036385616
24.830000000000002	0.000017280685232985656
24.84	0.000017231878086349097
24.85	0.000017183228350922797
24.86	0.000017134735455990924
24.87	0.000017086398833135147
24.88	0.000017038217916224652
24.89	0.000016990192141405795
24.900000000000002	0.000016942320947092258
24.91	0.000016894603773954886
24.92	0.00001684704006491173
24.93	0.000016799629265118162
24.94	0.000016752370821956957
24.95	0.00001670526418502852
24.96	0.000016658308806141047
24.97	0.000016611504139300775
24.98	0.000016564849640702398
24.990000000000002	0.00001651834476871928
25.	0.000016471988983894008
25.01	0.00001642578174892868
25.02	0.000016379722528675524
25.03	0.00001633381079012744
25.04	0.000016288046002408524
25.05	0.00001624242763676469
25.060000000000002	0.00001619695516655441
25.07	0.000016151628067239467
25.080000000000002	0.000016106445816375523
25.09	0.000016061407893603233
25.1	0.00001601651378063879
25.11	0.000015971762961265025
25.12	0.000015927154921322327
25.13	0.00001588268914869955
25.14	0.000015838365133325095
25.150000000000002	0.000015794182367157943
25.16	0.000015750140344178783
25.17	0.000015706238560381273
25.18	0.000015662476513763022
25.19	0.000015618853704317025
25.2	0.00001557773606595798
25.21	0.000015545444720388595
25.22	0.00001551323307868828
25.23	0.000015481100912639616
25.240000000000002	0.000015449047994768642
25.25	0.000015417074098342298
25.26	0.000015385178997365655
25.27	0.000015353362466579165
25.28	0.000015321624281456
25.29	0.000015289964218199508
25.3	0.000015258382053740333
25.310000000000002	0.000015226877565733997
25.32	0.000015195450532558056
25.330000000000002	0.000015164100733309583
25.34	0.000015132827947802554
25.35	0.000015101631956565174
25.36	0.000015070512540837332
25.37	0.000015039469482568017
25.38	0.000015008502564412667
25.39	0.000014977611569730727
25.400000000000002	0.000014946796282583008
25.41	0.000014916056487729095
25.42	0.000014885391970624965
25.43	0.000014854802517420326
25.44	0.00001482428791495613
25.45	0.000014793847950762156
25.46	0.000014763482413054352
25.47	0.00001473319109073251
25.48	0.000014702973773377702
25.490000000000002	0.000014672830251249828
25.5	0.000014642760315285191
25.51	0.000014612763757094014
25.52	0.000014582840368958016
25.53	0.000014552989943828014
25.54	0.000014523212275321471
25.55	0.000014493507157720085
25.560000000000002	0.000014463874385967423
25.57	0.000014434313755666557
25.580000000000002	0.00001440482506307759
25.59	0.000014375408105115384
25.6	0.000014346062679347155
25.61	0.000014316788583990124
25.62	0.000014287585617909226
25.63	0.000014258453580614704
25.64	0.000014229392272259821
25.650000000000002	0.000014200401493638555
25.66	0.000014171481046183343
25.67	0.000014142630731962659
25.68	0.000014113850353678857
25.69	0.000014085139714665816
25.7	0.000014056498618886747
25.71	0.000014027926870931824
25.72	0.000013999424276016095
25.73	0.000013970990639977054
25.740000000000002	0.000013942625769272571
25.75	0.000013914329470978619
25.76	0.000013886101552786971
25.77	0.00001385794182300315
25.78	0.000013829850090544128
25.79	0.000013801826164936161
25.8	0.000013773869856312644
25.810000000000002	0.000013745980975411904
25.82	0.000013718159333575034
25.830000000000002	0.000013690404742743777
25.84	0.00001366271701545835
25.85	0.00001363509596485535
25.86	0.000013607541404665585
25.87	0.000013580053149211944
25.88	0.000013552631013407365
25.89	0.000013525274812752632
25.900000000000002	0.00001349798436333436
25.91	0.000013470759481822867
25.92	0.000013443599985470132
25.93	0.000013416505692107661
25.94	0.000013389476420144529
25.95	0.00001336251198856524
25.96	0.00001333561221692768
25.97	0.000013308776925361162
25.98	0.000013282005934564332
25.990000000000002	0.000013255299065803143
26.	0.000013228656140908914
26.01	0.00001320207698227621
26.02	0.000013175561412860958
26.03	0.000013149109256178407
26.04	0.000013122720336301154
26.05	0.000013096394477857124
26.060000000000002	0.000013070131506027702
26.07	0.000013043931246545677
26.080000000000002	0.000013017793525693413
26.09	0.00001299171817030072
26.1	0.000012965705007743113
26.11	0.000012939753865939765
26.12	0.000012913864573351652
26.13	0.000012888036958979564
26.14	0.000012862270852362311
26.150000000000002	0.000012836566083574703
26.16	0.000012810922483225747
26.17	0.000012785339882456767
26.18	0.000012759818112939445
26.19	0.00001273435700687403
26.2	0.000012708956396987457
26.21	0.00001268361611653151
26.22	0.000012658335999280926
26.23	0.000012633115879531616
26.240000000000002	0.000012607955592098751
26.25	0.000012582854972315072
26.26	0.000012557813856028936
26.27	0.0000125328320796026
26.28	0.00001250790947991032
26.29	0.000012483045894336661
26.3	0.000012458241160774664
26.310000000000002	0.000012433495117624043
26.32	0.000012408807603789432
26.330000000000002	0.000012384178458678587
26.34	0.000012359607522200681
26.35	0.00001233509463476453
26.36	0.000012310639637276792
26.37	0.00001228624237114026
26.38	0.000012261902678252172
26.39	0.00001223762040100243
26.400000000000002	0.000012213395382271873
26.41	0.000012189227465430594
26.42	0.000012165116494336246
26.43	0.000012141062313332262
26.44	0.000012117064767246241
26.45	0.000012093123701388269
26.46	0.000012069238961549124
26.47	0.000012045410393998738
26.48	0.000012021637845484449
26.490000000000002	0.000011997921163229336
26.5	0.000011974260194930628
26.51	0.00001195065478875798
26.52	0.000011927104793351833
26.53	0.000011903610057821908
26.54	0.000011880170431745343
26.55	0.0000118567857651653
26.560000000000002	0.000011833455908589196
26.57	0.000011810180712987137
26.580000000000002	0.000011786960029790343
26.59	0.000011763793710889523
26.6	0.000011740681608633262
26.61	0.00001171762357582645
26.62	0.000011694619465728735
26.63	0.000011671669132052872
26.64	0.000011648772428963254
26.650000000000002	0.000011625929211074235
26.66	0.000011603139333448693
26.67	0.000011580402651596372
26.68	0.000011557719021472404
26.69	0.00001153508829947575
26.7	0.000011512510342447678
26.71	0.000011489985007670194
26.72	0.00001146751215286458
26.73	0.000011445091636189828
26.740000000000002	0.00001142272331624117
26.75	0.000011400407052048561
26.76	0.000011378142703075158
26.77	0.000011355930129215831
26.78	0.00001133376919079575
26.79	0.00001131165974856877
26.8	0.00001128960166371607
26.810000000000002	0.00001126759479784466
26.82	0.000011245639012985845
26.830000000000002	0.000011223734171593885
26.84	0.000011201880136544426
26.85	0.000011180076771133126
26.86	0.000011158323939074193
26.87	0.000011136621504498939
26.88	0.00001111496933195437
26.89	0.000011093367286401703
26.900000000000002	0.00001107181523321505
26.91	0.000011050313038179912
26.92	0.000011028860567491774
26.93	0.000011007457687754775
26.94	0.000011022362218996512
26.95	0.00001117505977797855
26.96	0.000011329814892689629
26.97	0.000011486654509444523
26.98	0.000011645605917264475
26.990000000000002	0.000011806696752106096
27.	0.000011969955001141317