0.01	21.567398926273338
0.02	35.41856027440399
0.03	42.26496281418359
0.04	45.773158432963605
0.05	47.461356986761686
0.06	48.142141411209764
0.07	48.09928952570787
0.08	47.670656680226166
0.09	46.98273336097965
0.1	46.10613178176224
0.11	45.15060639475812
0.12	44.18137318548128
0.13	43.10443409064376
0.14	42.07336414172592
0.15	41.000743866625506
0.16	39.979259119497044
0.17	38.92411910033903
0.18	37.954824251296834
0.19	36.9245007765266
0.2	35.961977157046256
0.21	35.03375137459865
0.22	34.06466874093125
0.23	33.163726299039425
0.24	32.29942469688248
0.25	31.378185121551464
0.26	30.517840997856307
0.27	29.712248901818686
0.28	28.8620864936975
0.29	28.013856702066896
0.3	27.218069194768308
0.31	26.469890627013445
0.32	25.672314684071164
0.33	24.859120952779094
0.34	24.094829725288466
0.35000000000000003	23.375187882170902
0.36	22.69641999924851
0.37	21.94430701564404
0.38	21.22812806054765
0.39	20.553030176820922
0.4	19.91569180909067
0.41000000000000003	19.313134195958366
0.42	18.73643026790528
0.43	18.185666296905993
0.44	17.66320410171189
0.45	17.166994562001662
0.46	16.695178115851697
0.47000000000000003	16.246063574981235
0.48	15.82057626333937
0.49	15.417583148733874
0.5	15.032689921805774
0.51	14.664745542560837
0.52	14.312692846263612
0.53	13.975559264471771
0.54	13.652448617709993
0.55	13.335672785221366
0.56	13.021976701977042
0.5700000000000001	12.721018395475532
0.58	12.432070536219184
0.59	12.154458916722577
0.6	11.887557753193263
0.61	11.630785472768663
0.62	11.383600929125194
0.63	11.140281482934205
0.64	10.894900232965131
0.65	10.658603937610316
0.66	10.430924104643815
0.67	10.211423011938694
0.68	9.999691265056086
0.6900000000000001	9.795345581190162
0.7000000000000001	9.598026775565913
0.71	9.407397929211182
0.72	9.222782283706186
0.73	9.032482104957404
0.74	8.848618310857896
0.75	8.670890578692452
0.76	8.499016353187017
0.77	8.332729579008122
0.78	8.171779538723792
0.79	8.015929786231162
0.8	7.864957166716226
0.81	7.718650915146754
0.8200000000000001	7.576811826127242
0.8300000000000001	7.435950066471513
0.84	7.2937739305895795
0.85	7.155950950102946
0.86	7.022298948095968
0.87	6.892645370842075
0.88	6.766826676263923
0.89	6.644687767667913
0.9	6.526081468937174
0.91	6.410868037726899
0.92	6.298914713528289
0.93	6.190095297756747
0.9400000000000001	6.084289763279506
0.9500000000000001	5.980588986207965
0.96	5.874206471700741
0.97	5.770789516708381
0.98	5.670226143066504
0.99	5.572409685263239
1.	5.4772384879651765
1.01	5.38461562357869
1.02	5.294448628336743
1.03	5.2066492555286334
1.04	5.121133244605524
1.05	5.037820104999402
1.06	4.956632913588386
1.07	4.877498124827918
1.08	4.8003453926460775
1.09	4.724787415283183
1.1	4.646753269599085
1.11	4.570696750650938
1.12	4.496550593141321
1.1300000000000001	4.424250392579797
1.1400000000000001	4.353734459672678
1.1500000000000001	4.284943683321481
1.16	4.217821401651504
1.17	4.152313280535482
1.18	4.08836719911717
1.19	4.025933141876211
1.2	3.964963096809314
1.21	3.905410959333639
1.22	3.847232441546693
1.23	3.7903849865031396
1.24	3.7348276871931083
1.25	3.6805212099286773
1.26	3.6244307390463395
1.27	3.5694024308445926
1.28	3.5156314242471205
1.29	3.463079503011859
1.3	3.4117098964972556
1.31	3.361487214400401
1.32	3.312377384911794
1.33	3.2643475960836614
1.34	3.2173662402221312
1.35	3.1714028611261864
1.36	3.1264281040078554
1.37	3.082413667938876
1.3800000000000001	3.039332260679038
1.3900000000000001	2.9971575557507077
1.4000000000000001	2.9558641516326554
1.41	2.9154275329542916
1.42	2.8758240335789154
1.43	2.8370308014714856
1.44	2.798125309654863
1.45	2.7586833444157115
1.46	2.7200627275798626
1.47	2.682240903827526
1.48	2.6451960849230396
1.49	2.6089072186716877
1.5	2.5733539593306936
1.51	2.5385166393970944
1.52	2.504376242699854
1.53	2.4709143787277825
1.54	2.4381132581289084
1.55	2.4059556693206265
1.56	2.3744249561535256
1.57	2.3435049965750077
1.58	2.313180182241939
1.59	2.283435399034446
1.6	2.254256008425636
1.61	2.2256278296645986
1.62	2.1975371227323937
1.6300000000000001	2.169970572032967
1.6400000000000001	2.1429152707830252
1.6500000000000001	2.116149085565759
1.6600000000000001	2.088415448382215
1.67	2.061208591135674
1.68	2.034515442879791
1.69	2.0083233321544314
1.7	1.9826199725061004
1.71	1.9573934486145248
1.72	1.9326322029966292
1.73	1.908325023260693
1.74	1.8844610298849183
1.75	1.8610296644959285
1.76	1.8380206786240854
1.77	1.8154241229135972
1.78	1.7932303367666302
1.79	1.7714299384016172
1.8	1.7500138153069984
1.81	1.728973115072586
1.82	1.7082992365816203
1.83	1.6879838215474467
1.84	1.6680187463795215
1.85	1.6483961143642496
1.86	1.6291082481468266
1.87	1.6101476825009606
1.8800000000000001	1.5915071573739903
1.8900000000000001	1.573179611195505
1.9000000000000001	1.554301536872064
1.9100000000000001	1.535380072512296
1.92	1.5167859615172086
1.93	1.4985118794589918
1.94	1.4805507025740428
1.95	1.4628955012680518
1.96	1.4455395338632557
1.97	1.4284762405776645
1.98	1.4116992377265225
1.99	1.3952023121367283
2.	1.3789794157653863
2.0100000000000002	1.363024660514021
2.02	1.3473323132304518
2.0300000000000002	1.3318967908906085
2.04	1.3167126559529967
2.05	1.3017746118787892
2.06	1.2870774988108884
2.07	1.2726162894055608
2.08	1.2583860848105637
2.09	1.244382110783942
2.1	1.2305997139479188
2.11	1.217034358172572
2.12	1.2036816210842132
2.13	1.1905371906935949
2.14	1.1775968621393036
2.15	1.16485653454188
2.16	1.1523122079644228
2.17	1.139959980475576
2.18	1.1272435874732747
2.19	1.114433924834105
2.2	1.1018271952440835
2.21	1.0894192831698357
2.22	1.0772061746429673
2.23	1.0651839543108887
2.24	1.0533488025860214
2.25	1.0416969928896713
2.2600000000000002	1.030224888987035
2.27	1.018928942409925
2.2800000000000002	1.007805689963968
2.29	0.9968517513171478
2.3000000000000003	0.9860638266666892
2.31	0.9754386944814268
2.32	0.9649732093168873
2.33	0.9546642997004561
2.34	0.9445089660840734
2.35	0.934504278862046
2.36	0.9246473764516264
2.37	0.9149354634341131
2.38	0.9053658087543294
2.39	0.8959357439764006
2.4	0.8866426615938494
2.41	0.877484013392099
2.42	0.8684573088615439
2.43	0.859560113659438
2.44	0.8507900481188915
2.45	0.8421447858033527
2.46	0.8336220521050194
2.47	0.825219622885648
2.48	0.8169353231583425
2.49	0.8087670258089042
2.5	0.800462734271152
2.5100000000000002	0.7919744101323025
2.52	0.7836093144851054
2.5300000000000002	0.775365179961997
2.54	0.767239789647765
2.5500000000000003	0.7592309757640902
2.56	0.7513366183933798
2.57	0.7435546442405673
2.58	0.735883025431601
2.59	0.728319778347407
2.6	0.7208629624921354
2.61	0.713510679394566
2.62	0.7062610715415741
2.63	0.6991123213426009
2.64	0.6920626501241176
2.65	0.685110317153105
2.66	0.6782536186885996
2.67	0.6714908870604066
2.68	0.664820489774095
2.69	0.6582408286414408
2.7	0.6517503389354853
2.71	0.6453474885694526
2.72	0.6390307772987335
2.73	0.632798735945234
2.74	0.626649925643367
2.75	0.620582937107011
2.7600000000000002	0.614596389916785
2.77	0.6086889318269924
2.7800000000000002	0.602859238091633
2.79	0.5971060108088971
2.8000000000000003	0.5914279782835471
2.81	0.5858238944066703
2.82	0.5802925380522369
2.83	0.5748327124899794
2.84	0.5694432448140719
2.85	0.5641229853871484
2.86	0.5588708072991839
2.87	0.5535148763565245
2.88	0.5480443241287734
2.89	0.5426465209158781
2.9	0.5373202525511285
2.91	0.5320643292216484
2.92	0.5268775848984335
2.93	0.5217588767816258
2.94	0.5167070847605589
2.95	0.5117211108881397
2.96	0.5067998788691351
2.97	0.5019423335619494
2.98	0.4971474404934963
2.99	0.49241418538677606
3.	0.48774157370078614
3.0100000000000002	0.483128630182399
3.02	0.4785743984298641
3.0300000000000002	0.47407794046759094
3.04	0.46963833633188445
3.0500000000000003	0.4652546836673204
3.06	0.4609260973334496
3.0700000000000003	0.45665170902153485
3.08	0.45243066688103517
3.09	0.44826213515555624
3.1	0.4441452938279979
3.11	0.44007933827463996
3.12	0.4360634789279088
3.13	0.4320969409475858
3.14	0.4281789639002137
3.15	0.4243088014464777
3.16	0.42048572103633347
3.17	0.4167090036116665
3.18	0.4129779433162794
3.19	0.4092918472129958
3.2	0.40565003500769214
3.21	0.40205183878006107
3.22	0.39849660272092596
3.23	0.39498368287592395
3.24	0.391512446895388
3.25	0.38808227379025484
3.2600000000000002	0.3846925536938405
3.27	0.38134268762931917
3.2800000000000002	0.3780320872827597
3.29	0.37475390210926063
3.3000000000000003	0.3713037767608506
3.31	0.36789570996814375
3.3200000000000003	0.3645290642672961
3.33	0.361203213735712
3.34	0.3579175437492674
3.35	0.35467145074534545
3.36	0.35146434199153054
3.37	0.3482956353598085
3.38	0.34516475910612876
3.39	0.34207115165518237
3.4	0.3390142613902559
3.41	0.3359935464480375
3.42	0.3330084745182273
3.43	0.3300585226478428
3.44	0.3271431770500867
3.45	0.324261932917656
3.46	0.3214142942403864
3.47	0.31859977362710984
3.48	0.31581789213162004
3.49	0.313068179082639
3.5	0.31035017191768277
3.5100000000000002	0.307663416020725
3.52	0.30500746456355887
3.5300000000000002	0.3023818783507684
3.54	0.2997862256682106
3.5500000000000003	0.29722008213492573
3.56	0.29468303055838285
3.5700000000000003	0.2921746607929804
3.58	0.28969456960171863
3.59	0.28724236052096175
3.6	0.2848176437282199
3.61	0.2824200359128628
3.62	0.28004916014970566
3.63	0.27770464577538795
3.64	0.2753861282674748
3.65	0.27309324912622074
3.66	0.270825655758922
3.67	0.2685830013668021
3.68	0.2663649448343589
3.69	0.2641711506211227
3.7	0.2620012886557595
3.71	0.25985503423246575
3.72	0.2577320679095991
3.73	0.2556320754104879
3.74	0.25355474752637175
3.75	0.25149978002141826
3.7600000000000002	0.24946687353976552
3.77	0.24745573351454705
3.7800000000000002	0.2454274129016507
3.79	0.2433274691611862
3.8000000000000003	0.24125095574443972
3.81	0.2391975505946265
3.8200000000000003	0.23716693691076224
3.83	0.2351588030484333
3.84	0.23317284242269132
3.85	0.23120875341302397
3.86	0.22926623927035256
3.87	0.22734500802600335
3.88	0.22544477240261548
3.89	0.2235652497269271
3.9	0.22170616184440517
3.91	0.21986723503567215
3.92	0.218048199934685
3.93	0.21624879144862907
3.94	0.2144687486794839
3.95	0.21270781484722406
3.96	0.21096573721461565
3.97	0.20924226701356982
3.98	0.2075371593730225
3.99	0.20585017324829832
4.	0.2041810713519302
4.01	0.20252962008589562
4.0200000000000005	0.2008955894752442
4.03	0.19927875310307655
4.04	0.1976788880468507
4.05	0.19609577481598034
4.0600000000000005	0.1945291972907003
4.07	0.19297894266216611
4.08	0.19144480137376307
4.09	0.1899265670635955
4.1	0.18842403650813114
4.11	0.18693700956697332
4.12	0.18546528912873705
4.13	0.18400868105800264
4.14	0.18256699414332497
4.15	0.18114004004627282
4.16	0.17972763325147745
4.17	0.1783295910176658
4.18	0.17694573332965904
4.19	0.17557588285131315
4.2	0.17421986487938174
4.21	0.1728775072982819
4.22	0.17154864053574057
4.23	0.17023309751930504
4.24	0.16893071363369763
4.25	0.16764132667899587
4.26	0.16636477682962056
4.2700000000000005	0.16510090659411503
4.28	0.16384956077569737
4.29	0.16261058643356888
4.3	0.16138383284496535
4.3100000000000005	0.16016915146792976
4.32	0.15896639590479755
4.33	0.15777542186637353
4.34	0.156571051265923
4.3500000000000005	0.1553285468158208
4.36	0.15409872171594732
4.37	0.15288141794024815
4.38	0.15167647978747884
4.39	0.15048375384180046
4.4	0.14930308893413047
4.41	0.14813433610423304
4.42	0.1469773485635335
4.43	0.14583198165864053
4.44	0.1446980928355627
4.45	0.14357554160460193
4.46	0.14246418950591264
4.47	0.1413639000757107
4.48	0.1402745388131183
4.49	0.13919597314763224
4.5	0.13812807240720307
4.51	0.13707070778690988
4.5200000000000005	0.13602375231822184
4.53	0.13498708083883026
4.54	0.13396056996304354
4.55	0.13294409805272953
4.5600000000000005	0.131937545188797
4.57	0.13094079314320206
4.58	0.12995372535147193
4.59	0.1289762268857338
4.6000000000000005	0.12800818442823697
4.61	0.12704948624536153
4.62	0.12610002216210056
4.63	0.12515968353700863
4.64	0.12422836323760451
4.65	0.12330595561622112
4.66	0.12239235648629372
4.67	0.12148746309907417
4.68	0.12059117412076788
4.69	0.11970338961007984
4.7	0.11882401099616631
4.71	0.11795294105697862
4.72	0.11709008389799669
4.73	0.11623534493134106
4.74	0.1153886308552567
4.75	0.1145498496339611
4.76	0.11371891047785097
4.7700000000000005	0.11289572382405766
4.78	0.11208020131734688
4.79	0.11127225579135405
4.8	0.1104718012501511
4.8100000000000005	0.10967875285013498
4.82	0.10889302688223432
4.83	0.1081145407544273
4.84	0.10734321297456349
4.8500000000000005	0.10657896313348483
4.86	0.10582171188844072
4.87	0.10507138094678926
4.88	0.104327893049981
4.89	0.10359117195781914
4.9	0.10286114243299097
4.91	0.1021377302258652
4.92	0.10142086205954921
4.93	0.10071046561520365
4.94	0.10000646951760704
4.95	0.09930880332096638
4.96	0.09861739749497007
4.97	0.09793218341107647
4.98	0.09724953009238839
4.99	0.09653330190307355
5.	0.09582376671395096
5.01	0.09512084878141681
5.0200000000000005	0.09442447336782187
5.03	0.09373456672614318
5.04	0.09305105608491966
5.05	0.09237386963344545
5.0600000000000005	0.09170293650721717
5.07	0.09103818677362928
5.08	0.09037955141791428
5.09	0.08972696232932109
5.1000000000000005	0.08908035228752892
5.11	0.08843965494929125
5.12	0.0878048048353056
5.13	0.08717573731730537
5.14	0.08655238860536862
5.15	0.0859346957354413
5.16	0.08532259655706845
5.17	0.08471602972133283
5.18	0.08411493466899349
5.19	0.08351925161882345
5.2	0.0829289215561413
5.21	0.08234388622153323
5.22	0.08176408809976295
5.23	0.08118947040886407
5.24	0.08061997708941443
5.25	0.08005555279398589
5.26	0.07949614287676875
5.2700000000000005	0.0789416933833664
5.28	0.07839215104075754
5.29	0.07784746324742296
5.3	0.07730757806363302
5.3100000000000005	0.07677244420189444
5.32	0.07624201101755193
5.33	0.07571622849954322
5.34	0.07519504726130363
5.3500000000000005	0.07467841853181768
5.36	0.07416629414681644
5.37	0.07365862654011547
5.38	0.07315536873509312
5.39	0.0726564743363058
5.4	0.07216189752123732
5.41	0.07167159303218064
5.42	0.07118551616824934
5.43	0.07070362277751682
5.44	0.07022586924927975
5.45	0.06975221250644591
5.46	0.06928260999804159
5.47	0.06881701969183837
5.48	0.06835540006709613
5.49	0.06789771010742066
5.5	0.06744390929373406
5.51	0.06699395759735498
5.5200000000000005	0.06654781547318847
5.53	0.06610544385302132
5.54	0.06566680413892358
5.55	0.0652318581967518
5.5600000000000005	0.06480056834975453
5.57	0.06437289737227678
5.58	0.063948808483562
5.59	0.06352826534165097
5.6000000000000005	0.0631112320373741
5.61	0.0626976730884373
5.62	0.06228755343359846
5.63	0.06188083842693388
5.64	0.06147749383219276
5.65	0.06107748581723811
5.66	0.06068078094857277
5.67	0.06028734618594935
5.68	0.059897148877062115
5.69	0.05951015675231951
5.7	0.0591263379196969
5.71	0.058745660859666586
5.72	0.05836078138730924
5.73	0.057963187762679454
5.74	0.057568989024500736
5.75	0.0571781503463579
5.76	0.05679063731879283
5.7700000000000005	0.0564064159436005
5.78	0.056025452628212555
5.79	0.05564771418016697
5.8	0.05527316780166274
5.8100000000000005	0.05490178108419794
5.82	0.054533522003289446
5.83	0.054168358913273276
5.84	0.05380626054218406
5.8500000000000005	0.05344719598671278
5.86	0.053091134707240174
5.87	0.05273804652294622
5.88	0.052387901606993
5.89	0.052040670481780404
5.9	0.05169632401427369
5.91	0.05135483341140079
5.92	0.05101617021551914
5.93	0.05068030629995029
5.94	0.05034721386458158
5.95	0.05001686543153311
5.96	0.049689233840890044
5.97	0.049364292246497556
5.98	0.04904201411181925
5.99	0.04872237320585648
6.	0.04840534359912827
6.01	0.048090899659710654
6.0200000000000005	0.047779016049334724
6.03	0.04746966771954216
6.04	0.047162829907897094
6.05	0.04685847813425389
6.0600000000000005	0.04655658819707986
6.07	0.04625713616983127
6.08	0.04596009839738317
6.09	0.04566545149251037
6.1000000000000005	0.045373172332420705
6.11	0.04508323805533811
6.12	0.0447956260571354
6.13	0.044510313988016276
6.140000000000001	0.04422727974924491
6.15	0.043946501489923184
6.16	0.04366795760381419
6.17	0.043391626726211815
6.18	0.0431174877308549
6.19	0.0428455197268863
6.2	0.04257570205585509
6.21	0.04230801428876195
6.22	0.042042436223146774
6.23	0.0417789478802176
6.24	0.041517529502021
6.25	0.041258161548652146
6.26	0.041000824695504645
6.2700000000000005	0.04074549983055989
6.28	0.04049216805171399
6.29	0.04024081066414313
6.3	0.03999140917770579
6.3100000000000005	0.039743945304381786
6.32	0.039498400955747
6.33	0.03925475824048411
6.34	0.039012999461927836
6.3500000000000005	0.038773107115644544
6.36	0.038535063887046014
6.37	0.03829885264903627
6.38	0.0380644564596913
6.390000000000001	0.037831858559971
6.4	0.03760104237146301
6.41	0.03737199149415768
6.42	0.03714468970425427
6.43	0.03691912095199685
6.44	0.03669526935954068
6.45	0.0364731192188477
6.46	0.03625265498961101
6.47	0.036033861297208016
6.48	0.035816722930681465
6.49	0.03560122484074848
6.5	0.035387352137836364
6.51	0.035175090090145654
6.5200000000000005	0.03496442412173939
6.53	0.03475533981065847
6.54	0.034547822887062644
6.55	0.03434185923139661
6.5600000000000005	0.03413743487258129
6.57	0.03392704849212994
6.58	0.03371363994498143
6.59	0.03350189481516877
6.6000000000000005	0.033291797642436366
6.61	0.03308333313333693
6.62	0.032876486159183205
6.63	0.0326712417540276
6.640000000000001	0.032467585112669686
6.65	0.032265501588691244
6.66	0.03206497669251793
6.67	0.031865996089507596
6.68	0.03166854559806486
6.69	0.0314726111877811
6.7	0.03127817897760014
6.71	0.031085235234008628
6.72	0.030893766369251015
6.73	0.03070375893956894
6.74	0.030515199643464257
6.75	0.030328075319985586
6.76	0.030142372947038067
6.7700000000000005	0.029958079639715928
6.78	0.02977518264865727
6.79	0.029593669358421244
6.8	0.029413527285886996
6.8100000000000005	0.029234744078673807
6.82	0.02905730751358258
6.83	0.028881205495058276
6.84	0.028706426053672508
6.8500000000000005	0.028532957344626724
6.86	0.02836078764627513
6.87	0.028189905358667094
6.88	0.02802029900210932
6.890000000000001	0.02785195721574652
6.9	0.027684868756161333
6.91	0.027519022495992505
6.92	0.027354407422571333
6.93	0.02719101263657606
6.94	0.02702882735070391
6.95	0.0268678408883609
6.96	0.02670804268236826
6.97	0.026549422273686295
6.98	0.02639196931015471
6.99	0.026235673545249447
7.	0.026080524836855593
7.01	0.025926513146056634
7.0200000000000005	0.0257736285359389
7.03	0.0256218611704121
7.04	0.025471201313044683
7.05	0.025321639325914694
7.0600000000000005	0.025173165668475068
7.07	0.025025770896433947
7.08	0.02487944566064919
7.09	0.024734180706037202
7.1000000000000005	0.024589966870495854
7.11	0.024446795083841115
7.12	0.024304656366757348
7.13	0.024163541829761135
7.140000000000001	0.024023442672178215
7.15	0.02388435018113362
7.16	0.02374625573055456
7.17	0.023609150780186054
7.18	0.023473026874619142
7.19	0.02333787564233143
7.2	0.023203688794739507
7.21	0.023070458125263836
7.22	0.022938175508405167
7.23	0.022806832898832688
7.24	0.022676422330483514
7.25	0.022546935915673926
7.26	0.02241836584422135
7.2700000000000005	0.02229070438257749
7.28	0.02216394387297255
7.29	0.02203807673256988
7.3	0.021913095452631322
7.3100000000000005	0.02178899259769295
7.32	0.02166576080475122
7.33	0.02154339278245903
7.34	0.021421881310331934
7.3500000000000005	0.021301219237964176
7.36	0.021181399484254494
7.37	0.02106241503664137
7.38	0.02094425895034793
7.390000000000001	0.02082692434763603
7.4	0.020710404417069637
7.41	0.020594692412787226
7.42	0.0204797816537831
7.43	0.020365665523197685
7.44	0.020252337467616364
7.45	0.02013979099637697
7.46	0.020028019680885835
7.47	0.01991701715394205
7.48	0.019806777109070087
7.49	0.01969729329986046
7.5	0.019588559539318585
7.51	0.019480569699221302
7.5200000000000005	0.01937331770948137
7.53	0.01926679755751979
7.54	0.019158452842140038
7.55	0.019046549868935815
7.5600000000000005	0.018935447334295995
7.57	0.01882513846526152
7.58	0.01871561655502285
7.59	0.01860687496218767
7.6000000000000005	0.01849890711005798
7.61	0.018391706485915704
7.62	0.018285266640317474
7.63	0.018179581186397856
7.640000000000001	0.01807464379918125
7.65	0.01797044821490225
7.66	0.017866988230334283
7.67	0.017764257702126564
7.68	0.017662250546149068
7.69	0.017560960736845606
7.7	0.017460382306594645
7.71	0.017360509345078202
7.72	0.017261335998658017
7.73	0.017162856469759732
7.74	0.017065065016264206
7.75	0.016967955950906447
7.76	0.016871523640681767
7.7700000000000005	0.016775762506258913
7.78	0.016680667021400676
7.79	0.016586231712391153
7.8	0.016492451157470042
7.8100000000000005	0.016399319986273798
7.82	0.016306832879283372
7.83	0.01621498456727877
7.84	0.016123769830799887
7.8500000000000005	0.01603318349961405
7.86	0.015943220452189814
7.87	0.015853875615177
7.88	0.015765143962893014
7.890000000000001	0.01567702051681534
7.9	0.015589500345079835
7.91	0.01550257856198526
7.92	0.015416250327503567
7.930000000000001	0.015330510846795925
7.94	0.015245355369734639
7.95	0.0151607791904305
7.96	0.015076777646766047
7.97	0.014993346119933929
7.98	0.014910480033980994
7.99	0.014828174855357729
8.	0.014746426092472752
8.01	0.014665229295252888
8.02	0.014584580054708056
8.03	0.014504474002501516
8.040000000000001	0.01442490681052495
8.05	0.01434587419047869
8.06	0.014267371893456643
8.07	0.01418939570953616
8.08	0.01411194146737271
8.09	0.014035005033799163
8.1	0.013958582313429837
8.11	0.013882669248268998
8.120000000000001	0.01380726181732405
8.13	0.013732356036223015
8.14	0.013657947956836657
8.15	0.013584033666904723
8.16	0.013510609289666638
8.17	0.013437670983496477
8.18	0.013365214941541989
8.19	0.013293237391367877
8.2	0.013221734594603149
8.21	0.013150702846592494
8.22	0.013080138476051608
8.23	0.013010037844726492
8.24	0.012940397347056735
8.25	0.01287121340984241
8.26	0.012802482491914976
8.27	0.012734201083811764
8.28	0.012666365707454294
8.290000000000001	0.012598972915830151
8.3	0.012532019292678416
8.31	0.012465501452178873
8.32	0.012399416038644426
8.33	0.012333759726217242
8.34	0.012268529218568148
8.35	0.012203721248599602
8.36	0.0121393325781517
8.370000000000001	0.012075359997711834
8.38	0.012011800326127371
8.39	0.011948650410321622
8.4	0.011885907125012998
8.41	0.01182356737243729
8.42	0.011761628082073117
8.43	0.011700086210370273
8.44	0.011638938740481256
8.45	0.011578182681995782
8.46	0.011517815070678096
8.47	0.011457832968207373
8.48	0.011398233461920869
8.49	0.011339013664560086
8.5	0.011280170714019459
8.51	0.011221701773098123
8.52	0.01116360402925424
8.53	0.011105874694362076
8.540000000000001	0.011048511004471758
8.55	0.010991510219571695
8.56	0.010934869623353523
8.57	0.010878586522979775
8.58	0.010822658248853928
8.59	0.01076708215439312
8.6	0.010711855615803205
8.61	0.010656976031856417
8.620000000000001	0.010602440823671348
8.63	0.010548247434495315
8.64	0.010494393329489218
8.65	0.0104408759955146
8.66	0.010385207437411004
8.67	0.010328925685947284
8.68	0.010273013300214663
8.69	0.010217467434784801
8.700000000000001	0.01016228526938766
8.71	0.010107464008660683
8.72	0.010053000881900417
8.73	0.009998893142817145
8.74	0.00994513806929205
8.75	0.009891732963137244
8.76	0.00983867514985832
8.77	0.009785961978419569
8.78	0.009733590821011802
8.790000000000001	0.00968155907282271
8.8	0.009629864151809771
8.81	0.009578503498475634
8.82	0.00952747457564598
8.83	0.009476774868249835
8.84	0.00942640188310225
8.85	0.009376353148689419
8.86	0.009326626214956087
8.870000000000001	0.009277218653095325
8.88	0.009228128055340575
8.89	0.009179352034759943
8.9	0.009130888225052808
8.91	0.009082734280348548
8.92	0.009034887875007508
8.93	0.008987346703424102
8.94	0.008940108479832088
8.950000000000001	0.008893170938111889
8.96	0.008846531831600061
8.97	0.008800188932900783
8.98	0.00875414003369937
8.99	0.008708382944577809
9.	0.008662915494832349
9.01	0.008617735532292906
9.02	0.008572840923144531
9.03	0.008528229551750761
9.040000000000001	0.008483899320478848
9.05	0.008439848149526833
9.06	0.008396073976752553
9.07	0.008352574757504406
9.08	0.008309348464453935
9.09	0.008266393087430187
9.1	0.008223706633255893
9.11	0.008181287125585308
9.120000000000001	0.008139132604743835
9.13	0.008097241127569313
9.14	0.00805561076725501
9.15	0.008014239613194302
9.16	0.00797312577082689
9.17	0.007932267361486823
9.18	0.007891662522251923
9.19	0.007851309405794938
9.200000000000001	0.007811206180236215
9.21	0.007771351028997948
9.22	0.00773174215065987
9.23	0.007692377758816582
9.24	0.007653256081936344
9.25	0.007614375363221238
9.26	0.007575733860468952
9.27	0.0075373298459359035
9.28	0.00749916160620184
9.290000000000001	0.007461227442035833
9.3	0.007423525668263643
9.31	0.007386054613636558
9.32	0.007348812620701457
9.33	0.007311798045672336
9.34	0.007275009258303143
9.35	0.007238444641761864
9.36	0.007202102592506025
9.370000000000001	0.007165981520159359
9.38	0.007130079847389874
9.39	0.0070943960097890535
9.4	0.007058928455752388
9.41	0.007023675646361116
9.42	0.0069886360552651695
9.43	0.0069538081685673395
9.44	0.006919190484708595
9.450000000000001	0.006884781514354633
9.46	0.006850579780283537
9.47	0.006816583817274627
9.48	0.006782792171998398
9.49	0.006749203402907664
9.5	0.006715816080129696
9.51	0.0066826287853595685
9.52	0.006649640111754527
9.53	0.006616848663829468
9.540000000000001	0.006584253057353419
9.55	0.006551851919247157
9.56	0.00651964388748178
9.57	0.006487627610978392
9.58	0.006455801749508684
9.59	0.006424164973596676
9.6	0.006392715964421285
9.61	0.006361453413720012
9.620000000000001	0.006330376023693509
9.63	0.006299482506911155
9.64	0.006268771586217572
9.65	0.006238241994640043
9.66	0.006207892475296937
9.67	0.006177721781306964
9.68	0.00614772867569939
9.69	0.006117911931325148
9.700000000000001	0.006088270330768813
9.71	0.006058802666261479
9.72	0.0060295077395945
9.73	0.006000384362034071
9.74	0.0059714313542366775
9.75	0.005942647546165393
9.76	0.005914031777006979
9.77	0.005885582895089836
9.78	0.005857299757802742
9.790000000000001	0.00582918123151442
9.8	0.005801226191493898
9.81	0.005773433521831626
9.82	0.005745802115361398
9.83	0.005718330873583043
9.84	0.005691018706585884
9.85	0.005663864532972898
9.86	0.005636867279785728
9.870000000000001	0.005610025882430292
9.88	0.005583339284603255
9.89	0.005556806438219118
9.9	0.005530426303338098
9.91	0.005504197848094653
9.92	0.005478120048626729
9.93	0.005452191889005736
9.94	0.0054254030060239275
9.950000000000001	0.005397855251351093
9.96	0.005370474833609982
9.97	0.005343260569843027
9.98	0.005316211286629912
9.99	0.005289325820001252
10.	0.005262603015353073
10.01	0.00523604172736224
10.02	0.005209640819902656
10.03	0.0051833991659623385
10.040000000000001	0.00515731564756133
10.05	0.005131389155670405
10.06	0.005105618590130597
10.07	0.005080002859573556
10.08	0.005054540881342653
10.09	0.005029231581414879
10.1	0.005004073894323587
10.11	0.004979066763081878
10.120000000000001	0.004954209139106869
10.13	0.00492949998214463
10.14	0.004904938260195929
10.15	0.004880522949442635
10.16	0.004856253034174918
10.17	0.004832127506719129
10.18	0.004808145367366398
10.19	0.004784305624301961
10.200000000000001	0.00476060729353514
10.21	0.004737049398830049
10.22	0.00471363097163696
10.23	0.004690351051024333
10.24	0.004667208683611571
10.25	0.004644202923502334
10.26	0.004621332832218607
10.27	0.004598597478635347
10.28	0.004575995938915805
10.290000000000001	0.004553527296447449
10.3	0.004531190641778534
10.31	0.004508985072555278
10.32	0.004486909693459665
10.33	0.004464963616147824
10.34	0.004443145959189042
10.35	0.0044214558480053364
10.36	0.004399892414811651
10.370000000000001	0.004378454798556574
10.38	0.004357142144863685
10.39	0.0043359536059734485
10.4	0.004314888340685664
10.41	0.004293945514302463
10.42	0.004273124298571878
10.43	0.0042524238716319645
10.44	0.0042318434179553915
10.450000000000001	0.004211382128294652
10.46	0.004191039199627748
10.47	0.004170813835104417
10.48	0.004150705243992838
10.49	0.004130712641626917
10.5	0.004110835249354013
10.51	0.004091072294483173
10.52	0.004071423010233901
10.53	0.00405188663568537
10.540000000000001	0.00403246241572615
10.55	0.0040131496010043805
10.56	0.00399394744787846
10.57	0.003974855218368176
10.58	0.003955872180106293
10.59	0.003936997606290621
10.6	0.0039182307756365255
10.61	0.0038995709723298913
10.620000000000001	0.0038810174859805263
10.63	0.0038625696115760118
10.64	0.0038442266494359886
10.65	0.003825987905166864
10.66	0.003807852689616949
10.67	0.003789820318832039
10.68	0.0037718901140113776
10.69	0.0037540614014640516
10.700000000000001	0.003736333512565804
10.71	0.00371870578371625
10.72	0.0037011775562964607
10.73	0.0036837481766269814
10.74	0.0036664169959262486
10.75	0.003649183370269351
10.76	0.003632046660547218
10.77	0.0036150062324261643
10.78	0.0035980614563078323
10.790000000000001	0.0035812117072894782
10.8	0.0035644563651246585
10.81	0.0035477948141842625
10.82	0.0035312264434179115
10.83	0.003514750646315709
10.84	0.0034983668208703666
10.85	0.003482074369539659
10.86	0.0034658726992092305
10.870000000000001	0.003449761221155748
10.88	0.0034337393510104008
10.89	0.003417806508722733
10.9	0.0034019621185247873
10.91	0.0033862056088956177
10.92	0.0033705364125261126
10.93	0.0033549539662841156
10.94	0.0033394577111799015
10.950000000000001	0.0033240470923319664
10.96	0.0033087215589330974
10.97	0.0032934805642167993
10.98	0.0032783235654239885
10.99	0.0032632500237700273
11.	0.0032482594044120168
11.01	0.0032333511764164324
11.02	0.0032185248127270145
11.03	0.003203779790132997
11.040000000000001	0.0031891155892375704
11.05	0.003174531694426674
11.06	0.0031600275938380644
11.07	0.00314560277933064
11.08	0.0031312567464540702
11.09	0.003116988994418687
11.1	0.0031027990260656707
11.11	0.0030886863478374535
11.120000000000001	0.00307465046974845
11.13	0.003060690905356023
11.14	0.0030468071717316986
11.15	0.0030329987894326745
11.16	0.003019265282473551
11.17	0.0030056061782983423
11.18	0.002992021007752726
11.19	0.002978509305056528
11.200000000000001	0.0029650706077765086
11.21	0.002951704456799308
11.22	0.002938410396304706
11.23	0.002925187973739093
11.24	0.0029120367397891763
11.25	0.0028989562483559225
11.26	0.002885946056528738
11.27	0.0028730057245598766
11.28	0.002860134815839077
11.290000000000001	0.0028473328968684096
11.3	0.002834599537237376
11.31	0.0028219343095982103
11.32	0.0028093367896414095
11.33	0.0027968065560714486
11.34	0.0027843431905827756
11.35	0.0027719462778359573
11.36	0.002759615405434057
11.370000000000001	0.0027473501638992383
11.38	0.002735150146649541
11.39	0.002723014949975907
11.4	0.0027109441730193504
11.41	0.002698591341619657
11.42	0.0026856227974103777
11.43	0.002672727845079934
11.44	0.0026599060031828412
11.450000000000001	0.002647156793840189
11.46	0.002634479742710141
11.47	0.0026218743789586728
11.48	0.0026093402352306344
11.49	0.0025968768476210364
11.5	0.002584483755646595
11.51	0.002572160502217566
11.52	0.0025599066336098107
11.53	0.0025477216994371174
11.540000000000001	0.0025356052526237928
11.55	0.0025235568493774748
11.56	0.002511576049162218
11.57	0.002499662414671797
11.58	0.002487815511803278
11.59	0.0024760349096308075
11.6	0.0024643201803796564
11.61	0.0024526708994004687
11.620000000000001	0.002441086645143792
11.63	0.0024295669991347773
11.64	0.002418111545948161
11.65	0.0024067198731834304
11.66	0.0023953915714402447
11.67	0.0023841262342940432
11.68	0.0023729234582719138
11.69	0.0023617828428286387
11.700000000000001	0.0023507039903229747
11.71	0.002339686505994148
11.72	0.002328729997938541
11.73	0.002317834077086614
11.74	0.002306998357180003
11.75	0.0022962224547488546
11.76	0.0022855059890893314
11.77	0.002274848582241336
11.78	0.0022642498589664347
11.790000000000001	0.0022537094467259566
11.8	0.00224322697565932
11.81	0.0022328020785625227
11.82	0.0022224343908668373
11.83	0.0022121235506176898
11.84	0.0022018691984537217
11.85	0.0021916709775860596
11.86	0.002181528533777727
11.870000000000001	0.0021714415153232824
11.88	0.0021614095730285985
11.89	0.002151432360190855
11.9	0.0021415095325786775
11.91	0.002131640748412471
11.92	0.0021218256683449037
11.93	0.0021120639554416025
11.94	0.002102355275161971
11.950000000000001	0.0020926992953402028
11.96	0.0020830956861664688
11.97	0.0020735441201682366
11.98	0.002064044272191786
11.99	0.0020545958193838687
12.	0.002045198441173536
12.01	0.0020358518192541133
12.02	0.002026555637565346
12.030000000000001	0.002017309582275698
12.040000000000001	0.002008113341764796
12.05	0.0019989666066060298
12.06	0.001989869069549314
12.07	0.0019808204255039813
12.08	0.0019718203715218385
12.09	0.0019628686067803716
12.1	0.00195396483256607
12.11	0.0019451087522579405
12.120000000000001	0.0019363000713111154
12.13	0.0019275384972406383
12.14	0.0019188237396053696
12.15	0.0019101555099920403
12.16	0.0019015335219994412
12.17	0.001892957491222739
12.18	0.0018844271352379544
12.19	0.0018759421735865364
12.200000000000001	0.0018675023277600913
12.21	0.001859107321185249
12.22	0.00185075687920864
12.23	0.0018424507290820166
12.24	0.0018341885999474822
12.25	0.001825970222822884
12.26	0.0018177953305872794
12.27	0.001809663657966575
12.280000000000001	0.0018015749415192543
12.290000000000001	0.0017935289196222457
12.3	0.0017855253324569036
12.31	0.0017775639219951066
12.32	0.0017696444319854855
12.33	0.0017617666079397544
12.34	0.001753930197119159
12.35	0.0017461349485210595
12.36	0.0017383806128655984
12.370000000000001	0.0017306669425824995
12.38	0.001722993691797978
12.39	0.001715360616321758
12.4	0.0017077674736341918
12.41	0.001700214022873502
12.42	0.001692700024823128
12.43	0.001685225241899167
12.44	0.0016777894381379366
12.450000000000001	0.0016703923791836295
12.46	0.0016630338322760926
12.47	0.0016557135662386752
12.48	0.0016484313514662076
12.49	0.001641186959913073
12.5	0.0016339801650813736
12.51	0.001626810742009202
12.52	0.0016196784672590022
12.530000000000001	0.0016125831189060494
12.540000000000001	0.0016055244765269953
12.55	0.001598502321188533
12.56	0.0015915164354361432
12.57	0.001584566603282948
12.58	0.0015776526101986378
12.59	0.0015707742430985069
12.6	0.001563931290332582
12.61	0.0015571235416748182
12.620000000000001	0.0015503507883124136
12.63	0.001543612822835191
12.64	0.0015369094392250848
12.65	0.0015302404328456933
12.66	0.0015236056004319458
12.67	0.0015170047400798285
12.68	0.0015104376512362096
12.69	0.0015039041346887466
12.700000000000001	0.0014974039925558732
12.71	0.001490937028276878
12.72	0.0014845030466020485
12.73	0.0014781018535829121
12.74	0.00147173325656255
12.75	0.0014653970641659922
12.76	0.0014590930862906895
12.77	0.0014528211340970668
12.780000000000001	0.0014465810199991525
12.790000000000001	0.0014403725576552868
12.8	0.001434195561958894
12.81	0.0014280498490293542
12.82	0.001421935236202929
12.83	0.001415851542023762
12.84	0.0014097985862349689
12.85	0.001403776189769786
12.86	0.0013977841747427914
12.870000000000001	0.0013918223644412055
12.88	0.0013858905833162556
12.89	0.0013799886569746185
12.9	0.0013741164121699172
12.91	0.0013682736767943033
12.92	0.0013624602798701048
12.93	0.0013566760515415263
12.94	0.0013509208230664388
12.950000000000001	0.0013451944268082154
12.96	0.0013394966962276592
12.97	0.0013338274658749579
12.98	0.00132818657138174
12.99	0.001322573849453178
13.	0.0013169891378601553
13.01	0.0013114322754315
13.02	0.0013059031020462792
13.030000000000001	0.0013004014586261606
13.040000000000001	0.0012949271871278202
13.05	0.0012894801305354327
13.06	0.0012840601328532055
13.07	0.00127866703909798
13.08	0.0012733006952918868
13.09	0.0012679609484550689
13.1	0.001262471329739715
13.11	0.0012566714818108777
13.120000000000001	0.0012509026705004914
13.13	0.0012451647062565038
13.14	0.0012394574008276335
13.15	0.0012337805672534513
13.16	0.0012281340198545632
13.17	0.0012225175742228685
13.18	0.001216931047211895
13.19	0.001211374256927225
13.200000000000001	0.0012058470227169903
13.21	0.001200349165162458
13.22	0.0011948805060686813
13.23	0.0011894408684552415
13.24	0.0011840300765470562
13.25	0.0011786479557652728
13.26	0.0011732943327182274
13.27	0.0011679690351924915
13.280000000000001	0.0011626718921439816
13.290000000000001	0.0011574027336891477
13.3	0.001152161391096235
13.31	0.0011469476967766188
13.32	0.0011417614842762034
13.33	0.0011366025882669035
13.34	0.001131470844538186
13.35	0.001126366089988692
13.36	0.0011212881626179168
13.370000000000001	0.001116236901517959
13.38	0.0011112121468653566
13.39	0.00110621373991296
13.4	0.0011012415229818974
13.41	0.0010962953394535874
13.42	0.0010913750337618352
13.43	0.0010864804513849792
13.44	0.001081611438838107
13.450000000000001	0.001076767843665338
13.46	0.0010719495144321622
13.47	0.0010671563007178502
13.48	0.0010623880531079174
13.49	0.001057644623186653
13.5	0.0010529258635297166
13.51	0.0010482316276967751
13.52	0.001043561770224231
13.530000000000001	0.0010389161466179775
13.540000000000001	0.0010342946133462315
13.55	0.001029697027832425
13.56	0.001025123248448139
13.57	0.0010205731345061199
13.58	0.0010160465462533252
13.59	0.001011543344864045
13.6	0.0010070633924330716
13.61	0.001002606551968924
13.620000000000001	0.0009981726873871286
13.63	0.0009937616635035565
13.64	0.0009893733460278095
13.65	0.0009850076015566647
13.66	0.0009806642975675672
13.67	0.0009763433024121791
13.68	0.0009720444853099784
13.69	0.0009677677163419088
13.700000000000001	0.0009635128664440837
13.71	0.000959279807401536
13.72	0.0009550684118420254
13.73	0.0009508785532298843
13.74	0.0009467101058599249
13.75	0.000942562944851387
13.76	0.0009384369461419371
13.77	0.0009343319864817162
13.780000000000001	0.0009302479434274341
13.790000000000001	0.0009261846953365093
13.8	0.0009221421213612627
13.81	0.0009181201014431445
13.82	0.0009141185163070207
13.83	0.0009101372474554987
13.84	0.0009061761771632956
13.85	0.0009022351884716587
13.86	0.0008983141651828231
13.870000000000001	0.000894412991854516
13.88	0.0008905315537945083
13.89	0.0008866697370552012
13.9	0.0008828274284282647
13.91	0.0008790045154393103
13.92	0.0008752008863426148
13.93	0.0008714164301158757
13.94	0.0008676510364550188
13.950000000000001	0.0008639045957690342
13.96	0.0008601769991748674
13.97	0.0008564681384923377
13.98	0.000852777906239106
13.99	0.0008491061956256762
14.	0.0008454529005504396
14.01	0.0008418179155947576
14.02	0.000838201136018078
14.030000000000001	0.0008346024577530999
14.040000000000001	0.0008310217774009662
14.05	0.0008274589922265014
14.06	0.0008239140001534816
14.07	0.0008203866997599412
14.08	0.0008168769902735252
14.09	0.0008133847715668649
14.1	0.0008099099441529971
14.11	0.0008064524091808208
14.120000000000001	0.000803012068430584
14.13	0.0007995888243094093
14.14	0.0007961825798468513
14.15	0.0007927932386904958
14.16	0.0007894207051015813
14.17	0.0007860648839506638
14.18	0.0007827256807133129
14.19	0.000779403001465845
14.200000000000001	0.0007760967528810772
14.21	0.0007728068422241278
14.22	0.0007695331773482473
14.23	0.0007662756666906708
14.24	0.0007630342192685156
14.25	0.0007598087446747022
14.26	0.0007565991530739131
14.27	0.0007534053551985769
14.280000000000001	0.0007502272623448837
14.290000000000001	0.0007470647863688399
14.3	0.0007439178396823403
14.31	0.0007407863352492804
14.32	0.0007376701865816929
14.33	0.0007345693077359199
14.34	0.0007314836133088073
14.35	0.0007284130184339334
14.36	0.0007253574387778647
14.370000000000001	0.0007223167905364411
14.38	0.0007192909904310874
14.39	0.0007162799557051565
14.4	0.0007132836041202994
14.41	0.0007103018539528595
14.42	0.0007073346239902991
14.43	0.0007043818335276528
14.44	0.0007014434023640048
14.450000000000001	0.0006985192507989926
14.46	0.0006956092996293444
14.47	0.0006927134701454328
14.48	0.0006898316841278669
14.49	0.0006869638638440939
14.5	0.000684109932045043
14.51	0.0006812698119617878
14.52	0.0006784434273022285
14.530000000000001	0.0006756307022478082
14.540000000000001	0.0006728315614502511
14.55	0.0006700459300283248
14.56	0.0006672737335646237
14.57	0.0006645148981023861
14.58	0.0006617693501423227
14.59	0.0006590370166394805
14.6	0.0006563178250001238
14.61	0.0006536117030786405
14.620000000000001	0.0006509185791744735
14.63	0.0006482383820290698
14.64	0.0006455710408228596
14.65	0.0006429164851722536
14.66	0.0006402746451266634
14.67	0.0006376454511655448
14.68	0.000635028834195464
14.69	0.0006324247255471851
14.700000000000001	0.0006298330569727777
14.71	0.0006272537606427526
14.72	0.0006246867691432074
14.73	0.0006221320154730068
14.74	0.0006195894330409717
14.75	0.0006170589556630998
14.76	0.0006145405175598005
14.77	0.0006120340533531505
14.780000000000001	0.0006095394980641744
14.790000000000001	0.0006070567871101382
14.8	0.0006045858563018744
14.81	0.0006021266418411125
14.82	0.000599679080317841
14.83	0.0005972431087076839
14.84	0.0005948186643692968
14.85	0.0005924056850417868
14.86	0.0005900041088421411
14.870000000000001	0.0005876138742626863
14.88	0.0005852349201685621
14.89	0.000582867185795208
14.9	0.00058051061074588
14.91	0.0005781651349891758
14.92	0.0005758306988565824
14.93	0.0005735072430400408
14.94	0.0005711947085895315
14.950000000000001	0.0005688930369106721
14.96	0.0005666021697623376
14.97	0.0005643220492542973
14.98	0.0005620526178448656
14.99	0.0005597938183385771
15.	0.0005575455938838691
15.01	0.0005553078879707904
15.02	0.0005530806444287218
15.030000000000001	0.0005508638074241137
15.040000000000001	0.0005486095453676984
15.05	0.0005462606206117171
15.06	0.0005439233032244079
15.07	0.0005415975281968156
15.08	0.0005392832309268701
15.09	0.0005369803472165684
15.1	0.0005346888132691865
15.11	0.0005324085656865042
15.120000000000001	0.0005301395414660544
15.13	0.0005278816779983978
15.14	0.0005256349130644075
15.15	0.0005233991848325844
15.16	0.0005211744318563855
15.17	0.000518960593071579
15.18	0.0005167576077936124
15.19	0.0005145654157150057
15.200000000000001	0.0005123839569027635
15.21	0.0005102131717958011
15.22	0.0005080530012023995
15.23	0.0005059033862976692
15.24	0.0005037642686210425
15.25	0.0005016355900737769
15.26	0.0004995172929164822
15.27	0.0004974093197666638
15.280000000000001	0.0004953116135962853
15.290000000000001	0.0004932241177293484
15.3	0.0004911467758394913
15.31	0.0004890795319476074
15.32	0.0004870223304194752
15.33	0.0004849751159634154
15.34	0.0004829378336279574
15.35	0.00048091042879952576
15.36	0.00047889284720014594
15.370000000000001	0.0004768850348851645
15.38	0.0004748869382409875
15.39	0.0004728985039828341
15.4	0.0004709196791525095
15.41	0.00046895041111619376
15.42	0.00046699064756224436
15.43	0.0004650403364990172
15.44	0.00046309942625270535
15.450000000000001	0.00046116786546518916
15.46	0.0004592456030919077
15.47	0.00045733258839974106
15.48	0.0004554287709649139
15.49	0.00045353410067090565
15.5	0.00045164852770638697
15.51	0.00044977200256316325
15.52	0.000447904476034136
15.530000000000001	0.0004460458992112802
15.540000000000001	0.0004441962234836357
15.55	0.00044235540053531283
15.56	0.0004405233823435131
15.57	0.00043870012117656394
15.58	0.0004368855695919705
15.59	0.0004350796804344771
15.6	0.00043328240683414727
15.610000000000001	0.0004314937022044548
15.620000000000001	0.0004297135202403919
15.63	0.00042794181491658656
15.64	0.00042617854048543845
15.65	0.000424423651475266
15.66	0.0004226771026884672
15.67	0.00042093884919969384
15.68	0.00041920884635403895
15.69	0.0004174870497652398
15.700000000000001	0.00041577341531388954
15.71	0.00041406789914566526
15.72	0.00041237045766956773
15.73	0.0004106810475561745
15.74	0.00040899962573590564
15.75	0.0004073261493973002
15.76	0.00040566057598531014
15.77	0.0004040028631995986
15.780000000000001	0.00040235296899285815
15.790000000000001	0.00040071085156913853
15.8	0.00039907646938218476
15.81	0.0003974497811337894
15.82	0.0003958307457721551
15.83	0.0003942193224902723
15.84	0.00039261547072430244
15.85	0.00039101915015198085
15.860000000000001	0.00038943032069102334
15.870000000000001	0.0003878489424975503
15.88	0.00038627497596451855
15.89	0.000384708381720166
15.9	0.0003831491206264672
15.91	0.0003815971537776002
15.92	0.0003800524424984226
15.93	0.00037851494834296225
15.94	0.00037698463309291573
15.950000000000001	0.0003754614587561578
15.96	0.00037394538756526307
15.97	0.0003724363819760381
15.98	0.00037093440466606163
15.99	0.00036943941853323704
16.	0.000367951386694357
16.01	0.00036647027248367444
16.02	0.00036499603945148665
16.03	0.0003635286513627279
16.04	0.00036206807219557445
16.05	0.000360614266140055
16.06	0.00035916719759667597
16.07	0.00035772683117505304
16.080000000000002	0.0003562931316925558
16.09	0.0003548660641729581
16.1	0.0003534455938450995
16.11	0.0003520316861415595
16.12	0.00035059742688286957
16.13	0.000349161819151911
16.14	0.0003477329741600837
16.15	0.0003463108558895686
16.16	0.00034489542853650507
16.17	0.00034348665650958904
16.18	0.0003420845044286828
16.19	0.00034068893712342933
16.2	0.00033929991963188154
16.21	0.00033791741719914006
16.22	0.0003365413952759998
16.23	0.0003351718195176078
16.240000000000002	0.00033380865578212755
16.25	0.00033245187012941686
16.26	0.00033110142881971345
16.27	0.000329757298312328
16.28	0.0003284194452643489
16.29	0.00032708783652935706
16.3	0.00032576243915614553
16.31	0.00032444322038745335
16.32	0.00032313014765870555
16.330000000000002	0.0003218231885967616
16.34	0.00032052231101867523
16.35	0.0003192274829304601
16.36	0.00031793867252586706
16.37	0.0003166558481851687
16.38	0.0003153789784739509
16.39	0.0003141080321419155
16.4	0.00031284297812169234
16.41	0.0003115837855276538
16.42	0.0003103304236547459
16.43	0.00030908286197732065
16.44	0.00030784107014798084
16.45	0.00030660501799643116
16.46	0.0003053746755283385
16.47	0.00030415001292419854
16.48	0.0003029310005382126
16.490000000000002	0.00030171760889716995
16.5	0.0003005098086993409
16.51	0.0002993075708133746
16.52	0.00029811086627720625
16.53	0.0002969196662969722
16.54	0.0002957339422459326
16.55	0.000294553665663399
16.56	0.00029337880825367407
16.57	0.0002922093418849954
16.580000000000002	0.000291045238588487
16.59	0.00028988647055711947
16.6	0.00028873301014467633
16.61	0.00028758482986472866
16.62	0.00028644190238961455
16.63	0.00028530420054942863
16.64	0.00028417169733101715
16.65	0.0002830443658769794
16.66	0.00028192217948467814
16.67	0.0002808051116052539
16.68	0.00027969313584264976
16.69	0.0002785862259526397
16.7	0.0002774843558418657
16.71	0.00027638749956688033
16.72	0.00027529563133319655
16.73	0.00027420872549434436
16.740000000000002	0.00027312675655093486
16.75	0.0002720496991497261
16.76	0.00027097752808270256
16.77	0.0002699102182861554
16.78	0.00026884774483977147
16.79	0.0002677900829657276
16.8	0.0002667372080277937
16.81	0.00026568909553043664
16.82	0.0002646457211179365
16.830000000000002	0.00026360706057350505
16.84	0.0002625730898184118
16.85	0.00026154378491111455
16.86	0.0002605191220463977
16.87	0.00025949907755451625
16.88	0.0002584836279003449
16.89	0.0002574727496825326
16.9	0.0002564664196326644
16.91	0.00025546461461442745
16.92	0.00025446731162278484
16.93	0.00025347448778315236
16.94	0.000252486120350583
16.95	0.00025150218670895653
16.96	0.00025052266437017355
16.97	0.0002495475309733571
16.98	0.00024857676428405746
16.990000000000002	0.0002476103421934643
17.	0.0002466482427176227
17.01	0.0002456904439966555
17.02	0.0002447369242939914
17.03	0.00024378766199559588
17.04	0.00024284263560920977
17.05	0.00024190182376359365
17.06	0.00024096520520777348
17.07	0.00024003275881029592
17.080000000000002	0.00023910446355848486
17.09	0.0002381802985577076
17.1	0.00023726024303063965
17.11	0.00023634427631654025
17.12	0.000235432377870531
17.13	0.00023452452726287695
17.14	0.00023362070417827665
17.150000000000002	0.00023272088841515306
17.16	0.00023182505988495315
17.17	0.00023093319861144902
17.18	0.00023004528473004413
17.19	0.00022916129848708707
17.2	0.0002282812202391858
17.21	0.00022740503045253052
17.22	0.00022653270970221713
17.23	0.00022566423867157958
17.240000000000002	0.00022479959815152267
17.25	0.00022393876903986117
17.26	0.00022308173234066476
17.27	0.0002222287815465725
17.28	0.00022137985441088285
17.29	0.0002205346585511161
17.3	0.0002196931754234114
17.31	0.0002188553865867085
17.32	0.00021802127370212161
17.330000000000002	0.00021719081853231357
17.34	0.00021636400294087598
17.35	0.00021554080889171233
17.36	0.00021472121844842614
17.37	0.00021390521377371324
17.38	0.0002130927771287565
17.39	0.00021228389087262669
17.400000000000002	0.00021147853746168673
17.41	0.00021067669944899924
17.42	0.00020987835948373782
17.43	0.0002090835003106036
17.44	0.00020829210476924501
17.45	0.00020750415579368138
17.46	0.00020671963641172902
17.47	0.00020593852974443367
17.48	0.00020516081900550515
17.490000000000002	0.00020438648750075648
17.5	0.00020361551862754467
17.51	0.00020284789587421897
17.52	0.00020208360281956888
17.53	0.0002013226231322782
17.54	0.00020056494057038238
17.55	0.000199810538980729
17.56	0.0001990594022984407
17.57	0.00019831151454638492
17.580000000000002	0.00019756685983464338
17.59	0.0001968254223599879
17.6	0.00019608718640535752
17.61	0.00019535213633934144
17.62	0.000194620256615662
17.63	0.00019389153177266555
17.64	0.00019316594643281176
17.650000000000002	0.00019244348530217108
17.66	0.00019172413316992072
17.67	0.00019100787490784833
17.68	0.00019029469546985532
17.69	0.00018958457989146657
17.7	0.0001888775132893411
17.71	0.00018817348086078614
17.72	0.00018747246788327653
17.73	0.0001867744597139732
17.740000000000002	0.00018607944178924995
17.75	0.00018538739962421902
17.76	0.00018469831881226138
17.77	0.0001840121850245607
17.78	0.00018332898400963912
17.79	0.00018264870159289762
17.8	0.00018197132367615699
17.81	0.00018129683623720446
17.82	0.00018062522532934114
17.830000000000002	0.00017995647708093413
17.84	0.00017929057769497015
17.85	0.00017862751344861253
17.86	0.0001779672706927618
17.87	0.00017730983585161774
17.88	0.00017665519542224534
17.89	0.0001760033359741436
17.900000000000002	0.0001753542441488163
17.91	0.0001747079066593462
17.92	0.00017406431028997194
17.93	0.0001734234418956679
17.94	0.00017278528840172498
17.95	0.00017214983680333758
17.96	0.00017151707416518999
17.97	0.0001708869876210463
17.98	0.00017025956437334512
17.990000000000002	0.00016963479169279286
18.	0.00016901265691796354
18.01	0.0001683931474548984
18.02	0.00016777625077671096
18.03	0.00016716195442318982
18.04	0.00016655024600041073
18.05	0.00016594111318034486
18.06	0.0001653345437004727
18.07	0.00016473052536340125
18.080000000000002	0.00016412904603648008
18.09	0.00016353009365142462
18.1	0.00016293365620393768
18.11	0.00016233972175333538
18.12	0.000161748278422176
18.13	0.0001611593143958893
18.14	0.00016057281792241
18.150000000000002	0.00015998877731181253
18.16	0.00015940718093594903
18.17	0.0001588280172280878
18.18	0.00015825127468255718
18.19	0.0001576769418543891
18.2	0.00015710500735896407
18.21	0.0001565354598716638
18.22	0.00015596828812751768
18.23	0.00015540348092085991
18.240000000000002	0.00015484102710498342
18.25	0.00015428091559179712
18.26	0.0001537231353514865
18.27	0.0001531676754121759
18.28	0.00015261452485959163
18.29	0.00015206367283672906
18.3	0.00015151510854352157
18.31	0.00015096882123650943
18.32	0.00015042480022851406
18.330000000000002	0.00014988303488831174
18.34	0.00014934351464031045
18.35	0.00014880622896422946
18.36	0.00014827116739477844
18.37	0.00014773831952134215
18.38	0.00014720767498766418
18.39	0.00014667922349153364
18.400000000000002	0.00014615295478447518
18.41	0.000145628858671438
18.42	0.0001451069250104894
18.43	0.0001445871437125098
18.44	0.00014406950474088896
18.45	0.0001435539981112235
18.46	0.00014304061389101868
18.47	0.0001425293421993902
18.48	0.0001420201732067674
18.490000000000002	0.0001415130971346007
18.5	0.00014100864812529267
18.51	0.00014051501277674103
18.52	0.00014002337073484657
18.53	0.0001395337128808207
18.54	0.00013904603014247913
18.55	0.00013856031349397842
18.56	0.0001380765539555556
18.57	0.00013759474259326693
18.580000000000002	0.0001371148705187309
18.59	0.00013663692888887018
18.6	0.00013616090890565768
18.61	0.0001356868018158628
18.62	0.00013521459891079824
18.63	0.00013474429152607168
18.64	0.00013427587104133444
18.650000000000002	0.0001338093288800365
18.66	0.00013334465650917897
18.67	0.00013288184543907018
18.68	0.0001324208872230834
18.69	0.00013196177345741516
18.7	0.00013150449578084504
18.71	0.00013104904587449742
18.72	0.00013059541546160534
18.73	0.00013014359630727387
18.740000000000002	0.0001296935802182466
18.75	0.0001292453590426737
18.76	0.00012879892466987895
18.77	0.00012835426903013244
18.78	0.00012791138409441944
18.79	0.00012747026187421637
18.8	0.0001270308944212623
18.81	0.0001265932738273371
18.82	0.0001261573922240374
18.830000000000002	0.00012572324178255535
18.84	0.00012529081471345841
18.85	0.00012486010326647067
18.86	0.0001244310997302556
18.87	0.00012400379643219913
18.88	0.0001235781857381962
18.89	0.00012315426005243558
18.900000000000002	0.0001227320118171889
18.91	0.00012231143351259925
18.92	0.00012189251765647125
18.93	0.00012147525680406349
18.94	0.0001210596435478803
18.95	0.00012064567051746667
18.96	0.00012023333037920389
18.97	0.00011982261583610467
18.98	0.00011941351962761286
18.990000000000002	0.00011900603452940095
19.	0.00011860015335317191
19.01	0.00011819586894645863
19.02	0.00011779317419242874
19.03	0.00011739206200968722
19.04	0.00011699252535208117
19.05	0.00011659455720850749
19.06	0.00011619815060271853
19.07	0.00011580329859313216
19.080000000000002	0.00011540999427264004
19.09	0.00011501823076841985
19.1	0.0001146280012417464
19.11	0.00011423929888780486
19.12	0.0001138521169355052
19.13	0.00011346644864729739
19.14	0.00011308228731898799
19.150000000000002	0.00011269962627955698
19.16	0.00011231845889097817
19.17	0.00011193877854803672
19.18	0.00011156057867815126
19.19	0.00011118385274119617
19.2	0.00011080859422932276
19.21	0.00011043479666678555
19.22	0.00011006245360976476
19.23	0.00010969155864619497
19.240000000000002	0.00010932210539559077
19.25	0.00010895408750887486
19.26	0.00010858749866820792
19.27	0.0001082223325868182
19.28	0.00010785858300883351
19.29	0.00010749624370911229
19.3	0.00010713530849307799
19.31	0.00010677577119655267
19.32	0.0001064176256855918
19.330000000000002	0.00010606086585632183
19.34	0.00010570548563477545
19.35	0.00010535147897673141
19.36	0.00010499883986755209
19.37	0.00010464756232202484
19.38	0.00010429764038420245
19.39	0.00010394906812724427
19.400000000000002	0.00010360183965326044
19.41	0.00010325594909315448
19.42	0.00010291139060646883
19.43	0.00010256815838122979
19.44	0.00010222624663379467
19.45	0.00010188564960869865
19.46	0.00010154636157850339
19.47	0.00010120837684364655
19.48	0.00010087168973229068
19.490000000000002	0.00010053629460017633
19.5	0.00010020218583047145
19.51	0.00009986935783362618
19.52	0.00009953780504722557
19.53	0.00009920752193584365
19.54	0.00009887850299089951
19.55	0.00009855074273051312
19.56	0.00009822423569936237
19.57	0.00009789897646854088
19.580000000000002	0.00009757495963541693
19.59	0.00009725217982349245
19.6	0.00009693063168226392
19.61	0.00009661030988708329
19.62	0.00009629120913901951
19.63	0.00009597332416472257
19.64	0.00009565664971628515
19.650000000000002	0.00009534118057110885
19.66	0.00009502691153176835
19.67	0.00009471383742587722
19.68	0.00009440195310595553
19.69	0.00009409125344929618
19.7	0.00009378173335783446
19.71	0.00009347338775801598
19.72	0.00009316621160066694
19.73	0.00009286019986086495
19.740000000000002	0.00009255534753780966
19.75	0.00009225164965469578
19.76	0.00009194910125858463
19.77	0.00009164769742027917
19.78	0.00009134743323419668
19.79	0.00009104830381824507
19.8	0.0000907503043136982
19.81	0.00009045342988507176
19.82	0.00009015767572000134
19.830000000000002	0.00008987157589035214
19.84	0.00008958933700320464
19.85	0.00008930812603078194
19.86	0.0000890279387144009
19.87	0.0000887487708151541
19.88	0.00008847061811380725
19.89	0.00008819347641069913
19.900000000000002	0.00008791734152564018
19.91	0.00008764220929781325
19.92	0.00008736807558567317
19.93	0.00008709493626684905
19.94	0.00008682278723804515
19.95	0.0000865516244149429
19.96	0.00008628144373210481
19.97	0.00008601224114287642
19.98	0.00008574401261929126
19.990000000000002	0.00008547675415197456
20.	0.00008521046175004856
20.01	0.00008494513144103791
20.02	0.00008468075927077574
20.03	0.00008441734130330974
20.04	0.00008415487362080991
20.05	0.00008389335232347582
20.06	0.0000836327735294443
20.07	0.00008337313337469887
20.080000000000002	0.00008311442801297836
20.09	0.00008285665361568631
20.1	0.00008259980637180174
20.11	0.00008234388248778914
20.12	0.00008208887818751024
20.13	0.00008183478971213504
20.14	0.00008158161332005417
20.150000000000002	0.00008132934528679169
20.16	0.0000810779819049181
20.17	0.00008082751948396345
20.18	0.00008057795435033204
20.19	0.00008032928284721684
20.2	0.00008008150133451398
20.21	0.00007983460618873898
20.22	0.0000795885938029422
20.23	0.00007934346058662529
20.240000000000002	0.0000790992029656586
20.25	0.00007885581738219745
20.26	0.00007861330029460121
20.27	0.0000783716481773507
20.28	0.000078130857520967
20.29	0.0000778909248319312
20.3	0.00007765184663260306
20.31	0.00007741361946114176
20.32	0.00007717623987142628
20.330000000000002	0.00007693970443297623
20.34	0.00007670400973087312
20.35	0.00007646915236568238
20.36	0.00007623512895337552
20.37	0.00007600193612525248
20.38	0.00007576957052786554
20.39	0.00007553802882294172
20.400000000000002	0.00007530730768730763
20.41	0.00007507740381281333
20.42	0.00007484831390625735
20.43	0.0000746200346893117
20.44	0.00007439256289844745
20.45	0.0000741658952848609
20.46	0.00007394002861439978
20.47	0.00007371495966749042
20.48	0.00007349068523906422
20.490000000000002	0.00007326720213848615
20.5	0.0000730445071894823
20.51	0.00007282259723006795
20.52	0.00007260146911247733
20.53	0.00007238111970309151
20.54	0.00007216154588236945
20.55	0.0000719427445447762
20.56	0.00007172471259871508
20.57	0.00007150744696645707
20.580000000000002	0.00007129094458407219
20.59	0.00007107520240136153
20.6	0.00007086021738178841
20.61	0.00007064598650241087
20.62	0.00007043250675381418
20.63	0.00007021977514004407
20.64	0.00007000778867853953
20.650000000000002	0.00006979654440006692
20.66	0.00006958603934865406
20.67	0.00006937627058152386
20.68	0.00006916723516903034
20.69	0.00006895893019459228
20.7	0.00006875135275462989
20.71	0.00006854449995850022
20.72	0.00006833836892843279
20.73	0.00006813295679946686
20.740000000000002	0.00006792826071938803
20.75	0.00006772427784866496
20.76	0.00006752100536038757
20.77	0.00006731844044020458
20.78	0.00006711658028626168
20.79	0.00006691542210914005
20.8	0.00006671496313179541
20.81	0.00006651520058949693
20.82	0.00006631613172976706
20.830000000000002	0.00006611775381232107
20.84	0.0000659200641090075
20.85	0.00006572305990374858
20.86	0.00006552673849248076
20.87	0.00006533109718309623
20.88	0.00006513613329538422
20.89	0.00006494184416097261
20.900000000000002	0.00006474822712327015
20.91	0.00006455527953740914
20.92	0.00006436299877018731
20.93	0.0000641713822000118
20.94	0.0000639804272168418
20.95	0.00006379013122213217
20.96	0.00006360049162877794
20.97	0.00006341150586105779
20.98	0.00006322317135457899
20.990000000000002	0.00006303548555622235
21.	0.00006284844592408667
21.01	0.00006266204992743491
21.02	0.00006247629504663932
21.03	0.00006229117877312776
21.04	0.00006210669860932972
21.05	0.00006192285206862301
21.06	0.00006173963667528058
21.07	0.00006155704996441766
21.080000000000002	0.00006137508948193921
21.09	0.00006119375278448725
21.1	0.00006101303743938945
21.11	0.000060832941024606575
21.12	0.000060653461128681955
21.13	0.00006047459535068959
21.14	0.00006029634130018295
21.150000000000002	0.00006011869659714537
21.16	0.00005994165887193851
21.17	0.000059765225765253
21.18	0.000059589394928058126
21.19	0.000059414164021552515
21.2	0.00005923953071711459
21.21	0.000059065492696253395
21.22	0.00005889204765056043
21.23	0.00005871919328165988
21.240000000000002	0.00005854692730116167
21.25	0.000058381040753457475
21.26	0.00005821580308577261
21.27	0.00005805111046979841
21.28	0.000057886960852644026
21.29	0.00005772335219011087
21.3	0.000057560282446650525
21.31	0.00005739774959532479
21.32	0.00005723575161776494
21.330000000000002	0.000057074286504131715
21.34	0.00005691335225307511
21.35	0.00005675294687169466
21.36	0.000056593068375499935
21.37	0.00005643371478837073
21.38	0.000056274884142518574
21.39	0.000056116574478446844
21.400000000000002	0.00005595878384491273
21.41	0.00005580151029888847
21.42	0.00005564475190552229
21.43	0.00005548850673810134
21.44	0.000055332772878012686
21.45	0.00005517754841470605
21.46	0.000055022831445655885
21.47	0.000054868620076324357
21.48	0.000054714912420123544
21.490000000000002	0.00005456170659837895
21.5	0.00005440900074029236
21.51	0.00005425679298290508
21.52	0.000054105081471061835
21.53	0.000053953864357373914
21.54	0.00005380313980218377
21.55	0.00005365290597352851
21.56	0.00005350316104710446
21.57	0.000053353903206231603
21.580000000000002	0.000053205130641817754
21.59	0.000053056841552324356
21.6	0.00005290903414373033
21.61	0.000052761706629498084
21.62	0.00005261485723053847
21.63	0.000052468484175176365
21.64	0.000052322585699116375
21.650000000000002	0.000052177160045408586
21.66	0.00005203220546441504
21.67	0.00005188772021377535
21.68	0.00005174370255837348
21.69	0.000051600150770304384
21.7	0.00005145706312884022
21.71	0.00005131443792039791
21.72	0.00005117227343850553
21.73	0.000051030567983770217
21.740000000000002	0.000050889319863845046
21.75	0.00005074852739339682
21.76	0.00005060818889407383
21.77	0.000050468302694473584
21.78	0.00005032886713011101
21.79	0.000050189880543386446
21.8	0.00005005134128355458
21.81	0.00004991324770669207
21.82	0.000049775598175667084
21.830000000000002	0.000049638391060107814
21.84	0.000049501624736371216
21.85	0.00004936529758751279
21.86	0.00004922940800325525
21.87	0.00004909395437995858
21.88	0.00004895893512058907
21.89	0.000048824348634689666
21.900000000000002	0.00004869019333834957
21.91	0.00004855646765417437
21.92	0.00004842317001125621
21.93	0.000048290298845144425
21.94	0.0000481578525978159
21.95	0.000048025829717645544
21.96	0.00004789422865937759
21.97	0.000047763047884096255
21.98	0.00004763228585919674
21.990000000000002	0.00004750194105835689
22.	0.00004737201196150824
22.01	0.000047242497054807686
22.02	0.00004711339483060937
22.03	0.00004698470378743596
22.04	0.000046856422429951574
22.05	0.00004672854926893275
22.06	0.00004660108282124158
22.07	0.00004647402160979768
22.080000000000002	0.00004634736416355096
22.09	0.00004622110901745391
22.1	0.000046095254712434966
22.11	0.00004596979979537096
22.12	0.00004584474281906021
22.13	0.00004572008234219626
22.14	0.00004559581692934054
22.150000000000002	0.00004547194515089625
22.16	0.000045348465583081894
22.17	0.000045225376807904826
22.18	0.00004510267741313548
22.19	0.000044980365992281023
22.2	0.000044858441144559565
22.21	0.000044736901474874613
22.22	0.00004461574559378919
22.23	0.00004449497211750042
22.240000000000002	0.00004437457966781421
22.25	0.000044254566872120195
22.26	0.000044134932363365985
22.27	0.00004401567478003304
22.28	0.00004389679276611104
22.29	0.00004377828497107364
22.3	0.00004366015004985366
22.31	0.000043542386662818514
22.32	0.00004342499347574606
22.330000000000002	0.00004330796915979997
22.34	0.00004319131239150602
22.35	0.00004307502185272764
22.36	0.0000429590962306425
22.37	0.000042843534217718174
22.38	0.00004272833451168893
22.39	0.000042613495815531996
22.400000000000002	0.00004249901683744392
22.41	0.000042384896290817714
22.42	0.000042271132894219164
22.43	0.00004215772537136411
22.44	0.000042044672451095207
22.45	0.00004193197286735922
22.46	0.00004181962535918426
22.47	0.000041707628670656974
22.48	0.000041595981550900194
22.490000000000002	0.00004148468275405045
22.5	0.00004137373103923561
22.51	0.00004126312517055279
22.52	0.00004115286391704619
22.53	0.000041042946052685116
22.54	0.00004093337035634198
22.55	0.00004082413561177082
22.56	0.00004071524060758531
22.57	0.000040606684137237506
22.580000000000002	0.00004049846499899595
22.59	0.00004039058199592497
22.6	0.00004028303393586279
22.61	0.00004017581963140074
22.62	0.000040068937899862195
22.63	0.000039962387563281484
22.64	0.000039856167448383216
22.650000000000002	0.000039750276386561374
22.66	0.000039644713213858945
22.67	0.0000395394767709471
22.68	0.0000394345659031049
22.69	0.00003932997946019909
22.7	0.00003922571629666343
22.71	0.00003912177527147913
22.72	0.00003901815524815438
22.73	0.000038914855094704503
22.740000000000002	0.000038811873683632383
22.75	0.000038709209891908167
22.76	0.000038606449440373924
22.77	0.000038498893296558214
22.78	0.00003839168382852043
22.79	0.00003828481976740342
22.8	0.00003817829984954791
22.81	0.0000380721228164691
22.82	0.000037966287414833
22.830000000000002	0.00003786079239643333
22.84	0.000037755636518168075
22.85	0.00003765081854201669
22.86	0.000037546337235016716
22.87	0.00003744219136924138
22.88	0.000037338379721776504
22.89	0.000037234901074697844
22.900000000000002	0.000037131754215048875
22.91	0.000037028937934818034
22.92	0.00003692645103091661
22.93	0.00003682429230515654
22.94	0.00003672246056422814
22.95	0.000036620954619678396
22.96	0.00003651977328788886
22.97	0.00003641891539005414
22.98	0.00003631837975215984
22.990000000000002	0.00003621816520496156
23.	0.000036118270583962885
23.01	0.00003601869472939454
23.02	0.000035919436486192885
23.03	0.0000358204947039788
23.04	0.00003572186823703678
23.05	0.00003562355594429392
23.06	0.00003552555668929907
23.07	0.00003542786934020232
23.080000000000002	0.00003533049276973414
23.09	0.00003523342585518506
23.1	0.00003513666747838504
23.11	0.000035040216525683535
23.12	0.00003494407188792882
23.13	0.00003484823246044828
23.14	0.00003475269714302805
23.150000000000002	0.00003465746483989342
23.16	0.00003456253445968899
23.17	0.000034467904915458505
23.18	0.00003437357512462584
23.19	0.0000342795440089751
23.2	0.000034185810494631274
23.21	0.00003409237351204094
23.22	0.000033999231995953025
23.23	0.000033906384885399515
23.240000000000002	0.00003381383112367662
23.25	0.00003372156965832565
23.26	0.00003362959944111413
23.27	0.00003353791942801726
23.28	0.000033446528579198855
23.29	0.00003335542585899309
23.3	0.00003326461023588584
23.31	0.00003317408068249616
23.32	0.000033083836175558246
23.330000000000002	0.00003299387569590288
23.34	0.00003290419822843957
23.35	0.000032814802762138266
23.36	0.000032725688290011475
23.37	0.000032636853809096406
23.38	0.00003254829832043718
23.39	0.00003246002082906701
23.400000000000002	0.00003237202034399062
23.41	0.00003228429587816691
23.42	0.00003219684644849106
23.43	0.000032109671075777596
23.44	0.000032022768784742944
23.45	0.00003193613860398809
23.46	0.000031849779565981625
23.47	0.000031763690707042655
23.48	0.000031677871067323945
23.490000000000002	0.00003159231969079477
23.5	0.00003150703562522441
23.51	0.0000314220179221654
23.52	0.00003133726563693672
23.53	0.00003125277782860733
23.54	0.00003116855355997983
23.55	0.00003108459189757394
23.56	0.00003100089191161011
23.57	0.00003091745267599351
23.580000000000002	0.00003083427326829771
23.59	0.000030751352769748584
23.6	0.00003066869026520846
23.61	0.00003058628484316001
23.62	0.000030504135595690544
23.63	0.000030422241618476228
23.64	0.000030340602010766176
23.650000000000002	0.00003025921587536725
23.66	0.000030178082318628074
23.67	0.000030097200450423817
23.68	0.000030016569384140733
23.69	0.00002993618823666081
23.7	0.000029856056128346532
23.71	0.00002977617218302579
23.72	0.000029696535527976648
23.73	0.000029617145293912323
23.740000000000002	0.000029538000614966293
23.75	0.000029459100628677422
23.76	0.000029380444475975018
23.77	0.000029302031301164258
23.78	0.000029223860251911312
23.79	0.000029145930479228877
23.8	0.00002906824113746162
23.81	0.00002899079138427173
23.82	0.000028913580380624296
23.830000000000002	0.000028836607290773414
23.84	0.00002875987128224743
23.85	0.00002868337152583514
23.86	0.000028607107195571493
23.87	0.000028531077468723356
23.88	0.00002845528152577598
23.89	0.000028379718550418534
23.900000000000002	0.000028304387729530694
23.91	0.000028229288253168615
23.92	0.000028154419314551134
23.93	0.000028079780110046358
23.94	0.000028005369839157787
23.95	0.00002793118770451105
23.96	0.00002785723291184013
23.97	0.00002778350466997431
23.98	0.000027710002190824417
23.990000000000002	0.000027636724689369915
24.	0.000027563671383645504
24.01	0.00002749084149472791
24.02	0.000027418234246722982
24.03	0.000027345848866752385
24.04	0.000027273684584940935
24.05	0.00002720174063440349
24.060000000000002	0.000027130016251232113
24.07	0.000027058510674483377
24.080000000000002	0.000026987223146165548
24.09	0.00002691615291122597
24.1	0.000026845299217538396
24.11	0.000026774661315890495
24.12	0.00002670423845997132
24.13	0.000026634029906358964
24.14	0.000026564034914508074
24.150000000000002	0.000026494252746737514
24.16	0.00002642468266821832
24.17	0.000026355323946961162
24.18	0.000026286175853804594
24.19	0.000026217237662402592
24.2	0.00002614850864921278
24.21	0.000026079988093484422
24.22	0.000026011675277246307
24.23	0.0000259435694852952
24.240000000000002	0.000025875670005183725
24.25	0.00002580797612720887
24.26	0.000025740487144400086
24.27	0.000025673202352507864
24.28	0.000025606121049991904
24.29	0.000025539242538009733
24.3	0.000025472566120405294
24.310000000000002	0.00002540609110369722
24.32	0.00002533981679706791
24.330000000000002	0.000025273742512351724
24.34	0.00002520786756402413
24.35	0.000025142191269190266
24.36	0.00002507671294757374
24.37	0.000025011431921505718
24.38	0.000024946347515913752
24.39	0.00002487979821170276
24.400000000000002	0.00002480962546795433
24.41	0.000024739679276254353
24.42	0.000024669958812819512
24.43	0.000024600463257197494
24.44	0.000024531191792252235
24.45	0.000024462143604148952
24.46	0.000024393317882339726
24.47	0.000024324713819548612
24.48	0.000024256330611757402
24.490000000000002	0.000024188167458190963
24.5	0.0000241202235613028
24.51	0.00002405249812676092
24.52	0.000023984990363433368
24.53	0.00002391769948337417
24.54	0.000023850624701809146
24.55	0.000023783765237121932
24.560000000000002	0.00002371712031083989
24.57	0.00002365068914762028
24.580000000000002	0.00002358447097523637
24.59	0.00002351846502456363
24.6	0.000023452670529566067
24.61	0.000023387086727282516
24.62	0.000023321712857813115
24.63	0.000023256548164305802
24.64	0.000023191591892942725
24.650000000000002	0.000023126843292927017
24.66	0.000023062301616469367
24.67	0.000022997966118774784
24.68	0.000022933836058029416
24.69	0.000022869910695387436
24.7	0.000022806189294957928
24.71	0.00002274267112379184
24.72	0.000022679355451869193
24.73	0.000022616241552086003
24.740000000000002	0.00002255332870024165
24.75	0.000022490616175025933
24.76	0.00002242810325800647
24.77	0.000022365789233616198
24.78	0.000022303673389140435
24.79	0.000022241755014704754
24.8	0.000022180033403262267
24.810000000000002	0.00002211850785058135
24.82	0.000022057177655233175
24.830000000000002	0.000021996042118579716
24.84	0.00002193510054476114
24.85	0.000021874352240683962
24.86	0.000021813796516008826
24.87	0.00002175343268313835
24.88	0.000021693260057205365
24.89	0.00002163327795606077
24.900000000000002	0.0000215734857002618
24.91	0.000021513882613060223
24.92	0.000021454468020390375
24.93	0.0000213952412508577
24.94	0.00002133620163572693
24.95	0.000021277348508910634
24.96	0.000021218681206957503
24.97	0.000021160199069041088
24.98	0.000021101901436948144
24.990000000000002	0.000021043787655067395
25.	0.000020985857070378224
25.01	0.00002092810903243922
25.02	0.00002087054289337731
25.03	0.00002081315800787617
25.04	0.000020755953733165513
25.05	0.0000206989294290098
25.060000000000002	0.00002064208445769726
25.07	0.000020585418184029062
25.080000000000002	0.00002052892997530821
25.09	0.000020472619201328933
25.1	0.000020416485234365735
25.11	0.000020360527449162666
25.12	0.00002030474522292268
25.13	0.00002024913793529697
25.14	0.00002019370496837434
25.150000000000002	0.000020138445706670697
25.16	0.000020083359537118587
25.17	0.000020028445849056644
25.18	0.000019973704034219324
25.19	0.000019919133486726555
25.2	0.00001986473360307325
25.21	0.000019810503782119304
25.22	0.000019756443425079253
25.23	0.000019702551935512185
25.240000000000002	0.00001964882871931153
25.25	0.000019595273184695176
25.26	0.000019541884742195347
25.27	0.000019488662804648572
25.28	0.000019435606787185977
25.29	0.000019382716107223187
25.3	0.000019329990184450727
25.310000000000002	0.000019277428440824016
25.32	0.00001922503030055383
25.330000000000002	0.000019172795190096525
25.34	0.000019120722538144343
25.35	0.00001906881177561599
25.36	0.000019017062335646892
25.37	0.00001896547365357981
25.38	0.000018914045166955424
25.39	0.000018862776315502706
25.400000000000002	0.000018811666541129775
25.41	0.000018760715287914477
25.42	0.000018709922002095057
25.43	0.000018659286132060976
25.44	0.000018608807128343777
25.45	0.00001855848444360768
25.46	0.000018508317532640796
25.47	0.000018458305852345907
25.48	0.000018408448861731296
25.490000000000002	0.000018358746021902012
25.5	0.000018309196796050796
25.51	0.000018259800649449154
25.52	0.000018210557049438586
25.53	0.000018161465465421704
25.54	0.000018112525368853465
25.55	0.00001806373623323242
25.560000000000002	0.00001801509753409208
25.57	0.000017966608748992126
25.580000000000002	0.000017918269357509997
25.59	0.00001787007884123208
25.6	0.000017822036683745407
25.61	0.000017774142370628893
25.62	0.000017726395389445156
25.63	0.000017678795229731934
25.64	0.000017631341382993696
25.650000000000002	0.00001758403334269338
25.66	0.000017536870604244047
25.67	0.00001748985266500061
25.68	0.00001744297902425165
25.69	0.0000173962491832112
25.7	0.000017349662645010565
25.71	0.000017303218914690263
25.72	0.000017256917499191966
25.73	0.000017210757907350357
25.740000000000002	0.00001716473964988527
25.75	0.000017118862239393567
25.76	0.000017073125190341377
25.77	0.00001702752801905614
25.78	0.000016982070243718673
25.79	0.00001693675138435545
25.8	0.00001689157096283083
25.810000000000002	0.000016846528502839224
25.82	0.00001680162352989743
25.830000000000002	0.00001675685557133703
25.84	0.00001671222415629664
25.85	0.0000166677288157143
25.86	0.000016623369082320065
25.87	0.000016579144490628228
25.88	0.000016535054576930106
25.89	0.000016491098879286224
25.900000000000002	0.000016447276937519277
25.91	0.000016403588293206442
25.92	0.000016360032489672047
25.93	0.000016316609071980437
25.94	0.000016273317586928413
25.95	0.00001623015758303819
25.96	0.000016187128610550052
25.97	0.000016144230221415123
25.98	0.00001610146196928836
25.990000000000002	0.000016058823409521225
26.	0.00001601631409915477
26.01	0.000015973933596912402
26.02	0.000015931681463193
26.03	0.000015889557260063814
26.04	0.000015847560551253522
26.05	0.000015805690902145335
26.060000000000002	0.000015763947879769976
26.07	0.000015722331052798977
26.080000000000002	0.000015680839991537673
26.09	0.000015639474267918487
26.1	0.000015598233455494105
26.11	0.00001555711712943075
26.12	0.00001551612486650148
26.13	0.000015475256245079405
26.14	0.00001544391195545039
26.150000000000002	0.000015413827111120743
26.16	0.00001538381234120003
26.17	0.000015353867455775736
26.18	0.000015323992265522368
26.19	0.000015294186581699387
26.2	0.000015264450216149133
26.21	0.000015234782981294823
26.22	0.000015205184690138602
26.23	0.000015175655156259472
26.240000000000002	0.000015146194193811299
26.25	0.000015116801617520776
26.26	0.000015087477242685606
26.27	0.00001505822088517234
26.28	0.000015029032361414493
26.29	0.000014999911488410567
26.3	0.000014970858083722128
26.310000000000002	0.000014941871965471808
26.32	0.000014912952952341433
26.330000000000002	0.000014884100863570048
26.34	0.000014855315518951971
26.35	0.000014826596738834926
26.36	0.00001479794434411812
26.37	0.000014769358156250334
26.38	0.000014740837997228032
26.39	0.00001471238368959349
26.400000000000002	0.000014683995056432865
26.41	0.000014655671921374403
26.42	0.00001462741410858651
26.43	0.00001459922144277589
26.44	0.00001457109374918579
26.45	0.000014543030853593997
26.46	0.000014515032582311141
26.47	0.000014487098762178818
26.48	0.000014459229220567715
26.490000000000002	0.00001443142378537591
26.5	0.000014403682285026919
26.51	0.00001437600454846802
26.52	0.00001434839040516839
26.53	0.000014320839685117331
26.54	0.000014293352218822524
26.55	0.000014265927837308152
26.560000000000002	0.000014238566372113266
26.57	0.000014211267655289916
26.580000000000002	0.000014184031519401479
26.59	0.000014156857797520816
26.6	0.000014129746323228622
26.61	0.000014102696930611657
26.62	0.000014075709454260997
26.63	0.000014048783729270368
26.64	0.000014021919591234302
26.650000000000002	0.000013995116876246629
26.66	0.000013968375420898615
26.67	0.000013941695062277285
26.68	0.000013915075637963832
26.69	0.000013888516986031809
26.7	0.000013862018945045531
26.71	0.000013835581354058405
26.72	0.000013809204052611218
26.73	0.000013782886880730493
26.740000000000002	0.0000137566296789269
26.75	0.000013730432288193535
26.76	0.000013704294550004292
26.77	0.000013678216306312265
26.78	0.00001365219739954808
26.79	0.000013626237672618353
26.8	0.000013600336968903928
26.810000000000002	0.00001357449513225844
26.82	0.000013548712007006627
26.830000000000002	0.000013522987437942671
26.84	0.000013497321270328728
26.85	0.000013471713349893302
26.86	0.000013446163522829644
26.87	0.000013420671635794139
26.88	0.000013395237535904882
26.89	0.000013369861070739959
26.900000000000002	0.000013344542088336003
26.91	0.000013319280437186572
26.92	0.000013294075966240644
26.93	0.000013268928524901082
26.94	0.000013243837963023094
26.95	0.000013218804130912693
26.96	0.000013193826879325194
26.97	0.000013168906059463678
26.98	0.000013144041522977548
26.990000000000002	0.000013119233121960923
27.	0.000013094480708951232
27.01	0.000013069784136927668
27.02	0.000013045143259309717
27.03	0.000013020557929955693
27.04	0.000012996028003161227
27.05	0.000012971553333657848
27.060000000000002	0.00001294713377661145
27.07	0.000012922769187620928
27.080000000000002	0.00001289845942271659
27.09	0.00001287420433835888
27.1	0.000012850003791436797
27.11	0.000012825857639266454
27.12	0.0000128017657395898
27.13	0.000012777727950573
27.14	0.000012753744130805157
27.150000000000002	0.000012729814139296814
27.16	0.000012705937835478602
27.17	0.000012682115079199759
27.18	0.000012658345730726806
27.19	0.00001263462965074211
27.2	0.000012610966700342516
27.21	0.00001258735674103794
27.22	0.00001256379963475
27.23	0.000012540295243810626
27.240000000000002	0.000012516843430960771
27.25	0.00001249344405934889
27.26	0.000012470096992529725
27.27	0.000012446802094462894
27.28	0.00001242355922951155
27.29	0.000012400368262441005
27.3	0.000012377229058417455
27.310000000000002	0.000012354141483006587
27.32	0.000012331105402172255
27.330000000000002	0.000012308120682275216
27.34	0.000012285187190071735
27.35	0.000012262304792712323
27.36	0.000012239473357740353
27.37	0.000012216692753090857
27.38	0.0000121939628470892
27.39	0.000012171283508449685
27.400000000000002	0.000012148654606274386
27.41	0.000012126076010051818
27.42	0.000012103547589655619
27.43	0.000012081069215343333
27.44	0.000012058640757755127
27.45	0.000012036262087912458
27.46	0.000012013933077216881
27.47	0.000011991653597448806
27.48	0.000011969423520766136
27.490000000000002	0.000011947242719703195
27.5	0.000011925111067169266
27.51	0.00001190302843644755
27.52	0.00001188099470119382
27.53	0.00001185900973543521
27.54	0.000011837073413569005
27.55	0.000011815185610361397
27.560000000000002	0.00001179334620094631
27.57	0.000011771555060824145
27.580000000000002	0.000011749812065860569
27.59	0.000011728117092285371
27.6	0.000011706470016691193
27.61	0.000011684870716032356
27.62	0.000011663319067623683
27.63	0.00001164181494913932
27.64	0.000011620358238611527
27.650000000000002	0.000011598948814429509
27.66	0.00001157758655533829
27.67	0.000011556271340437421
27.68	0.00001153500304917998
27.69	0.000011513781561371287
27.7	0.000011492606757167773
27.71	0.00001147147851707587
27.72	0.000011450396721950847
27.73	0.000011429361252995612
27.740000000000002	0.000011408371991759654
27.75	0.000011387428820137886
27.76	0.000011366531620369435
27.77	0.000011345680275036628
27.78	0.0000113248746670638
27.79	0.000011304114679716206
27.8	0.000011283400196598898
27.810000000000002	0.000011262731101655575
27.82	0.000011242107279167563
27.830000000000002	0.000011221528613752612
27.84	0.000011200994990363875
27.85	0.00001118050629428878
27.86	0.000011160062411147944
27.87	0.000011139663226894084
27.88	0.000011119308627810931
27.89	0.000011098998500512137
27.900000000000002	0.00001107873273194028
27.91	0.000011058511209365673
27.92	0.00001103833382038534
27.93	0.000011018200452922067
27.94	0.000011069294441495867
27.95	0.000011212344168226354
27.96	0.000011357190376441162
27.97	0.0000115038549724926
27.98	0.000011652360121882337
27.990000000000002	0.000011802728252233189
28.	0.000011954982056293475