0.01	21.514949384207323
0.02	35.435793754972714
0.03	42.302715434684565
0.04	45.82111425143973
0.05	47.54157266887545
0.06	48.185467496629094
0.07	48.14860756505281
0.08	47.71599864009174
0.09	47.04041961129116
0.1	46.18317127189236
0.11	45.209543026579006
0.12	44.22097714426746
0.13	43.17087254977101
0.14	42.11263442683921
0.15	41.0607596288019
0.16	40.00967312114539
0.17	38.97236824343216
0.18	37.98058214257022
0.19	36.95310917204608
0.2	36.004056110232476
0.21	35.032101642768
0.22	34.07496548669003
0.23	33.18482547764891
0.24	32.268516069864724
0.25	31.357480000518294
0.26	30.50641682543297
0.27	29.689580997251877
0.28	28.792676916861115
0.29	27.952944143634678
0.3	27.16494935025117
0.31	26.39971937820904
0.32	25.54250185726104
0.33	24.738236176545463
0.34	23.982191083999957
0.35000000000000003	23.270181093081543
0.36	22.526118417266193
0.37	21.773901953393207
0.38	21.065877112746954
0.39	20.39838451346197
0.4	19.768151445546597
0.41000000000000003	19.16865928050098
0.42	18.5939978061938
0.43	18.049487553664473
0.44	17.53289923909853
0.45	17.042214143335617
0.46	16.575600090385112
0.47000000000000003	16.13313696568342
0.48	15.715391680829597
0.49	15.316746864079613
0.5	14.935965561554482
0.51	14.571913552098568
0.52	14.22354900790279
0.53	13.88991337074352
0.54	13.563408063692485
0.55	13.239728572034961
0.56	12.929399365167622
0.5700000000000001	12.631645884112704
0.58	12.34575105294251
0.59	12.071050113242789
0.6	11.80692600090328
0.61	11.55280520036077
0.62	11.300706681622094
0.63	11.048636057334484
0.64	10.806026356846033
0.65	10.57238284346225
0.66	10.347243733101221
0.67	10.130177541808447
0.68	9.920780682536533
0.6900000000000001	9.718675284502337
0.7000000000000001	9.523507211630777
0.71	9.330881615400466
0.72	9.136137852940772
0.73	8.948061447322898
0.74	8.766337418948822
0.75	8.590669656039442
0.76	8.420779551827419
0.77	8.256404756549308
0.78	8.097298033223243
0.79	7.943226207380892
0.8	7.7939692019643
0.81	7.649319149518804
0.8200000000000001	7.501258633984448
0.8300000000000001	7.356374350911243
0.84	7.21597378373227
0.85	7.079867243400974
0.86	6.947875170678095
0.87	6.819827485354214
0.88	6.695562984176417
0.89	6.574928783329439
0.9	6.457779801717428
0.91	6.343978281646246
0.92	6.233393343823503
0.93	6.12590057387773
0.9400000000000001	6.0160006579765435
0.9500000000000001	5.908034026820062
0.96	5.803105380439627
0.97	5.701098909951405
0.98	5.601904353638307
0.99	5.505416678091138
1.	5.411535780672616
1.01	5.320166211682051
1.02	5.231216914736532
1.03	5.144600984009542
1.04	5.06023543708142
1.05	4.978041002259045
1.06	4.897941919315616
1.07	4.819803494207186
1.08	4.7388384841016995
1.09	4.65996111294498
1.1	4.583099132476486
1.11	4.508183420787224
1.12	4.435147820428523
1.1300000000000001	4.363928986257431
1.1400000000000001	4.294466242353202
1.1500000000000001	4.226701447390147
1.16	4.160578867898721
1.17	4.096045058889429
1.18	4.033048751353216
1.19	3.971540746188024
1.2	3.911473814134032
1.21	3.8528026013306347
1.22	3.7954835401358937
1.23	3.7389225649099234
1.24	3.680850966505351
1.25	3.6241369581723
1.26	3.5687383189455084
1.27	3.5146144618438107
1.28	3.4617263584074722
1.29	3.410036467276603
1.3	3.359508666564828
1.31	3.310108189799313
1.32	3.261801565213488
1.33	3.214556558193222
1.34	3.1683421166904306
1.35	3.123128319430312
1.36	3.078886326749845
1.37	3.035588333915656
1.3800000000000001	2.9932075267792935
1.3900000000000001	2.95171803963686
1.4000000000000001	2.9110949151685865
1.41	2.8713140663416716
1.42	2.83010860471509
1.43	2.789693085217092
1.44	2.750130365266531
1.45	2.711396713800105
1.46	2.6734692175704793
1.47	2.636325747610578
1.48	2.5999449272895756
1.49	2.564306101874901
1.5	2.529389309519713
1.51	2.4951752536001575
1.52	2.46164527633111
1.53	2.4287813335934367
1.54	2.3965659709096316
1.55	2.364982300508383
1.56	2.3340139794221133
1.57	2.303645188564654
1.58	2.2738606127393424
1.59	2.244645421530539
1.6	2.215985251034317
1.61	2.1878661863864632
1.62	2.1601549097552106
1.6300000000000001	2.1313456652975162
1.6400000000000001	2.103093336880721
1.6500000000000001	2.0753838605840382
1.6600000000000001	2.048203609932791
1.67	2.021539379763131
1.68	1.9953783707740766
1.69	1.9697081747337144
1.7	1.9445167603082076
1.71	1.9197924594838887
1.72	1.895523954554334
1.73	1.871700265645808
1.74	1.848310738755816
1.75	1.825345034280884
1.76	1.8027931160108885
1.77	1.7806452405684476
1.78	1.7588919472729696
1.79	1.7375240484100418
1.8	1.7165326198877642
1.81	1.6959089922626172
1.82	1.6756447421182974
1.83	1.655731683781779
1.84	1.636161861361684
1.85	1.6169275410947237
1.86	1.597921828051317
1.87	1.5780689573699047
1.8800000000000001	1.5585666605105355
1.8900000000000001	1.5394069311442817
1.9000000000000001	1.520581986820093
1.9100000000000001	1.5020842615692245
1.92	1.4839063987910894
1.93	1.4660412444084352
1.94	1.4484818402802848
1.95	1.431221417861712
1.96	1.4142533920999614
1.97	1.397571355556961
1.98	1.3811690727487367
1.99	1.3650404746926763
2.	1.349179653654012
2.0100000000000002	1.3335808580832857
2.02	1.3182384877369637
2.0300000000000002	1.3031470889736867
2.04	1.2883013502190197
2.05	1.27369609759187
2.06	1.2593262906860616
2.07	1.2451870185008338
2.08	1.2312734955143196
2.09	1.2175810578943354
2.1	1.2041051598410184
2.11	1.1908413700561729
2.12	1.177785368334308
2.13	1.1649329422706585
2.14	1.1518087339761107
2.15	1.1384838116684493
2.16	1.125373805532252
2.17	1.1124742781561654
2.18	1.0997809036149095
2.19	1.0872894641737259
2.2	1.0749958471047125
2.21	1.0628960416107827
2.22	1.0509861358531456
2.23	1.0392623140783548
2.24	1.027720853841181
2.25	1.0163581233197072
2.2600000000000002	1.005170578719161
2.27	0.9941547617612125
2.2800000000000002	0.9833072972555339
2.29	0.9726248907505947
2.3000000000000003	0.9621043262607629
2.31	0.9517424640669383
2.32	0.9415362385879961
2.33	0.9314826563205054
2.34	0.9215787938442328
2.35	0.91182179589105
2.36	0.9022088734750021
2.37	0.8927373020813159
2.38	0.883404419912276
2.39	0.8742076261879372
2.4	0.8651443794997523
2.41	0.8562121962152404
2.42	0.8474086489319295
2.43	0.8387313649788267
2.44	0.8301780249638006
2.45	0.8217463613652611
2.46	0.812913175833402
2.47	0.8041568472392805
2.48	0.7955296475109265
2.49	0.7870291631712281
2.5	0.7786530352937594
2.5100000000000002	0.7703989580580871
2.52	0.7622646773488995
2.5300000000000002	0.7542479893974604
2.54	0.7463467394639529
2.5500000000000003	0.7385588205593187
2.56	0.730882172205272
2.57	0.7233147792311909
2.58	0.7158546706066629
2.59	0.7084999183084831
2.6	0.7012486362209781
2.61	0.6940989790685268
2.62	0.6870491413792381
2.63	0.6800973564787548
2.64	0.6732418955131916
2.65	0.6664810665002644
2.66	0.6598132134076896
2.67	0.6532367152579798
2.68	0.6467499852587694
2.69	0.6403514699578687
2.7	0.6340396484222349
2.71	0.6278130314401158
2.72	0.6216701607456162
2.73	0.6156096082649842
2.74	0.6096299753839308
2.75	0.6037298922353226
2.7600000000000002	0.5979080170066032
2.77	0.5921630352663375
2.7800000000000002	0.5864936593092793
2.79	0.5808986275193888
2.8000000000000003	0.5753767037502413
2.81	0.5699266767223036
2.82	0.5643273622492703
2.83	0.5586542670369616
2.84	0.5530579128044412
2.85	0.5475369967047186
2.86	0.5420902424729995
2.87	0.5367163997938879
2.88	0.5314142436857902
2.89	0.5261825739019973
2.9	0.5210202143479346
2.91	0.515926012514089
2.92	0.510898838924145
2.93	0.5059375865978618
2.94	0.5010411705282598
2.95	0.4962085271726805
2.96	0.49143861395730687
2.97	0.48673040879474994
2.98	0.4820829096143078
2.99	0.47749513390452597
3.	0.4729661182676977
3.0100000000000002	0.46849491798595366
3.02	0.4640806065985993
3.0300000000000002	0.459722275490378
3.04	0.4554190334903378
3.0500000000000003	0.4511700064809969
3.06	0.4469743370175116
3.0700000000000003	0.4428311839565547
3.08	0.43873972209463313
3.09	0.43469914181556957
3.1	0.43070864874688847
3.11	0.4267674634248563
3.12	0.4228748209679253
3.13	0.4190299707583506
3.14	0.41523217613174646
3.15	0.41148071407436076
3.16	0.40777487492785053
3.17	0.4041139621013533
3.18	0.40049729179064614
3.19	0.39692419270420143
3.2	0.39339400579594747
3.21	0.3899060840045464
3.22	0.38645979199901537
3.23	0.38305450593051676
3.24	0.3794858605899551
3.25	0.3759397045823848
3.2600000000000002	0.37243742837115207
3.27	0.36897835687887126
3.2800000000000002	0.36556182743417637
3.29	0.36218718950683165
3.3000000000000003	0.35885380444928383
3.31	0.3555610452444771
3.3200000000000003	0.35230829625976107
3.33	0.3490949530067276
3.34	0.3459204219068147
3.35	0.34278412006252473
3.36	0.3396854750341049
3.37	0.3366239246215398
3.38	0.3335989166517263
3.39	0.33060990877067514
3.4	0.327656368240623
3.41	0.32473777174191504
3.42	0.32185360517953354
3.43	0.3190033634941541
3.44	0.31618655047760597
3.45	0.313402678592627
3.46	0.310651268796793
3.47	0.30793185037052456
3.48	0.3052439607490508
3.49	0.30258714535824455
3.5	0.2999609574542135
3.5100000000000002	0.2973649579665642
3.52	0.29479871534523244
3.5300000000000002	0.2922618054107998
3.54	0.28975381120820104
3.5500000000000003	0.28727432286373566
3.56	0.284822937445307
3.5700000000000003	0.28239925882579753
3.58	0.2800028975495086
3.59	0.2776334707015858
3.6	0.27529060178035286
3.61	0.272973920572484
3.62	0.2706830630309433
3.63	0.2684176711556214
3.64	0.2661773928766045
3.65	0.26396188194000947
3.66	0.2617707977963184
3.67	0.2596038054911615
3.68	0.25746057555847535
3.69	0.25534078391598575
3.7	0.25324411176296086
3.71	0.2511653676841188
3.72	0.2489768555279031
3.73	0.24681321145662852
3.74	0.24467408735552706
3.75	0.24255914089545708
3.7600000000000002	0.24046803542165907
3.77	0.23840043984494244
3.7800000000000002	0.23635602853523718
3.79	0.23433448121745826
3.8000000000000003	0.23233548286962366
3.81	0.23035872362317264
3.8200000000000003	0.22840389866542982
3.83	0.22647070814416634
3.84	0.2245588570742035
3.85	0.2226680552460141
3.86	0.22079801713627004
3.87	0.21894846182029332
3.88	0.21711911288636232
3.89	0.21530969835183075
3.9	0.2135199505810164
3.91	0.21174960620481734
3.92	0.20999840604201547
3.93	0.20826609502222762
3.94	0.20655242211046568
3.95	0.2048571402332672
3.96	0.2031800062063626
3.97	0.20152078066383955
3.98	0.19987922798877317
3.99	0.19825511624528627
4.	0.19664821711200606
4.01	0.19505830581688846
4.0200000000000005	0.19348516107337407
4.03	0.19192856501784952
4.04	0.19038830314838123
4.05	0.18886416426469474
4.0600000000000005	0.18735594040937018
4.07	0.18586342681022638
4.08	0.1843864218238668
4.09	0.1829247268803628
4.1	0.18147814642904417
4.11	0.1800464878853786
4.12	0.1786295615789083
4.13	0.1772271807022277
4.14	0.17583916126097163
4.15	0.17446532202479817
4.16	0.17310548447933966
4.17	0.17175947277910192
4.18	0.1704271137012908
4.19	0.1691082366005459
4.2	0.16780267336456123
4.21	0.16651025837057237
4.22	0.16523082844269366
4.23	0.16396422281008413
4.24	0.1627102830659258
4.25	0.16146885312719658
4.26	0.1602338293892653
4.2700000000000005	0.1589388447070079
4.28	0.1576573184667096
4.29	0.15638907984179848
4.3	0.15513396056509057
4.3100000000000005	0.1538917948846102
4.32	0.15266241952027582
4.33	0.15144567362142788
4.34	0.15024139872518308
4.3500000000000005	0.14904943871559642
4.36	0.14786963978361314
4.37	0.14670185038779449
4.38	0.1455459212157993
4.39	0.14440170514660602
4.4	0.14326905721345992
4.41	0.14214783456752794
4.42	0.14103789644224834
4.43	0.1399391041183591
4.44	0.13885132088959037
4.45	0.1377744120290081
4.46	0.1367082447559941
4.47	0.1356526882038494
4.48	0.1346076133880078
4.49	0.13357289317484647
4.5	0.13254840225108214
4.51	0.13153401709373885
4.5200000000000005	0.13052961594067722
4.53	0.12953507876167195
4.54	0.12855028723002726
4.55	0.1275751246947192
4.5600000000000005	0.1266094761530519
4.57	0.1256532282238209
4.58	0.1247062691209687
4.59	0.12376848862772609
4.6000000000000005	0.12283977807122753
4.61	0.12192003029759098
4.62	0.1210091396474527
4.63	0.12010700193194862
4.64	0.11921351440913149
4.65	0.1183285757608175
4.66	0.11745208606985018
4.67	0.11658394679777753
4.68	0.11572406076292915
4.69	0.11487233211888943
4.7	0.1140286663333576
4.71	0.11319297016738472
4.72	0.11236515165498345
4.73	0.11154512008310147
4.74	0.1107327859719503
4.75	0.10992806105568532
4.76	0.10913085826342651
4.7700000000000005	0.10834109170061669
4.78	0.10755867663070726
4.79	0.1067835294571683
4.8	0.1060155677058131
4.8100000000000005	0.10525471000743439
4.82	0.10450087608074388
4.83	0.10375398671560997
4.84	0.1030139637565875
4.8500000000000005	0.10228073008673477
4.86	0.10155420961171092
4.87	0.100834327244149
4.88	0.10012100888829965
4.89	0.09941418142493995
4.9	0.09866999467134567
4.91	0.09793168210397346
4.92	0.09720037940976259
4.93	0.09647600598838102
4.94	0.09575848232709215
4.95	0.09504772998391799
4.96	0.09434367157109523
4.97	0.09364623073882068
4.98	0.09295533215927831
4.99	0.09227090151094512
5.	0.091592865463167
5.01	0.0909211516610023
5.0200000000000005	0.09025568871032713
5.03	0.08959640616319595
5.04	0.08894323450345519
5.05	0.08829610513260229
5.0600000000000005	0.08765495035588758
5.07	0.08701970336865371
5.08	0.08639029824290684
5.09	0.08576666991411802
5.1000000000000005	0.08514875416824716
5.11	0.0845364876289878
5.12	0.08392980774522778
5.13	0.08332865277872087
5.14	0.08273296179196679
5.15	0.08214267463629478
5.16	0.08155773194014726
5.17	0.08097807509756003
5.18	0.08040364625683442
5.19	0.07983438830939923
5.2	0.07927024487885784
5.21	0.07871116031021728
5.22	0.07815707965929662
5.23	0.07760794868230977
5.24	0.07706371382562158
5.25	0.07652432221567211
5.26	0.07598972164906753
5.2700000000000005	0.07545986058283283
5.28	0.07493468812482586
5.29	0.07441415402430725
5.3	0.07389820866266451
5.3100000000000005	0.07338680304428846
5.32	0.07287988878759666
5.33	0.07237741811620403
5.34	0.07187934385023613
5.3500000000000005	0.07138561939778298
5.36	0.07089619874649142
5.37	0.07041103645529277
5.38	0.06993008764626349
5.39	0.06945330799661743
5.4	0.06898065373082554
5.41	0.06851208161286264
5.42	0.06804754893857745
5.43	0.06758701352818454
5.44	0.06713043371887638
5.45	0.06667776835755178
5.46	0.06622897679366047
5.47	0.06578401887216101
5.48	0.0653428549265894
5.49	0.06490544577223781
5.5	0.0644717526994402
5.51	0.06404173746696379
5.5200000000000005	0.06361536229550405
5.53	0.063192589861282
5.54	0.0627733832897409
5.55	0.06235770614934211
5.5600000000000005	0.061945522445457014
5.57	0.06153679661435444
5.58	0.0611314935172811
5.59	0.06072957843463366
5.6000000000000005	0.06033101706022143
5.61	0.05993577549561733
5.62	0.059531163273070176
5.63	0.05911849811126857
5.64	0.05870941823768671
5.65	0.05830388622859603
5.66	0.05790186511616314
5.67	0.057503318382103395
5.68	0.05710820995143476
5.69	0.056716504186328266
5.7	0.05632816588005565
5.71	0.055943160251029814
5.72	0.05556145293693889
5.73	0.055183009988971174
5.74	0.054807797866129104
5.75	0.0544357834296315
5.76	0.05406693393740205
5.7700000000000005	0.053701217038642904
5.78	0.05333860076849148
5.79	0.05297905354275934
5.8	0.05262254415275208
5.8100000000000005	0.05226904176016794
5.82	0.05191851589207472
5.83	0.051570936435963166
5.84	0.051226273634875606
5.8500000000000005	0.05088449808260891
5.86	0.05054558071898986
5.87	0.050209492825221996
5.88	0.04987620601930348
5.89	0.04954569225151349
5.9	0.04921792379996682
5.91	0.04889287326623541
5.92	0.0485705135710355
5.93	0.048250817949979825
5.94	0.04793375994939265
5.95	0.047619313422188246
5.96	0.04730745252381016
5.97	0.04699815170823126
5.98	0.04669138572401317
5.99	0.046387129610424224
6.	0.046085358693615026
6.01	0.045786048582850375
6.0200000000000005	0.04548917516679701
6.03	0.045194714609866175
6.04	0.0449026433486097
6.05	0.04461293808816943
6.0600000000000005	0.044325575798778424
6.07	0.044040533712313645
6.08	0.043757789318898954
6.09	0.04347732036355773
6.1000000000000005	0.04319910484291417
6.11	0.04292312100194274
6.12	0.04264934733076497
6.13	0.04237776256149222
6.140000000000001	0.042108345665114705
6.15	0.04184107584843533
6.16	0.04157593255104755
6.17	0.04131289544235714
6.18	0.041051944418646485
6.19	0.040793059600181404
6.2	0.0405362213283591
6.21	0.04028141016289716
6.22	0.04002860687906281
6.23	0.03977779246494133
6.24	0.03952894811874387
6.25	0.03928205524615348
6.26	0.03903709545770829
6.2700000000000005	0.03879405056622277
6.28	0.03855290258424446
6.29	0.038313633721547495
6.3	0.038076226382661164
6.3100000000000005	0.037840663164433
6.32	0.03760692685362691
6.33	0.037375000424554175
6.34	0.037144867036738326
6.3500000000000005	0.03691651003261258
6.36	0.03668991293524905
6.37	0.03646505944612039
6.38	0.03624193344289193
6.390000000000001	0.03602051897724499
6.4	0.035800800272730304
6.41	0.03558276172265107
6.42	0.03536638788797568
6.43	0.03515166349527885
6.44	0.034938573434711656
6.45	0.034722832388587165
6.46	0.03450041591044241
6.47	0.034279764849731276
6.48	0.03406086249734418
6.49	0.033843692327758246
6.5	0.03362823799674146
6.51	0.03341448333908917
6.5200000000000005	0.0332024123663922
6.53	0.03299200926483606
6.54	0.03278325839303096
6.55	0.03257614427987212
6.5600000000000005	0.03237065162242966
6.57	0.03216676528386795
6.58	0.03196447029139395
6.59	0.03176375183423343
6.6000000000000005	0.031564595261635894
6.61	0.03136698608090643
6.62	0.03117090995546517
6.63	0.03097635270293301
6.640000000000001	0.030783300293244175
6.65	0.030591738846784042
6.66	0.03040165463255311
6.67	0.030213034066355667
6.68	0.030025863709013396
6.69	0.029840130264603245
6.7	0.029655820578719443
6.71	0.02947292163675904
6.72	0.0292914205622307
6.73	0.029111304615086486
6.74	0.028932561190076426
6.75	0.028755177815124884
6.76	0.02857914214972924
6.7700000000000005	0.028404441983380012
6.78	0.02823106523400221
6.79	0.028058999946417855
6.8	0.02788823429082864
6.8100000000000005	0.027718756561319613
6.82	0.027550555174382287
6.83	0.02738361866745779
6.84	0.027217935697499442
6.8500000000000005	0.02705349503955434
6.86	0.02689028558536394
6.87	0.02672829634198328
6.88	0.026567516430418277
6.890000000000001	0.026407935084281325
6.9	0.026249541648464717
6.91	0.026092325577831112
6.92	0.025936276435921956
6.93	0.025781383893682452
6.94	0.02562763772820341
6.95	0.025475027821479625
6.96	0.025323544159184617
6.97	0.025173176829461335
6.98	0.02502391602172859
6.99	0.02487575202550324
7.	0.02472867522923777
7.01	0.024582676119172697
7.0200000000000005	0.024437745278204165
7.03	0.02429387338476638
7.04	0.02415105121172792
7.05	0.024009269625303264
7.0600000000000005	0.02386851958397733
7.07	0.02372879213744494
7.08	0.023590078425563106
7.09	0.0234523696773173
7.1000000000000005	0.023315657209800916
7.11	0.023179932427207752
7.12	0.023045186819837325
7.13	0.022911411963113276
7.140000000000001	0.02277859951661392
7.15	0.02264674122311532
7.16	0.022515828907646817
7.17	0.022385854476558036
7.18	0.02225680991659825
7.19	0.02212868729400727
7.2	0.022001478753617725
7.21	0.02187517651796887
7.22	0.021749772886431668
7.23	0.02162526023434458
7.24	0.021501631012160613
7.25	0.02137887774460496
7.26	0.021256993029843164
7.2700000000000005	0.021135969538659927
7.28	0.02101580001364791
7.29	0.02089647726840704
7.3	0.020777994186753537
7.3100000000000005	0.020660343721938982
7.32	0.02054351889587914
7.33	0.020427512798392215
7.34	0.020312318586446717
7.3500000000000005	0.02019792948341875
7.36	0.020084338778358263
7.37	0.019971539825264607
7.38	0.019859526042370984
7.390000000000001	0.019748290911437705
7.4	0.01963782797705417
7.41	0.019522237848671214
7.42	0.019406266089367057
7.43	0.01929113806138934
7.44	0.019176846503115668
7.45	0.019063384225062333
7.46	0.018950744109072035
7.47	0.018838919107512047
7.48	0.018727902242482292
7.49	0.018617686605033414
7.5	0.018508265354394624
7.51	0.018399631717211234
7.5200000000000005	0.018291778986791712
7.53	0.018184700522364122
7.54	0.018078389748341802
7.55	0.01797284015359826
7.5600000000000005	0.01786804529075101
7.57	0.01776399877545433
7.58	0.017660694285700825
7.59	0.017558125561131465
7.6000000000000005	0.017456286402354436
7.61	0.017355170670272167
7.62	0.017254772285416713
7.63	0.01715508522729347
7.640000000000001	0.01705610353373268
7.65	0.01695782130024916
7.66	0.016860232679409764
7.67	0.01676333188020864
7.68	0.016667113167450082
7.69	0.016571570861138914
7.7	0.016476699335878458
7.71	0.016382493020275626
7.72	0.016288946396353404
7.73	0.016196053998970433
7.74	0.016103810415247645
7.75	0.016012210284001856
7.76	0.015921248295186114
7.7700000000000005	0.015830919189337038
7.78	0.01574121775702864
7.79	0.01565213883833279
7.8	0.015563677322286184
7.8100000000000005	0.015475828146363781
7.82	0.015388586295958467
7.83	0.015301946803867005
7.84	0.015215904749782254
7.8500000000000005	0.015130455259791209
7.86	0.015045593505879406
7.87	0.014961314705440803
7.88	0.014877614120793968
7.890000000000001	0.014794487058703655
7.9	0.014711928869908306
7.91	0.014629934948653051
7.92	0.014548500732228284
7.930000000000001	0.014467621700513683
7.94	0.014387293375527712
7.95	0.014307511320982319
7.96	0.014228271141842967
7.97	0.014149568483893918
7.98	0.014071399033308452
7.99	0.013993758516224315
8.	0.0139166426983241
8.01	0.013840047384420483
8.02	0.013763968418046458
8.03	0.013688401681050223
8.040000000000001	0.013613343093194894
8.05	0.013538788611762845
8.06	0.013464734231164717
8.07	0.013391175982552883
8.08	0.013318109933439598
8.09	0.013245532187319244
8.1	0.013173438883295396
8.11	0.01310182619571181
8.120000000000001	0.013030690333787986
8.13	0.012960027541258747
8.14	0.012889834096018021
8.15	0.012820106309766837
8.16	0.012750840527665225
8.17	0.012682033127988233
8.18	0.012613680521785804
8.19	0.012545779152546687
8.2	0.012478325495866038
8.21	0.012411316059116946
8.22	0.012344747381125645
8.23	0.012278616031850535
8.24	0.012212918612064689
8.25	0.012147651753042193
8.26	0.012082812116247846
8.27	0.012018396393030551
8.28	0.011954401304320109
8.290000000000001	0.011890823600327411
8.3	0.011827660060248161
8.31	0.011764907491969786
8.32	0.011702562731781769
8.33	0.011640622644089235
8.34	0.011579084121129698
8.35	0.011517944082693075
8.36	0.011457199475844842
8.370000000000001	0.011396847274652205
8.38	0.011336884479913475
8.39	0.01127730811889039
8.4	0.011218115245043445
8.41	0.01115930293777015
8.42	0.01110086830214639
8.43	0.011042808468670305
8.44	0.01098512059300945
8.45	0.010927801855750431
8.46	0.010870849462151534
8.47	0.010814260641897938
8.48	0.010758032648859786
8.49	0.010702162760852828
8.5	0.010646033762529995
8.51	0.010587255824405279
8.52	0.0105288708637915
8.53	0.010470875796694734
8.540000000000001	0.010413267566898624
8.55	0.0103560431456821
8.56	0.010299199531540125
8.57	0.010242733749907876
8.58	0.010186642852887761
8.59	0.010130923918979786
8.6	0.010075574052814689
8.61	0.010020590384890254
8.620000000000001	0.00996597007131058
8.63	0.009911710293528176
8.64	0.009857808258089022
8.65	0.009804261196380528
8.66	0.009751066364382171
8.67	0.009698221042419082
8.68	0.009645722534918221
8.69	0.009593568170167469
8.700000000000001	0.009541755300077179
8.71	0.009490281299944553
8.72	0.009439143568220542
8.73	0.009388339526279394
8.74	0.009337866618190692
8.75	0.009287722310493964
8.76	0.009237904091975785
8.77	0.00918840947344931
8.78	0.009139235987536281
8.790000000000001	0.009090381188451365
8.8	0.009041842651788966
8.81	0.008993617974312324
8.82	0.008945704773744897
8.83	0.008898100688564115
8.84	0.008850803377797336
8.85	0.008803810520820039
8.86	0.00875711981715626
8.870000000000001	0.00871072898628116
8.88	0.008664635767425787
8.89	0.008618837919383953
8.9	0.008573333220321179
8.91	0.008528119467585768
8.92	0.008483194477521949
8.93	0.008438556085284923
8.94	0.008394202144658079
8.950000000000001	0.008350130527872066
8.96	0.0083063391254259
8.97	0.008262825845909911
8.98	0.00821958861583071
8.99	0.008176625379437993
9.	0.008133934098553145
9.01	0.008091512752399827
9.02	0.008049359337436248
9.03	0.008007471867189302
9.040000000000001	0.00796584837209051
9.05	0.007924486899313632
9.06	0.00788338551261409
9.07	0.007842542292170093
9.08	0.007801955334425417
9.09	0.007761622751933921
9.1	0.007721542673205662
9.11	0.007681713242554684
9.120000000000001	0.007642132619948401
9.13	0.0076027989808586235
9.14	0.007563710516114079
9.15	0.007524865431754571
9.16	0.007486261948886691
9.17	0.007447898303540933
9.18	0.007409772746530486
9.19	0.007371883543311394
9.200000000000001	0.007334228973844208
9.21	0.007296807332457167
9.22	0.0072596169277107025
9.23	0.007222656082263456
9.24	0.007185923132739657
9.25	0.007149416429597936
9.26	0.0071131343370014165
9.27	0.007077075232689274
9.28	0.007041237507849586
9.290000000000001	0.007005619566993464
9.3	0.006970219827830608
9.31	0.00693503672114604
9.32	0.0069000686906781844
9.33	0.00686531419299822
9.34	0.006830771697390629
9.35	0.006796439685735036
9.36	0.0067623166523892875
9.370000000000001	0.006728401104073612
9.38	0.0066946915597561685
9.39	0.006661186550539635
9.4	0.006627884619548996
9.41	0.00659478432182053
9.42	0.006561884224191891
9.43	0.0065291829051933176
9.44	0.006496678954940019
9.450000000000001	0.006464370975025585
9.46	0.006432257578416542
9.47	0.006400337389347971
9.48	0.006368609043220188
9.49	0.006337071186496475
9.5	0.006305722476601886
9.51	0.006274561581823052
9.52	0.006243587181208984
9.53	0.006212797964472984
9.540000000000001	0.006182192631895401
9.55	0.006151769894227529
9.56	0.006121528472596352
9.57	0.006091467098410354
9.58	0.006061584513266184
9.59	0.006031879468856374
9.6	0.006002350726877879
9.61	0.005972997058941623
9.620000000000001	0.005943817246482916
9.63	0.00591481008067276
9.64	0.005885974362330098
9.65	0.005857308901834898
9.66	0.005828812519042125
9.67	0.005800484043196556
9.68	0.0057723223128485
9.69	0.005744326175770292
9.700000000000001	0.005716494488873686
9.71	0.005688826118128027
9.72	0.005661319938479233
9.73	0.005633974833769652
9.74	0.005606789696658613
9.75	0.00557976342854388
9.76	0.005552360712650817
9.77	0.005523633133585996
9.78	0.005495083350369325
9.790000000000001	0.005466710082506189
9.8	0.005438512060018681
9.81	0.005410488023348603
9.82	0.0053826367232614955
9.83	0.005354956920751647
9.84	0.005327447386947998
9.85	0.0053001069030210995
9.86	0.005272934260090976
9.870000000000001	0.005245928259135912
9.88	0.005219087710902195
9.89	0.005192411435814755
9.9	0.0051658982638887385
9.91	0.0051395470346419295
9.92	0.0051133565970081
9.93	0.00508732580925125
9.94	0.005061453538880628
9.950000000000001	0.005035738662566731
9.96	0.005010180066058057
9.97	0.0049847766440987325
9.98	0.00495952730034697
9.99	0.0049344309472943515
10.	0.00490948650618589
10.01	0.004884692906940924
10.02	0.00486004908807481
10.03	0.004835553996621391
10.040000000000001	0.004811206588056182
10.05	0.004787005826220457
10.06	0.004762950683245952
10.07	0.0047390401394803985
10.08	0.004715273183413802
10.09	0.00469164881160541
10.1	0.004668166028611445
10.11	0.004644823846913519
10.120000000000001	0.004621621286847801
10.13	0.00459855737653488
10.14	0.004575631151810276
10.15	0.004552841656155686
10.16	0.004530187940630904
10.17	0.004507669063806399
10.18	0.0044852840916965505
10.19	0.00446303209769359
10.200000000000001	0.004440912162502129
10.21	0.0044189233740743695
10.22	0.004397064827545952
10.23	0.004375335625172421
10.24	0.0043537348762663014
10.25	0.004332261697134836
10.26	0.004310915211018286
10.27	0.004289694548028855
10.28	0.004268598845090212
10.290000000000001	0.0042476272458776025
10.3	0.0042267789007585385
10.31	0.004206052966734063
10.32	0.004185448607380613
10.33	0.004164964992792413
10.34	0.004144601299524447
10.35	0.00412435671053598
10.36	0.004104230415134624
10.370000000000001	0.0040842216089209595
10.38	0.004064329493733679
10.39	0.004044553277595259
10.4	0.004024892174658161
10.41	0.004005345405151568
10.42	0.003985912195328606
10.43	0.003966591777414092
10.44	0.00394738338955278
10.450000000000001	0.003928286275758099
10.46	0.003909299685861414
10.47	0.0038904228754617107
10.48	0.003871655105875824
10.49	0.0038529956440891276
10.5	0.0038344437627066603
10.51	0.003815998739904785
10.52	0.003797659859383231
10.53	0.003779426410317651
10.540000000000001	0.0037612976873126324
10.55	0.0037432729903551063
10.56	0.0037253516247682463
10.57	0.003707532901165795
10.58	0.003689816135406804
10.59	0.003672200648550822
10.6	0.003654685766813515
10.61	0.0036372708215226873
10.620000000000001	0.0036199551490747168
10.63	0.003602738090891435
10.64	0.0035856189933773756
10.65	0.003568597207877431
10.66	0.003551672090634945
10.67	0.0035348430027501614
10.68	0.0035181093101390643
10.69	0.0035014703834926357
10.700000000000001	0.003484925598236467
10.71	0.0034684743344907593
10.72	0.0034521159770306963
10.73	0.0034358499152471983
10.74	0.0034196755431080317
10.75	0.0034035922591192686
10.76	0.0033875994662871576
10.77	0.0033716965720802837
10.78	0.0033558829883921356
10.790000000000001	0.0033401581315039737
10.8	0.003324521422048099
10.81	0.0033089722849714166
10.82	0.0032935101494993417
10.83	0.00327813444910008
10.84	0.0032628446214491937
10.85	0.0032476401083945143
10.86	0.003232520355921386
10.870000000000001	0.0032174848141182304
10.88	0.00320253293714239
10.89	0.003187664183186368
10.9	0.003172878014444291
10.91	0.003158173897078739
10.92	0.0031435513011878534
10.93	0.00312900970077276
10.94	0.003114548573705291
10.950000000000001	0.0031001674016959925
10.96	0.00308586567026243
10.97	0.003071642868697789
10.98	0.003057498490039769
10.99	0.0030434320310397333
11.	0.003029442992132179
11.01	0.003015530877404458
11.02	0.003001695194566776
11.03	0.0029879354549224827
11.040000000000001	0.0029742511733386236
11.05	0.002960641868216737
11.06	0.00294710706146396
11.07	0.0029336462784643603
11.08	0.0029202590480505437
11.09	0.0029069449024755095
11.1	0.002893703377384786
11.11	0.002880534011788767
11.120000000000001	0.0028674363480353654
11.13	0.002854409931782855
11.14	0.002841454311972991
11.15	0.0028285690408043564
11.16	0.0028157536737059546
11.17	0.0028030077693110495
11.18	0.002790330889431219
11.19	0.0027777225990306548
11.200000000000001	0.002765182466200694
11.21	0.0027519545409909725
11.22	0.002738486021321727
11.23	0.0027250953295298625
11.24	0.002711781947182915
11.25	0.0026985453597586817
11.26	0.002685385056612289
11.27	0.002672300530943568
11.28	0.0026592912797647242
11.290000000000001	0.0026463568038683203
11.3	0.0026334966077955504
11.31	0.0026207101998048056
11.32	0.0026079970918405295
11.33	0.002595356799502376
11.34	0.002582788842014629
11.35	0.0025702927421959267
11.36	0.0025578680264292516
11.370000000000001	0.0025455142246321918
11.38	0.0025332308702275116
11.39	0.0025210175001139407
11.4	0.0025088736546372585
11.41	0.0024967988775616667
11.42	0.002484792716041385
11.43	0.002472854720592517
11.44	0.002460984445065195
11.450000000000001	0.002449181446615964
11.46	0.00243744528568041
11.47	0.0024257755259460612
11.48	0.0024141717343255063
11.49	0.0024026334809297916
11.5	0.002391160339042039
11.51	0.0023797518850913082
11.52	0.0023684076986267002
11.53	0.002357127362291688
11.540000000000001	0.0023459104617986927
11.55	0.0023347565859038895
11.56	0.00232366532638222
11.57	0.0023126362780026655
11.58	0.0023016690385037133
11.59	0.0022907632085690716
11.6	0.0022799183918035663
11.61	0.00226913419470931
11.620000000000001	0.002258410226662038
11.63	0.002247746099887664
11.64	0.002237141429439087
11.65	0.0022265958331731555
11.66	0.00221610893172786
11.67	0.0022056803484997423
11.68	0.0021953097096215
11.69	0.0021849966439397668
11.700000000000001	0.0021747407829931366
11.71	0.002164541760990346
11.72	0.0021543992147886777
11.73	0.002144312783872536
11.74	0.002134282110332229
11.75	0.0021243068388429403
11.76	0.0021143866166438725
11.77	0.0021045210935175885
11.78	0.0020947099217695432
11.790000000000001	0.0020849527562077854
11.8	0.00207524925412283
11.81	0.0020655990752677404
11.82	0.002056001881838369
11.83	0.0020464573384537535
11.84	0.002036965112136726
11.85	0.0020275248722946724
11.86	0.002018136290700444
11.870000000000001	0.0020087990414734873
11.88	0.001999512801061086
11.89	0.0019902772482198036
11.9	0.0019810920639970744
11.91	0.0019719569317129685
11.92	0.001962871536942091
11.93	0.001953835567495679
11.94	0.0019448487134038255
11.950000000000001	0.0019359106668978667
11.96	0.0019270211223929342
11.97	0.001918179776470641
11.98	0.0019093863278619363
11.99	0.001900640477430107
12.	0.0018919419281539169
12.01	0.0018832903851109014
12.02	0.0018746855554608146
12.030000000000001	0.0018661271484292001
12.040000000000001	0.0018576148752911315
12.05	0.0018491484493550747
12.06	0.001840727585946888
12.07	0.0018323520023939826
12.08	0.0018240214180096042
12.09	0.0018157355540772472
12.1	0.00180749413383522
12.11	0.0017992968824613283
12.120000000000001	0.001791143527057701
12.13	0.0017830337966357366
12.14	0.0017749674221012024
12.15	0.0017669441362394268
12.16	0.0017589636737006537
12.17	0.0017510257709854988
12.18	0.0017431301664305484
12.19	0.0017352766001940707
12.200000000000001	0.0017274648142418484
12.21	0.0017196945523331457
12.22	0.00171196556000678
12.23	0.001704277584567336
12.24	0.0016966303750714617
12.25	0.0016890236823143153
12.26	0.0016814572588161178
12.27	0.001673930858808806
12.280000000000001	0.0016664442382228254
12.290000000000001	0.001658997154674014
12.3	0.0016515893674506027
12.31	0.0016442206375003408
12.32	0.0016368907274177068
12.33	0.0016295994014312472
12.34	0.0016223464253910223
12.35	0.0016151315667561384
12.36	0.001607954594582414
12.370000000000001	0.0016008152795101273
12.38	0.0015937133937518797
12.39	0.001586648711080563
12.4	0.0015796210068174236
12.41	0.0015726300578202135
12.42	0.0015656756424714804
12.43	0.0015587575406669192
12.44	0.0015518755338038267
12.450000000000001	0.0015450294047696803
12.46	0.0015382189379307826
12.47	0.0015314439191210063
12.48	0.001524704135630662
12.49	0.0015179993761954148
12.5	0.0015113294309853278
12.51	0.0015046940915939883
12.52	0.0014980931510277181
12.530000000000001	0.0014915264036948791
12.540000000000001	0.001484993645395271
12.55	0.0014784946733096165
12.56	0.0014720292859891244
12.57	0.001465597283345158
12.58	0.001459198466638972
12.59	0.0014528326384715482
12.6	0.0014464996027735077
12.61	0.0014401991647951047
12.620000000000001	0.0014339311310963144
12.63	0.0014276953095369988
12.64	0.0014214915092671386
12.65	0.0014153195407171771
12.66	0.0014091792155884152
12.67	0.001403070346843495
12.68	0.0013969927486969778
12.69	0.0013909462366059728
12.700000000000001	0.0013849306272608586
12.71	0.0013789457385760876
12.72	0.0013729913896810514
12.73	0.0013670674009110264
12.74	0.0013611735937982016
12.75	0.0013553097910627672
12.76	0.0013494758166040905
12.77	0.001343671495491948
12.780000000000001	0.0013378966539578496
12.790000000000001	0.0013321511193864087
12.8	0.0013264347203068153
12.81	0.001320747286384342
12.82	0.0013150886484119477
12.83	0.0013094586383019427
12.84	0.0013038570890777112
12.85	0.0012982838348655152
12.86	0.0012927387108863629
12.870000000000001	0.0012868325717706071
12.88	0.0012808136515671865
12.89	0.0012748275222753218
12.9	0.0012688739800195557
12.91	0.0012629528223486463
12.92	0.0012570638482245293
12.93	0.001251206858011363
12.94	0.0012453816534646765
12.950000000000001	0.0012395880377206114
12.96	0.0012338258152852467
12.97	0.001228094792024023
12.98	0.0012223947751512456
12.99	0.0012167255732196919
13.	0.0012110869961102892
13.01	0.0012054788550218986
13.02	0.001199900962461165
13.030000000000001	0.0011943531322324724
13.040000000000001	0.0011888351794279736
13.05	0.0011833469204176983
13.06	0.001177888172839763
13.07	0.0011724587555906453
13.08	0.001167058488815546
13.09	0.00116168719389884
13.1	0.0011563446934545957
13.11	0.0011510308113171803
13.120000000000001	0.0011457453725319446
13.13	0.0011404882033459857
13.14	0.0011352591311989777
13.15	0.0011300579847140985
13.16	0.0011248845936890125
13.17	0.0011197387890869435
13.18	0.0011146204030278127
13.19	0.0011095292687794528
13.200000000000001	0.001104465220748905
13.21	0.0010994280944737697
13.22	0.0010944177266136476
13.23	0.0010894339549416408
13.24	0.001084476618335933
13.25	0.0010795455567714262
13.26	0.001074640611311464
13.27	0.0010697616240996149
13.280000000000001	0.001064908438351515
13.290000000000001	0.0010600808983467996
13.3	0.0010552788494210832
13.31	0.0010505021379580081
13.32	0.001045750611381374
13.33	0.0010410241181473092
13.34	0.0010363225077365298
13.35	0.00103164563064664
13.36	0.0010269933383845182
13.370000000000001	0.0010223654834587502
13.38	0.0010177619193721297
13.39	0.001013182500614219
13.4	0.0010086270826539761
13.41	0.001004095521932438
13.42	0.0009995876758554588
13.43	0.0009951034027865207
13.44	0.0009906425620395962
13.450000000000001	0.0009862050138720602
13.46	0.0009817906194776766
13.47	0.0009773992409796378
13.48	0.0009730307414236444
13.49	0.00096868498477107
13.5	0.0009643618358921561
13.51	0.0009600611605592784
13.52	0.0009557828254402588
13.530000000000001	0.0009515266980917406
13.540000000000001	0.0009472926469526061
13.55	0.0009430805413374603
13.56	0.0009388902514301571
13.57	0.0009347216482773857
13.58	0.000930574603782302
13.59	0.0009264489906982199
13.6	0.0009223446826223445
13.61	0.0009182615539895645
13.620000000000001	0.0009141994800662862
13.63	0.0009101583369443296
13.64	0.0009061380015348598
13.65	0.0009021383515623743
13.66	0.0008981592655587436
13.67	0.0008942006228572872
13.68	0.0008902623035869109
13.69	0.000886344188666282
13.700000000000001	0.0008824461597980562
13.71	0.0008785680994631455
13.72	0.0008747098909150391
13.73	0.0008708714181741669
13.74	0.0008670525660223053
13.75	0.0008632532199970288
13.76	0.0008594732663862168
13.77	0.0008557125922225797
13.780000000000001	0.0008519710852782597
13.790000000000001	0.0008482486340594499
13.8	0.0008445451278010645
13.81	0.0008408604564614615
13.82	0.0008371945107171891
13.83	0.0008335471819577886
13.84	0.0008299183622806305
13.85	0.0008263079444858014
13.86	0.0008227158220710132
13.870000000000001	0.0008191418892265751
13.88	0.0008155860408303895
13.89	0.0008120481724429928
13.9	0.0008085281803026381
13.91	0.0008050259613204107
13.92	0.0008015414130753911
13.93	0.0007980744338098452
13.94	0.0007946249224244608
13.950000000000001	0.0007911927784736192
13.96	0.000787777902160708
13.97	0.0007843801943334559
13.98	0.0007809995564793293
13.99	0.0007776358907209407
14.	0.0007742890998115086
14.01	0.0007709590871303456
14.02	0.0007676457566783909
14.030000000000001	0.0007643490130737593
14.040000000000001	0.0007610687615473518
14.05	0.0007578049079384749
14.06	0.0007545573586905113
14.07	0.0007513260208466153
14.08	0.0007481108020454527
14.09	0.0007449116105169538
14.1	0.0007417283550781254
14.11	0.0007385609451288737
14.120000000000001	0.0007354092906478715
14.13	0.0007322733021884588
14.14	0.0007291528908745619
14.15	0.000726047968396663
14.16	0.0007229584470077855
14.17	0.0007198842395195203
14.18	0.0007168252592980764
14.19	0.0007137814202603707
14.200000000000001	0.0007107526368701343
14.21	0.0007077388241340656
14.22	0.0007047398975979996
14.23	0.0007017557733431134
14.24	0.0006987863679821617
14.25	0.0006958315986557381
14.26	0.0006928913830285661
14.27	0.0006899656392858201
14.280000000000001	0.0006870542861294734
14.290000000000001	0.0006841572427746769
14.3	0.0006812744289461631
14.31	0.0006784057648746769
14.32	0.0006755511712934357
14.33	0.0006727105694346184
14.34	0.0006698838810258774
14.35	0.0006670710282868816
14.36	0.0006642719339258823
14.370000000000001	0.0006614865211363045
14.38	0.0006587147135933731
14.39	0.0006559564354507501
14.4	0.0006532116113372161
14.41	0.0006504801663533544
14.42	0.0006477620260682866
14.43	0.0006450571165164084
14.44	0.0006423653641941672
14.450000000000001	0.0006396866960568583
14.46	0.0006370210395154442
14.47	0.0006343683224333986
14.48	0.0006317284731235799
14.49	0.0006291014203451195
14.5	0.0006264870933003411
14.51	0.0006238854216316974
14.52	0.0006212963354187365
14.530000000000001	0.0006187197651750888
14.540000000000001	0.0006161556418454708
14.55	0.0006136038968027225
14.56	0.0006110644618448561
14.57	0.0006085372691921388
14.58	0.0006060222514841827
14.59	0.0006035193417770756
14.6	0.0006010284735405135
14.61	0.00059854958065497
14.620000000000001	0.0005960825974088783
14.63	0.0005936274584958406
14.64	0.000591184099011851
14.65	0.0005887524544525481
14.66	0.0005863324607104809
14.67	0.0005839240540723982
14.68	0.0005815271712165592
14.69	0.0005791417492100637
14.700000000000001	0.0005767677255062003
14.71	0.0005744050379418173
14.72	0.0005720536247347112
14.73	0.0005697134244810357
14.74	0.0005673843761527324
14.75	0.0005650664190949725
14.76	0.0005627594930236308
14.77	0.0005604372449066573
14.780000000000001	0.0005579913143447372
14.790000000000001	0.0005555577021354274
14.8	0.0005531363379742418
14.81	0.0005507271520050506
14.82	0.000548330074816931
14.83	0.0005459450374410234
14.84	0.000543571971347426
14.85	0.0005412108084421048
14.86	0.0005388614810638352
14.870000000000001	0.000536523921981155
14.88	0.000534198064389354
14.89	0.0005318838419074801
14.9	0.0005295811885753655
14.91	0.0005272900388506854
14.92	0.0005250103276060271
14.93	0.0005227419901259932
14.94	0.0005204849621043183
14.950000000000001	0.0005182391796410108
14.96	0.0005160045792395184
14.97	0.0005137810978039161
14.98	0.0005115686726361033
14.99	0.000509367241433047
15.	0.0005071767422840169
15.01	0.0005049971136678664
15.02	0.0005028282944503172
15.030000000000001	0.0005006702238812761
15.040000000000001	0.0004985228415921629
15.05	0.0004963860875932663
15.06	0.0004942599022711147
15.07	0.0004921442263858701
15.08	0.0004900390010687394
15.09	0.000487944167819408
15.1	0.00048585966850348965
15.11	0.00048378544534999866
15.120000000000001	0.0004817214409488387
15.13	0.00047966759824831187
15.14	0.0004776238605526488
15.15	0.00047559017151955124
15.16	0.0004735664751577595
15.17	0.0004715527158246357
15.18	0.0004695488382237656
15.19	0.00046755478740257404
15.200000000000001	0.00046557050874997016
15.21	0.0004635959479939964
15.22	0.0004616310511995038
15.23	0.0004596757647658418
15.24	0.0004577300354245658
15.25	0.0004557938102371639
15.26	0.00045386703659279693
15.27	0.0004519496622060581
15.280000000000001	0.00045004163511474734
15.290000000000001	0.00044814290367766726
15.3	0.0004462534165724278
15.31	0.00044437312279327546
15.32	0.00044250197164892976
15.33	0.0004406399127604462
15.34	0.0004387868960590855
15.35	0.00043694287178420755
15.36	0.0004351077904811698
15.370000000000001	0.00043328160299925663
15.38	0.0004314642604896079
15.39	0.00042965571440317483
15.4	0.00042785591648868495
15.41	0.00042606481879062583
15.42	0.0004242823736472386
15.43	0.0004225085336885336
15.44	0.00042074325183431486
15.450000000000001	0.0004189864812922194
15.46	0.0004172381755557756
15.47	0.0004154982884024735
15.48	0.0004137667738918458
15.49	0.00041204358636356904
15.5	0.00041032868043557367
15.51	0.0004086220110021734
15.52	0.00040692353323220194
15.530000000000001	0.00040523320256716905
15.540000000000001	0.00040355097471942835
15.55	0.0004018768056703562
15.56	0.0004002106516685468
15.57	0.0003985524692280206
15.58	0.00039690221512644463
15.59	0.0003952598464033644
15.6	0.0003936253203584547
15.610000000000001	0.0003919985945497751
15.620000000000001	0.0003903796267920441
15.63	0.00038876837515492373
15.64	0.00038716479796131883
15.65	0.0003855688537856831
15.66	0.0003839805014523457
15.67	0.0003823997000338432
15.68	0.00038082640884926685
15.69	0.0003792605874626215
15.700000000000001	0.0003777021956811972
15.71	0.0003761511935539502
15.72	0.0003746075413698983
15.73	0.0003730711996565269
15.74	0.0003715421291782058
15.75	0.0003700202909346205
15.76	0.00036850564615921
15.77	0.0003669981563176204
15.780000000000001	0.00036549778310616726
15.790000000000001	0.0003640044884503113
15.8	0.00036251823450314063
15.81	0.0003610389836438712
15.82	0.0003595666984763483
15.83	0.0003580820339063896
15.84	0.0003565880690813051
15.85	0.00035510127423995906
15.860000000000001	0.0003536216104803274
15.870000000000001	0.00035214903913579536
15.88	0.0003506835217735802
15.89	0.00034922502019317574
15.9	0.0003477734964248021
15.91	0.00034632891272786656
15.92	0.00034489123158944066
15.93	0.00034346041572274255
15.94	0.00034203642806563344
15.950000000000001	0.000340619231779125
15.96	0.0003392087902458957
15.97	0.00033780506706882125
15.98	0.000336408026069513
15.99	0.00033501763128686616
16.	0.00033363384697562213
16.01	0.0003322566376049376
16.02	0.00033088596785696834
16.03	0.00032952180262545464
16.04	0.00032816410701433065
16.05	0.0003268128463363295
16.06	0.00032546798611160835
16.07	0.0003241294920663789
16.080000000000002	0.0003227973301315478
16.09	0.00032147146644137016
16.1	0.00032015186733211
16.11	0.00031883849934070875
16.12	0.00031753132920346724
16.13	0.0003162303238547355
16.14	0.0003149354504256102
16.15	0.0003136466762426464
16.16	0.0003123639688265702
16.17	0.00031108729589101046
16.18	0.00030981662534123195
16.19	0.00030855192527288203
16.2	0.0003072931639707427
16.21	0.00030604030990749636
16.22	0.00030479333174249505
16.23	0.0003035521983205421
16.240000000000002	0.00030231687867068196
16.25	0.0003010873420049979
16.26	0.0002998635577174169
16.27	0.000298645495382528
16.28	0.00029743312475440255
16.29	0.00029622641576542753
16.3	0.0002950253385251455
16.31	0.00029382986331910415
16.32	0.00029263996060771043
16.330000000000002	0.00029145560102509756
16.34	0.0002902767553779971
16.35	0.0002891033946446183
16.36	0.0002879354899735402
16.37	0.00028677301268260387
16.38	0.00028561593425782136
16.39	0.0002844642263522843
16.4	0.0002833178607850852
16.41	0.0002821768095402444
16.42	0.00028104104476564735
16.43	0.0002799105387719829
16.44	0.0002787852640316985
16.45	0.0002776651931779528
16.46	0.00027655029900358445
16.47	0.00027544055446008066
16.48	0.00027433593265656044
16.490000000000002	0.00027323640685875735
16.5	0.0002721419504880158
16.51	0.0002710525371202899
16.52	0.00026996814048515263
16.53	0.0002688887344648093
16.54	0.00026781429309312107
16.55	0.00026674479055463116
16.56	0.0002656802011836011
16.57	0.0002646204994630531
16.580000000000002	0.00026356566002381783
16.59	0.00026251565764359193
16.6	0.0002614704672459958
16.61	0.00026043006389964786
16.62	0.0002593944228172338
16.63	0.0002583635193545929
16.64	0.00025733732900980134
16.65	0.00025631582742227226
16.66	0.00025529899037184936
16.67	0.0002542867937779195
16.68	0.0002532792136985233
16.69	0.00025227622632947367
16.7	0.0002512778080034822
16.71	0.0002502839351892909
16.72	0.00024929458449080846
16.73	0.00024830973264625405
16.740000000000002	0.0002473293565273071
16.75	0.00024635343313826217
16.76	0.00024538193961519
16.77	0.0002444148532251041
16.78	0.00024345215136513393
16.79	0.00024249381156170302
16.8	0.000241539811469713
16.81	0.00024059012887173227
16.82	0.00023964474167719385
16.830000000000002	0.00023870362792159238
16.84	0.00023776676576569474
16.85	0.00023683413349474754
16.86	0.00023590570951769743
16.87	0.00023498147236641182
16.88	0.00023406140069490836
16.89	0.00023314547327858712
16.9	0.00023223366901346836
16.91	0.00023132596691543793
16.92	0.00023042234611949413
16.93	0.00022952278587900552
16.94	0.00022862726556496397
16.95	0.00022773576466525517
16.96	0.00022684764273186636
16.97	0.00022596242469919401
16.98	0.0002250811794498962
16.990000000000002	0.00022420388683050605
17.	0.0002233305268015664
17.01	0.00022246107943692058
17.02	0.00022159552492300507
17.03	0.0002207338435581487
17.04	0.00021987601575187328
17.05	0.00021902202202420373
17.06	0.00021817184300497965
17.07	0.00021732545943317104
17.080000000000002	0.0002164828521562023
17.09	0.0002156440021292775
17.1	0.00021480889041471
17.11	0.00021397749818126028
17.12	0.00021314980670347503
17.13	0.00021232579736103036
17.14	0.00021150545163808185
17.150000000000002	0.00021068875112261788
17.16	0.00020987567750581744
17.17	0.00020906621258141048
17.18	0.0002082603382450472
17.19	0.0002074580364936646
17.2	0.00020665928942486676
17.21	0.00020586407923629742
17.22	0.00020507238822502883
17.23	0.0002042841987869468
17.240000000000002	0.00020349949341614166
17.25	0.0002027182547043046
17.26	0.00020194046534012828
17.27	0.00020116610810870872
17.28	0.00020039516589095467
17.29	0.00019962762166299863
17.3	0.00019886345849561232
17.31	0.00019810265955362625
17.32	0.00019734520809535462
17.330000000000002	0.00019659108747202051
17.34	0.00019584028112718842
17.35	0.0001950927725961994
17.36	0.00019434854550560843
17.37	0.00019360758357262877
17.38	0.0001928698706045773
17.39	0.00019213539049832404
17.400000000000002	0.00019140412723974614
17.41	0.00019067606490318632
17.42	0.0001899511876509113
17.43	0.0001892294797325794
17.44	0.00018851092548470452
17.45	0.00018779550933013245
17.46	0.00018708321577751226
17.47	0.0001863740294207762
17.48	0.0001856679349386225
17.490000000000002	0.00018496491709399965
17.5	0.00018426496073359585
17.51	0.00018356805078733154
17.52	0.00018287417226785414
17.53	0.00018218331027003835
17.54	0.00018149544997048776
17.55	0.0001808105766270401
17.56	0.00018012867557827734
17.57	0.00017944973224303615
17.580000000000002	0.00017877373211992476
17.59	0.00017810066078684066
17.6	0.00017743050390049285
17.61	0.00017676324719592644
17.62	0.00017609887648605
17.63	0.0001754373776611682
17.64	0.0001747787366885153
17.650000000000002	0.0001741229396117919
17.66	0.000173469972550705
17.67	0.00017281982170051405
17.68	0.00017217247333157378
17.69	0.00017152791378888523
17.7	0.00017088612949164836
17.71	0.0001702471069328161
17.72	0.00016961083267865365
17.73	0.00016897729336829895
17.740000000000002	0.00016834647571332674
17.75	0.00016771836649731445
17.76	0.00016709295257541393
17.77	0.00016647022087392125
17.78	0.00016585015838985323
17.79	0.0001652327521905265
17.8	0.00016461798941313577
17.81	0.0001640058572643388
17.82	0.0001633963430198424
17.830000000000002	0.0001627894340239921
17.84	0.00016218511768936104
17.85	0.00016158338149634743
17.86	0.0001609842129927695
17.87	0.00016038759979346496
17.88	0.00015979352957989402
17.89	0.00015920199009974328
17.900000000000002	0.00015861296916653292
17.91	0.00015802645465922728
17.92	0.00015744243452184582
17.93	0.0001568608967630792
17.94	0.0001562818294559061
17.95	0.00015570522073721265
17.96	0.00015513105880741472
17.97	0.00015455933193008357
17.98	0.00015399002843157145
17.990000000000002	0.00015342313670064201
18.	0.00015285864518810275
18.01	0.00015229654240643764
18.02	0.00015173681692944493
18.03	0.0001511794573918761
18.04	0.0001506244524890769
18.05	0.00015007179097663038
18.06	0.00014952146167000453
18.07	0.00014897345344419788
18.080000000000002	0.00014842775523339266
18.09	0.00014788435603060534
18.1	0.00014734324488734256
18.11	0.00014680441091325793
18.12	0.0001462678432758114
18.13	0.00014573353119993131
18.14	0.00014520146396767672
18.150000000000002	0.00014467163091790448
18.16	0.00014414402144593706
18.17	0.0001436195469668244
18.18	0.0001431062226682319
18.19	0.00014259501385797382
18.2	0.00014208591066198342
18.21	0.00014157890325766924
18.22	0.00014107398187362103
18.23	0.00014057113678931285
18.240000000000002	0.0001400703583348107
18.25	0.00013957163689048396
18.26	0.00013907496288671295
18.27	0.0001385803268036042
18.28	0.0001380877191707044
18.29	0.00013759713056671634
18.3	0.00013710855161921704
18.31	0.00013662197300437915
18.32	0.0001361373854466904
18.330000000000002	0.00013565477971867854
18.34	0.0001351741466406366
18.35	0.00013469547708034867
18.36	0.00013421876195281974
18.37	0.00013374399222000518
18.38	0.00013327115889054313
18.39	0.00013280025301948734
18.400000000000002	0.0001323312657080443
18.41	0.0001318641881033083
18.42	0.000131399011398001
18.43	0.00013093572683021176
18.44	0.00013047432568313904
18.45	0.00013001479928483403
18.46	0.00012955713900794579
18.47	0.0001291013362694684
18.48	0.00012864738253048774
18.490000000000002	0.0001281952692959336
18.5	0.00012774498811432862
18.51	0.000127296530577542
18.52	0.00012684988832054546
18.53	0.00012640505302116673
18.54	0.0001259620163998488
18.55	0.00012552077021940784
18.56	0.00012508130628479451
18.57	0.00012464361644285517
18.580000000000002	0.000124207692582096
18.59	0.0001237735266324469
18.6	0.00012334111056502855
18.61	0.0001229104363919205
18.62	0.00012248149616592968
18.63	0.00012205428198036052
18.64	0.00012162878596878872
18.650000000000002	0.00012120500030483347
18.66	0.00012078291720193171
18.67	0.00012036252891311625
18.68	0.00011994382773079172
18.69	0.00011952680598651399
18.7	0.00011911145605077076
18.71	0.00011869777033276339
18.72	0.00011828574128018922
18.73	0.0001178753613790259
18.740000000000002	0.00011746662315331866
18.75	0.00011705951916496517
18.76	0.00011665404201350486
18.77	0.00011625018433590888
18.78	0.00011584793880636991
18.79	0.00011544729813609512
18.8	0.00011504825507309958
18.81	0.00011465080240200081
18.82	0.00011425493294381368
18.830000000000002	0.0001138606395557499
18.84	0.00011346791513101458
18.85	0.00011307675259860578
18.86	0.00011268714492311696
18.87	0.00011229908510453748
18.88	0.0001119125661780566
18.89	0.00011152758121386811
18.900000000000002	0.0001111441233169755
18.91	0.00011076218562699917
18.92	0.00011038176131798459
18.93	0.00011000284359821066
18.94	0.00010962542571000118
18.95	0.00010924950092953574
18.96	0.00010887506256666217
18.97	0.00010850210396471093
18.98	0.00010813061850030982
18.990000000000002	0.00010776059958319906
19.	0.00010739204065605009
19.01	0.00010702493519428255
19.02	0.00010665927670588414
19.03	0.00010629505873123064
19.04	0.00010593227484290827
19.05	0.0001055709186455352
19.06	0.00010521098377558602
19.07	0.000104852463901216
19.080000000000002	0.00010449535272208741
19.09	0.00010413964396919523
19.1	0.00010378533140469679
19.11	0.00010343240882173896
19.12	0.0001030808700442886
19.13	0.00010273070892696465
19.14	0.0001023819193548682
19.150000000000002	0.00010203449524341697
19.16	0.00010168843053817814
19.17	0.00010134371921470482
19.18	0.00010100035527837039
19.19	0.00010065833276420612
19.2	0.0001003176457367398
19.21	0.00009997828828983327
19.22	0.0000996402545465234
19.23	0.00009930353865886226
19.240000000000002	0.00009896813480775946
19.25	0.00009863403720282373
19.26	0.00009830124008220831
19.27	0.00009796973771245365
19.28	0.00009763952438833417
19.29	0.0000973105944327047
19.3	0.00009698294219634693
19.31	0.00009665656205781817
19.32	0.00009633144842330105
19.330000000000002	0.00009600759572645224
19.34	0.00009568499842825454
19.35	0.00009536365101686853
19.36	0.0000950435480074848
19.37	0.00009472468394217783
19.38	0.00009440705338976045
19.39	0.00009409065094563907
19.400000000000002	0.0000937754712316696
19.41	0.00009346150889601546
19.42	0.00009314875861300386
19.43	0.00009283721508298586
19.44	0.00009252687303219549
19.45	0.00009221772721260948
19.46	0.0000919097724018095
19.47	0.00009160467982385364
19.48	0.00009131028997987374
19.490000000000002	0.00009101699657387121
19.5	0.00009072479496280138
19.51	0.00009043368052564778
19.52	0.0000901436486633062
19.53	0.00008985469479847038
19.54	0.00008956681437551664
19.55	0.00008928000286039095
19.56	0.00008899425574049575
19.57	0.00008870956852457686
19.580000000000002	0.0000884259367426124
19.59	0.0000881433559457016
19.6	0.00008786182170595358
19.61	0.00008758132961637837
19.62	0.00008730187529077735
19.63	0.00008702345436363421
19.64	0.00008674606249000755
19.650000000000002	0.00008646969534542318
19.66	0.0000861943486257678
19.67	0.00008592001804718173
19.68	0.00008564669934595488
19.69	0.00008537438827842063
19.7	0.00008510308062085217
19.71	0.00008483277216935835
19.72	0.00008456345873978078
19.73	0.000084295136167591
19.740000000000002	0.00008402780030778884
19.75	0.000083761447034801
19.76	0.00008349607224237966
19.77	0.00008323167184350293
19.78	0.00008296824177027483
19.79	0.0000827057779738265
19.8	0.0000824442764242168
19.81	0.00008218373311033551
19.82	0.00008192414403980516
19.830000000000002	0.00008166550523888401
19.84	0.0000814078127523703
19.85	0.00008115106264350647
19.86	0.0000808952509938828
19.87	0.00008064037390334439
19.88	0.00008038642748989563
19.89	0.0000801334078896073
19.900000000000002	0.00007988131125652337
19.91	0.00007963013376256786
19.92	0.00007937987159745393
19.93	0.00007913052096859113
19.94	0.00007888207810099512
19.95	0.00007863453923719676
19.96	0.00007838790063715267
19.97	0.0000781421585781551
19.98	0.00007789730935474327
19.990000000000002	0.00007765334927861526
20.	0.00007741027467853909
20.01	0.00007716808190026595
20.02	0.00007692676730644324
20.03	0.00007668632727652758
20.04	0.00007644675820669928
20.05	0.00007620805650977644
20.06	0.00007597021861513028
20.07	0.00007573324096859968
20.080000000000002	0.00007549712003240857
20.09	0.00007526185228508075
20.1	0.00007502743422135784
20.11	0.00007479386235211596
20.12	0.00007456113320428364
20.13	0.00007432924332075997
20.14	0.00007409818926033381
20.150000000000002	0.00007386796759760206
20.16	0.00007363857492288975
20.17	0.00007341000784217021
20.18	0.0000731822629769852
20.19	0.00007295533696436573
20.2	0.00007272922645675431
20.21	0.00007250392812192528
20.22	0.00007227943864290839
20.23	0.00007205575471791055
20.240000000000002	0.00007183287306023996
20.25	0.00007161079039822842
20.26	0.00007138950347515567
20.27	0.00007116900904917482
20.28	0.00007094930389323537
20.29	0.00007073038479500968
20.3	0.00007051224855681824
20.31	0.00007029489199555565
20.32	0.00007007831194261688
20.330000000000002	0.0000698625052438248
20.34	0.00006964746875935657
20.35	0.00006943319936367188
20.36	0.00006921969394544083
20.37	0.00006900694940747231
20.38	0.00006879496266664291
20.39	0.00006858373065382654
20.400000000000002	0.0000683732503138232
20.41	0.00006816351860528979
20.42	0.00006795453250067026
20.43	0.00006774628898612638
20.44	0.0000675387850614686
20.45	0.0000673320177400885
20.46	0.00006712598404888969
20.47	0.00006692068102822051
20.48	0.00006671610573180714
20.490000000000002	0.00006651225522668593
20.5	0.00006630912659313729
20.51	0.0000661067169246192
20.52	0.00006590502332770161
20.53	0.00006570404292200062
20.54	0.00006550377284011357
20.55	0.0000653042102275544
20.56	0.00006510535224268868
20.57	0.00006490719605667001
20.580000000000002	0.00006470973885337648
20.59	0.00006451297782934628
20.6	0.0000643169101937161
20.61	0.00006412153316815727
20.62	0.00006392684398681381
20.63	0.00006373283989624079
20.64	0.00006353951815534208
20.650000000000002	0.00006334687603530922
20.66	0.00006315491081956079
20.67	0.00006296361980368121
20.68	0.00006277300029536061
20.69	0.00006258304961433496
20.7	0.00006239376509232612
20.71	0.0000622051440729828
20.72	0.00006201718391182137
20.73	0.00006182988197616712
20.740000000000002	0.00006164323564509556
20.75	0.00006145724230937527
20.76	0.00006127189937140907
20.77	0.00006108720424517726
20.78	0.000060903154356180144
20.79	0.00006071974714138149
20.8	0.0000605369800491517
20.81	0.000060354850539211644
20.82	0.00006017335608257709
20.830000000000002	0.00005999249416150264
20.84	0.000059812262269426624
20.85	0.00005963265791091623
20.86	0.00005945367860161265
20.87	0.00005928036588091656
20.88	0.00005910812823852278
20.89	0.00005893647313877157
20.900000000000002	0.00005876539833393705
20.91	0.000058594901586035574
20.92	0.000058424980666778796
20.93	0.000058255633357527276
20.94	0.00005808685744924426
20.95	0.00005791865074244911
20.96	0.000057751011047171576
20.97	0.0000575839361829065
20.98	0.00005741742397856811
20.990000000000002	0.000057251472272444735
21.	0.00005708607891215451
21.01	0.00005692124175459982
21.02	0.00005675695866592333
21.03	0.00005659322752146422
21.04	0.00005643004620571327
21.05	0.00005626741261226968
21.06	0.00005610532464379766
21.07	0.000055943780211982744
21.080000000000002	0.00005578277723748893
21.09	0.00005562231364991599
21.1	0.000055462387387756474
21.11	0.000055302996398353616
21.12	0.00005514413863785935
21.13	0.000054985812071191816
21.14	0.00005482801467199411
21.150000000000002	0.00005467074442259254
21.16	0.000054513999313955334
21.17	0.0000543577773456518
21.18	0.000054202076525811296
21.19	0.00005404689487108231
21.2	0.00005389223040659257
21.21	0.000053738081165908466
21.22	0.000053584445190995214
21.23	0.0000534313205321767
21.240000000000002	0.00005327870524809639
21.25	0.000053126597405677674
21.26	0.00005297499508008448
21.27	0.00005282389635468275
21.28	0.00005267329932100125
21.29	0.00005252320207869322
21.3	0.00005237360273549775
21.31	0.00005222449940720211
21.32	0.00005207589021760321
21.330000000000002	0.000051927773298470023
21.34	0.000051780146789506096
21.35	0.00005163300883831196
21.36	0.00005148635760034813
21.37	0.000051340191238898096
21.38	0.00005119450792503118
21.39	0.00005104930583756626
21.400000000000002	0.00005090458316303535
21.41	0.000050760338095647075
21.42	0.000050616568837250664
21.43	0.00005047327359730035
21.44	0.000050330450592819405
21.45	0.00005018809804836477
21.46	0.000050046214195991586
21.47	0.00004990479727521833
21.48	0.00004976384553299133
21.490000000000002	0.00004962335722365083
21.5	0.00004948333060889548
21.51	0.000049343763957748406
21.52	0.000049204655546523
21.53	0.000049066003658788646
21.54	0.00004892780658533688
21.55	0.000048790062624147776
21.56	0.00004865277008035626
21.57	0.000048515927266218716
21.580000000000002	0.00004837953250107997
21.59	0.000048243584111340085
21.6	0.00004810808043042149
21.61	0.00004797301979873653
21.62	0.00004783840056365454
21.63	0.00004770422107946963
21.64	0.000047570479707368806
21.650000000000002	0.000047437174815399454
21.66	0.00004730430477843783
21.67	0.000047171867978157006
21.68	0.000047039862802995704
21.69	0.0000469082876481266
21.7	0.00004677714091542541
21.71	0.000046646421013439294
21.72	0.00004651612635735672
21.73	0.00004638625536897602
21.740000000000002	0.00004625680647667511
21.75	0.000046127778115380926
21.76	0.00004599916872653946
21.77	0.00004587097675808514
21.78	0.00004574320066441107
21.79	0.000045615838906339506
21.8	0.00004548888995109175
21.81	0.00004536235227225867
21.82	0.0000452362243497717
21.830000000000002	0.000045110504669873024
21.84	0.00004498519172508716
21.85	0.00004486028401419146
21.86	0.000044735780042187734
21.87	0.000044611678320273395
21.88	0.000044487977365812864
21.89	0.00004436467570230967
21.900000000000002	0.00004424177185937766
21.91	0.0000441192643727135
21.92	0.000043997151784068156
21.93	0.0000438754326412197
21.94	0.0000437541054979453
21.95	0.00004363316891399387
21.96	0.000043512621455058515
21.97	0.00004339246169274956
21.98	0.000043272688204567466
21.990000000000002	0.00004315329957387554
22.	0.000043034294389873496
22.01	0.000042915671247570465
22.02	0.00004279742874775879
22.03	0.000042679565496987286
22.04	0.00004256208010753512
22.05	0.00004244497119738568
22.06	0.000042328237390200534
22.07	0.000042211877315293336
22.080000000000002	0.00004209588960760448
22.09	0.00004198027290767509
22.1	0.000041865025861621756
22.11	0.00004175014712111098
22.12	0.000041635635343334065
22.13	0.00004152148919098198
22.14	0.00004140770733222032
22.150000000000002	0.000041294288440664455
22.16	0.00004118123119535476
22.17	0.00004106853428073198
22.18	0.000040956196386612734
22.19	0.00004084421620816535
22.2	0.000040732592445885226
22.21	0.00004062132380557093
22.22	0.00004051040899830023
22.23	0.00004039984674040601
22.240000000000002	0.00004028963575345259
22.25	0.00004017977476421223
22.26	0.000040070262504641214
22.27	0.00003996109771185678
22.28	0.000039852279128113713
22.29	0.000039743805500780926
22.3	0.00003963567558231863
22.31	0.00003952788813025547
22.32	0.00003942044190716538
22.330000000000002	0.00003931333568064496
22.34	0.000039206568223290933
22.35	0.00003910013831267759
22.36	0.000038989934181418896
22.37	0.000038878465007330794
22.38	0.00003876736412005135
22.39	0.000038656630139039246
22.400000000000002	0.00003854626168954154
22.41	0.00003843625740256677
22.42	0.000038326615914858115
22.43	0.00003821733586886692
22.44	0.00003810841591272644
22.45	0.000037999854700225233
22.46	0.000037891650890781276
22.47	0.00003778380314941569
22.48	0.000037676310146726995
22.490000000000002	0.00003756917055886533
22.5	0.000037462383067506726
22.51	0.00003735594635982785
22.52	0.00003724985912848013
22.53	0.00003714412007156506
22.54	0.00003703872789260877
22.55	0.00003693368130053701
22.56	0.000036828979009650475
22.57	0.000036724619739599845
22.580000000000002	0.00003662060221536136
22.59	0.00003651692516721208
22.6	0.00003641358733070584
22.61	0.00003631058744664875
22.62	0.00003620792426107504
22.63	0.0000361055965252234
22.64	0.000036003602995512504
22.650000000000002	0.00003590194243351795
22.66	0.00003580061360594809
22.67	0.00003569961528462055
22.68	0.000035598946246439135
22.69	0.0000354986052733703
22.7	0.000035398591152419986
22.71	0.00003529890267561051
22.72	0.00003519953863995797
22.73	0.000035100497847448785
22.740000000000002	0.00003500177910501766
22.75	0.00003490338122452472
22.76	0.00003480530302273253
22.77	0.00003470754332128477
22.78	0.00003461010094668295
22.79	0.0000345129747302648
22.8	0.00003441616350818226
22.81	0.00003431966612137927
22.82	0.000034223481415570054
22.830000000000002	0.00003412760824121756
22.84	0.00003403204545351166
22.85	0.00003393679191234771
22.86	0.00003384184648230532
22.87	0.00003374720803262678
22.88	0.00003365287543719611
22.89	0.00003355884757451793
22.900000000000002	0.00003346512332769652
22.91	0.00003337170158441473
22.92	0.00003327858123691366
22.93	0.00003318576118197166
22.94	0.000033093240320883836
22.95	0.00003300101755944162
22.96	0.000032909091807912644
22.97	0.00003281746198101999
22.98	0.000032726126997922545
22.990000000000002	0.00003263508578219469
23.	0.000032544337261806473
23.01	0.000032453880369103555
23.02	0.00003236371404078778
23.03	0.000032273837217897224
23.04	0.000032184248845786725
23.05	0.00003209494787410856
23.06	0.000032005933256792954
23.07	0.00003191720395202872
23.080000000000002	0.00003182875892224441
23.09	0.000031740597134088796
23.1	0.00003165271755841223
23.11	0.00003156511917024767
23.12	0.00003147780094879182
23.13	0.000031390761877386343
23.14	0.00003130400094349956
23.150000000000002	0.00003121751713870757
23.16	0.00003113130945867599
23.17	0.00003104537690314167
23.18	0.000030959718475894386
23.19	0.000030874333184758506
23.2	0.000030789220041575326
23.21	0.0000307043780621846
23.22	0.00003061980626640703
23.23	0.00003053550367802631
23.240000000000002	0.000030451469324771368
23.25	0.000030367702238298774
23.26	0.000030284201454175244
23.27	0.00003020096601186012
23.28	0.000030117994954687994
23.29	0.000030035287329851385
23.3	0.00002995284218838376
23.31	0.000029870658585141948
23.32	0.000029788735578789638
23.330000000000002	0.0000297070722317801
23.34	0.000029625667610339375
23.35	0.000029544520784449446
23.36	0.000029463630827831743
23.37	0.00002938299681793017
23.38	0.000029302617835894846
23.39	0.00002922249296656552
23.400000000000002	0.000029142621298455205
23.41	0.000029063001923733965
23.42	0.00002898363393821243
23.43	0.000028904516441325922
23.44	0.00002882564853611836
23.45	0.000028747029329226064
23.46	0.000028668657930861963
23.47	0.000028590533454799888
23.48	0.000028512655018358625
23.490000000000002	0.000028435021742386315
23.5	0.00002835763275124484
23.51	0.000028280487172794304
23.52	0.000028203584138377508
23.53	0.000028126922782804682
23.54	0.000028050502244338143
23.55	0.000027974321664676943
23.56	0.00002789838018894194
23.57	0.000027822676965660465
23.580000000000002	0.000027747211146751488
23.59	0.000027671981887510633
23.6	0.000027596988346595244
23.61	0.00002752222968600967
23.62	0.000027447705071090495
23.63	0.000027373413670492003
23.64	0.00002729935465617132
23.650000000000002	0.000027225527203374148
23.66	0.000027151930490620357
23.67	0.000027078563699689317
23.68	0.00002700542601560587
23.69	0.00002693251662662609
23.7	0.000026859834724222927
23.71	0.000026787379503072145
23.72	0.000026715150161038542
23.73	0.00002664314589916162
23.740000000000002	0.00002657136592164202
23.75	0.000026499809435827445
23.76	0.00002642847565219907
23.77	0.000026357363784357603
23.78	0.000026286473049010095
23.79	0.000026215802665955832
23.8	0.000026145351858073186
23.81	0.00002607511985130614
23.82	0.00002600510587465081
23.830000000000002	0.000025935309160142126
23.84	0.000025865728942840836
23.85	0.000025796364460819927
23.86	0.000025727214955151826
23.87	0.000025658279669895194
23.88	0.000025589557852081998
23.89	0.000025521048751704485
23.900000000000002	0.000025452751621702445
23.91	0.000025384665717950315
23.92	0.000025316790299244378
23.93	0.000025249124627290203
23.94	0.000025181667966689964
23.95	0.000025114419584929796
23.96	0.00002504245380840346
23.97	0.000024969858681196823
23.98	0.00002489750414667242
23.990000000000002	0.00002482538930763271
24.	0.00002475351327059779
24.01	0.000024681875145788566
24.02	0.00002461047404710988
24.03	0.000024539309092133724
24.04	0.000024468379402082512
24.05	0.000024397684101812477
24.060000000000002	0.000024327222319797262
24.07	0.00002425699318811127
24.080000000000002	0.000024186995842413406
24.09	0.000024117229421930878
24.1	0.0000240476930694429
24.11	0.00002397838593126442
24.12	0.000023909307157230464
24.13	0.00002384045590067975
24.14	0.000023771831318439058
24.150000000000002	0.000023703432570807434
24.16	0.0000236352588215403
24.17	0.000023567309237833853
24.18	0.000023499582990309734
24.19	0.000023432079252999097
24.2	0.000023364797203327503
24.21	0.00002329773602209952
24.22	0.00002323089489348349
24.23	0.00002316427300499609
24.240000000000002	0.000023097869547487633
24.25	0.00002303168371512661
24.26	0.000022965714705384943
24.27	0.000022899961719023115
24.28	0.000022834423960075273
24.29	0.00002276910063583437
24.3	0.000022703990956837742
24.310000000000002	0.00002263909413685235
24.32	0.000022574409392860152
24.330000000000002	0.000022509935945043867
24.34	0.00002244567301677246
24.35	0.000022381619834586748
24.36	0.000022317775628185326
24.37	0.000022254139630410276
24.38	0.000022190711077233014
24.39	0.000022127489207740364
24.400000000000002	0.000022064473264120507
24.41	0.000022001662491649093
24.42	0.000021939056138675497
24.43	0.000021876653456608823
24.44	0.00002181445369990441
24.45	0.000021752456126050193
24.46	0.000021690659995552927
24.47	0.000021629064571924975
24.48	0.000021567669121670623
24.490000000000002	0.000021506472914272884
24.5	0.000021445475222180044
24.51	0.00002138467532079261
24.52	0.000021324072488449936
24.53	0.000021263666006417208
24.54	0.000021203455158872367
24.55	0.00002114343923289324
24.560000000000002	0.000021083617518444407
24.57	0.000021023989308364517
24.580000000000002	0.00002096455389835348
24.59	0.00002090531058695954
24.6	0.00002084625867556689
24.61	0.000020787397468382845
24.62	0.000020728726272425347
24.63	0.000020670244397510595
24.64	0.00002061195115624042
24.650000000000002	0.000020553845863990065
24.66	0.000020495927838895748
24.67	0.000020438196401842658
24.68	0.00002038065087645242
24.69	0.00002032329058907123
24.7	0.000020266114868757686
24.71	0.000020209123047270817
24.72	0.000020152314459058022
24.73	0.00002009568844124333
24.740000000000002	0.00002003924433361539
24.75	0.000019982981478615868
24.76	0.000019926899221327566
24.77	0.000019870996909462835
24.78	0.00001981527389335193
24.79	0.000019759729525931518
24.8	0.000019704363162733023
24.810000000000002	0.000019649174161871337
24.82	0.000019594161884033423
24.830000000000002	0.000019539325692466832
24.84	0.000019484664952968537
24.85	0.000019430179033873734
24.86	0.00001937586730604457
24.87	0.000019321729142859077
24.88	0.00001926776392020012
24.89	0.00001921397101644437
24.900000000000002	0.000019160349812451253
24.91	0.00001910689969155223
24.92	0.00001905362003953982
24.93	0.000019000510244656698
24.94	0.000018947569697585205
24.95	0.000018894797791436394
24.96	0.00001884219392173953
24.97	0.00001878975748643148
24.98	0.000018737487885846053
24.990000000000002	0.00001868538452270359
25.	0.000018633446802100552
25.01	0.00001858167413149905
25.02	0.000018530065920716565
25.03	0.000018478621581915525
25.04	0.00001842734052959324
25.05	0.000018376222180571485
25.060000000000002	0.00001832526595398658
25.07	0.000018274471271279113
25.080000000000002	0.00001822383755618391
25.09	0.000018173364234720093
25.1	0.000018123050735181118
25.11	0.000018072896488124833
25.12	0.000018022900926363485
25.13	0.00001797306348495417
25.14	0.000017923383601188867
25.150000000000002	0.000017873860714584735
25.16	0.000017824494266874537
25.17	0.000017775283701996823
25.18	0.00001772622846608653
25.19	0.000017677328007465373
25.2	0.000017628581776632245
25.21	0.000017579989226253923
25.22	0.000017531549811155603
25.23	0.000017483262988311482
25.240000000000002	0.000017435128216835496
25.25	0.000017387144957972076
25.26	0.000017339312675086805
25.27	0.000017291630833657356
25.28	0.000017244098901264277
25.29	0.000017196716347581886
25.3	0.000017149482644369262
25.310000000000002	0.000017102397265461212
25.32	0.00001705545968675926
25.330000000000002	0.00001700866938622274
25.34	0.000016962025843859965
25.35	0.000016915528541719282
25.36	0.000016869176963880362
25.37	0.000016822970596445344
25.38	0.000016776908927530202
25.39	0.000016730991447255993
25.400000000000002	0.000016685217647740285
25.41	0.000016639587023088468
25.42	0.000016594099069385305
25.43	0.00001654875328468637
25.44	0.000016503549169009473
25.45	0.00001645848622432635
25.46	0.000016413563954554266
25.47	0.000016368781865547535
25.48	0.000016324139465089313
25.490000000000002	0.00001627963626288328
25.5	0.00001623527177054538
25.51	0.000016191045501595596
25.52	0.000016146956971449913
25.53	0.000016103005697412002
25.54	0.000016059191198665258
25.55	0.00001601551299626475
25.560000000000002	0.000015971970613129122
25.57	0.000015928563574032664
25.580000000000002	0.000015885291405597404
25.59	0.00001584215363628521
25.6	0.000015799149796389786
25.61	0.00001575627941802905
25.62	0.000015713542035137172
25.63	0.00001567093718345693
25.64	0.000015628464400531895
25.650000000000002	0.000015586123225698897
25.66	0.00001554391320008015
25.67	0.000015507798659418956
25.68	0.000015476638525311993
25.69	0.000015445553096997302
25.7	0.000015414542166394013
25.71	0.000015383605526081545
25.72	0.000015352742969297126
25.73	0.00001532195428993351
25.740000000000002	0.0000152912392825367
25.75	0.000015260597742303472
25.76	0.00001523002946507928
25.77	0.000015199534247355715
25.78	0.00001516911188626846
25.79	0.000015138762179594704
25.8	0.000015108484925751204
25.810000000000002	0.000015078279923791725
25.82	0.000015048146973404905
25.830000000000002	0.000015018085874912095
25.84	0.000014988096429264889
25.85	0.000014958178438043112
25.86	0.00001492833170345249
25.87	0.000014898556028322418
25.88	0.000014868851216103846
25.89	0.000014839217070866944
25.900000000000002	0.000014809653397299067
25.91	0.000014780160000702445
25.92	0.000014750736686992045
25.93	0.000014721383262693536
25.94	0.000014692099534940846
25.95	0.000014662885311474376
25.96	0.000014633740400638525
25.97	0.00001460466461137981
25.98	0.000014575657753244615
25.990000000000002	0.000014546719636377081
26.	0.000014517850071517042
26.01	0.000014489048869997965
26.02	0.000014460315843744742
26.03	0.00001443165080527169
26.04	0.000014403053567680513
26.05	0.000014374523944658122
26.060000000000002	0.000014346061750474691
26.07	0.000014317666799981563
26.080000000000002	0.000014289338908609184
26.09	0.000014261077892365105
26.1	0.00001423288356783198
26.11	0.000014204755752165495
26.12	0.000014176694263092346
26.13	0.000014148698918908357
26.14	0.000014120769538476303
26.150000000000002	0.00001409290594122413
26.16	0.000014065107947142817
26.17	0.000014037375376784425
26.18	0.000014009708051260258
26.19	0.000013982105792238743
26.2	0.000013954568421943609
26.21	0.000013927095763151861
26.22	0.000013899687639191937
26.23	0.000013872343873941682
26.240000000000002	0.000013845064291826493
26.25	0.000013817848717817366
26.26	0.000013790696977429137
26.27	0.00001376360889671832
26.28	0.000013736584302281476
26.29	0.000013709623021253184
26.3	0.000013682724881304238
26.310000000000002	0.000013655889710639725
26.32	0.00001362911733799722
26.330000000000002	0.000013602407592644912
26.34	0.00001357576030437973
26.35	0.000013549175303525573
26.36	0.000013522652420931367
26.37	0.000013496191487969413
26.38	0.000013469792336533431
26.39	0.000013443454799036737
26.400000000000002	0.00001341717870841057
26.41	0.000013390963898102181
26.42	0.000013364810202073088
26.43	0.000013338717454797322
26.44	0.000013312685491259586
26.45	0.00001328671414695354
26.46	0.000013260803257880024
26.47	0.000013234952660545278
26.48	0.000013209162191959243
26.490000000000002	0.000013183431689633771
26.5	0.000013157760991580943
26.51	0.000013132149936311289
26.52	0.000013106598362832116
26.53	0.000013081106110645736
26.54	0.000013055673019747823
26.55	0.000013030298930625632
26.560000000000002	0.000013004983684256398
26.57	0.00001297972712210559
26.580000000000002	0.000012954529086125192
26.59	0.000012929389418752156
26.6	0.000012904307962906572
26.61	0.000012879284561990135
26.62	0.000012854319059884413
26.63	0.000012829411300949254
26.64	0.000012804561130021036
26.650000000000002	0.000012779768392411206
26.66	0.000012755032933904456
26.67	0.000012730354600757237
26.68	0.000012705733239696087
26.69	0.000012681168697916003
26.7	0.000012656660823078867
26.71	0.00001263220946331179
26.72	0.000012607814467205645
26.73	0.000012583475683813321
26.740000000000002	0.000012559192962648243
26.75	0.000012534966153682747
26.76	0.000012510795107346532
26.77	0.000012486679674525104
26.78	0.000012462619706558195
26.79	0.000012438615055238211
26.8	0.000012414665572808717
26.810000000000002	0.000012390771111962872
26.82	0.000012366931525841847
26.830000000000002	0.00001234314666803338
26.84	0.00001231941639257025
26.85	0.00001229574055392868
26.86	0.000012272119007026854
26.87	0.000012248551607223503
26.88	0.000012225038210316251
26.89	0.000012201578672540237
26.900000000000002	0.000012178172850566572
26.91	0.000012154820601500895
26.92	0.000012131521782881845
26.93	0.000012108276252679642
26.94	0.000012085083869294551
26.95	0.000012061944491555477
26.96	0.00001203885797871853
26.97	0.00001201582419046549
26.98	0.000011992842986902439
26.990000000000002	0.000011969914228558272
27.	0.000011947037776383322
27.01	0.000011924213491747836
27.02	0.000011901441236440687
27.03	0.000011878720872667791
27.04	0.000011856052263050839
27.05	0.000011833435270625834
27.060000000000002	0.000011810869758841648
27.07	0.000011788355591558705
27.080000000000002	0.000011765892633047546
27.09	0.000011743480747987395
27.1	0.000011721119801464888
27.11	0.00001169880965897262
27.12	0.000011676550186407787
27.13	0.0000116543412500708
27.14	0.000011632182716664029
27.150000000000002	0.00001161007445329027
27.16	0.000011588016327451562
27.17	0.000011566008207047744
27.18	0.00001154404996037514
27.19	0.000011522141456125253
27.2	0.000011500282563383387
27.21	0.000011478473151627352
27.22	0.00001145671309072613
27.23	0.000011435002250938558
27.240000000000002	0.00001141334050291203
27.25	0.000011391727717681193
27.26	0.00001137016376666665
27.27	0.000011348648521673612
27.28	0.000011327181854890672
27.29	0.000011305763638888522
27.3	0.000011284393746618568
27.310000000000002	0.000011263072051411809
27.32	0.000011241798426977448
27.330000000000002	0.000011220572747401641
27.34	0.000011199394887146303
27.35	0.000011178264721047765
27.36	0.000011157182124315576
27.37	0.000011136146972531206
27.38	0.000011115159141646875
27.39	0.000011094218507984245
27.400000000000002	0.000011073324948233213
27.41	0.000011052478339450679
27.42	0.000011031678559059336
27.43	0.000011010925484846392
27.44	0.000011044530370261982
27.45	0.000011192302776517729
27.46	0.000011341997425165824
27.47	0.000011493638607270212
27.48	0.000011647250911844416
27.490000000000002	0.000011802859229396093
27.5	0.000011960488755511694