0.01	20.870672946244884
0.02	36.3057020027619
0.03	43.679959647196526
0.04	47.39263350652997
0.05	49.20786943478001
0.06	49.90748634310758
0.07	49.86309283101325
0.08	49.40755937288765
0.09	48.70540141826143
0.1	47.75606728901431
0.11	46.703428351682504
0.12	45.63602568447422
0.13	44.483495309608536
0.14	43.335652911622745
0.15	42.16659834478614
0.16	41.003853872099064
0.17	39.81998104015267
0.18	38.7051332956145
0.19	37.48302416377088
0.2	36.359304017413564
0.21	35.19946002792659
0.22	34.00206379438441
0.23	32.895978693313474
0.24	31.748599962715492
0.25	30.537724241500857
0.26	29.41786859135104
0.27	28.37907058306499
0.28	27.201397111083615
0.29	26.100238480624945
0.3	25.078769443273437
0.31	24.12884541602563
0.32	23.23234629548379
0.33	22.394552057334568
0.34	21.610653463646916
0.35000000000000003	20.875746672074587
0.36	20.191571011742706
0.37	19.559079778796217
0.38	18.962489281758028
0.39	18.398895328898245
0.4	17.865695255137034
0.41000000000000003	17.358936818963443
0.42	16.850730425036048
0.43	16.368843647396126
0.44	15.91134775581396
0.45	15.47649497330273
0.46	15.062697943782554
0.47000000000000003	14.668511915784691
0.48	14.261929448257053
0.49	13.874263158773594
0.5	13.50465124900272
0.51	13.15191650549387
0.52	12.814979565872706
0.53	12.492849098133208
0.54	12.184088309671449
0.55	11.865551676461836
0.56	11.560860015585641
0.5700000000000001	11.269180147600798
0.58	10.98974248099545
0.59	10.721835167526125
0.6	10.464798882885004
0.61	10.21802215667153
0.62	9.980511162336079
0.63	9.735834610336708
0.64	9.500869547701617
0.65	9.275087654268274
0.66	9.057996888454827
0.67	8.849138493926429
0.68	8.648084293459613
0.6900000000000001	8.454434238701657
0.7000000000000001	8.267814188330858
0.71	8.087873890421822
0.72	7.903818243944053
0.73	7.72450917227128
0.74	7.551625398913124
0.75	7.384854451167992
0.76	7.223902946559572
0.77	7.068495194783745
0.78	6.918371918579129
0.79	6.77328908203378
0.8	6.633016816079483
0.81	6.4973384320165275
0.8200000000000001	6.36334285203167
0.8300000000000001	6.227555139982629
0.84	6.096239646344755
0.85	5.9691984312529005
0.86	5.846244505280023
0.87	5.727201105275178
0.88	5.611901025741135
0.89	5.500186000918312
0.9	5.3919061332113625
0.91	5.286919364013714
0.92	5.185090983360315
0.93	5.086293175174316
0.9400000000000001	4.989176607942594
0.9500000000000001	4.890013803297976
0.96	4.793829576396461
0.97	4.700504813300271
0.98	4.6099263248973505
0.99	4.521986495587513
1.	4.436582956089555
1.01	4.353618278491758
1.02	4.27299969183131
1.03	4.194638816635586
1.04	4.118451416991704
1.05	4.044357168831731
1.06	3.9722794432306316
1.07	3.902145103613617
1.08	3.832558636450552
1.09	3.7618016836055963
1.1	3.6929794737707002
1.11	3.6260222294071363
1.12	3.5608632873159243
1.1300000000000001	3.497438933427602
1.1400000000000001	3.4356882477221715
1.1500000000000001	3.375552958575783
1.16	3.316977305885138
1.17	3.2599079123704526
1.18	3.204293662503429
1.19	3.1500855885484116
1.2	3.097236763243317
1.21	3.045702198681986
1.22	2.9954387509919216
1.23	2.946405030431054
1.24	2.897484532401376
1.25	2.8477386644152975
1.26	2.7992331086032607
1.27	2.751927461186387
1.28	2.705782938539088
1.29	2.66076230022139
1.3	2.6168297762291157
1.31	2.573950998200474
1.32	2.5320929343356813
1.33	2.4912238278029064
1.34	2.4513131384192803
1.35	2.4123314874099333
1.36	2.3742506050612926
1.37	2.3370432810970403
1.3800000000000001	2.300683317616489
1.3900000000000001	2.265145484445701
1.4000000000000001	2.230405476761313
1.41	2.1964398748561766
1.42	2.1631731042312774
1.43	2.1283872313218484
1.44	2.094397347455277
1.45	2.061179898784262
1.46	2.028712184281587
1.47	1.9969723192955742
1.48	1.9659392008976373
1.49	1.9355924749224171
1.5	1.905912504607149
1.51	1.8768803407426202
1.52	1.848477693253454
1.53	1.8206869041304041
1.54	1.7934909216420218
1.55	1.7668732757573933
1.56	1.7408180547157095
1.57	1.7153098826822148
1.58	1.6903338984336382
1.59	1.665875735019519
1.6	1.641921500348956
1.61	1.6184577586552087
1.62	1.5954715127932917
1.6300000000000001	1.5729501873282732
1.6400000000000001	1.5493103486152062
1.6500000000000001	1.5261477125841645
1.6600000000000001	1.5034681991049825
1.67	1.4812589112672825
1.68	1.459507370829692
1.69	1.4382015022423624
1.7	1.4173296173692316
1.71	1.3968804008754836
1.72	1.3768428962475703
1.73	1.3572064924149152
1.74	1.3379609109441268
1.75	1.319096193778085
1.76	1.3006026914937725
1.77	1.282471052054112
1.78	1.2646922100303866
1.79	1.2472573762730101
1.8	1.2301580280096778
1.81	1.2133858993509008
1.82	1.1969329721840658
1.83	1.180791467438084
1.84	1.164953836701605
1.85	1.1494127541786876
1.86	1.1341611089665828
1.87	1.1191919976410982
1.8800000000000001	1.1036365553572203
1.8900000000000001	1.088213428923683
1.9000000000000001	1.0730855290562655
1.9100000000000001	1.0582456950674457
1.92	1.0436869761845198
1.93	1.0294026243447718
1.94	1.015386087273638
1.95	1.0016310018333647
1.96	0.9881311876302648
1.97	0.9748806408692782
1.98	0.9618735284450544
1.99	0.9491041822593224
2.	0.9365670937548127
2.0100000000000002	0.9242569086564169
2.02	0.9121684219107801
2.0300000000000002	0.9002965728158724
2.04	0.8886364403325322
2.05	0.877183238570327
2.06	0.865932312440431
2.07	0.8548791334685832
2.08	0.844019295761473
2.09	0.8333485121202473
2.1	0.8228626102950751
2.11	0.8125575293750434
2.12	0.8024293163078401
2.13	0.7924741225440118
2.14	0.7826882008007491
2.15	0.7729966676070543
2.16	0.7628926053662353
2.17	0.7529663754327566
2.18	0.7432140499408343
2.19	0.7336318052467655
2.2	0.7242159187042684
2.21	0.7149627655536691
2.22	0.7058688159204359
2.23	0.6969306319187342
2.24	0.6881448648558847
2.25	0.6795082525337742
2.2600000000000002	0.6710176166434453
2.27	0.6626698602492558
2.2800000000000002	0.6544619653591461
2.29	0.6463909905777099
2.3000000000000003	0.6384540688388934
2.31	0.6306484052153045
2.32	0.6229712748012018
2.33	0.6154200206664047
2.34	0.6079920518784462
2.35	0.6006848415904054
2.36	0.5934959251919892
2.37	0.5864228985214961
2.38	0.5794634161364197
2.39	0.5726151896405326
2.4	0.565875986065377
2.41	0.5592436263041748
2.42	0.5527159835962524
2.43	0.5462909820601487
2.44	0.5399665952736529
2.45	0.5337408448990807
2.46	0.5276117993521783
2.47	0.521464308369117
2.48	0.5151132093908857
2.49	0.5088645554835903
2.5	0.5027162926516653
2.5100000000000002	0.4966664160681654
2.52	0.4907129687080952
2.5300000000000002	0.4848540400249539
2.54	0.4790877646689726
2.5500000000000003	0.4734123212455624
2.56	0.4678259311125695
2.57	0.4623268572149709
2.58	0.45691340295571403
2.59	0.45158391110143536
2.6	0.4463367627218569
2.61	0.4411703761616963
2.62	0.43608320604397915
2.63	0.4310737423036731
2.64	0.42614050925061037
2.65	0.421282064660713
2.66	0.4164969988945492
2.67	0.4117839340423158
2.68	0.40714152309434287
2.69	0.4025684491362807
2.7	0.3980634245681395
2.71	0.39362519034638965
2.72	0.389252515248362
2.73	0.38494419515821343
2.74	0.3806990523737448
2.75	0.3765159349333953
2.7600000000000002	0.3723937159627502
2.77	0.3683312930399317
2.7800000000000002	0.36432758757925693
2.79	0.36038154423258045
2.8000000000000003	0.35649213030774596
2.81	0.3526583352036052
2.82	0.34887916986106854
2.83	0.3451536662296855
2.84	0.34130924702551924
2.85	0.3374543481792616
2.86	0.3336562626683552
2.87	0.3299139589018018
2.88	0.326226427522972
2.89	0.3225926808553918
2.9	0.31901175236420054
2.91	0.3154826961327822
2.92	0.31200458635409706
2.93	0.3085765168362464
2.94	0.3051976005218303
2.95	0.301866969020665
2.96	0.2985837721554469
2.97	0.2953471775199597
2.98	0.292156370049442
2.99	0.28901055160273587
3.	0.28590894055586014
3.0100000000000002	0.28285077140665466
3.02	0.27983529439016397
3.0300000000000002	0.2768617751044284
3.04	0.2739294941463716
3.0500000000000003	0.27103774675748016
3.06	0.268185842478978
3.0700000000000003	0.2653731048162132
3.08	0.2625988709119829
3.09	0.2598624912285288
3.1	0.25716332923794466
3.11	0.2545007611207517
3.12	0.251874175472395
3.13	0.249282973017433
3.14	0.24672656633119266
3.15	0.24420437956867197
3.16	0.24171584820047964
3.17	0.23926041875560788
3.18	0.23683754857083877
3.19	0.23444670554659705
3.2	0.23208736790905835
3.21	0.2297590239783385
3.22	0.22746117194258728
3.23	0.2251933196378205
3.24	0.222954984333325
3.25	0.22074569252248055
3.2600000000000002	0.21845518835315902
3.27	0.21615891861375347
3.2800000000000002	0.21389368722321098
3.29	0.2116589819215054
3.3000000000000003	0.20945430042400176
3.31	0.2072791501977621
3.3200000000000003	0.20513304824352305
3.33	0.20301552088318736
3.34	0.20092610355266963
3.35	0.19886434059995053
3.36	0.19682978508819018
3.37	0.1948219986037599
3.38	0.1928405510690569
3.39	0.19088502055996814
3.4	0.18895499312785224
3.41	0.18705006262592025
3.42	0.1851698305398879
3.43	0.1833139058227867
3.44	0.18148190473381778
3.45	0.17967345068113852
3.46	0.1778881740684753
3.47	0.17612571214545839
3.48	0.1743857088615779
3.49	0.17266781472366396
3.5	0.17097168665679469
3.5100000000000002	0.16929698786854286
3.52	0.16764338771646742
3.5300000000000002	0.16601056157876884
3.54	0.1643981907280194
3.5500000000000003	0.16280596220788907
3.56	0.1612335687127886
3.5700000000000003	0.15968070847034885
3.58	0.1581470851266682
3.59	0.15663240763424885
3.6	0.155136390142556
3.61	0.15365875189112968
3.62	0.1521992171051833
3.63	0.15075751489362413
3.64	0.14933337914943334
3.65	0.14792654845234515
3.66	0.14653676597376397
3.67	0.14516377938386507
3.68	0.14380734076082038
3.69	0.14246720650209646
3.7	0.1411431372377711
3.71	0.1398348977458189
3.72	0.13854225686931287
3.73	0.13726498743549806
3.74	0.13595690079946532
3.75	0.13462920039159706
3.7600000000000002	0.13331794996010596
3.77	0.13202290275250325
3.7800000000000002	0.13074381635834195
3.79	0.1294804526215958
3.8000000000000003	0.12823257755503165
3.81	0.12699996125652493
3.8200000000000003	0.12578237782726834
3.83	0.12457960529182721
3.84	0.12339142551999387
3.85	0.12221762415039839
3.86	0.1210579905158283
3.87	0.1199123175702173
3.88	0.11878040181726172
3.89	0.11766204324062157
3.9	0.11655704523567091
3.91	0.1154652145427553
3.92	0.1143863611819233
3.93	0.1133202983890918
3.94	0.11226684255361394
3.95	0.11122581315721189
3.96	0.11019703271424448
3.97	0.10918032671327432
3.98	0.1081755235599051
3.99	0.10718245452085773
4.	0.10620095366925422
4.01	0.10523085783108262
4.0200000000000005	0.1042720065328125
4.03	0.10332424195013504
4.04	0.10238740885779953
4.05	0.101461354580521
4.0600000000000005	0.10054592894493383
4.07	0.09964098423256562
4.08	0.09874637513380788
4.09	0.09786195870285952
4.1	0.09698759431362126
4.11	0.0961231436165172
4.12	0.09526847049622324
4.13	0.0944234410302799
4.14	0.09358792344857061
4.15	0.0927617880936428
4.16	0.09194490738185541
4.17	0.09113715576533117
4.18	0.090338409694696
4.19	0.08954854758258751
4.2	0.08876744976791524
4.21	0.08799499848085457
4.22	0.08723107780855782
4.23	0.08647557366156712
4.24	0.08572837374091127
4.25	0.08498936750587303
4.26	0.08425844614241042
4.2700000000000005	0.08353550253221707
4.28	0.08282043122240867
4.29	0.082102933061425
4.3	0.08136045022345671
4.3100000000000005	0.08062638326296748
4.32	0.07990061759224347
4.33	0.07918304044391543
4.34	0.07847354083792625
4.3500000000000005	0.07777200954917315
4.36	0.07707833907580787
4.37	0.07639242360818016
4.38	0.07571415899841102
4.39	0.0750434427305804
4.4	0.0743801738915164
4.41	0.07372425314217153
4.42	0.0730755826895744
4.43	0.07243406625934258
4.44	0.07179960906874487
4.45	0.07117211780030085
4.46	0.07055150057590548
4.47	0.06993766693146729
4.48	0.06933052779204897
4.49	0.06872999544749941
4.5	0.06813598352856567
4.51	0.06754840698347554
4.5200000000000005	0.06696718205497942
4.53	0.06639222625784222
4.54	0.06582345835677453
4.55	0.06526079834479528
4.5600000000000005	0.06470416742201415
4.57	0.06415348797482705
4.58	0.06360868355551395
4.59	0.06306967886223167
4.6000000000000005	0.06253639971939205
4.61	0.062008773058418426
4.62	0.061486726898871316
4.63	0.06097019032993585
4.64	0.060459093492263534
4.65	0.05995336756016036
4.66	0.05945294472411402
4.67	0.058957758173653424
4.68	0.058467742080532736
4.69	0.05798283158223434
4.7	0.057502962765782525
4.71	0.0570280726518626
4.72	0.05655809917923864
4.73	0.056092981189463056
4.74	0.05563265841187336
4.75	0.055177071448868194
4.76	0.05472616176145857
4.7700000000000005	0.054279871655087894
4.78	0.05383814426571478
4.79	0.0534009235461545
4.8	0.05296815425267197
4.8100000000000005	0.05253978193182302
4.82	0.052115752907537706
4.83	0.051696014268440435
4.84	0.05128051385540328
4.8500000000000005	0.0508692002493267
4.86	0.050462022759143695
4.87	0.050058931410042036
4.88	0.049659876931901256
4.89	0.04926481074793935
4.9	0.04887368496356485
4.91	0.0484864523554309
4.92	0.0481030663606862
4.93	0.047706585026359986
4.94	0.04730739384114598
4.95	0.04691234009732435
4.96	0.04652137268318496
4.97	0.04613444121967204
4.98	0.045751496048436445
4.99	0.045372488220106415
5.	0.044997369482772054
5.01	0.044626092270679506
5.0200000000000005	0.04425860969313045
5.03	0.04389487552358281
5.04	0.04353484418894865
5.05	0.04317847075908519
5.0600000000000005	0.042825710936475615
5.07	0.042476521046094895
5.08	0.04213085802545798
5.09	0.04178867941484598
5.1000000000000005	0.04144994334770722
5.11	0.041114608541229704
5.12	0.04078263428708117
5.13	0.040453980442314096
5.14	0.04012860742043178
5.15	0.039806476182612724
5.16	0.039487548229090216
5.17	0.039171785590683704
5.18	0.03885915082047945
5.19	0.038549606985657264
5.2	0.03824311765946077
5.21	0.03793964691330785
5.22	0.03763915930903913
5.23	0.037341619891301824
5.24	0.037046994180065795
5.25	0.036755248163269624
5.26	0.03646634828959451
5.2700000000000005	0.03618026146136283
5.28	0.03589695502755951
5.29	0.03561639677697399
5.3	0.03533855493145948
5.3100000000000005	0.035063398139308706
5.32	0.03479089546874295
5.33	0.03452101640151224
5.34	0.034253730826605384
5.3500000000000005	0.03398900903406662
5.36	0.03372682170891787
5.37	0.03346713992518426
5.38	0.03320993514002042
5.39	0.03295517918793701
5.4	0.03270284427512373
5.41	0.032452902973868936
5.42	0.032205328217072685
5.43	0.0319600932928519
5.44	0.031717171839236405
5.45	0.03147653783895322
5.46	0.031238165614298166
5.47	0.03100202982209326
5.48	0.030768105448727406
5.49	0.030536367805280233
5.5	0.030306792522726226
5.51	0.030079355547218453
5.5200000000000005	0.029854033135450098
5.53	0.02963080185009288
5.54	0.029409638555309956
5.55	0.029190520412343175
5.5600000000000005	0.02897342487517225
5.57	0.02875832968624526
5.58	0.028545212872279017
5.59	0.028334052740127583
5.6000000000000005	0.028124827872718573
5.61	0.02791751712505511
5.62	0.027712099620282853
5.63	0.02750855474582087
5.64	0.02730686214955471
5.65	0.027107001736091433
5.66	0.026899620800054178
5.67	0.0266915437369637
5.68	0.026485438626993665
5.69	0.026281283359338388
5.7	0.02607905610935412
5.71	0.025878735334362357
5.72	0.025680299769521835
5.73	0.025483728423768018
5.74	0.025289000575818857
5.75	0.02509609577024585
5.76	0.024904993813608597
5.7700000000000005	0.02471567477065275
5.78	0.02452811896056899
5.79	0.02434230695331289
5.8	0.024158219565984254
5.8100000000000005	0.023975837859264673
5.82	0.023795143133912764
5.83	0.02361611692731518
5.84	0.023438741010093717
5.8500000000000005	0.023262997382766108
5.86	0.023088868272460622
5.87	0.022916336129682965
5.88	0.022745383625134744
5.89	0.02257599364658256
5.9	0.02240814929577673
5.91	0.02224183388541918
5.92	0.0220770309361789
5.93	0.02191372417375485
5.94	0.021751897525985286
5.95	0.021591535120002368
5.96	0.02143262127943162
5.97	0.02127514052163541
5.98	0.021119077554999605
5.99	0.02096441727626262
6.	0.020811144767886203
6.01	0.020659245295467414
6.0200000000000005	0.02050870430519057
6.03	0.020359507421318934
6.04	0.02021164044372562
6.05	0.020065089345462153
6.0600000000000005	0.01991984027036516
6.07	0.019775879530699828
6.08	0.01963319360483954
6.09	0.019491769134981563
6.1000000000000005	0.019351592924897455
6.11	0.019212651937718327
6.12	0.01907493329375374
6.13	0.018938424268344117
6.140000000000001	0.01880311228974594
6.15	0.018668984937049053
6.16	0.018536029938125854
6.17	0.018404235167611405
6.18	0.018273588644914365
6.19	0.018144078532257968
6.2	0.0180156931327506
6.21	0.01788842088848563
6.22	0.01776225037866963
6.23	0.017637170317778957
6.24	0.017513169553744014
6.25	0.017390237066160618
6.26	0.017268361964528314
6.2700000000000005	0.017147533486514877
6.28	0.0170277409962468
6.29	0.016908973982625232
6.3	0.016791222057667015
6.3100000000000005	0.016674474954870316
6.32	0.016558722527604534
6.33	0.016443954747523987
6.34	0.01633016170300513
6.3500000000000005	0.016217333597606815
6.36	0.016105460748553225
6.37	0.0159945335852392
6.38	0.015884542647757394
6.390000000000001	0.01577547858544719
6.4	0.01566733215546476
6.41	0.015560094221374056
6.42	0.015453755751758506
6.43	0.015348307818852675
6.44	0.015243741597194122
6.45	0.015140048362294682
6.46	0.015037219489331137
6.47	0.01493524645185472
6.48	0.014834120820519471
6.49	0.014733582710261412
6.5	0.014627553309771201
6.51	0.014522448184961007
6.5200000000000005	0.014418257877504755
6.53	0.014314973040161194
6.54	0.01421258443530193
6.55	0.014111082933461068
6.5600000000000005	0.014010459511906236
6.57	0.0139107052532307
6.58	0.013811811343966076
6.59	0.013713769073215417
6.6000000000000005	0.013616569831306264
6.61	0.01352020510846356
6.62	0.01342466649350167
6.63	0.013329945672535672
6.640000000000001	0.013236034427711403
6.65	0.013142924635953781
6.66	0.01305060826773349
6.67	0.012959077385851439
6.68	0.012868324144240792
6.69	0.012778340786786382
6.7	0.012689119646161049
6.71	0.01260065314267883
6.72	0.01251293378316458
6.73	0.0124259541598399
6.74	0.012339706949224948
6.75	0.012254184911055989
6.76	0.012169380887218521
6.7700000000000005	0.012085287800695519
6.78	0.01200189865453068
6.79	0.011919206530806527
6.8	0.011837204589636897
6.8100000000000005	0.011755886068173842
6.82	0.011675244279628516
6.83	0.011595272612306001
6.84	0.0115159645286537
6.8500000000000005	0.01143731356432318
6.86	0.01135931332724527
6.87	0.011281957496718094
6.88	0.011205239822508014
6.890000000000001	0.011129154123963021
6.9	0.011053694289138823
6.91	0.01097885427393684
6.92	0.010904628101254438
6.93	0.010831009860146968
6.94	0.010757993705001486
6.95	0.010685573854721868
6.96	0.010613744591925461
6.97	0.010542500262150591
6.98	0.010471835273075254
6.99	0.010401744093746551
7.	0.01033222125382074
7.01	0.010263261342813764
7.0200000000000005	0.010194859009362175
7.03	0.010127008960494087
7.04	0.010059705960910274
7.05	0.009992944832274996
7.0600000000000005	0.009926720452516672
7.07	0.009861027755138033
7.08	0.00979586172853562
7.09	0.009731217415328753
7.1000000000000005	0.009667089911697437
7.11	0.009603474366729425
7.12	0.009540365981776001
7.13	0.009477760009816654
7.140000000000001	0.009415651754832199
7.15	0.009354036571186504
7.16	0.00929290986301641
7.17	0.00923226708363012
7.18	0.009172103734913374
7.19	0.009112415366743886
7.2	0.00905319757641346
7.21	0.00899444600805796
7.22	0.008936156352094845
7.23	0.008878324344668268
7.24	0.00882094576710154
7.25	0.00876401644535697
7.26	0.008707532249502766
7.2700000000000005	0.0086514890931872
7.28	0.008595882933119579
7.29	0.008540709768558235
7.3	0.008485965640805197
7.3100000000000005	0.008431646632707634
7.32	0.008377748868165788
7.33	0.00832426851164747
7.34	0.00827120176770893
7.3500000000000005	0.008218544880521993
7.36	0.008166294133407474
7.37	0.008114445848374634
7.38	0.008062996385666741
7.390000000000001	0.008011942143312502
7.4	0.007961279556683446
7.41	0.007911005098057007
7.42	0.007861115276185321
7.43	0.007811606635869617
7.44	0.007762475757540186
7.45	0.007713719256841765
7.46	0.007661807407572507
7.47	0.007609889540793564
7.48	0.007558392230146005
7.49	0.00750731151352582
7.5	0.007456643471375173
7.51	0.007406384226169708
7.5200000000000005	0.007356529941912562
7.53	0.007307076823635294
7.54	0.007258021116905249
7.55	0.007209359107339712
7.5600000000000005	0.007161087120126374
7.57	0.0071132015195501785
7.58	0.007065698708526489
7.59	0.007018575128140423
7.6000000000000005	0.0069718272571921945
7.61	0.006925451611748639
7.62	0.00687944474470045
7.63	0.006833803245325386
7.640000000000001	0.006788523738857151
7.65	0.006743602886060001
7.66	0.00669903738280885
7.67	0.006654823959674969
7.68	0.006610959381516996
7.69	0.006567440447077409
7.7	0.0065242639885842125
7.71	0.0064814268713577405
7.72	0.006438925993422732
7.73	0.0063967582851253086
7.74	0.006354920708755024
7.75	0.006313410258171735
7.76	0.006272223958437398
7.7700000000000005	0.006231358865452493
7.78	0.006190812065597305
7.79	0.006150580675377693
7.8	0.006110661841075517
7.8100000000000005	0.006071052738403487
7.82	0.006031750572164559
7.83	0.005992752575915535
7.84	0.005954056011635154
7.8500000000000005	0.005915658169396308
7.86	0.005877556367042504
7.87	0.005839747949868422
7.88	0.005802230290304609
7.890000000000001	0.005765000787606103
7.9	0.00572805686754511
7.91	0.005691395982107496
7.92	0.005655015609193192
7.930000000000001	0.005618913252320398
7.94	0.005583086440333457
7.95	0.005547532727114541
7.96	0.005512249691298864
7.97	0.005477234935993545
7.98	0.005442486088500002
7.99	0.005408000800039848
8.	0.005373776745484189
8.01	0.005339811623086376
8.02	0.005306103154218053
8.03	0.005272649083108573
8.040000000000001	0.005239447176587566
8.05	0.0052064952238308525
8.06	0.0051737910361094215
8.07	0.0051413324465415895
8.08	0.005109117309848197
8.09	0.005077143502110913
8.1	0.005045408920533472
8.11	0.005013911483205906
8.120000000000001	0.004982649128871689
8.13	0.004951619816697749
8.14	0.004920821526047345
8.15	0.004890252256255698
8.16	0.004859910026408445
8.17	0.00482979287512277
8.18	0.004799898860331255
8.19	0.0047702260590683585
8.2	0.004740772567259544
8.21	0.004711536499512925
8.22	0.004682515988913578
8.23	0.0046537091868202075
8.24	0.004625114262664451
8.25	0.00459672940375248
8.26	0.004568552815069165
8.27	0.004540582719084473
8.28	0.004512817355562352
8.290000000000001	0.0044852549813717965
8.3	0.00445789387030035
8.31	0.004430732312869704
8.32	0.0044037686161536695
8.33	0.004377001103598261
8.34	0.004350428114843937
8.35	0.004324048005550058
8.36	0.004297859147221379
8.370000000000001	0.004271859927036667
8.38	0.004246048747679362
8.39	0.004220424027170254
8.4	0.004194984198702194
8.41	0.0041697277104767545
8.42	0.004144653025542829
8.43	0.0041197586216372125
8.44	0.004095042991026991
8.45	0.004070504640353917
8.46	0.004046142090480509
8.47	0.004021953876338091
8.48	0.003997938546776565
8.49	0.003974094664415975
8.5	0.003950420805499849
8.51	0.0039269155597502475
8.52	0.003903577530224519
8.53	0.003880405333173785
8.540000000000001	0.0038573975979030325
8.55	0.003834552966632901
8.56	0.003810899503660371
8.57	0.0037864609515451016
8.58	0.0037622073452056874
8.59	0.003738137071898648
8.6	0.003714248534797841
8.61	0.003690540152819071
8.620000000000001	0.0036670103604468963
8.63	0.0036436576075634724
8.64	0.003620480359279554
8.65	0.003597477095767465
8.66	0.003574646312096134
8.67	0.003551986518068125
8.68	0.003529496238058633
8.69	0.003507174010856382
8.700000000000001	0.0034850183895065137
8.71	0.003463027941155309
8.72	0.003441201246896801
8.73	0.0034195369016212012
8.74	0.003398033513865209
8.75	0.0033766897056640346
8.76	0.0033555041124052475
8.77	0.003334475382684349
8.78	0.003313602178162074
8.790000000000001	0.0032928831734234092
8.8	0.0032723170558382527
8.81	0.003251902525423777
8.82	0.0032316382947083938
8.83	0.0032115230885973616
8.84	0.0031915556442399483
8.85	0.0031717347108982242
8.86	0.0031520590498173417
8.870000000000001	0.003132527434097406
8.88	0.0031131386485668223
8.89	0.003093891489657155
8.9	0.0030747847652794354
8.91	0.0030558172947019774
8.92	0.0030369879084295617
8.93	0.0030182954480840896
8.94	0.00299973876628661
8.950000000000001	0.0029813167265407593
8.96	0.002963028203117501
8.97	0.0029448720809412943
8.98	0.0029268472554775365
8.99	0.002908952632621323
9.	0.002891187128587531
9.01	0.0028735496698021495
9.02	0.002856039192794906
9.03	0.002838654644093092
9.040000000000001	0.0028213949801166806
9.05	0.0028042591670746036
9.06	0.002787246180862272
9.07	0.0027703550069602396
9.08	0.00275358464033408
9.09	0.0027369340853353884
9.1	0.0027204023556039263
9.11	0.0027039884739709133
9.120000000000001	0.0026876914723634043
9.13	0.002671510391709776
9.14	0.0026554442818463183
9.15	0.002639492201424848
9.16	0.0026236532178214255
9.17	0.002607926407046091
9.18	0.0025923108536536395
9.19	0.002576805650655422
9.200000000000001	0.002561409899432121
9.21	0.0025461227096475643
9.22	0.002530943199163471
9.23	0.0025158704939552156
9.24	0.0025009037280284926
9.25	0.002486042043336989
9.26	0.0024712845897009177
9.27	0.002456630524726549
9.28	0.0024420790137265756
9.290000000000001	0.002427629229641436
9.3	0.0024132803529614924
9.31	0.0023990315716501025
9.32	0.002384882081067534
9.33	0.002370831083895763
9.34	0.00235687779006409
9.35	0.0023430214166756187
9.36	0.0023292611879345178
9.370000000000001	0.002315596335074149
9.38	0.0023020260962859453
9.39	0.002288549716649124
9.4	0.0022751664480611627
9.41	0.0022618755491690488
9.42	0.0022486762853013206
9.43	0.0022355679284008197
9.44	0.002222549756958233
9.450000000000001	0.0022096210559463423
9.46	0.0021967811167550237
9.47	0.0021840292371269514
9.48	0.002171364721094017
9.49	0.002158786878914457
9.5	0.0021462950270106766
9.51	0.0021338884879077307
9.52	0.00212156659017253
9.53	0.0021093286683536703
9.540000000000001	0.0020971740629219587
9.55	0.002085102120211561
9.56	0.0020731121923618268
9.57	0.0020612036372597256
9.58	0.002049375818482926
9.59	0.0020376281052434915
9.6	0.0020259598723322055
9.61	0.0020143705000634777
9.620000000000001	0.0020028593742208753
9.63	0.0019914258860032367
9.64	0.0019800694319713715
9.65	0.001968789413995336
9.66	0.0019575852392022964
9.67	0.0019464563199249405
9.68	0.0019354020736504461
9.69	0.0019244219229700274
9.700000000000001	0.0019135152955289977
9.71	0.0019026816239773874
9.72	0.0018919203459210805
9.73	0.0018812309038735064
9.74	0.0018706127452078147
9.75	0.0018600653221095935
9.76	0.0018495880915300779
9.77	0.001839180515139875
9.78	0.0018288420592831708
9.790000000000001	0.0018185721949324357
9.8	0.0018083703976436193
9.81	0.0017982361475118117
9.82	0.0017881689291273835
9.83	0.0017773189379303132
9.84	0.0017662737878037544
9.85	0.0017553083924184462
9.86	0.0017444220957878085
9.870000000000001	0.001733614247978224
9.88	0.001722884205047139
9.89	0.0017122313289818416
9.9	0.0017016549876389538
9.91	0.0016911545546845657
9.92	0.001680729409535071
9.93	0.0016703789372986462
9.94	0.0016601025287173927
9.950000000000001	0.0016498995801101075
9.96	0.0016397694933157256
9.97	0.0016297116756373547
9.98	0.0016197255397869543
9.99	0.0016098105038306215
10.	0.0015999659911344953
10.01	0.0015901914303112455
10.02	0.0015804862551671611
10.03	0.0015708499046498284
10.040000000000001	0.001561281822796386
10.05	0.0015517814586823474
10.06	0.0015423482663709852
10.07	0.001532981704863292
10.08	0.0015236812380484653
10.09	0.0015144463346549604
10.1	0.0015052764682020711
10.11	0.0014961711169520428
10.120000000000001	0.001487129763862706
10.13	0.0014781518965406454
10.14	0.0014692370071948619
10.15	0.0014603845925909554
10.16	0.0014515941540057971
10.17	0.0014428651971827133
10.18	0.0014341972322871371
10.19	0.0014255897738627628
10.200000000000001	0.0014170423407881601
10.21	0.0014085544562338758
10.22	0.0014001256476199894
10.23	0.0013917554465741361
10.24	0.0013834433888899858
10.25	0.0013751890144861653
10.26	0.0013669918673656339
10.27	0.0013588514955754825
10.28	0.0013507674511671927
10.290000000000001	0.001342739290157301
10.3	0.0013347665724884935
10.31	0.0013268488619911296
10.32	0.0013189857263451665
10.33	0.0013111767370424976
10.34	0.0013034214693497023
10.35	0.0012957195022711828
10.36	0.0012880704185127055
10.370000000000001	0.0012804738044453264
10.38	0.001272929250069714
10.39	0.0012654363489808353
10.4	0.0012579946983330352
10.41	0.0012506038988054759
10.42	0.0012432635545679613
10.43	0.0012359732732470966
10.44	0.001228732665892849
10.450000000000001	0.0012215413469454188
10.46	0.001214398934202499
10.47	0.0012073050487868566
10.48	0.001200259315114272
10.49	0.0011932613608618189
10.5	0.0011863108169364615
10.51	0.0011794073174440107
10.52	0.0011725504996583788
10.53	0.001165740003991184
10.540000000000001	0.0011589754739616644
10.55	0.0011522565561668974
10.56	0.0011455829002523564
10.57	0.0011389541588827565
10.58	0.0011323699877132105
10.59	0.001125830045360703
10.6	0.0011193339933758318
10.61	0.001112881496214883
10.620000000000001	0.001106472221212162
10.63	0.0011001058385526443
10.64	0.0010937820212448925
10.65	0.0010875004450942528
10.66	0.0010812607886763533
10.67	0.0010750627333108549
10.68	0.001068905963035486
10.69	0.0010627901645803427
10.700000000000001	0.0010567150273424622
10.71	0.0010506802433606528
10.72	0.001044685507290587
10.73	0.001038730516380153
10.74	0.0010328149704450637
10.75	0.0010269385718447083
10.76	0.0010211010254582648
10.77	0.001015302038661054
10.78	0.0010095413213011318
10.790000000000001	0.0010038185856761314
10.8	0.0009981335465103366
10.81	0.0009924859209319958
10.82	0.0009868754284508645
10.83	0.0009813017909359816
10.84	0.0009757647325936702
10.85	0.0009702639799457665
10.86	0.0009647992618080681
10.870000000000001	0.0009593703092690064
10.88	0.000953976855668535
10.89	0.0009486186365772307
10.9	0.0009432953897756077
10.91	0.0009380068552336519
10.92	0.0009327527750905482
10.93	0.0009275328936346263
10.94	0.0009223469572834989
10.950000000000001	0.0009171947145644187
10.96	0.0009120759160948089
10.97	0.0009069903145630165
10.98	0.0009019376647092449
10.99	0.000896917723306684
11.	0.0008919302491428256
11.01	0.0008869750030009764
11.02	0.0008820517476419542
11.03	0.0008771602477859606
11.040000000000001	0.0008723002700946472
11.05	0.0008674715831533542
11.06	0.0008626739574535314
11.07	0.0008579071653753337
11.08	0.0008531709811703935
11.09	0.0008484651809447618
11.1	0.0008437895426420192
11.11	0.0008391438460265647
11.120000000000001	0.0008345278726670628
11.13	0.0008299414059200533
11.14	0.0008253842309137383
11.15	0.0008208561345319108
11.16	0.0008163569053980663
11.17	0.0008118863338596464
11.18	0.0008074442119724678
11.19	0.0008030303334852773
11.200000000000001	0.0007986444938244812
11.21	0.0007942864900790145
11.22	0.0007899561209853683
11.23	0.0007856531869127524
11.24	0.0007813774898484216
11.25	0.0007771288333831293
11.26	0.000772907022696741
11.27	0.0007687118645439755
11.28	0.0007644642321280292
11.290000000000001	0.0007599858959977071
11.3	0.0007555377246731414
11.31	0.0007511194885474067
11.32	0.0007467309599620751
11.33	0.0007423719131889835
11.34	0.0007380421244121754
11.35	0.0007337413717100475
11.36	0.0007294694350376555
11.370000000000001	0.0007252260962092216
11.38	0.0007210111388808035
11.39	0.0007168243485331501
11.4	0.000712665512454725
11.41	0.0007085344197249146
11.42	0.0007044308611973869
11.43	0.000700354629483639
11.44	0.0006963055189366989
11.450000000000001	0.0006922833256349996
11.46	0.0006882878473664095
11.47	0.0006843188836124335
11.48	0.0006803762355325625
11.49	0.0006764597059487922
11.5	0.00067256909933029
11.51	0.0006687042217782199
11.52	0.0006648648810107206
11.53	0.0006610508863480326
11.540000000000001	0.0006572620486977776
11.55	0.0006534981805403799
11.56	0.0006497590959146444
11.57	0.0006460446104034693
11.58	0.0006423545411197089
11.59	0.0006386887066921686
11.6	0.0006350469272517563
11.61	0.0006314290244177518
11.620000000000001	0.0006278348212842307
11.63	0.000624264142406614
11.64	0.000620716813788357
11.65	0.0006171926628677614
11.66	0.0006136915185049349
11.67	0.0006102132109688624
11.68	0.0006067575719246212
11.69	0.0006033244344207117
11.700000000000001	0.0005999136328765192
11.71	0.0005965250030699
11.72	0.0005931583821248883
11.73	0.0005898136084995254
11.74	0.0005864905219738117
11.75	0.0005831889636377702
11.76	0.0005799087758796399
11.77	0.0005766498023741742
11.78	0.0005734118880710583
11.790000000000001	0.000570194879183447
11.8	0.0005669986231766004
11.81	0.000563822968756651
11.82	0.0005606677658594613
11.83	0.0005575328656396046
11.84	0.0005544181204594499
11.85	0.0005513233838783468
11.86	0.0005482485106419302
11.870000000000001	0.0005451933566715161
11.88	0.0005421577790536067
11.89	0.000539141636029501
11.9	0.000536144786984999
11.91	0.0005331670924402142
11.92	0.0005302084140394785
11.93	0.0005272686145413514
11.94	0.0005243475578087205
11.950000000000001	0.0005214451087990025
11.96	0.0005185611335544372
11.97	0.0005156954991924762
11.98	0.0005128480738962643
11.99	0.0005100187269052123
12.	0.0005072073285056644
12.01	0.0005044137500216501
12.02	0.000501637863805731
12.030000000000001	0.0004988795432299318
12.040000000000001	0.0004961386626767627
12.05	0.000493415097530321
12.06	0.0004907087241674887
12.07	0.0004880194199492063
12.08	0.00048534706321183384
12.09	0.00048265749696372164
12.1	0.00047996014974602074
12.11	0.0004772800863825897
12.120000000000001	0.0004746171819878272
12.13	0.0004719713126804649
12.14	0.00046934235557467943
12.15	0.00046673018877127763
12.16	0.0004641346913489757
12.17	0.00046155574335575645
12.18	0.0004589932258003151
12.19	0.00045644702064357996
12.200000000000001	0.0004539170107903257
12.21	0.0004514030800808577
12.22	0.0004489051132827801
12.23	0.00044642299608284487
12.24	0.0004439566150788734
12.25	0.0004415058577717643
12.26	0.00043907061255756745
12.27	0.00043665076871964395
12.280000000000001	0.0004342462164208937
12.290000000000001	0.00043185684669605815
12.3	0.000429482551444105
12.31	0.0004271232234206725
12.32	0.00042477875623059356
12.33	0.0004224490443204938
12.34	0.0004201339829714511
12.35	0.00041783346829173405
12.36	0.0004155473972096021
12.370000000000001	0.00041327566746617966
12.38	0.00041101817760839704
12.39	0.00040877482698199155
12.4	0.0004065455157245863
12.41	0.0004043301447588243
12.42	0.00040212861578557577
12.43	0.0003999408312772001
12.44	0.00039776669447088285
12.450000000000001	0.00039560610936202546
12.46	0.00039345898069770486
12.47	0.00039132521397018834
12.48	0.00038920471541051586
12.49	0.00038709739198213646
12.5	0.0003850031513746103
12.51	0.0003829219019973654
12.52	0.00038085355297351546
12.530000000000001	0.00037879801413373337
12.540000000000001	0.00037675519601018697
12.55	0.00037472500983052394
12.56	0.0003727073675119208
12.57	0.00037070218165518286
12.58	0.00036870936553889944
12.59	0.00036672883311365654
12.6	0.00036476049899630066
12.61	0.00036280427846425664
12.620000000000001	0.0003608600874498988
12.63	0.00035892784253497656
12.64	0.0003570074609450862
12.65	0.0003550988605442012
12.66	0.0003532019598292458
12.67	0.00035131667792472754
12.68	0.0003494429345774103
12.69	0.00034758065015104433
12.700000000000001	0.00034572974562113956
12.71	0.00034389014256979133
12.72	0.000342061763180552
12.73	0.0003402445302333494
12.74	0.00033843836709945136
12.75	0.00033664319773648183
12.76	0.0003348589466834759
12.77	0.000333085539055985
12.780000000000001	0.000331322900541226
12.790000000000001	0.0003295709573932735
12.8	0.0003278296364282972
12.81	0.0003260988650198456
12.82	0.0003243785710941671
12.83	0.00032266868312557956
12.84	0.00032096913013187944
12.85	0.0003192798416697933
12.86	0.0003176007478304703
12.870000000000001	0.00031593177923501796
12.88	0.00031427286703007695
12.89	0.000312623942883435
12.9	0.00031098493897968555
12.91	0.0003093557880159192
12.92	0.0003077364231974598
12.93	0.0003061267782336371
12.94	0.00030452678733359785
12.950000000000001	0.0003029303910027801
12.96	0.00030130994295234054
12.97	0.0002996994029205067
12.98	0.0002980987027567497
12.99	0.00029650777483128474
13.	0.0002949265520306976
13.01	0.0002933549677536075
13.02	0.0002917929559063703
13.030000000000001	0.0002902404508988242
13.040000000000001	0.0002886973876400698
13.05	0.00028716370153429284
13.06	0.00028563932847662255
13.07	0.0002841242048490284
13.08	0.00028261826751625296
13.09	0.0002811214538217864
13.1	0.0002796337015838703
13.11	0.00027815494909154626
13.120000000000001	0.0002766851351007307
13.13	0.0002752241988303366
13.14	0.000273772079958419
13.15	0.00027232871861836524
13.16	0.0002708940553951118
13.17	0.00026946803132140167
13.18	0.0002680505878740703
13.19	0.00026664166697037105
13.200000000000001	0.00026524121096432613
13.21	0.0002638491626431191
13.22	0.0002624654652235115
13.23	0.00026109006234830025
13.24	0.00025972289808279866
13.25	0.00025836391691135403
13.26	0.00025701306373389766
13.27	0.00025567028386252094
13.280000000000001	0.0002543355230180855
13.290000000000001	0.0002530087273268659
13.3	0.0002516898433172151
13.31	0.0002503788179162682
13.32	0.0002490755984466713
13.33	0.0002477801326233381
13.34	0.0002464923685502403
13.35	0.0002452122547172214
13.36	0.00024393973999684438
13.370000000000001	0.00024267477364126242
13.38	0.00024141730527912005
13.39	0.00024016728491248264
13.4	0.0002389246629137912
13.41	0.00023768939002284415
13.42	0.00023646141734381024
13.43	0.00023524069634226022
13.44	0.00023402717884223333
13.450000000000001	0.00023282081702332344
13.46	0.00023162156341779332
13.47	0.00023042937090771577
13.48	0.00022924419272213713
13.49	0.000228065982434269
13.5	0.00022689469395870208
13.51	0.00022573028154864607
13.52	0.0002245726997931929
13.530000000000001	0.00022342190361460696
13.540000000000001	0.0002222778482656338
13.55	0.0002211404893268375
13.56	0.00022000978270395957
13.57	0.00021888568462530094
13.58	0.0002177681516391271
13.59	0.0002166571406110955
13.6	0.00021555260872170646
13.61	0.00021445451346377653
13.620000000000001	0.00021336281263993194
13.63	0.00021227746436012655
13.64	0.00021119842703918007
13.65	0.00021012565939433812
13.66	0.00020905912044285365
13.67	0.0002079987694995892
13.68	0.00020694456617463962
13.69	0.0002058964703709773
13.700000000000001	0.00020485444228211583
13.71	0.00020381844238979573
13.72	0.00020278843146168707
13.73	0.00020176437054911757
13.74	0.0002007462209848151
13.75	0.00019973394438067225
13.76	0.00019872750262552982
13.77	0.00019772685788298021
13.780000000000001	0.00019673197258918823
13.790000000000001	0.0001957428094507326
13.8	0.00019475933144246454
13.81	0.00019378150180538503
13.82	0.00019280928404454245
13.83	0.00019184264192694526
13.84	0.00019088153947949442
13.85	0.0001899259409869339
13.86	0.00018897581098981765
13.870000000000001	0.0001880311142824954
13.88	0.00018709749854507897
13.89	0.00018617392858287076
13.9	0.00018525557740490498
13.91	0.00018434241179883287
13.92	0.000183434398787327
13.93	0.0001825315056262501
13.94	0.00018163369980284135
13.950000000000001	0.00018074094903391667
13.96	0.00017985322126408518
13.97	0.0001789704846639786
13.98	0.00017809270762849972
13.99	0.0001772198587750822
14.	0.00017635190694196615
14.01	0.00017548882118648818
14.02	0.00017463057078338662
14.030000000000001	0.0001737771252231204
14.040000000000001	0.000172928454210202
14.05	0.00017208452766154507
14.06	0.00017124531570482512
14.07	0.00017041078867685482
14.08	0.0001695809171219733
14.09	0.00016875567179044587
14.1	0.00016793502363688295
14.11	0.00016711894381866643
14.120000000000001	0.00016630740369439362
14.13	0.00016550037482233082
14.14	0.0001646978289588819
14.15	0.00016389973805707033
14.16	0.0001631060742650309
14.17	0.00016231680992451778
14.18	0.00016153191756942148
14.19	0.00016075136992430166
14.200000000000001	0.00015997513990292914
14.21	0.00015920320060684248
14.22	0.00015843552532391402
14.23	0.0001576720875269303
14.24	0.00015691286087218364
14.25	0.0001561578191980743
14.26	0.0001554069365237252
14.27	0.00015466018704760856
14.280000000000001	0.00015391754514618256
14.290000000000001	0.00015317898537254066
14.3	0.0001524444824550711
14.31	0.0001517140112961287
14.32	0.00015098754697071584
14.33	0.00015026506472517686
14.34	0.00014954653997589987
14.35	0.00014883194830803273
14.36	0.00014812126547420805
14.370000000000001	0.0001474144673932773
14.38	0.00014671153014905847
14.39	0.00014601242998909156
14.4	0.00014531714332340485
14.41	0.0001446256467232926
14.42	0.00014393791692010068
14.43	0.00014325393080402327
14.44	0.00014257366542291046
14.450000000000001	0.0001418970979810837
14.46	0.00014122420583816212
14.47	0.00014055496650789798
14.48	0.000139889357657022
14.49	0.000139227357104098
14.5	0.00013856894281838707
14.51	0.00013791409291871964
14.52	0.00013726278567238008
14.530000000000001	0.00013661499949399616
14.540000000000001	0.00013597071294444102
14.55	0.0001353299047297418
14.56	0.00013469255369999878
14.57	0.00013405863884831154
14.58	0.00013342813930971635
14.59	0.0001328010343601296
14.6	0.00013217730341530133
14.61	0.00013155692602977655
14.620000000000001	0.00013093988189586593
14.63	0.00013032615084262366
14.64	0.00012971571283483364
14.65	0.0001291085479720054
14.66	0.00012850463648737614
14.67	0.00012790395874692258
14.68	0.00012730649524837897
14.69	0.0001267122266202645
14.700000000000001	0.00012612113362091837
14.71	0.0001255331971375419
14.72	0.00012494839818524812
14.73	0.00012436671790612113
14.74	0.0001237881375682805
14.75	0.00012321263856495424
14.76	0.00012264020241355993
14.77	0.00012207081075479067
14.780000000000001	0.00012150444535171282
14.790000000000001	0.000120941088088866
14.8	0.0001203807209713742
14.81	0.00011982332612406076
14.82	0.00011926888579057392
14.83	0.00011871738233251607
14.84	0.00011816879822858243
14.85	0.00011762311607370423
14.86	0.00011708031857820154
14.870000000000001	0.00011654344971038473
14.88	0.0001160160607487063
14.89	0.00011549141026415148
14.9	0.00011496948221229179
14.91	0.00011445026065337774
14.92	0.00011393372975158721
14.93	0.00011341987377427866
14.94	0.00011290867709125017
14.950000000000001	0.00011240012417400483
14.96	0.000111894199595021
14.97	0.00011139088802702964
14.98	0.00011089017424229529
14.99	0.00011039204311190522
15.	0.00010989647960506171
15.01	0.0001094034687883815
15.02	0.00010891299582520004
15.030000000000001	0.00010842504597488095
15.040000000000001	0.0001079396045921317
15.05	0.00010745665712632389
15.06	0.0001069761891208183
15.07	0.00010649818621229738
15.08	0.00010602263413010023
15.09	0.00010554951869556454
15.1	0.00010507882582137293
15.11	0.00010461054151090474
15.120000000000001	0.00010414465185759199
15.13	0.00010368114304428204
15.14	0.00010322000134260275
15.15	0.00010276121311233549
15.16	0.00010230476480078987
15.17	0.00010185064294218588
15.18	0.00010139883415703975
15.19	0.00010094932515155336
15.200000000000001	0.0001005021027170115
15.21	0.00010005715372918034
15.22	0.00009961446514771283
15.23	0.00009917402401555733
15.24	0.00009873581745837175
15.25	0.00009829983268394214
15.26	0.00009786605698160429
15.27	0.00009743447772167167
15.280000000000001	0.0000970050823548674
15.290000000000001	0.00009657785841175899
15.3	0.0000961527935021997
15.31	0.00009572987531477219
15.32	0.00009530909161623773
15.33	0.00009489043025098922
15.34	0.00009447387914050821
15.35	0.00009405942628282604
15.36	0.00009364705975198967
15.370000000000001	0.00009323676769753076
15.38	0.00009282853834393971
15.39	0.00009242235999014276
15.4	0.00009201822100898347
15.41	0.00009161610984670843
15.42	0.00009121601502245702
15.43	0.00009081792512775409
15.44	0.00009042182882600705
15.450000000000001	0.00009002771485200715
15.46	0.00008963557201143413
15.47	0.00008924538918036483
15.48	0.0000888571553047845
15.49	0.00008847085940010388
15.5	0.00008808649055067846
15.51	0.0000877040379093311
15.52	0.00008732349069687871
15.530000000000001	0.00008694483820166396
15.540000000000001	0.00008656806977908767
15.55	0.00008619317485114705
15.56	0.00008582014290597614
15.57	0.00008544896349739058
15.58	0.00008507962624443518
15.59	0.00008471212083093517
15.6	0.00008434643700505064
15.610000000000001	0.0000839825645788344
15.620000000000001	0.0000836204934277936
15.63	0.00008326021349045383
15.64	0.00008290171476792716
15.65	0.00008254498732348289
15.66	0.00008219002128212195
15.67	0.00008183680683015449
15.68	0.00008148533421478003
15.69	0.00008113559374367146
15.700000000000001	0.00008078757578456209
15.71	0.00008044127076483485
15.72	0.00008009666917111605
15.73	0.00007975376154887068
15.74	0.00007941253850200181
15.75	0.0000790729906924527
15.76	0.0000787351088398114
15.77	0.00007839888372091892
15.780000000000001	0.00007806430616947953
15.790000000000001	0.00007773136707567538
15.8	0.0000774000573857822
15.81	0.00007707036810178902
15.82	0.00007674229028102039
15.83	0.0000764158150357615
15.84	0.0000760909335328858
15.85	0.0000757676369934858
15.860000000000001	0.0000754459166925058
15.870000000000001	0.0000751257639583786
15.88	0.00007480717017266371
15.89	0.00007449012676968897
15.9	0.00007417462523619424
15.91	0.00007386065711097828
15.92	0.00007354821398454773
15.93	0.00007323728749876945
15.94	0.00007292509495645619
15.950000000000001	0.00007261439164476189
15.96	0.00007230520560403311
15.97	0.00007199752848119798
15.98	0.0000716913519743594
15.99	0.00007138666783245094
16.	0.00007108346785489318
16.01	0.00007078174389125399
16.02	0.00007048148784091066
16.03	0.00007018269165271461
16.04	0.00006988534732465877
16.05	0.00006958944690354721
16.06	0.00006929498248466733
16.07	0.00006900194621146386
16.080000000000002	0.0000687103302752167
16.09	0.0000684201269147194
16.1	0.00006813132841596107
16.11	0.00006784392711181018
16.12	0.00006755791538170103
16.13	0.00006727328565132217
16.14	0.00006699003039230721
16.15	0.00006670814212192779
16.16	0.00006642761340278929
16.17	0.00006614843684252775
16.18	0.00006587060509351027
16.19	0.0000655941108525364
16.2	0.00006531894686054251
16.21	0.00006504510590230794
16.22	0.00006477258080616362
16.23	0.00006450136444370208
16.240000000000002	0.00006423144972949043
16.25	0.000063962829620785
16.26	0.00006369549711724793
16.27	0.0000634294452606664
16.28	0.00006316466713467257
16.29	0.00006290115586446749
16.3	0.00006263890461654539
16.31	0.00006237790659842063
16.32	0.0000621181550583564
16.330000000000002	0.00006185964328509567
16.34	0.00006160236460759411
16.35	0.0000613463123947543
16.36	0.00006109148005516247
16.37	0.00006083786103682701
16.38	0.00006058544882691903
16.39	0.000060334236951514
16.4	0.0000600842189753364
16.41	0.000059835388501505074
16.42	0.00005958773917128169
16.43	0.00005934126466381928
16.44	0.00005909595869591469
16.45	0.00005885181502176056
16.46	0.000058608827432701395
16.47	0.00005836698975698885
16.48	0.00005812629585954153
16.490000000000002	0.000057886739641703815
16.5	0.00005764831504100857
16.51	0.00005741101603094032
16.52	0.00005717483662070038
16.53	0.00005693977085497378
16.54	0.000056705812813698035
16.55	0.000056472956611833025
16.56	0.00005624119639913287
16.57	0.0000560105263599197
16.580000000000002	0.00005578094071285812
16.59	0.00005555243371073259
16.6	0.000055324999640224934
16.61	0.000055098632821694704
16.62	0.00005487332760896029
16.63	0.00005464907838908199
16.64	0.00005442587958214634
16.65	0.00005420372564105215
16.66	0.000053982611051298
16.67	0.0000537625303307713
16.68	0.00005354347802953888
16.69	0.00005332544872963868
16.7	0.00005310843704487339
16.71	0.000052892437620605384
16.72	0.000052677445133552824
16.73	0.00005246345429158796
16.740000000000002	0.00005225045983353571
16.75	0.000052038456528974826
16.76	0.00005182743917803927
16.77	0.00005161740261122254
16.78	0.000051408341689181526
16.79	0.00005120025130254335
16.8	0.000050993126371712585
16.81	0.00005078696184668014
16.82	0.000050581752706833476
16.830000000000002	0.0000503774939607683
16.84	0.000050174180646101435
16.85	0.00004997180782928461
16.86	0.000049770370605420416
16.87	0.00004956986409807881
16.88	0.00004937028345911505
16.89	0.0000491716238684895
16.9	0.00004897388053408751
16.91	0.00004877704869154175
16.92	0.00004858112360405515
16.93	0.000048386100562225004
16.94	0.00004819197488386888
16.95	0.000047998741913850874
16.96	0.000047806397023909824
16.97	0.00004761493561248862
16.98	0.00004742435310456396
16.990000000000002	0.00004723464495147849
17.	0.00004704580663077296
17.01	0.00004685783364602035
17.02	0.00004667072152666075
17.03	0.00004648446582783731
17.04	0.00004629906213023384
17.05	0.000046114506039912894
17.06	0.000045930793188155384
17.07	0.000045747216503515495
17.080000000000002	0.00004555266806264355
17.09	0.00004535906012010458
17.1	0.00004516638758294658
17.11	0.00004497464538875191
17.12	0.000044783828505436214
17.13	0.00004459393193104928
17.14	0.00004440495069357728
17.150000000000002	0.000044216879850745916
17.16	0.00004402971448982568
17.17	0.000043843449727437975
17.18	0.00004365808070936294
17.19	0.000043473602610348315
17.2	0.000043290010633920184
17.21	0.00004310730001219427
17.22	0.000042925466005689684
17.23	0.0000427445039031427
17.240000000000002	0.00004256440902132297
17.25	0.00004238517670485042
17.26	0.0000422068023260137
17.27	0.00004202928128458981
17.28	0.00004185260900766489
17.29	0.00004167678094945673
17.3	0.000041501792591137864
17.31	0.000041327639440660706
17.32	0.000041154317032583114
17.330000000000002	0.00004098182092789581
17.34	0.00004081014671385071
17.35	0.00004063929000379047
17.36	0.00004046924643697969
17.37	0.00004030001167843621
17.38	0.00004013158141876499
17.39	0.00003996395137399222
17.400000000000002	0.0000397971172854008
17.41	0.00003963107491936712
17.42	0.00003946582006719887
17.43	0.00003930134854497417
17.44	0.000039137656193381575
17.45	0.000038974738877561
17.46	0.00003881259248694679
17.47	0.00003865121293511063
17.48	0.00003849059615960627
17.490000000000002	0.00003833073812181511
17.5	0.000038171634806793046
17.51	0.000038013282223118285
17.52	0.00003785567640273997
17.53	0.0000376988134008284
17.54	0.00003754268929562585
17.55	0.00003738730018829857
17.56	0.00003723264220278999
17.57	0.000037078711485674636
17.580000000000002	0.00003692550420601305
17.59	0.00003677301655520841
17.6	0.00003662124474686307
17.61	0.00003647018501663711
17.62	0.00003631983362210701
17.63	0.00003617018684262601
17.64	0.00003602124097918505
17.650000000000002	0.00003587299235427476
17.66	0.000035725437311748284
17.67	0.0000355785722166855
17.68	0.00003543239345525762
17.69	0.00003528689743459308
17.7	0.000035142080582644056
17.71	0.00003499793934805441
17.72	0.00003485447020002809
17.73	0.000034711669628198553
17.740000000000002	0.000034569534142499234
17.75	0.00003442806027303464
17.76	0.00003428724456995273
17.77	0.000034147083603317706
17.78	0.00003400757396298411
17.79	0.00003386871225847136
17.8	0.00003373049511883971
17.81	0.00003359291919256651
17.82	0.00003345598114742354
17.830000000000002	0.00003331967767035537
17.84	0.00003318400546735812
17.85	0.000033048961263359526
17.86	0.000032914541802099615
17.87	0.000032780743846011975
17.88	0.00003264756417610631
17.89	0.00003251499959185148
17.900000000000002	0.00003238304691105935
17.91	0.0000322517029697694
17.92	0.00003212096462213454
17.93	0.000031990828740307144
17.94	0.000031861292214326086
17.95	0.0000317323519520048
17.96	0.00003160400487881951
17.97	0.00003147624793779891
17.98	0.0000313490780894141
17.990000000000002	0.00003122249231146948
18.	0.000031096487598994304
18.01	0.000030971060964135154
18.02	0.00003084620943604884
18.03	0.000030721930060796254
18.04	0.00003059821990123696
18.05	0.000030475076036924206
18.06	0.00003035249556400119
18.07	0.00003023047559509751
18.080000000000002	0.00003010901325922638
18.09	0.000029988105701682997
18.1	0.000029867750083943112
18.11	0.000029747943583562354
18.12	0.000029628683394076427
18.13	0.00002950996672490195
18.14	0.000029391790801237807
18.150000000000002	0.000029274152863967254
18.16	0.00002915705016956079
18.17	0.000029040479989979498
18.18	0.00002892443961257903
18.19	0.000028808926340014586
18.2	0.000028693937490146146
18.21	0.000028579470395944305
18.22	0.0000284655224053972
18.23	0.000028352090881417696
18.240000000000002	0.00002823917320175103
18.25	0.000028126766758883675
18.26	0.0000280148689599522
18.27	0.000027903477226653113
18.28	0.000027792588995153212
18.29	0.00002768220171600037
18.3	0.000027561530360171
18.31	0.000027441191851491362
18.32	0.000027321444037063285
18.330000000000002	0.000027202283697341174
18.34	0.00002708370763207013
18.35	0.000026965712660159662
18.36	0.000026848295619558686
18.37	0.000026731453367131236
18.38	0.000026615182778533213
18.39	0.000026499480748089715
18.400000000000002	0.000026384344188673666
18.41	0.000026269770031584752
18.42	0.000026155755226429784
18.43	0.000026042296741003455
18.44	0.000025929391561170124
18.45	0.000025817036690746545
18.46	0.000025705229151385037
18.47	0.000025593965982458076
18.48	0.000025483244240943035
18.490000000000002	0.000025373061001308337
18.5	0.00002526341335539976
18.51	0.000025154298412328322
18.52	0.000025045713298358176
18.53	0.000024937655156795933
18.54	0.000024830121147880178
18.55	0.00002472310844867231
18.56	0.000024616614252947785
18.57	0.000024510635771088198
18.580000000000002	0.000024405170229974252
18.59	0.00002430021487287916
18.6	0.00002419576695936327
18.61	0.000024091823765168976
18.62	0.00002398838258211659
18.63	0.00002388544071800086
18.64	0.000023782995496488266
18.650000000000002	0.00002368104425701509
18.66	0.000023579584354685973
18.67	0.000023478613160173285
18.68	0.00002337812805961746
18.69	0.000023278126454527516
18.7	0.00002317860576168277
18.71	0.000023079563413034757
18.72	0.000022980996855610313
18.73	0.00002288290355141497
18.740000000000002	0.000022785280977337113
18.75	0.000022688126625052868
18.76	0.00002259143800093174
18.77	0.000022495212625942502
18.78	0.000022399448035560275
18.79	0.000022304141779673852
18.8	0.000022209291422493644
18.81	0.000022114894542460815
18.82	0.000022020948732156248
18.830000000000002	0.000021927451598210726
18.84	0.00002183440076121546
18.85	0.000021741793855633337
18.86	0.000021649628529710787
18.87	0.000021557902445390227
18.88	0.00002146661327822287
18.89	0.00002137575871728272
18.900000000000002	0.00002128533646508062
18.91	0.000021195344237479084
18.92	0.000021105779763607584
18.93	0.000021016640785778832
18.94	0.000020927925059405072
18.95	0.000020839630352915293
18.96	0.000020751754447672977
18.97	0.00002066429513789432
18.98	0.00002057725023056708
18.990000000000002	0.000020490617545369915
19.	0.000020404394914592398
19.01	0.00002031858018305531
19.02	0.00002023317120803188
19.03	0.00002014816585916921
19.04	0.00002006356201841046
19.05	0.000019979357579917302
19.06	0.00001989555044999329
19.07	0.000019812138547007355
19.080000000000002	0.000019729119801318145
19.09	0.00001964649215519858
19.1	0.00001956425356276124
19.11	0.000019482401989883947
19.12	0.000019400935414136124
19.13	0.000019319851824705423
19.14	0.000019239149222324977
19.150000000000002	0.000019158825619201242
19.16	0.00001907887903894207
19.17	0.00001899930751648545
19.18	0.00001892010909802872
19.19	0.000018841281840958254
19.2	0.00001876282381377956
19.21	0.000018684733096047774
19.22	0.000018607007778299038
19.23	0.000018529645961981762
19.240000000000002	0.000018452645759388785
19.25	0.00001837600529358981
19.26	0.000018299722698364212
19.27	0.000018223796118134698
19.28	0.000018148223707900708
19.29	0.000018073003633173143
19.3	0.000017998134069908708
19.31	0.000017923613204445284
19.32	0.000017849439233437397
19.330000000000002	0.000017775610363792316
19.34	0.000017702124812606374
19.35	0.000017628980807102014
19.36	0.000017556176584564966
19.37	0.000017483710392282043
19.38	0.000017411580487479163
19.39	0.000017339785137260004
19.400000000000002	0.000017268322618544958
19.41	0.000017197191218010462
19.42	0.000017126389232028734
19.43	0.00001705591496660804
19.44	0.00001698576673733327
19.45	0.00001691594286930681
19.46	0.000016846441697090054
19.47	0.000016777261564644983
19.48	0.000016708400825276446
19.490000000000002	0.000016639857841574723
19.5	0.000016571630985358325
19.51	0.00001650371863761734
19.52	0.000016436119188457088
19.53	0.000016368831037042258
19.54	0.000016301852591541216
19.55	0.00001623518226907078
19.56	0.000016168818495641498
19.57	0.000016102759706103093
19.580000000000002	0.00001603700434409033
19.59	0.00001597155086196926
19.6	0.00001590872052120681
19.61	0.000015857798104072625
19.62	0.00001580706452154308
19.63	0.000015756518977655257
19.64	0.000015706160680204434
19.650000000000002	0.000015655988840724305
19.66	0.000015606002674467567
19.67	0.000015556201400386394
19.68	0.000015506584241113144
19.69	0.000015457150422941198
19.7	0.000015407899175805923
19.71	0.000015358829733265515
19.72	0.000015309941332482346
19.73	0.000015261233214203986
19.740000000000002	0.000015212704622744778
19.75	0.0000151643548059671
19.76	0.000015116183015262957
19.77	0.000015068188505535715
19.78	0.000015020370535181832
19.79	0.00001497272836607269
19.8	0.000014925261263536611
19.81	0.000014877968496340939
19.82	0.000014830849336674166
19.830000000000002	0.000014783903060128257
19.84	0.000014737128945681005
19.85	0.000014690526275678544
19.86	0.000014644094335817845
19.87	0.000014597832415129542
19.88	0.00001455173980596057
19.89	0.000014505815803957026
19.900000000000002	0.000014460059708047328
19.91	0.000014414470820425032
19.92	0.000014369048446532197
19.93	0.000014323791895042516
19.94	0.000014278700477844729
19.95	0.000014233773510026104
19.96	0.000014189010309855828
19.97	0.000014144410198768792
19.98	0.000014099972501349276
19.990000000000002	0.000014055696545314757
20.	0.00001401158166149979
20.01	0.000013967627183840004
20.02	0.000013923832449356289
20.03	0.000013880196798138843
20.04	0.000013836719573331546
20.05	0.000013793400121116224
20.06	0.000013750237790697149
20.07	0.000013707231934285575
20.080000000000002	0.000013664381907084326
20.09	0.000013621687067272556
20.1	0.000013579146775990408
20.11	0.000013536760397324051
20.12	0.000013494527298290521
20.13	0.000013452446848822883
20.14	0.000013410518421755181
20.150000000000002	0.000013368741392807846
20.16	0.00001332711514057286
20.17	0.000013285639046499168
20.18	0.000013244312494878146
20.19	0.000013203134872829102
20.2	0.000013162105570284973
20.21	0.000013121223979977959
20.22	0.000013080489497425309
20.23	0.000013039901520915176
20.240000000000002	0.000012999459451492604
20.25	0.000012959162692945508
20.26	0.00001291901065179071
20.27	0.000012879002737260232
20.28	0.000012839138361287453
20.29	0.000012799416938493456
20.3	0.000012759837886173456
20.31	0.000012720400624283172
20.32	0.000012681104575425557
20.330000000000002	0.00001264194916483725
20.34	0.000012602933820375388
20.35	0.000012564057972504293
20.36	0.000012525321054282399
20.37	0.000012486722501349144
20.38	0.000012448261751911897
20.39	0.000012409938246733088
20.400000000000002	0.000012371751429117365
20.41	0.000012333700744898753
20.42	0.000012295785642427925
20.43	0.00001225800557255955
20.44	0.00001222035998863974
20.45	0.000012182848346493527
20.46	0.000012145470104412395
20.47	0.000012108224723141923
20.48	0.000012071111665869466
20.490000000000002	0.000012034130398211894
20.5	0.000011997280388203482
20.51	0.000011960561106283757
20.52	0.000011923972025285412
20.53	0.000011887512620422432
20.54	0.000011851182369278133
20.55	0.00001181498075179328
20.56	0.000011778907250254382
20.57	0.000011742961349281963
20.580000000000002	0.00001170714253581884
20.59	0.000011671450299118626
20.6	0.000011635884130734166
20.61	0.000011600443524506083
20.62	0.00001156512797655139
20.63	0.000011529936985252127
20.64	0.00001149487005124412
20.650000000000002	0.000011459926677405758
20.66	0.00001142510636884683
20.67	0.000011390408632897472
20.68	0.000011355832979097091
20.69	0.00001132137891918343
20.7	0.000011287045967081636
20.71	0.000011252833638893446
20.72	0.000011218741452886362
20.73	0.000011184768929482906
20.740000000000002	0.000011150915591249985
20.75	0.000011117180962888284
20.76	0.000011083564571221655
20.77	0.000011050065945186655
20.78	0.000011016684615822079
20.79	0.00001098342011625859
20.8	0.000010950271981708416
20.81	0.000010917239749454999
20.82	0.000010884322958842838
20.830000000000002	0.0000108515211512673
20.84	0.000010818833870164539
20.85	0.00001078626066100138
20.86	0.000010753801071265383
20.87	0.000010721454650454879
20.88	0.000010689220950069061
20.89	0.00001065709952359815
20.900000000000002	0.00001062508992651361
20.91	0.000010593191716258459
20.92	0.000010561404452237477
20.93	0.000010529727695807712
20.94	0.000010498161010268776
20.95	0.000010466703960853466
20.96	0.00001065607787575223
20.97	0.00001089542738438775
20.98	0.000011140035022516903
20.990000000000002	0.000011390013713684735
21.	0.000011645478751028651