0.01	21.66038512023594
0.02	35.07699195458323
0.03	41.74683365380441
0.04	45.206440817895974
0.05	46.92598480315795
0.06	47.52405378785367
0.07	47.502521223444376
0.08	47.07511981167436
0.09	46.39671049560873
0.1	45.5768597103388
0.11	44.62741022589449
0.12	43.6166463724557
0.13	42.631916025280255
0.14	41.552285490184445
0.15	40.559070122341794
0.16	39.49668385477852
0.17	38.52408632823939
0.18	37.506450758731106
0.19	36.54788170626538
0.2	35.62079847499331
0.21	34.67443077703661
0.22	33.79552151843626
0.23	32.92743463765251
0.24	32.044057412438406
0.25	31.219022427287992
0.26	30.441425695413447
0.27	29.59899903112907
0.28	28.809276968678983
0.29	28.067250638405373
0.3	27.34399907599865
0.31	26.56479482342369
0.32	25.831496002136845
0.33	25.140086630335784
0.34	24.487010039023644
0.35000000000000003	23.765204632915232
0.36	23.055881332273227
0.37	22.386308646313903
0.38	21.753272505716016
0.39	21.153894389837713
0.4	20.515703072525298
0.41000000000000003	19.884308323471203
0.42	19.286869192216447
0.43	18.72081475457996
0.44	18.183822579753958
0.45	17.673789739091106
0.46	17.180551628346663
0.47000000000000003	16.710238737638775
0.48	16.262301263682815
0.49	15.835241082399053
0.5	15.427688248046994
0.51	15.038387734892952
0.52	14.667037203542929
0.53	14.31488386714289
0.54	13.977534011480243
0.55	13.654108160690688
0.56	13.343793823265495
0.5700000000000001	13.045839307306318
0.58	12.759548203374118
0.59	12.48427445280184
0.6	12.212119962962205
0.61	11.94396749214196
0.62	11.68592133051546
0.63	11.437446640098603
0.64	11.198044780097646
0.65	10.967250339342812
0.66	10.744628453179043
0.67	10.529772373718728
0.68	10.322301266166562
0.6900000000000001	10.112185384538858
0.7000000000000001	9.905603010925537
0.71	9.706082294443569
0.72	9.513287408382991
0.73	9.326902865044872
0.74	9.146632026499091
0.75	8.972195742733883
0.76	8.803331104771372
0.77	8.639790301680902
0.78	8.481339571615171
0.79	8.321797365477549
0.8	8.163380703378238
0.81	8.009891949337389
0.8200000000000001	7.861119772230252
0.8300000000000001	7.716864332868479
0.84	7.576936530127548
0.85	7.4411573047892
0.86	7.309356996062631
0.87	7.181374746240286
0.88	7.0570579493830365
0.89	6.9362617403217985
0.9	6.818848520613422
0.91	6.6975434706003325
0.92	6.579603165952663
0.93	6.464981356872204
0.9400000000000001	6.353550476059433
0.9500000000000001	6.245189146954187
0.96	6.139781822149964
0.97	6.0372184464259435
0.98	5.937394142487373
0.99	5.840208917670768
1.	5.7455673900202715
1.01	5.653378532277246
1.02	5.563555432447998
1.03	5.476015069726101
1.04	5.387262898774458
1.05	5.298998011012568
1.06	5.2129954789690025
1.07	5.129176784153966
1.08	5.04746683258466
1.09	4.967793775483118
1.1	4.890088840901469
1.11	4.814286175516619
1.12	4.740322695895077
1.1300000000000001	4.66813794858247
1.1400000000000001	4.597673978421671
1.1500000000000001	4.528875204548395
1.16	4.46168830355451
1.17	4.3960620993472705
1.18	4.331947459267377
1.19	4.267970020428767
1.2	4.202948050912726
1.21	4.13944403451495
1.22	4.077410424354597
1.23	4.016801536031667
1.24	3.957573460288439
1.25	3.8996839804302144
1.26	3.843092494210429
1.27	3.7877599399056616
1.28	3.7336487263248848
1.29	3.680722666514842
1.3	3.6289469149395064
1.31	3.5782879079265126
1.32	3.528713307187279
1.33	3.4801919462303266
1.34	3.432693779499197
1.35	3.386189834077307
1.36	3.340652163812329
1.37	3.2940245214036348
1.3800000000000001	3.2477555250328063
1.3900000000000001	3.2024635138696023
1.4000000000000001	3.158121050631537
1.41	3.114701657061003
1.42	3.0721797739084415
1.43	3.0305307228525273
1.44	2.9897306702508715
1.45	2.949756592621264
1.46	2.910586243759591
1.47	2.872198123406229
1.48	2.834571447378123
1.49	2.797686119088553
1.5	2.7615227023814044
1.51	2.72606239561094
1.52	2.691287006902198
1.53	2.6571789305309053
1.54	2.623721124365302
1.55	2.5908970883156277
1.56	2.5586908437401306
1.57	2.526022678618417
1.58	2.4932083705241386
1.59	2.461023354436535
1.6	2.429451717381216
1.61	2.398478044796608
1.62	2.3680874019526676
1.6300000000000001	2.3382653161717024
1.6400000000000001	2.3089977598120126
1.6500000000000001	2.280271133977228
1.6600000000000001	2.2520722529161943
1.67	2.2243883290802082
1.68	2.197206958806167
1.69	2.1705161085958684
1.7	2.1443041019632867
1.71	2.1185596068231507
1.72	2.093271623395528
1.73	2.0684294726024524
1.74	2.044022784933875
1.75	2.020041489761395
1.76	1.9964758050793212
1.77	1.973316227653657
1.78	1.9505535235606308
1.79	1.9281787190972197
1.8	1.9056232014241805
1.81	1.8826360414289176
1.82	1.8600505413692696
1.83	1.8378575334831775
1.84	1.8160481077889172
1.85	1.7946136034869886
1.86	1.773545600693285
1.87	1.7528359124891566
1.8800000000000001	1.7324765772745625
1.8900000000000001	1.712459851411222
1.9000000000000001	1.6927782021433249
1.9100000000000001	1.6734243007839147
1.92	1.6543910161556499
1.93	1.635671408275192
1.94	1.6172587222709534
1.95	1.5991463825244443
1.96	1.5813279870258903
1.97	1.563797301935259
1.98	1.5465482563402022
1.99	1.5295749372028402
2.	1.512871584487699
2.0100000000000002	1.4964325864633998
2.02	1.4802524751711141
2.0300000000000002	1.4643259220530527
2.04	1.4486477337345984
2.05	1.4332128479539408
2.06	1.4180163296333879
2.07	1.4022414730134152
2.08	1.3865100106841532
2.09	1.3710292228629746
2.1	1.3557939442502118
2.11	1.3407991398793864
2.12	1.3260399012312216
2.13	1.3115114424811676
2.14	1.2972090968752452
2.15	1.2831283132292448
2.16	1.2692646525465394
2.17	1.255613784749953
2.18	1.2421714855233508
2.19	1.2289336332587715
2.2	1.2158962061051193
2.21	1.203055279114593
2.22	1.190407021483187
2.23	1.177947693881763
2.24	1.1656736458743278
2.25	1.1535813134202877
2.2600000000000002	1.141667216457599
2.27	1.1299279565638434
2.2800000000000002	1.1183602146923943
2.29	1.1069607489809323
2.3000000000000003	1.0957263926297152
2.31	1.0846540518470655
2.32	1.073740703859691
2.33	1.0629833949855079
2.34	1.0523792387667463
2.35	1.0419254141612142
2.36	1.03161916378966
2.37	1.0212866440604962
2.38	1.010578543223538
2.39	1.0000269102148398
2.4	0.9896288183064345
2.41	0.9793814073943593
2.42	0.9692818822138293
2.43	0.9593275106093452
2.44	0.9495156218578498
2.45	0.9398436050430606
2.46	0.9303089074792553
2.47	0.9209090331827768
2.48	0.9116415413896534
2.49	0.9025040451177462
2.5	0.8934942097719273
2.5100000000000002	0.8846097517908246
2.52	0.875848437333744
2.5300000000000002	0.8672080810064084
2.54	0.858686544624242
2.5500000000000003	0.8502817360119217
2.56	0.841991607838024
2.57	0.8338141564835806
2.58	0.8257474209434601
2.59	0.8177894817594702
2.6	0.8099384599841651
2.61	0.8021925161743608
2.62	0.7945498494133821
2.63	0.787008696361132
2.64	0.7795673303310792
2.65	0.77222406039331
2.66	0.7649772305028008
2.67	0.7578252186521303
2.68	0.7507664360478381
2.69	0.7437993263096982
2.7	0.736922364692177
2.71	0.7301340573273942
2.72	0.7233557985706514
2.73	0.7162885563692691
2.74	0.7093158243295903
2.75	0.7024360005264049
2.7600000000000002	0.6956475158750757
2.77	0.6889488333425114
2.7800000000000002	0.6823384471798516
2.79	0.6758148821762088
2.8000000000000003	0.6693766929327933
2.81	0.6630224631568168
2.82	0.656750804974548
2.83	0.6505603582629524
2.84	0.6444497899993343
2.85	0.6384177936284492
2.86	0.6324630884465442
2.87	0.6265844190018304
2.88	0.620780554510879
2.89	0.6150502882904814
2.9	0.6093924372044931
2.91	0.6038058411252322
2.92	0.5982893624089921
2.93	0.5928418853852533
2.94	0.5874623158591973
2.95	0.5821495806271192
2.96	0.5769026270043791
2.97	0.5717204223655109
2.98	0.5666019536961486
2.99	0.5615462271564184
3.	0.5565522676554719
3.0100000000000002	0.5516191184368388
3.02	0.5467458406742879
3.0300000000000002	0.5419315130778958
3.04	0.537175231510039
3.0500000000000003	0.5324761086110155
3.06	0.5278332734340399
3.0700000000000003	0.5232458710893318
3.08	0.5187130623970526
3.09	0.5142340235488408
3.1	0.5098079457777036
3.11	0.505434035036032
3.12	0.50111151168152
3.13	0.4965747947393607
3.14	0.49206290449139173
3.15	0.48760616071669904
3.16	0.48320371751648594
3.17	0.4788547445870851
3.18	0.4745584268844466
3.19	0.470313964296875
3.2	0.4661205713257768
3.21	0.4619774767742098
3.22	0.45788392344301027
3.23	0.4538391678342962
3.24	0.4498424798621448
3.25	0.4458931425702473
3.2600000000000002	0.44199045185635305
3.27	0.4381337162033182
3.2800000000000002	0.4343222564165872
3.29	0.43055540536792286
3.3000000000000003	0.4268325077452286
3.31	0.42315291980829517
3.3200000000000003	0.419516009150312
3.33	0.4159211544649981
3.34	0.4123677453191946
3.35	0.40885518193077885
3.36	0.40538287495176617
3.37	0.4019502452564479
3.38	0.398556723734453
3.39	0.39520175108858824
3.4	0.3918847776373442
3.41	0.38860526312194005
3.42	0.3853626765177924
3.43	0.3821564958502924
3.44	0.37898620801478355
3.45	0.3758513086006271
3.46	0.37275130171925996
3.47	0.3696856998361294
3.48	0.3666540236064228
3.49	0.36365580171448136
3.5	0.3606905707168145
3.5100000000000002	0.35775787488862054
3.52	0.35485726607372436
3.5300000000000002	0.35198830353785093
3.54	0.3491505538251469
3.5500000000000003	0.3463435906178711
3.56	0.3435669945991762
3.5700000000000003	0.340820353318903
3.58	0.33810326106231675
3.59	0.3352980815573852
3.6	0.3324630801061434
3.61	0.3296598136998286
3.62	0.32688784065758
3.63	0.32414672664216265
3.64	0.3214360445180849
3.65	0.3187553742128382
3.66	0.31610430258117866
3.67	0.3134824232723813
3.68	0.3108893366003906
3.69	0.3083246494167929
3.7	0.3057879749865512
3.71	0.30327893286642693
3.72	0.3007971487860248
3.73	0.29834225453140173
3.74	0.2959138878311723
3.75	0.29351169224505563
3.7600000000000002	0.29113531705480006
3.77	0.28878441715743325
3.7800000000000002	0.2864586529607793
3.79	0.2841576902811905
3.8000000000000003	0.28188120024343855
3.81	0.2796288591827189
3.8200000000000003	0.2774003485487125
3.83	0.27519535481166046
3.84	0.27301356937040366
3.85	0.2708546884623387
3.86	0.26871841307524974
3.87	0.26660444886096824
3.88	0.2645125060508209
3.89	0.262442299372822
3.9	0.26039354797057246
3.91	0.25836597532382405
3.92	0.25635930917067146
3.93	0.25437328143133325
3.94	0.2524076281334895
3.95	0.2504620893391325
3.96	0.24853640907290722
3.97	0.2466303352518959
3.98	0.24474361961682412
3.99	0.24287601766464828
4.	0.2410272885824992
4.01	0.23919719518294646
4.0200000000000005	0.23738550384055854
4.03	0.2355919844297255
4.04	0.23381641026371922
4.05	0.2320585580349607
4.0600000000000005	0.23031820775647083
4.07	0.2285951427044757
4.08	0.2268891493621407
4.09	0.22520001736441236
4.1	0.22352753944393844
4.11	0.22187151137804578
4.12	0.22016943726586266
4.13	0.21843722938151053
4.14	0.2167227896668834
4.15	0.21502589360427066
4.16	0.2133463200443933
4.17	0.2116838511479314
4.18	0.21003827232820602
4.19	0.20840937219498581
4.2	0.2067969424993966
4.21	0.2052007780799082
4.22	0.20362067680937554
4.23	0.20205643954311076
4.24	0.20050787006796505
4.25	0.1989747750523951
4.26	0.1974569639974977
4.2700000000000005	0.19595424918898596
4.28	0.19446644565009233
4.29	0.19299337109537443
4.3	0.19153484588540512
4.3100000000000005	0.1900906929823303
4.32	0.18866073790627264
4.33	0.18724480869256496
4.34	0.18584273584979527
4.3500000000000005	0.18445435231864635
4.36	0.18307949343151333
4.37	0.18171799687288093
4.38	0.18036970264044783
4.39	0.17903445300697876
4.4	0.17771209248287176
4.41	0.17640246777942467
4.42	0.17510542777278548
4.43	0.17382082346857275
4.44	0.17254850796715443
4.45	0.17128833642956628
4.46	0.170040166044063
4.47	0.168803855993283
4.48	0.16757926742201856
4.49	0.16636626340557686
4.5	0.16516470891872023
4.51	0.16397447080517322
4.5200000000000005	0.16279541774768605
4.53	0.16162742023864227
4.54	0.16047035055119935
4.55	0.15932408271095258
4.5600000000000005	0.1581884924681095
4.57	0.157063457270168
4.58	0.15594885623508292
4.59	0.1548445701249178
4.6000000000000005	0.1537504813199653
4.61	0.15266647379333168
4.62	0.15159243308597464
4.63	0.15052824628218414
4.64	0.14947380198550017
4.65	0.1484289902950552
4.66	0.147393702782337
4.67	0.14636783246835933
4.68	0.14535127380123639
4.69	0.14434392263414922
4.7	0.1433456762037005
4.71	0.1423564331086461
4.72	0.14137609328899894
4.73	0.14036676268633938
4.74	0.1393428790750064
4.75	0.13832859828654062
4.76	0.13732381032482263
4.7700000000000005	0.13632840668105814
4.78	0.13534228031060502
4.79	0.13436532561021025
4.8	0.1333974383956452
4.8100000000000005	0.13243851587973537
4.82	0.13148845665077458
4.83	0.13054716065131586
4.84	0.12961452915733324
4.8500000000000005	0.12869046475774593
4.86	0.12777487133429874
4.87	0.1268676540417908
4.88	0.12596871928864675
4.89	0.12507797471782353
4.9	0.12419532918804607
4.91	0.12332069275536651
4.92	0.12245397665503784
4.93	0.12159509328370122
4.94	0.12074395618187427
4.95	0.1199004800167417
4.96	0.11906458056523617
4.97	0.11823617469740778
4.98	0.11741518036007594
4.99	0.11660151656075722
5.	0.11579510335186521
5.01	0.11499586181517615
5.0200000000000005	0.11420371404655655
5.03	0.11341858314094692
5.04	0.11264039317759718
5.05	0.11186906920554873
5.0600000000000005	0.11110453722935945
5.07	0.11034672419506619
5.08	0.10959555797638018
5.09	0.10885096736111248
5.1000000000000005	0.10811288203782339
5.11	0.10738123258269287
5.12	0.10665595044660756
5.13	0.1059369679424601
5.14	0.10522421823265805
5.15	0.10451763531683644
5.16	0.10381715401977203
5.17	0.1031227099794956
5.18	0.10243423963559681
5.19	0.1017516802177204
5.2	0.10107496973424926
5.21	0.10040404696116993
5.22	0.09973885143111935
5.23	0.09907932342260847
5.24	0.09842540394941862
5.25	0.0977770347501696
5.26	0.09713415827805429
5.2700000000000005	0.09649671769073886
5.28	0.09586465684042351
5.29	0.09523792026406265
5.3	0.09461645317374048
5.3100000000000005	0.09400020144720013
5.32	0.09338911161852273
5.33	0.0927831308689544
5.34	0.0921822070178782
5.3500000000000005	0.09158628851392915
5.36	0.09099532442624851
5.37	0.09040926443587599
5.38	0.0898280588272772
5.39	0.08925165848000392
5.4	0.08868001486048445
5.41	0.08811308001394258
5.42	0.08755080655644222
5.43	0.086970819793966
5.44	0.08638242609046334
5.45	0.0857990827851026
5.46	0.08522073738066122
5.47	0.08464733802034935
5.48	0.08407883347884576
5.49	0.08351517315347433
5.5	0.08295630705552073
5.51	0.08240218580168503
5.5200000000000005	0.08185276060566846
5.53	0.08130798326989269
5.54	0.08076780617734776
5.55	0.08023218228356814
5.5600000000000005	0.07970106510873362
5.57	0.07917440872989283
5.58	0.07865216777330802
5.59	0.07813429740691841
5.6000000000000005	0.07762075333291986
5.61	0.07711149178045998
5.62	0.07660646949844487
5.63	0.07610564374845766
5.64	0.07560897229778517
5.65	0.07511641341255174
5.66	0.07462792585095841
5.67	0.07414346885662544
5.68	0.07366300215203622
5.69	0.07318648593208102
5.7	0.07271388085769943
5.71	0.0722451480496188
5.72	0.07178024908218764
5.73	0.07131914597730278
5.74	0.07086180119842765
5.75	0.07040817764470106
5.76	0.06995823864513458
5.7700000000000005	0.06951194795289725
5.78	0.06906926973968573
5.79	0.06863016859017883
5.8	0.06819460949657528
5.8100000000000005	0.06776255785321243
5.82	0.06733397945126546
5.83	0.06690884047352559
5.84	0.06648710748925504
5.8500000000000005	0.06606874744911942
5.86	0.06565372768019387
5.87	0.06524201588104393
5.88	0.06483358011687831
5.89	0.06442838881477328
5.9	0.0640264107589671
5.91	0.0636276150862239
5.92	0.06323197128126468
5.93	0.06283944917226578
5.94	0.06245001892642278
5.95	0.06206365104557914
5.96	0.06168031636191835
5.97	0.06129998603371853
5.98	0.06092263154116884
5.99	0.06054822468224627
6.	0.06017673756865219
6.01	0.059808142621807066
6.0200000000000005	0.059442412568903466
6.03	0.05907952043901558
6.04	0.05871943955926417
6.05	0.05836214355103724
6.0600000000000005	0.05800760632626412
6.07	0.057655802083743254
6.08	0.05730670530552188
6.09	0.0569602907533277
6.1000000000000005	0.056616533465051015
6.11	0.05627540875127687
6.12	0.05593689219186627
6.13	0.05560095963258573
6.140000000000001	0.05526758718178464
6.15	0.05493675120711912
6.16	0.05460842833232224
6.17	0.0542825954340196
6.18	0.053959229638589526
6.19	0.05363830831906727
6.2	0.05331980909209251
6.21	0.05300370981489942
6.22	0.052689988582348905
6.23	0.05237345722871986
6.24	0.05204545414300476
6.25	0.05172002556701891
6.26	0.051397147222489205
6.2700000000000005	0.05107679509835964
6.28	0.05075894544743029
6.29	0.05044357478304392
6.3	0.05013065987581921
6.3100000000000005	0.04982017775043061
6.32	0.049512105682432576
6.33	0.0492064211951294
6.34	0.048903102056488255
6.3500000000000005	0.04860212627609596
6.36	0.04830347210215801
6.37	0.04800711801853967
6.38	0.04771304274184822
6.390000000000001	0.047421225218556164
6.4	0.04713164462216375
6.41	0.046844280350401654
6.42	0.04655911202247183
6.43	0.046276119476326934
6.44	0.04599528276598703
6.45	0.045716582158893515
6.46	0.045439998133299374
6.47	0.045165511375695445
6.48	0.04489310277827192
6.49	0.04462275343641463
6.5	0.044354444646235607
6.51	0.04408815790213754
6.5200000000000005	0.043823874894411204
6.53	0.043561577506866025
6.54	0.04330124781449231
6.55	0.0430428680811558
6.5600000000000005	0.04278642075732306
6.57	0.04253188847781809
6.58	0.042279254059608716
6.59	0.04202850049962348
6.6000000000000005	0.0417796109725976
6.61	0.0415325688289478
6.62	0.041287357592676134
6.63	0.04104396095930164
6.640000000000001	0.04080236279381961
6.65	0.040562547128688606
6.66	0.04032449816184386
6.67	0.040088200254737506
6.68	0.03985363793040482
6.69	0.0396207958715561
6.7	0.039389658918694
6.71	0.03916021206825588
6.72	0.03893244047078047
6.73	0.03870632942909915
6.74	0.038481864396550776
6.75	0.03825903097522032
6.76	0.03803781491420043
6.7700000000000005	0.03781820210787597
6.78	0.037600178594231266
6.79	0.03738373055317901
6.8	0.03716884430491176
6.8100000000000005	0.03695550630827409
6.82	0.036743703159156905
6.83	0.03653342158891213
6.84	0.03632464846278784
6.8500000000000005	0.03611737077838441
6.86	0.03591157566413006
6.87	0.03570725037777637
6.88	0.03550438230491337
6.890000000000001	0.035302958957503516
6.9	0.035102967972435006
6.91	0.03490439711009325
6.92	0.03470723425295089
6.93	0.03451146740417623
6.94	0.034317084686258985
6.95	0.03412407433965395
6.96	0.03393242472144202
6.97	0.033742124304008116
6.98	0.03355316167373612
6.99	0.03336552552972041
7.	0.03317920468249368
7.01	0.032994188052771045
7.0200000000000005	0.032810464670209843
7.03	0.032628023672185466
7.04	0.03244685430258245
7.05	0.03226694591060069
7.0600000000000005	0.032088287949577056
7.07	0.03191086997582161
7.08	0.03173468164746844
7.09	0.03155971272334097
7.1000000000000005	0.031385953061831603
7.11	0.03121339261979511
7.12	0.0310420214514562
7.13	0.030871829707330385
7.140000000000001	0.030702807633158538
7.15	0.030534842794035084
7.16	0.03035813062785743
7.17	0.030182685630995777
7.18	0.030008496968465394
7.19	0.029835553912834444
7.2	0.029663845843008654
7.21	0.029493362243031725
7.22	0.029324092700900656
7.23	0.02915602690739593
7.24	0.02898915465492686
7.25	0.028823465836391025
7.26	0.02865895044404839
7.2700000000000005	0.028495598568409393
7.28	0.028333400397136964
7.29	0.028172346213962602
7.3	0.02801242639761544
7.3100000000000005	0.027853631420765326
7.32	0.027695951848978606
7.33	0.027539378339687195
7.34	0.02738390164117037
7.3500000000000005	0.02722951259154925
7.36	0.027076202117793647
7.37	0.02692396123474139
7.38	0.026772781044129702
7.390000000000001	0.02662265273363854
7.4	0.026473567575945774
7.41	0.026325516927793956
7.42	0.026178492229068612
7.43	0.026032485001887994
7.44	0.025887486849703625
7.45	0.02574348945641244
7.46	0.025600484585479182
7.47	0.02545846407907003
7.48	0.025317419857196526
7.49	0.02517734391687002
7.5	0.025038228331266416
7.51	0.024900065248901093
7.5200000000000005	0.024762846892813824
7.53	0.02462656555976357
7.54	0.024491213619432985
7.55	0.02435678351364271
7.5600000000000005	0.024223267755574984
7.57	0.02409065892900673
7.58	0.023958949687551755
7.59	0.023828132753912264
7.6000000000000005	0.02369820091913918
7.61	0.02356914704190153
7.62	0.023440964047764308
7.63	0.023313644928475305
7.640000000000001	0.02318718274126029
7.65	0.023061570608126553
7.66	0.022936801715174926
7.67	0.02281286931191992
7.68	0.022689766710617777
7.69	0.0225674872856028
7.7	0.022446024472631443
7.71	0.022325371768233977
7.72	0.022205522729074143
7.73	0.022086470971316136
7.74	0.021968210169999232
7.75	0.021850734058419544
7.76	0.02173403642751943
7.7700000000000005	0.021618111125283595
7.78	0.021502952056142794
7.79	0.021388553180384136
7.8	0.021274908513568426
7.8100000000000005	0.021162012125954442
7.82	0.02104985814192974
7.83	0.020938440739448182
7.84	0.020827754149474062
7.8500000000000005	0.020717792655432655
7.86	0.02060855059266714
7.87	0.020500022347901884
7.88	0.020392202358711777
7.890000000000001	0.020285085112998067
7.9	0.02017866514846978
7.91	0.02007293705213153
7.92	0.019967895459777115
7.930000000000001	0.019863535055488733
7.94	0.019759850571142358
7.95	0.01965683678591839
7.96	0.019554488525818266
7.97	0.019452800663186404
7.98	0.019351768116237615
7.99	0.01925138584859005
8.	0.01915164886880342
8.01	0.019052552229922352
8.02	0.018954091029025226
8.03	0.018856260406777854
8.040000000000001	0.01875905554699244
8.05	0.018662471676191356
8.06	0.01856650406317614
8.07	0.018471148018601013
8.08	0.018376398894551522
8.09	0.018282252084127797
8.1	0.01818870302103254
8.11	0.018095747179163634
8.120000000000001	0.018003380072211323
8.13	0.01791159725326008
8.14	0.017820394314394628
8.15	0.017729766886310682
8.16	0.017639710637929858
8.17	0.017550221276019008
8.18	0.017461294544813773
8.19	0.017372926225646172
8.2	0.017285112136576665
8.21	0.017197378595092898
8.22	0.017104962514530007
8.23	0.017013154519584045
8.24	0.016921949877544716
8.25	0.01683134389821641
8.26	0.016741331933485336
8.27	0.016651909376891642
8.28	0.01656307166320646
8.290000000000001	0.016474814268013564
8.3	0.016387132707295922
8.31	0.01630002253702691
8.32	0.01621347935276607
8.33	0.016127498789259533
8.34	0.016042076520044874
8.35	0.01595720825706043
8.36	0.0158728897502591
8.370000000000001	0.01578911678722631
8.38	0.01570588519280247
8.39	0.015623190828709532
8.4	0.01554102959318173
8.41	0.015459397420600504
8.42	0.01537829028113353
8.43	0.01529770418037769
8.44	0.015217635159006064
8.45	0.015138079292418855
8.46	0.01505903269039819
8.47	0.014980491496766741
8.48	0.01490245188905025
8.49	0.014824910078143542
8.5	0.014747862307980468
8.51	0.014671304855207453
8.52	0.014595234028860501
8.53	0.014519646170045962
8.540000000000001	0.014444537651624682
8.55	0.014369904877899691
8.56	0.014295744284307325
8.57	0.014222052337111626
8.58	0.014148825533102288
8.59	0.014076060399295775
8.6	0.014003753492639699
8.61	0.013931901399720495
8.620000000000001	0.013860500736474322
8.63	0.013789548147900971
8.64	0.01371904030778098
8.65	0.013648973918395852
8.66	0.013579345710251278
8.67	0.013510152441803345
8.68	0.01344139089918774
8.69	0.013373057895951846
8.700000000000001	0.013305150272789827
8.71	0.01323766489728043
8.72	0.01317059866362778
8.73	0.013103948492404833
8.74	0.013037711330299658
8.75	0.012971884149864445
8.76	0.012906463949267167
8.77	0.012841447752045985
8.78	0.012776832606866139
8.790000000000001	0.012712615587279683
8.8	0.012648793791487515
8.81	0.012585364342104142
8.82	0.012522324385924849
8.83	0.012459671093695413
8.84	0.012397401659884271
8.85	0.012335513302457003
8.86	0.01227400326265337
8.870000000000001	0.012212868804766573
8.88	0.012152107215924983
8.89	0.012091715805876016
8.9	0.012031691906772496
8.91	0.011972032872961072
8.92	0.011912736080773024
8.93	0.011853798928317163
8.94	0.011795218835275033
8.950000000000001	0.01173699324269807
8.96	0.011679119612807116
8.97	0.011621595428793917
8.98	0.011564418194624632
8.99	0.011507585434845594
9.	0.011451094694390911
9.01	0.011394943538392193
9.02	0.011339129551990195
9.03	0.01128365034014847
9.040000000000001	0.011228503527468927
9.05	0.011173686758009387
9.06	0.011119197695102853
9.07	0.011065034021178888
9.08	0.011011193437586664
9.09	0.010957673664419895
9.1	0.01090447244034364
9.11	0.010851587522422821
9.120000000000001	0.010799016685952513
9.13	0.010746757724290037
9.14	0.01069480844868876
9.15	0.010643166688133553
9.16	0.010591830289177971
9.17	0.010540797115783188
9.18	0.010490065049158418
9.19	0.010439631987603146
9.200000000000001	0.010389495846350776
9.21	0.010339654557414115
9.22	0.010290106069432169
9.23	0.01024084834751875
9.24	0.01019187937311245
9.25	0.01014319714382821
9.26	0.010094799673310416
9.27	0.010046684991087405
9.28	0.009998851142427562
9.290000000000001	0.009951296188196767
9.3	0.00990401820471737
9.31	0.009857015283628496
9.32	0.00981028553174786
9.33	0.00976382707093493
9.34	0.009717638037955464
9.35	0.00967171658434737
9.36	0.009626060876288044
9.370000000000001	0.009580669094462894
9.38	0.009535539433935267
9.39	0.009490670104017666
9.4	0.009446059328144223
9.41	0.009401705343744474
9.42	0.00935760640211844
9.43	0.00931247443614947
9.44	0.009266105240093556
9.450000000000001	0.009220015655919848
9.46	0.009174203704320521
9.47	0.009128667422070087
9.48	0.009083404861877805
9.49	0.00903841409224185
9.5	0.00899369319730475
9.51	0.008949240276710426
9.52	0.008905053445462656
9.53	0.008861130833784927
9.540000000000001	0.00881747058698182
9.55	0.008774070865301666
9.56	0.008730929843800745
9.57	0.008688045712208705
9.58	0.008645416674795459
9.59	0.008603040950239359
9.6	0.008560916771496766
9.61	0.008519042385672857
9.620000000000001	0.00847741605389379
9.63	0.00843603605118015
9.64	0.008394900666321623
9.65	0.008354008201753003
9.66	0.008313356973431338
9.67	0.008272945310714453
9.68	0.008232771556240545
9.69	0.008192834065809052
9.700000000000001	0.008153131208262736
9.71	0.008113661365370884
9.72	0.008074422931713687
9.73	0.008035414314567805
9.74	0.007996633933793058
9.75	0.007958080221720227
9.76	0.007919751623039947
9.77	0.007881646594692768
9.78	0.007843763605760275
9.790000000000001	0.007806101137357221
9.8	0.00776865768252488
9.81	0.007731431746125257
9.82	0.0076944218447365315
9.83	0.007657626506549384
9.84	0.007621044271264424
9.85	0.007584673689990649
9.86	0.00754851332514476
9.870000000000001	0.007512561750351674
9.88	0.007476817550345845
9.89	0.007441279320873628
9.9	0.007405945668596546
9.91	0.007370815210995611
9.92	0.007335886576276448
9.93	0.0073011584032754056
9.94	0.0072666293413666235
9.950000000000001	0.007232298050369921
9.96	0.007198163200459655
9.97	0.007164223472074388
9.98	0.007130477555827535
9.99	0.0070969241524187765
10.	0.007063561972546393
10.01	0.007030389736820415
10.02	0.006997406175676637
10.03	0.006964610029291472
10.040000000000001	0.006932000047497542
10.05	0.006899574989700239
10.06	0.0068673336247949265
10.07	0.006835274731085046
10.08	0.006803397096200974
10.09	0.006771699517019625
10.1	0.006740180799584935
10.11	0.006708839759028942
10.120000000000001	0.006677675219493791
10.13	0.006646686014054361
10.14	0.006615870984641705
10.15	0.006585228981967164
10.16	0.006554758865447279
10.17	0.0065244595031293375
10.18	0.00649432977161767
10.19	0.006464368556000675
10.200000000000001	0.006434574749778458
10.21	0.006404947254791267
10.22	0.006375484981148469
10.23	0.006346186847158352
10.24	0.006317051779258461
10.25	0.0062880787119466595
10.26	0.0062592665877128605
10.27	0.006230614356971329
10.28	0.0062021209779936845
10.290000000000001	0.0061737854168425026
10.3	0.0061456066473055794
10.31	0.006117583650830767
10.32	0.006089715416461439
10.33	0.006062000940772559
10.34	0.006034439227807399
10.35	0.006007029289014761
10.36	0.0059797701431868145
10.370000000000001	0.005952660816397596
10.38	0.005925700341941949
10.39	0.005898887760275161
10.4	0.005872222118953035
10.41	0.005845702472572665
10.42	0.005819327882713622
10.43	0.005793097417879797
10.44	0.0057670101534417085
10.450000000000001	0.00574106517157936
10.46	0.0057152615612257075
10.47	0.005689598418010482
10.48	0.005664074844204732
10.49	0.005638689948665713
10.5	0.005613442846782374
10.51	0.005588332660421329
10.52	0.00556335851787332
10.53	0.005538519553800179
10.540000000000001	0.005513814909182239
10.55	0.005489243731266333
10.56	0.0054648051735141185
10.57	0.005440498395551016
10.58	0.005416322563115538
10.59	0.005392276848009084
10.6	0.005368360428046256
10.61	0.005344572487005513
10.620000000000001	0.005320912214580421
10.63	0.005297378806331226
10.64	0.005273971463636914
10.65	0.005250689393647732
10.66	0.005227531809238103
10.67	0.005204497928959977
10.68	0.0051815869769966235
10.69	0.005158798183116815
10.700000000000001	0.005136130782629458
10.71	0.005113584016338595
10.72	0.00509115713049886
10.73	0.005068849376771299
10.74	0.005046660012179589
10.75	0.005024588299066697
10.76	0.005002633505051867
10.77	0.00498079490298804
10.78	0.0049590717709196465
10.790000000000001	0.004937463392040747
10.8	0.004915969054653605
10.81	0.00489458805212758
10.82	0.0048733196828584235
10.83	0.004850906924967695
10.84	0.004828341888857252
10.85	0.004805902480734876
10.86	0.004783587886361772
10.870000000000001	0.004761397297519318
10.88	0.004739329911959112
10.89	0.004717384933353401
10.9	0.004695561571246023
10.91	0.004673859041003799
10.92	0.004652276563768306
10.93	0.004630813366408197
10.94	0.004609468681471859
10.950000000000001	0.004588241747140581
10.96	0.004567131807182081
10.97	0.004546138110904525
10.98	0.004525259913110936
10.99	0.0045044964740539855
11.	0.004483847059391277
11.01	0.0044633109401409545
11.02	0.004442887392637781
11.03	0.0044225756984895455
11.040000000000001	0.004402375144533959
11.05	0.004382285022795862
11.06	0.004362304630444836
11.07	0.004342433269753248
11.08	0.004322670248054604
11.09	0.004303014877702355
11.1	0.004283466476028981
11.11	0.004264024365305541
11.120000000000001	0.004244687872701543
11.13	0.00422545633024514
11.14	0.004206329074783777
11.15	0.004187305447945086
11.16	0.004168384796098234
11.17	0.004149566470315514
11.18	0.004130849826334381
11.19	0.004112234224519765
11.200000000000001	0.0040937190298267305
11.21	0.0040753036117634955
11.22	0.004056987344354753
11.23	0.0040387696061053415
11.24	0.004020649779964211
11.25	0.004002627253288758
11.26	0.00398470141780942
11.27	0.003966871669594651
11.28	0.003949137409016121
11.290000000000001	0.003931498040714331
11.3	0.003913952973564447
11.31	0.0038965016206424724
11.32	0.003879143399191725
11.33	0.0038618777305895907
11.34	0.0038447040403146045
11.35	0.003827621757913767
11.36	0.003810630316970223
11.370000000000001	0.003793729155071156
11.38	0.003776917713776006
11.39	0.0037601954385849666
11.4	0.003743561778907732
11.41	0.00372701618803256
11.42	0.0037105581230955508
11.43	0.003694187045050261
11.44	0.0036779024186375372
11.450000000000001	0.00366170371235562
11.46	0.0036455903984305422
11.47	0.003629561952786726
11.48	0.0036136178550179206
11.49	0.003597757588358294
11.5	0.0035819806396538622
11.51	0.003566286499334133
11.52	0.003550674661383984
11.53	0.003535144623315802
11.540000000000001	0.0035196958861418823
11.55	0.003504327954347007
11.56	0.0034890403358613527
11.57	0.003473832542033542
11.58	0.0034587040876039796
11.59	0.003443654490678426
11.6	0.003428683272701752
11.61	0.003413789958431979
11.620000000000001	0.003398974075914492
11.63	0.003384235156456514
11.64	0.003369572734601778
11.65	0.0033549863481054246
11.66	0.003340475537909113
11.67	0.0033260398481163426
11.68	0.0033116788259680056
11.69	0.003297392021818123
11.700000000000001	0.003283178989109805
11.71	0.003269039284351417
11.72	0.003254972467092931
11.73	0.003240978099902527
11.74	0.003227055748343316
11.75	0.003213204980950354
11.76	0.0031994253692077704
11.77	0.0031857164875261517
11.78	0.003172077913220069
11.790000000000001	0.003158509226485843
11.8	0.0031450100103794666
11.81	0.0031315798507947153
11.82	0.0031182183364414705
11.83	0.0031049250588241987
11.84	0.0030916996122206143
11.85	0.0030785415936605497
11.86	0.0030654506029049737
11.870000000000001	0.0030524262424252015
11.88	0.0030394681173822853
11.89	0.0030265758356065636
11.9	0.0030137490075773992
11.91	0.0030009872464030725
11.92	0.0029882901678008537
11.93	0.002975657390077248
11.94	0.002963088534108388
11.950000000000001	0.0029505832233206112
11.96	0.00293814108367119
11.97	0.002925761743629225
11.98	0.0029134448341566867
11.99	0.0029011899886896464
12.	0.002888996843119635
12.01	0.0028768650357751634
12.02	0.00286479420740341
12.030000000000001	0.0028527840011520443
12.040000000000001	0.0028408340625512185
12.05	0.0028289440394956926
12.06	0.0028171135822271194
12.07	0.002805342343316475
12.08	0.0027936299776466344
12.09	0.002781976142395081
12.1	0.002770380497016787
12.11	0.002758842703227204
12.120000000000001	0.00274736242498541
12.13	0.002735939328477408
12.14	0.002724573082099527
12.15	0.002713263356442007
12.16	0.002702009824272675
12.17	0.0026908121605207815
12.18	0.0026796700422609676
12.19	0.0026685831486973582
12.200000000000001	0.002657551161147787
12.21	0.002646573763028155
12.22	0.002635650639836914
12.23	0.0026247814791396746
12.24	0.0026139659705539478
12.25	0.0026032038057340187
12.26	0.002592494678355901
12.27	0.0025818382841024884
12.280000000000001	0.0025712343206487544
12.290000000000001	0.002560682487647121
12.3	0.0025501824867129176
12.31	0.002539734021409984
12.32	0.002529336797236371
12.33	0.002518990521610159
12.34	0.002508694903855413
12.35	0.002498449655188211
12.36	0.002488254488702836
12.370000000000001	0.0024781091193580348
12.38	0.0024680132639634256
12.39	0.00245796664116598
12.4	0.002447968971436643
12.41	0.0024380199770570503
12.42	0.002428119382106349
12.43	0.0024178525951869443
12.44	0.0024072085267562017
12.450000000000001	0.002396619812994405
12.46	0.0023860861219133197
12.47	0.002375607123779968
12.48	0.0023651824910994974
12.49	0.0023548118985982323
12.5	0.0023444950232068325
12.51	0.0023342315440436144
12.52	0.0023240211423980073
12.530000000000001	0.0023138635017141383
12.540000000000001	0.002303758307574569
12.55	0.002293705247684148
12.56	0.0022837040118540296
12.57	0.0022737542919857895
12.58	0.002263855782055698
12.59	0.00225400817809911
12.6	0.0022442111781949946
12.61	0.0022344644824505927
12.620000000000001	0.0022247677929861814
12.63	0.002215120813919999
12.64	0.002205523251353273
12.65	0.0021959748133553608
12.66	0.0021864752099490514
12.67	0.0021770241530959474
12.68	0.0021676213566820014
12.69	0.0021582665365031347
12.700000000000001	0.0021489594102510156
12.71	0.0021396996974989307
12.72	0.0021304871196877687
12.73	0.002121321400112134
12.74	0.002112202263906573
12.75	0.002103129438031892
12.76	0.0020941026512616254
12.77	0.0020851216341685776
12.780000000000001	0.0020761861191114926
12.790000000000001	0.002067295840221842
12.8	0.002058450533390695
12.81	0.0020496499362557233
12.82	0.002040893788188288
12.83	0.0020321818302806533
12.84	0.002023513805333289
12.85	0.0020148894578422873
12.86	0.002006308533986869
12.870000000000001	0.001997770781617
12.88	0.0019892759502411197
12.89	0.001980823791013934
12.9	0.0019724140567243566
12.91	0.001964046501783498
12.92	0.001955720882212797
12.93	0.001947436955632202
12.94	0.0019391944812484968
12.950000000000001	0.0019309932198436814
12.96	0.0019228329337634712
12.97	0.0019147133869058678
12.98	0.0019066343447098444
12.99	0.0018985955741441117
13.	0.0018905968436959662
13.01	0.0018826379233602439
13.02	0.0018747185846283514
13.030000000000001	0.0018668386004773946
13.040000000000001	0.0018589977453593802
13.05	0.001851195795190517
13.06	0.0018434325273406062
13.07	0.001835707720622493
13.08	0.0018280211552816363
13.09	0.001820372612985729
13.1	0.0018127618768144327
13.11	0.0018051887312491577
13.120000000000001	0.0017976529621629672
13.13	0.0017901543568105238
13.14	0.001782692703818138
13.15	0.0017752677931738923
13.16	0.0017678794162178347
13.17	0.001760527365632269
13.18	0.0017532114354320936
13.19	0.0017459314209552507
13.200000000000001	0.0017386871188532183
13.21	0.001731478327081614
13.22	0.0017243048448908282
13.23	0.0017171664728167766
13.24	0.0017100630126716916
13.25	0.0017029942675350043
13.26	0.0016959600417443032
13.27	0.0016889601408863358
13.280000000000001	0.0016819943717881196
13.290000000000001	0.0016750625425080946
13.3	0.0016681644623273532
13.31	0.0016612999417409506
13.32	0.0016544687924492565
13.33	0.001647670827349415
13.34	0.0016409058605268245
13.35	0.001634173707246732
13.36	0.0016274741839458445
13.370000000000001	0.001620807108224049
13.38	0.0016141722988361816
13.39	0.0016075695756838412
13.4	0.0016009987598072986
13.41	0.0015944596733774544
13.42	0.0015879521396878558
13.43	0.0015814759831467792
13.44	0.0015750310292693807
13.450000000000001	0.0015686171046698965
13.46	0.0015622340370539155
13.47	0.0015558816552106998
13.48	0.001549559789005576
13.49	0.0015432682693723805
13.5	0.0015370069283059584
13.51	0.0015307755988547354
13.52	0.0015245741151133252
13.530000000000001	0.0015184023122152188
13.540000000000001	0.0015122600263255124
13.55	0.0015061470946336917
13.56	0.00150006335534649
13.57	0.0014940086476807756
13.58	0.0014879828118565166
13.59	0.0014819856890897856
13.6	0.0014760171215858235
13.61	0.0014700769525321582
13.620000000000001	0.0014641650260917756
13.63	0.0014582811873963349
13.64	0.0014524252825394485
13.65	0.0014465971585700082
13.66	0.0014407966634855604
13.67	0.0014350236462257278
13.68	0.0014292779566657016
13.69	0.0014235594456097553
13.700000000000001	0.001417867964784825
13.71	0.0014122033668341459
13.72	0.0014065655053109116
13.73	0.0014009542346720093
13.74	0.0013953694102717862
13.75	0.0013898108883558641
13.76	0.0013842785260550156
13.77	0.0013787721813790612
13.780000000000001	0.001373291713210843
13.790000000000001	0.0013678369813002165
13.8	0.0013624078462581098
13.81	0.0013570041695506112
13.82	0.001351625813493109
13.83	0.0013462726412444854
13.84	0.0013409445168013315
13.85	0.0013356413049922238
13.86	0.0013303628714720404
13.870000000000001	0.0013251090827163202
13.88	0.001319879806015657
13.89	0.0013146749094701464
13.9	0.001309494261983872
13.91	0.0013043377332594254
13.92	0.0012992051937924772
13.93	0.0012940965148663826
13.94	0.0012890115685468358
13.950000000000001	0.0012839502276765483
13.96	0.0012789123658699865
13.97	0.0012738978575081317
13.98	0.0012689065777332967
13.99	0.0012639384024439625
14.	0.0012589932082896658
14.01	0.0012540708726659256
14.02	0.0012491712737091967
14.030000000000001	0.0012442942902918734
14.040000000000001	0.0012394398020173245
14.05	0.0012346076892149624
14.06	0.0012297978329353543
14.07	0.0012250101149453684
14.08	0.0012202444177233569
14.09	0.001215500624454367
14.1	0.001210778619025402
14.11	0.0012060782860207043
14.120000000000001	0.0012013995107170823
14.13	0.0011967421790792618
14.14	0.0011921061777552852
14.15	0.0011874913940719354
14.16	0.0011828977160301918
14.17	0.0011783250323007307
14.18	0.0011737732322194482
14.19	0.0011692422057830228
14.200000000000001	0.0011647318436444987
14.21	0.0011602420371089265
14.22	0.0011557726781290074
14.23	0.0011513236593007918
14.24	0.0011468948738593888
14.25	0.0011424862156747292
14.26	0.0011380975792473498
14.27	0.001133555443277432
14.280000000000001	0.0011287839245009371
14.290000000000001	0.00112403580982784
14.3	0.0011193109682043438
14.31	0.0011146092694014143
14.32	0.0011099305840090107
14.33	0.0011052747834303764
14.34	0.0011006417398763543
14.35	0.001096031326359771
14.36	0.0010914434166898375
14.370000000000001	0.001086877885466611
14.38	0.0010823346080754903
14.39	0.0010778134606817596
14.4	0.001073314320225166
14.41	0.0010688370644145453
14.42	0.0010643815717224885
14.43	0.0010599477213800415
14.44	0.0010555353933714552
14.450000000000001	0.0010511444684289666
14.46	0.00104677482802763
14.47	0.0010424263543801749
14.48	0.0010380989304319128
14.49	0.0010337924398556796
14.5	0.0010295067670468133
14.51	0.0010252417971181788
14.52	0.0010209974158952137
14.530000000000001	0.0010167735099110339
14.540000000000001	0.0010125699664015554
14.55	0.0010083866733006674
14.56	0.001004223519235433
14.57	0.0010000803935213336
14.58	0.000995957186157539
14.59	0.0009918537878222267
14.6	0.0009877700898679258
14.61	0.0009837059843168959
14.620000000000001	0.000979661363856551
14.63	0.000975636121834904
14.64	0.0009716301522560599
14.65	0.0009676433497757277
14.66	0.0009636756096967816
14.67	0.0009597268279648399
14.68	0.0009557969011638899
14.69	0.0009518857265119396
14.700000000000001	0.0009479932018566988
14.71	0.000944119225671304
14.72	0.0009402636970500597
14.73	0.0009364265157042252
14.74	0.0009326075819578214
14.75	0.0009288067967434853
14.76	0.0009250240615983283
14.77	0.0009212592786598597
14.780000000000001	0.0009175123506619103
14.790000000000001	0.0009137831809306018
14.8	0.0009100716733803449
14.81	0.0009063777325098633
14.82	0.0009027012633982517
14.83	0.0008990421717010559
14.84	0.0008954003636463909
14.85	0.0008917757460310844
14.86	0.0008881682262168409
14.870000000000001	0.0008845777121264484
14.88	0.0008810041122400029
14.89	0.0008774473355911661
14.9	0.0008739072917634417
14.91	0.0008703838908864964
14.92	0.0008668770436324892
14.93	0.0008633866612124382
14.94	0.0008599126553726154
14.950000000000001	0.0008564549383909604
14.96	0.0008530134230735275
14.97	0.0008495880227509539
14.98	0.0008461786512749595
14.99	0.0008427852230148663
15.	0.0008394076528541475
15.01	0.0008360458561869977
15.02	0.0008326997489149345
15.030000000000001	0.0008293692474434228
15.040000000000001	0.0008260542686785155
15.05	0.0008227547300235323
15.06	0.000819470549375755
15.07	0.0008162016451231451
15.08	0.0008129479361410907
15.09	0.0008097093417891759
15.1	0.0008064857819079699
15.11	0.0008032771768158455
15.120000000000001	0.000800083447305813
15.13	0.0007969045146423853
15.14	0.0007937403005584619
15.15	0.0007905907272522339
15.16	0.000787455717384114
15.17	0.000784335194073688
15.18	0.000781229080896691
15.19	0.0007781373018819962
15.200000000000001	0.0007750597815086416
15.21	0.0007719964447028612
15.22	0.0007689472168351476
15.23	0.0007659120237173354
15.24	0.0007628907915997019
15.25	0.0007598834471680922
15.26	0.0007568899175410599
15.27	0.0007539101302670374
15.280000000000001	0.0007509440133215143
15.290000000000001	0.0007479914951042518
15.3	0.0007450525044365002
15.31	0.0007421269705582469
15.32	0.0007392148231254838
15.33	0.000736315992207492
15.34	0.0007334304082841428
15.35	0.0007305580022432249
15.36	0.0007276987053777857
15.370000000000001	0.0007248524493834935
15.38	0.0007220191663560203
15.39	0.0007191987887884374
15.4	0.0007163912495686364
15.41	0.0007135964819767669
15.42	0.0007108144196826866
15.43	0.0007080449967434383
15.44	0.0007052881476007427
15.450000000000001	0.0007025438070784994
15.46	0.000699811910380323
15.47	0.0006970923930870811
15.48	0.0006943851911544586
15.49	0.0006916902409105339
15.5	0.0006890074790533795
15.51	0.0006863368426486711
15.52	0.0006836782691273205
15.530000000000001	0.000681031696283121
15.540000000000001	0.0006783970622704113
15.55	0.0006757743056017572
15.56	0.0006731633651456451
15.57	0.000670564180124197
15.58	0.0006679766901109006
15.59	0.0006654008350283493
15.6	0.00066283655514601
15.610000000000001	0.0006602837910779941
15.620000000000001	0.000657742483780853
15.63	0.0006552125745513858
15.64	0.0006526940050244606
15.65	0.0006501867171708538
15.66	0.0006476906532951077
15.67	0.0006452057560333927
15.68	0.0006427319683513971
15.69	0.000640269233542222
15.700000000000001	0.0006378174952242961
15.71	0.0006353766973393052
15.72	0.000632946784150132
15.73	0.0006305277002388153
15.74	0.0006281193905045186
15.75	0.0006257218001615184
15.76	0.0006233348747372012
15.77	0.00062095856007008
15.780000000000001	0.0006185928023078169
15.790000000000001	0.0006162375479052691
15.8	0.0006138927436225403
15.81	0.0006115583365230492
15.82	0.0006092342739716135
15.83	0.0006069205036325424
15.84	0.0006046169734677442
15.85	0.0006023236317348509
15.860000000000001	0.0006000404269853504
15.870000000000001	0.0005977673080627324
15.88	0.0005955042241006526
15.89	0.0005932511245211004
15.9	0.0005910079590325903
15.91	0.0005887746776283554
15.92	0.0005865512305845577
15.93	0.0005843375684585171
15.94	0.0005821336420869369
15.950000000000001	0.0005799394025841603
15.96	0.0005777548013404249
15.97	0.0005755797900201365
15.98	0.0005734143205601465
15.99	0.000571258345168057
16.	0.0005691118163205209
16.01	0.000566974686761558
16.02	0.0005648469095008947
16.03	0.0005627284378122947
16.04	0.0005606192252319217
16.05	0.0005585192255566934
16.06	0.0005564283928426659
16.07	0.0005543466814034159
16.080000000000002	0.0005522740458084377
16.09	0.0005502104408815537
16.1	0.0005481558216993338
16.11	0.0005461101435895244
16.12	0.0005440733621294886
16.13	0.00054204543314466
16.14	0.0005400263127070027
16.15	0.0005380159571334866
16.16	0.0005360143229845671
16.17	0.0005340213670626799
16.18	0.0005320370464107463
16.19	0.0005300613183106824
16.2	0.000528094140281929
16.21	0.0005261354700799797
16.22	0.0005241852656949284
16.23	0.0005222434853500214
16.240000000000002	0.0005203100875002212
16.25	0.0005183850308307804
16.26	0.0005164682742558219
16.27	0.0005145597769169365
16.28	0.0005126594981817782
16.29	0.0005107673976426816
16.3	0.0005088834351152779
16.31	0.0005070075706371297
16.32	0.0005051397644663667
16.330000000000002	0.0005032799770803331
16.34	0.0005014281691742515
16.35	0.0004995843016598822
16.36	0.0004977483356642042
16.37	0.0004959202325280945
16.38	0.0004940936276686605
16.39	0.0004921623356738353
16.4	0.0004902397637074349
16.41	0.0004883258671162988
16.42	0.00048642060150293366
16.43	0.0004845239227238988
16.44	0.0004826357868881929
16.45	0.000480756150355666
16.46	0.00047888496973542765
16.47	0.0004770222018842769
16.48	0.00047516780390513633
16.490000000000002	0.0004733217331455027
16.5	0.00047148394719590447
16.51	0.00046965440388836927
16.52	0.0004678330612949062
16.53	0.00046601987772599315
16.54	0.0004642148117290804
16.55	0.00046241782208709774
16.56	0.00046062886781698026
16.57	0.0004588479081681963
16.580000000000002	0.0004570749026212882
16.59	0.000455309810886427
16.6	0.00045355259290197125
16.61	0.0004518032088330404
16.62	0.0004500616190700912
16.63	0.0004483277842275159
16.64	0.00044660166514223505
16.65	0.0004448832228723124
16.66	0.00044317241869557304
16.67	0.0004414692141082318
16.68	0.0004397735708235332
16.69	0.0004380854507703954
16.7	0.0004364048160920721
16.71	0.00043473162914481523
16.72	0.0004330658524965492
16.73	0.0004314074489255589
16.740000000000002	0.00042975638141917966
16.75	0.0004281126131724992
16.76	0.00042647610758707034
16.77	0.0004248468282696301
16.78	0.0004232247390308261
16.79	0.0004216098038839556
16.8	0.00042000198704370933
16.81	0.000418401252924928
16.82	0.00041680756614136095
16.830000000000002	0.0004152208915044404
16.84	0.0004136411940220596
16.85	0.0004120684388973586
16.86	0.0004105025915275218
16.87	0.00040894361750258134
16.88	0.0004073914826042274
16.89	0.0004058461528046302
16.9	0.00040430759426526646
16.91	0.0004027757733357549
16.92	0.00040125065655270025
16.93	0.0003997322106385451
16.94	0.00039822040250042846
16.95	0.0003967151992290514
16.96	0.0003952165680975538
16.97	0.0003937244765603931
16.98	0.00039223889225223666
16.990000000000002	0.0003907597829868574
17.	0.0003892871167560369
17.01	0.00038782086172847946
17.02	0.0003863609862487289
17.03	0.00038490745883609497
17.04	0.0003834602481835884
17.05	0.0003820193231568582
17.06	0.00038058465279314343
17.07	0.0003791562063002218
17.080000000000002	0.00037773395305537805
17.09	0.00037631786260436753
17.1	0.000374907904660393
17.11	0.000373504049103087
17.12	0.0003721062659775005
17.13	0.0003707145254930988
17.14	0.00036932879802276277
17.150000000000002	0.0003679490541018004
17.16	0.0003665752644269587
17.17	0.0003652073998554493
17.18	0.0003638454314039747
17.19	0.0003624893302477637
17.2	0.0003611390677196149
17.21	0.00035979461530894
17.22	0.00035845594466082286
17.23	0.0003571230275750764
17.240000000000002	0.000355795836005311
17.25	0.0003544743420580052
17.26	0.00035315851799158724
17.27	0.00035184833621551694
17.28	0.00035054376928937963
17.29	0.00034924478992198125
17.3	0.00034795137097045085
17.31	0.0003466634854393517
17.32	0.0003453811064797925
17.330000000000002	0.00034410420738855096
17.34	0.0003428327616071991
17.35	0.0003415667427212349
17.36	0.00034030612445921915
17.37	0.00033905088069192057
17.38	0.0003378009854314647
17.39	0.00033655641283048595
17.400000000000002	0.00033531713718129184
17.41	0.0003340831329150239
17.42	0.00033285437460083353
17.43	0.0003316308369450538
17.44	0.00033041249479038453
17.45	0.0003291993231150798
17.46	0.0003279912970321366
17.47	0.0003267883917884973
17.48	0.00032559058276424995
17.490000000000002	0.00032439784547183694
17.5	0.00032321015555526874
17.51	0.00032202748878934235
17.52	0.0003208498210788641
17.53	0.00031967712845787886
17.54	0.00031850938708890533
17.55	0.0003173465732621707
17.56	0.00031616064428503684
17.57	0.00031497699760055475
17.580000000000002	0.0003137984519742279
17.59	0.00031262498253958263
17.6	0.00031145656456540093
17.61	0.0003102931734549083
17.62	0.00030913478474496803
17.63	0.0003079813741052789
17.64	0.000306832917337579
17.650000000000002	0.00030568939037485657
17.66	0.00030455076928056124
17.67	0.00030341703024782687
17.68	0.00030228814959869417
17.69	0.00030116410378334046
17.7	0.00030004486937931427
17.71	0.0002989304230907764
17.72	0.0002978207417477429
17.73	0.0002967158023053354
17.740000000000002	0.0002956155818430359
17.75	0.0002945200575639445
17.76	0.0002934292067940461
17.77	0.00029234300698147673
17.78	0.0002912614356957999
17.79	0.0002901844706272816
17.8	0.00028911208958617735
17.81	0.00028804427050201743
17.82	0.00028698099142289923
17.830000000000002	0.0002859222305147854
17.84	0.0002848679660608053
17.85	0.00028381817646055984
17.86	0.00028277284022943354
17.87	0.00028173193599790886
17.88	0.0002806954425108849
17.89	0.00027966333862700305
17.900000000000002	0.0002786356033179737
17.91	0.0002776122156679097
17.92	0.00027659315487266276
17.93	0.0002755784002391644
17.94	0.0002745679311847728
17.95	0.0002735617272366198
17.96	0.0002725597680309677
17.97	0.00027156203331256537
17.98	0.0002705685029340106
17.990000000000002	0.0002695791568551164
18.	0.0002685939751422825
18.01	0.00026761293796786784
18.02	0.0002666360256095695
18.03	0.0002656632184498057
18.04	0.0002646944969751011
18.05	0.0002637298417754792
18.06	0.00026276923354385276
18.07	0.0002618126530754254
18.080000000000002	0.0002608600812670918
18.09	0.00025991149911684295
18.1	0.00025896688772317753
18.11	0.00025802622828451316
18.12	0.0002570895020986049
18.13	0.0002561566905619642
18.14	0.00025522777516928576
18.150000000000002	0.00025430273751287416
18.16	0.00025338155928207503
18.17	0.00025246422226271235
18.18	0.0002515507083365251
18.19	0.00025064099948061215
18.2	0.0002497350777668762
18.21	0.0002488329253614751
18.22	0.0002479345245242735
18.23	0.00024703985760830116
18.240000000000002	0.00024614890705921036
18.25	0.00024526165541474183
18.26	0.00024437808530419097
18.27	0.0002434981794478767
18.28	0.00024262192065661683
18.29	0.00024174929183120352
18.3	0.00024088027596188478
18.31	0.0002400148561278468
18.32	0.00023915301549670112
18.330000000000002	0.0002382947373239755
18.34	0.00023744000495260514
18.35	0.00023658880181243102
18.36	0.0002357411114196988
18.37	0.00023489691737656123
18.38	0.0002340562033705837
18.39	0.00023321895317425417
18.400000000000002	0.0002323851506444955
18.41	0.00023155477972217867
18.42	0.0002307278244316431
18.43	0.00022990426888021582
18.44	0.00022908409725773784
18.45	0.00022826729383608948
18.46	0.00022745384296872165
18.47	0.00022664372909018837
18.48	0.00022583693671568287
18.490000000000002	0.00022503345044057695
18.5	0.0002242332549399618
18.51	0.00022343633496819392
18.52	0.00022264267535844132
18.53	0.00022185226102223503
18.54	0.00022106507694902156
18.55	0.00022028110820571944
18.56	0.00021950033993627647
18.57	0.00021872275736123286
18.580000000000002	0.00021794834577728423
18.59	0.0002171770905568498
18.6	0.0002164089771476403
18.61	0.00021564399107223145
18.62	0.00021488211792763945
18.63	0.00021412334338489505
18.64	0.00021336765318862917
18.650000000000002	0.00021261503315665012
18.66	0.00021186546917953433
18.67	0.00021111894722020954
18.68	0.00021037545331354816
18.69	0.00020963497356595983
18.7	0.00020889749415498528
18.71	0.00020816300132889742
18.72	0.0002074314814062991
18.73	0.0002067029207757276
18.740000000000002	0.0002059773058952595
18.75	0.0002052546232921189
18.76	0.00020453485956228775
18.77	0.00020381800137011773
18.78	0.0002031040354479465
18.79	0.00020239294859571456
18.8	0.00020168472768058545
18.81	0.00020098221302126447
18.82	0.00020028705314440427
18.830000000000002	0.000199594665056299
18.84	0.00019890503624187106
18.85	0.0001982181542491504
18.86	0.00019753400668892271
18.87	0.000196852581234379
18.88	0.00019617386562077166
18.89	0.00019549784764506564
18.900000000000002	0.00019482451516559745
18.91	0.00019415385610173445
18.92	0.0001934858584335349
18.93	0.00019282051020141222
18.94	0.00019215779950579993
18.95	0.0001914977145068186
18.96	0.0001908402434239457
18.97	0.00019018537453568642
18.98	0.00018953309617924792
18.990000000000002	0.0001888833967502134
19.	0.00018823626470222104
19.01	0.00018759168854664058
19.02	0.00018694965685225724
19.03	0.0001863101582449542
19.04	0.00018567318140739556
19.05	0.00018503871507871594
19.06	0.00018440674805420777
19.07	0.0001837772691850125
19.080000000000002	0.00018315026737781271
19.09	0.00018252573159452674
19.1	0.00018190365085200545
19.11	0.00018128401422172968
19.12	0.00018066681082950958
19.13	0.00018005202985518773
19.14	0.00017943966053234165
19.150000000000002	0.0001788296921479888
19.16	0.0001782221140422945
19.17	0.00017761691560828062
19.18	0.00017701408629153527
19.19	0.00017641361558992563
19.2	0.00017581549305331154
19.21	0.00017521970828326302
19.22	0.00017462625093277417
19.23	0.0001740351107059858
19.240000000000002	0.00017344627735790393
19.25	0.00017285974069412388
19.26	0.00017227549057055233
19.27	0.0001716935168931352
19.28	0.000171113809617584
19.29	0.00017053635874910404
19.3	0.00016996115434212718
19.31	0.00016938818650004192
19.32	0.00016881744537492843
19.330000000000002	0.0001682489211672937
19.34	0.00016768260412580862
19.35	0.00016711848454704608
19.36	0.00016655655277522126
19.37	0.00016599679920193398
19.38	0.0001654392142659107
19.39	0.00016488378845275025
19.400000000000002	0.00016433051229466908
19.41	0.0001637793763702502
19.42	0.00016323037130419049
19.43	0.00016268348776705431
19.44	0.00016213871647502234
19.45	0.00016159604818964766
19.46	0.00016105547371760972
19.47	0.0001605169839104714
19.48	0.0001599805696644366
19.490000000000002	0.00015944622192010994
19.5	0.00015891393166225733
19.51	0.0001583836899195679
19.52	0.00015785548776441923
19.53	0.00015732931631263998
19.54	0.00015680516672327843
19.55	0.00015628303019836853
19.56	0.0001557628979827006
19.57	0.00015524476136359063
19.580000000000002	0.000154728611670653
19.59	0.0001542144402755733
19.6	0.0001537022385918825
19.61	0.0001531919980747335
19.62	0.00015268371022067782
19.63	0.00015217736656744461
19.64	0.00015167295869371908
19.650000000000002	0.0001511704782189255
19.66	0.0001506699168030081
19.67	0.00015017126614621533
19.68	0.00014967451798888348
19.69	0.0001491796641112257
19.7	0.00014868669633311634
19.71	0.00014819560651388022
19.72	0.0001477063865520849
19.73	0.0001472190283853278
19.740000000000002	0.0001467335239900324
19.75	0.00014624986538123842
19.76	0.00014576804461239907
19.77	0.00014528805377517556
19.78	0.00014480988499923433
19.79	0.0001443335304520461
19.8	0.00014385898233868437
19.81	0.00014338623290162646
19.82	0.00014291527442055529
19.830000000000002	0.0001424460992121624
19.84	0.0001419786996299515
19.85	0.00014151306806404402
19.86	0.0001410491969409859
19.87	0.00014058707872355403
19.88	0.00014012670591056567
19.89	0.00013966807103668746
19.900000000000002	0.00013921116667224649
19.91	0.00013875598542304268
19.92	0.00013830251993016035
19.93	0.00013785076286978393
19.94	0.00013740070695301154
19.95	0.00013695234492567255
19.96	0.000136505669568143
19.97	0.00013606067369516616
19.98	0.00013561735015566972
19.990000000000002	0.00013517569183258787
20.	0.00013473569164268098
20.01	0.00013429734253635943
20.02	0.00013386063749750712
20.03	0.00013342556954330423
20.04	0.00013299213172405407
20.05	0.00013256031712301035
20.06	0.0001321301188562023
20.07	0.0001317015300722648
20.080000000000002	0.0001312745439522679
20.09	0.0001308491537095459
20.1	0.00013042535258953015
20.11	0.00013000313386958044
20.12	0.00012958249085881886
20.13	0.00012916341689796397
20.14	0.00012874590535916542
20.150000000000002	0.00012832994964584116
20.16	0.00012792220176093452
20.17	0.00012751681311317392
20.18	0.0001271129091339625
20.19	0.000126710483654273
20.2	0.0001263095305337487
20.21	0.0001259100436605556
20.22	0.00012551201695123692
20.23	0.00012511544435056638
20.240000000000002	0.00012472031983140397
20.25	0.00012432663739455157
20.26	0.00012393439106860995
20.27	0.00012354357490983598
20.28	0.00012315418300200138
20.29	0.00012276620945625105
20.3	0.0001223796484109648
20.31	0.00012199449403161593
20.32	0.00012161074051063371
20.330000000000002	0.00012122838206726664
20.34	0.00012084741294744336
20.35	0.00012046782742363803
20.36	0.00012008961979473507
20.37	0.000119712784385893
20.38	0.00011933731554841231
20.39	0.0001189632076596009
20.400000000000002	0.0001185904551226422
20.41	0.00011821905236646403
20.42	0.00011784899384560655
20.43	0.00011748027404009284
20.44	0.0001171128874552995
20.45	0.00011674682862182687
20.46	0.00011638209209537214
20.47	0.00011601867245660147
20.48	0.00011565656431102366
20.490000000000002	0.0001152957622888631
20.5	0.00011493626104493662
20.51	0.00011457805525852681
20.52	0.00011422113963325957
20.53	0.00011386550889698039
20.54	0.00011351115780163171
20.55	0.00011315808112313215
20.56	0.00011280627366125378
20.57	0.00011245573023950293
20.580000000000002	0.00011210644570499991
20.59	0.00011175841492836021
20.6	0.00011141163280357527
20.61	0.00011106609424789551
20.62	0.00011072179420171324
20.63	0.00011037872762844481
20.64	0.00011003688951441662
20.650000000000002	0.00010969627486874815
20.66	0.00010935687872323915
20.67	0.00010901869613225367
20.68	0.00010868172217260825
20.69	0.00010834595194345888
20.7	0.00010801138056618822
20.71	0.00010767800318429481
20.72	0.00010734581496328243
20.73	0.00010701481109054888
20.740000000000002	0.00010668498677527711
20.75	0.00010635633724832583
20.76	0.00010602885776212149
20.77	0.00010570254359054974
20.78	0.00010537739002884863
20.79	0.00010505339239350172
20.8	0.00010473054602213253
20.81	0.00010440884627339803
20.82	0.00010408828852688455
20.830000000000002	0.0001037688681830029
20.84	0.00010345058066288536
20.85	0.00010313342140828101
20.86	0.00010281738588145478
20.87	0.00010250246956508412
20.88	0.00010218866796215777
20.89	0.00010187597659587506
20.900000000000002	0.00010156439100954497
20.91	0.00010125390676648697
20.92	0.00010094451944993092
20.93	0.00010063622466291817
20.94	0.00010032901802820459
20.95	0.00010002289518816113
20.96	0.00009971785180467762
20.97	0.0000994138835590659
20.98	0.00009911098615196356
20.990000000000002	0.00009880915530323831
21.	0.00009850838675189329
21.01	0.00009820867625597147
21.02	0.00009791001959246245
21.03	0.00009761241255720892
21.04	0.0000973158509648128
21.05	0.00009702033064854357
21.06	0.00009672584746024554
21.07	0.00009643239727024628
21.080000000000002	0.00009613997596726621
21.09	0.00009584857945832759
21.1	0.00009555820366866385
21.11	0.0000952688445416314
21.12	0.00009498049803861895
21.13	0.00009469316013895969
21.14	0.00009440682683984331
21.150000000000002	0.00009412149415622747
21.16	0.00009383715812075186
21.17	0.00009355381478364991
21.18	0.00009327146021266344
21.19	0.00009299009049295719
21.2	0.00009270970172703229
21.21	0.00009243029003464214
21.22	0.00009215185155270794
21.23	0.00009187438243523475
21.240000000000002	0.00009159787885322733
21.25	0.00009132233699460787
21.26	0.0000910477530641327
21.27	0.00009077412328331026
21.28	0.00009050144389031968
21.29	0.00009022971113992877
21.3	0.000089958921303414
21.31	0.00008968907066847918
21.32	0.00008942015553917561
21.330000000000002	0.00008915217223582303
21.34	0.00008888511709493009
21.35	0.0000886189864691149
21.36	0.00008835377672702818
21.37	0.0000880894842532739
21.38	0.00008782610544833245
21.39	0.00008756363672848372
21.400000000000002	0.00008730207452572954
21.41	0.00008704141528771872
21.42	0.00008678165547767009
21.43	0.00008652279157429729
21.44	0.00008626482007173384
21.45	0.00008600773747945869
21.46	0.00008575154032222137
21.47	0.00008549622513996843
21.48	0.0000852417884877703
21.490000000000002	0.00008498822693574729
21.5	0.00008473553706899788
21.51	0.00008448371548752561
21.52	0.00008423275880616757
21.53	0.00008398266365452283
21.54	0.00008373342667688075
21.55	0.00008348504453215095
21.56	0.00008323751389379238
21.57	0.00008299083144974312
21.580000000000002	0.00008274499390235116
21.59	0.00008249999796830471
21.6	0.00008226456129690634
21.61	0.0000820325706059181
21.62	0.00008180134101664362
21.63	0.00008157086968179882
21.64	0.00008134115376606071
21.650000000000002	0.00008111219044601179
21.66	0.000080883976910084
21.67	0.00008065651035850419
21.68	0.00008042978800323876
21.69	0.00008020380706793911
21.7	0.00007997856478788782
21.71	0.00007975405840994383
21.72	0.00007953028519248911
21.73	0.00007930724240537524
21.740000000000002	0.00007908492732986977
21.75	0.00007886333725860385
21.76	0.00007864246949551881
21.77	0.00007842232135581425
21.78	0.0000782028901658963
21.79	0.00007798417326332427
21.8	0.00007776616799676061
21.81	0.00007754887172591893
21.82	0.0000773322818215125
21.830000000000002	0.00007711639566520374
21.84	0.00007690121064955429
21.85	0.00007668672417797344
21.86	0.0000764729336646689
21.87	0.00007625983653459691
21.88	0.00007604743022341227
21.89	0.00007583571217741969
21.900000000000002	0.00007562467985352378
21.91	0.00007541433071918124
21.92	0.00007520466225235184
21.93	0.00007499567194144968
21.94	0.00007478735728529585
21.95	0.00007457971579307033
21.96	0.00007437274498426415
21.97	0.0000741664423886321
21.98	0.0000739608055461463
21.990000000000002	0.0000737558320069482
22.	0.00007355151933130259
22.01	0.00007334786508955129
22.02	0.0000731448668620668
22.03	0.00007294252223920612
22.04	0.00007274082882126565
22.05	0.00007253978421843458
22.06	0.00007233938605075155
22.07	0.00007213963194805737
22.080000000000002	0.00007194051954995173
22.09	0.00007174204650574867
22.1	0.00007154421047443114
22.11	0.0000713470091246077
22.12	0.00007115044013446848
22.13	0.00007095450119174159
22.14	0.00007075918999364933
22.150000000000002	0.00007056450424686514
22.16	0.00007037044166747053
22.17	0.0000701769999809125
22.18	0.00006998417692196032
22.19	0.00006979197023466377
22.2	0.00006960037767231092
22.21	0.00006940939699738569
22.22	0.00006921902598152625
22.23	0.00006902926240548423
22.240000000000002	0.00006884010405908197
22.25	0.00006865154874117265
22.26	0.00006846359425959876
22.27	0.00006827623843115138
22.28	0.00006808947908152985
22.29	0.00006790331404530131
22.3	0.00006771774116586044
22.31	0.00006753275829539035
22.32	0.00006734836329482121
22.330000000000002	0.00006716455403379254
22.34	0.00006698132839061287
22.35	0.00006679868425222063
22.36	0.0000666166195141454
22.37	0.00006643513208046936
22.38	0.00006625421986378819
22.39	0.00006607388078517326
22.400000000000002	0.00006589411277413324
22.41	0.00006571491376857588
22.42	0.00006553628171477053
22.43	0.0000653582145673106
22.44	0.0000651807102890754
22.45	0.0000650037668511942
22.46	0.00006482738223300784
22.47	0.00006465155442203248
22.48	0.00006447628141392314
22.490000000000002	0.00006430156121243685
22.5	0.00006412739182939611
22.51	0.00006395377128465321
22.52	0.000063780697606054
22.53	0.00006360816882940225
22.54	0.00006343618299842363
22.55	0.0000632647381647306
22.56	0.0000630938323877875
22.57	0.00006292346373487455
22.580000000000002	0.00006275363028105344
22.59	0.00006258433010913291
22.6	0.00006241556130963331
22.61	0.00006224732198075296
22.62	0.00006207961022833353
22.63	0.0000619124241658262
22.64	0.00006174576191425719
22.650000000000002	0.00006157962160219482
22.66	0.0000614140013657152
22.67	0.00006124889934836941
22.68	0.00006108431370114983
22.69	0.000060920242582457065
22.7	0.000060756684158067404
22.71	0.00006059363660109952
22.72	0.000060431098091982234
22.73	0.000060269066818422027
22.740000000000002	0.000060107540975370646
22.75	0.0000599465187649928
22.76	0.00005978599839663464
22.77	0.000059625978086791645
22.78	0.00005946645605907675
22.79	0.00005930743054418947
22.8	0.000059148899779883736
22.81	0.00005899086201093733
22.82	0.000058833315489120706
22.830000000000002	0.000058676258473165545
22.84	0.00005851968922873496
22.85	0.00005836360602839195
22.86	0.0000582080071515695
22.87	0.00005805289088454018
22.88	0.00005789825552038582
22.89	0.0000577440993589677
22.900000000000002	0.0000575904207068966
22.91	0.0000574372178775028
22.92	0.000057284489190807114
22.93	0.000057132232973490876
22.94	0.00005698044755886681
22.95	0.00005682913128685017
22.96	0.00005667828250392916
22.97	0.000056527899563136596
22.98	0.000056377980824020824
22.990000000000002	0.00005622852465261736
23.	0.000056079529421420274
23.01	0.00005593099350935378
23.02	0.000055782915301744495
23.03	0.00005563529319029278
23.04	0.0000554881255730452
23.05	0.00005534141085436664
23.06	0.00005519514744491292
23.07	0.0000550493337616029
23.080000000000002	0.00005490396822759103
23.09	0.00005475904927224057
23.1	0.00005461457533109625
23.11	0.000054470544845857015
23.12	0.00005432695626434971
23.13	0.000054183808040501656
23.14	0.0000540433939866719
23.150000000000002	0.000053907879608963856
23.16	0.00005377276333989652
23.17	0.00005363804383878475
23.18	0.00005350371977003359
23.19	0.000053369789803117537
23.2	0.00005323625261255908
23.21	0.000053103106877907115
23.22	0.00005297035128371594
23.23	0.000052837984519523675
23.240000000000002	0.00005270600527983217
23.25	0.000052574412264085305
23.26	0.00005244320417664825
23.27	0.00005231237972678707
23.28	0.0000521819376286478
23.29	0.00005205187660123611
23.3	0.000051922195368396505
23.31	0.0000517928926587927
23.32	0.00005166396720588647
23.330000000000002	0.00005153541774791816
23.34	0.00005140724302788625
23.35	0.0000512794417935277
23.36	0.0000511520127972977
23.37	0.00005102495479635027
23.38	0.00005089826655251819
23.39	0.000050771946832293734
23.400000000000002	0.00005064599440680873
23.41	0.00005052040805181577
23.42	0.00005039518654766818
23.43	0.000050270328679301296
23.44	0.00005014583323621296
23.45	0.000050021699012444764
23.46	0.00004989792480656273
23.47	0.00004977450942163875
23.48	0.0000496514516652313
23.490000000000002	0.00004952875034936756
23.5	0.00004940640429052375
23.51	0.00004928441230960739
23.52	0.00004916277323193846
23.53	0.000049041485887230936
23.54	0.000048920549109574894
23.55	0.000048799961737417885
23.56	0.000048679722613547036
23.57	0.00004855983058507088
23.580000000000002	0.00004844028450340162
23.59	0.000048321083224236856
23.6	0.00004820222560754232
23.61	0.000048083710517533555
23.62	0.00004796553682265876
23.63	0.00004784770339558103
23.64	0.00004773020911316091
23.650000000000002	0.000047613052856438965
23.66	0.00004749623351061851
23.67	0.00004737974996504838
23.68	0.00004726360111320586
23.69	0.00004714778585267924
23.7	0.00004703230308515133
23.71	0.000046917151716382165
23.72	0.00004680233065619226
23.73	0.000046687838818445824
23.740000000000002	0.00004657367512103431
23.75	0.000046459838485859273
23.76	0.000046346327838816356
23.77	0.00004623314210977848
23.78	0.00004612028023257966
23.79	0.00004600774114499856
23.8	0.00004589552378874218
23.81	0.000045783627109429955
23.82	0.000045672050056577514
23.830000000000002	0.000045560791583580427
23.84	0.000045449850647698614
23.85	0.00004533922621004028
23.86	0.00004522891723554624
23.87	0.00004511892269297382
23.88	0.000045009241554881826
23.89	0.00004489987279761415
23.900000000000002	0.00004479081540128506
23.91	0.00004468206834976318
23.92	0.000044573630630656204
23.93	0.00004446550123529588
23.94	0.00004435767915872243
23.95	0.00004425016339966932
23.96	0.00004414295296054876
23.97	0.00004403604684743582
23.98	0.00004392944407005398
23.990000000000002	0.00004382314364176021
24.	0.000043717144579529963
24.01	0.00004361144590394248
24.02	0.000043506046639166006
24.03	0.000043400945812943384
24.04	0.000043296142456577174
24.05	0.000043191635604915265
24.060000000000002	0.00004308742429633666
24.07	0.00004298350757273679
24.080000000000002	0.00004287988447951323
24.09	0.00004277655406555154
24.1	0.00004267351538321126
24.11	0.00004257076748831141
24.12	0.000042468309440116665
24.13	0.00004236614030132329
24.14	0.000042264259138045305
24.150000000000002	0.00004216266501980048
24.16	0.000042061357019496644
24.17	0.00004196033421341781
24.18	0.00004185959568121063
24.19	0.00004175914050587063
24.2	0.00004165896777372876
24.21	0.000041559076574437905
24.22	0.00004145946600095922
24.23	0.0000413601351495491
24.240000000000002	0.00004126108311974554
24.25	0.000041162309014355184
24.26	0.000041063811939439615
24.27	0.00004096559100430285
24.28	0.00004086764532147779
24.29	0.00004076997400671335
24.3	0.000040672576178961455
24.310000000000002	0.000040575450960364154
24.32	0.00004047859747624086
24.330000000000002	0.000040382014855075226
24.34	0.000040285702228502816
24.35	0.000040189658731298164
24.36	0.00004009388350136212
24.37	0.000039998375679709433
24.38	0.00003990313441045625
24.39	0.00003980815884080735
24.400000000000002	0.000039713448121044155
24.41	0.00003961900140451197
24.42	0.00003952481784760811
24.43	0.0000394308966097693
24.44	0.000039337236853459635
24.45	0.00003924383774415834
24.46	0.000039150698450348017
24.47	0.000039057818143502045
24.48	0.000038965195998073197
24.490000000000002	0.000038872831191481443
24.5	0.00003878072290410189
24.51	0.000038688870319253324
24.52	0.00003859727262318626
24.53	0.000038505929005071206
24.54	0.000038414838656987154
24.55	0.00003832400077390967
24.560000000000002	0.000038233414553699675
24.57	0.00003814307919709179
24.580000000000002	0.00003805299390768279
24.59	0.00003796315789192028
24.6	0.00003787357035909146
24.61	0.00003778423052131151
24.62	0.00003769513759351265
24.63	0.00003760629079343274
24.64	0.00003751768934160413
24.650000000000002	0.000037429332461342646
24.66	0.00003734121937873645
24.67	0.00003725334932263511
24.68	0.00003716572152463844
24.69	0.00003707833521908587
24.7	0.000036991189643045156
24.71	0.00003690428403630212
24.72	0.000036817617641349466
24.73	0.000036731189703376005
24.740000000000002	0.000036644999470256304
24.75	0.00003655904619253987
24.76	0.00003647332912344047
24.77	0.00003638784751882569
24.78	0.00003630260063720651
24.79	0.00003621758773972664
24.8	0.000036129143006446046
24.810000000000002	0.000036040388707892494
24.82	0.000035951888076474117
24.830000000000002	0.00003586364028542421
24.84	0.00003577564451100217
24.85	0.00003568789993248131
24.86	0.000035600405732136444
24.87	0.000035513161095231566
24.88	0.00003542616521000811
24.89	0.00003533941726767257
24.900000000000002	0.00003525291646238459
24.91	0.00003516666199124507
24.92	0.000035080653054284094
24.93	0.00003499488885444927
24.94	0.00003490936859759368
24.95	0.000034824091492464345
24.96	0.00003473905675069051
24.97	0.000034654263586771886
24.98	0.00003456971121806703
24.990000000000002	0.000034485398864781935
25.	0.00003440132574995857
25.01	0.00003431749109946318
25.02	0.000034233894141975185
25.03	0.000034150534108975685
25.04	0.00003406741023473611
25.05	0.00003398452175630726
25.060000000000002	0.0000339018679135077
25.07	0.00003381944794891302
25.080000000000002	0.0000337372611078445
25.09	0.0000336553066383581
25.1	0.000033573583791233554
25.11	0.00003349209181996331
25.12	0.000033410829980741755
25.13	0.0000333297975324542
25.14	0.000033248993736666384
25.150000000000002	0.00003316841785761324
25.16	0.00003308806916218874
25.17	0.000033007946919934714
25.18	0.00003292805040303069
25.19	0.000032848378886282986
25.2	0.00003276893164711431
25.21	0.00003268970796555353
25.22	0.00003261070712422482
25.23	0.000032531928408337456
25.240000000000002	0.000032453371105675604
25.25	0.000032375034506587984
25.26	0.000032296917903977365
25.27	0.00003221902059329082
25.28	0.00003214134187250918
25.29	0.00003206388104213711
25.3	0.000031986637405192994
25.310000000000002	0.00003190961026719888
25.32	0.000031832798936170716
25.330000000000002	0.00003175620272260801
25.34	0.00003167982093948422
25.35	0.00003160365290223702
25.36	0.000031527697928758255
25.37	0.000031451955339384106
25.38	0.000031376424456885715
25.39	0.00003130110460645927
25.400000000000002	0.00003122599511571635
25.41	0.00003115109531467447
25.42	0.000031076404535747415
25.43	0.000031001922113735775
25.44	0.00003092764738581758
25.45	0.00003085357969153854
25.46	0.000030779718372803244
25.47	0.00003070606277386511
25.48	0.00003063261224131766
25.490000000000002	0.00003055936612408485
25.5	0.0000304863237734123
25.51	0.000030413484542857553
25.52	0.000030340847788281385
25.53	0.00003026841286783852
25.54	0.000030196179141968516
25.55	0.000030124145973386886
25.560000000000002	0.000030052312727075982
25.57	0.00002998067877027616
25.580000000000002	0.00002990924347247674
25.59	0.00002983800620540732
25.6	0.00002976696634302863
25.61	0.000029696123261524182
25.62	0.000029625476339291184
25.63	0.000029555024956931864
25.64	0.000029484768497244974
25.650000000000002	0.000029414706345216898
25.66	0.000029344837888013277
25.67	0.000029275162514970285
25.68	0.00002920567961758612
25.69	0.000029136388589512656
25.7	0.000029067288826546784
25.71	0.000028998379726622094
25.72	0.000028929660689800585
25.73	0.000028861131118264013
25.740000000000002	0.000028792790416305996
25.75	0.000028724637990323414
25.76	0.000028656673248808328
25.77	0.000028588895602339664
25.78	0.000028521304463575174
25.79	0.000028453899247243194
25.8	0.00002838667937013471
25.810000000000002	0.000028319644251094927
25.82	0.000028252793311015725
25.830000000000002	0.000028186125972827317
25.84	0.000028119641661490438
25.85	0.0000280533398039883
25.86	0.000027987219829318877
25.87	0.00002792128116848691
25.88	0.000027855523254496017
25.89	0.000027789945522341183
25.900000000000002	0.000027724547409000704
25.91	0.000027659328353428605
25.92	0.000027594287796546947
25.93	0.00002752942518123805
25.94	0.000027464739952337132
25.95	0.000027400231556624412
25.96	0.00002733589944281765
25.97	0.000027271743061564804
25.98	0.00002720776186543627
25.990000000000002	0.000027143955308917513
26.	0.000027080322848401728
26.01	0.000027016863942182294
26.02	0.000026953578050445483
26.03	0.000026890464635263107
26.04	0.000026827523160585212
26.05	0.00002676475309223282
26.060000000000002	0.000026702153897890687
26.07	0.000026639725047099972
26.080000000000002	0.000026577466011251225
26.09	0.00002651537626357718
26.1	0.00002645345527914551
26.11	0.00002639170253485199
26.12	0.000026330117509413126
26.13	0.00002626869968335934
26.14	0.000026207448539027973
26.150000000000002	0.000026146363560556125
26.16	0.00002608544423387393
26.17	0.00002602469004669747
26.18	0.000025964100488521974
26.19	0.000025903675050615056
26.2	0.000025843413226009654
26.21	0.000025783314509497395
26.22	0.0000257233783976219
26.23	0.000025663604388671805
26.240000000000002	0.00002560399198267424
26.25	0.00002554454068138814
26.26	0.000025485249988297462
26.27	0.000025426119408604685
26.28	0.000025367148449224118
26.29	0.000025308336618775445
26.3	0.000025249683427577075
26.310000000000002	0.000025191188387639686
26.32	0.000025132851012659636
26.330000000000002	0.00002507467081801266
26.34	0.000025016647320747364
26.35	0.000024958780039578723
26.36	0.000024901068494881914
26.37	0.00002484351220868572
26.38	0.000024786110704666394
26.39	0.000024728863508141287
26.400000000000002	0.000024671770146062525
26.41	0.000024614830147010844
26.42	0.00002455804304118938
26.43	0.00002450140836041733
26.44	0.000024444925638124026
26.45	0.000024388594409342572
26.46	0.000024332414210703724
26.47	0.000024276384580430045
26.48	0.000024220505058329667
26.490000000000002	0.00002416477518579009
26.5	0.000024109194505772527
26.51	0.00002405376256280563
26.52	0.000023998478902979603
26.53	0.000023943343073940385
26.54	0.000023888354624883558
26.55	0.000023833513106548458
26.560000000000002	0.00002377881807121253
26.57	0.000023721848556095973
26.580000000000002	0.000023663148211480015
26.59	0.000023604615120775313
26.6	0.000023546248744795562
26.61	0.000023488048546294605
26.62	0.000023430013989958413
26.63	0.000023372144542397564
26.64	0.000023314439672139653
26.650000000000002	0.000023256898849621536
26.66	0.000023199521547181906
26.67	0.000023142307239053683
26.68	0.000023085255401356463
26.69	0.000023028365512089153
26.7	0.00002297163705112243
26.71	0.000022915069500191392
26.72	0.000022858662342888205
26.73	0.000022802415064654643
26.740000000000002	0.000022746327152774803
26.75	0.000022690398096368012
26.76	0.000022634627386381366
26.77	0.000022579014515582467
26.78	0.00002252355897855249
26.79	0.00002246826027167882
26.8	0.000022413117893147956
26.810000000000002	0.000022358131342938484
26.82	0.00002230330012281394
26.830000000000002	0.000022248623736315897
26.84	0.000022194101688756687
26.85	0.000022139733487212766
26.86	0.000022085518640517617
26.87	0.000022031456659254773
26.88	0.000021977547055750976
26.89	0.000021923789344069386
26.900000000000002	0.000021870183040002733
26.91	0.000021816727661066428
26.92	0.00002176342272649195
26.93	0.00002171026775721999
26.94	0.000021657262275893725
26.95	0.000021604405806852343
26.96	0.000021551697876124024
26.97	0.000021499138011419765
26.98	0.000021446725742126417
26.990000000000002	0.000021394460599300236
27.	0.000021342342115660505
27.01	0.000021290369825582797
27.02	0.000021238543265092565
27.03	0.00002118686197185874
27.04	0.000021135325485187315
27.05	0.00002108393334601484
27.060000000000002	0.000021032685096902143
27.07	0.000020981580282027908
27.080000000000002	0.000020930618447182532
27.09	0.00002087979913976158
27.1	0.00002082912190875969
27.11	0.000020778586304764358
27.12	0.0000207281918799496
27.13	0.000020677938188069847
27.14	0.00002062782478445379
27.150000000000002	0.00002057785122599823
27.16	0.000020528017071162044
27.17	0.000020478321879959914
27.18	0.000020428765213956536
27.19	0.00002037934663626037
27.2	0.000020330065711517784
27.21	0.000020280922005906945
27.22	0.000020231915087132073
27.23	0.0000201830445244173
27.240000000000002	0.0000201343098885009
27.25	0.00002008571075162928
27.26	0.00002003724668755135
27.27	0.000019988917271512523
27.28	0.000019940722080248942
27.29	0.000019892660691981754
27.3	0.000019844732686411303
27.310000000000002	0.000019796937644711482
27.32	0.0000197492751495239
27.330000000000002	0.000019701744784952342
27.34	0.000019654346136557064
27.35	0.000019607078791349046
27.36	0.00001955994233778467
27.37	0.00001951293636575984
27.38	0.000019466060466604488
27.39	0.00001941931423307722
27.400000000000002	0.000019372697259359642
27.41	0.000019326209141050802
27.42	0.000019279849475161992
27.43	0.000019233617860111
27.44	0.000019187513895716875
27.45	0.00001914153718319453
27.46	0.000019095687325149177
27.47	0.00001904996392557134
27.48	0.0000190043665898311
27.490000000000002	0.00001895889492467309
27.5	0.000018913548538211083
27.51	0.00001886832703992279
27.52	0.000018823230040644532
27.53	0.00001877825715256612
27.54	0.000018733407989225664
27.55	0.00001868868216550421
27.560000000000002	0.000018644079297620905
27.57	0.0000185995990031275
27.580000000000002	0.000018555240900903596
27.59	0.00001851100461115133
27.6	0.000018466889755390306
27.61	0.000018422895956452717
27.62	0.00001837902283847815
27.63	0.00001833527002690863
27.64	0.0000182916371484837
27.650000000000002	0.000018248123831235422
27.66	0.000018204729704483375
27.67	0.000018161454398829827
27.68	0.000018118297546154814
27.69	0.000018075258779611142
27.7	0.000018032337733619818
27.71	0.00001798953404386483
27.72	0.000017946847347288598
27.73	0.00001790427728208715
27.740000000000002	0.00001786182348770524
27.75	0.000017819485604831587
27.76	0.000017777263275394354
27.77	0.00001773515614255611
27.78	0.000017693163850709325
27.79	0.000017651286045471747
27.8	0.00001760952237368155
27.810000000000002	0.000017567872483392835
27.82	0.00001752633602387096
27.830000000000002	0.00001748491264558791
27.84	0.000017443602000217842
27.85	0.000017402403740632344
27.86	0.000017361317520895964
27.87	0.00001732034299626181
27.88	0.000017279479823166786
27.89	0.00001723872765922731
27.900000000000002	0.000017198086163234815
27.91	0.00001715755499515122
27.92	0.000017117133816104504
27.93	0.000017076822288384373
27.94	0.00001703662007543783
27.95	0.000016996526841864776
27.96	0.000016956542253413624
27.97	0.00001691666597697698
27.98	0.000016876897680587432
27.990000000000002	0.000016837237033413007
28.	0.000016797683705753076
28.01	0.000016758237369034104
28.02	0.000016718897695805188
28.03	0.000016679664359734002
28.04	0.000016640537035602583
28.05	0.000016601515399302984
28.060000000000002	0.00001656259912783325
28.07	0.00001652378789929317
28.080000000000002	0.000016485081392880102
28.09	0.00001644647928888498
28.1	0.000016407981268687996
28.11	0.000016369587014754627
28.12	0.00001633129621063163
28.13	0.00001629310854094279
28.14	0.000016255023691384974
28.150000000000002	0.000016217041348724128
28.16	0.000016179161200791233
28.17	0.000016141382936478232
28.18	0.0000161037062457342
28.19	0.00001606613081956126
28.2	0.000016028656350010688
28.21	0.00001599128253017893
28.22	0.00001595400905420378
28.23	0.000015916835617260358
28.240000000000002	0.000015879761915557327
28.25	0.000015842787646332954
28.26	0.00001580591250785136
28.27	0.00001576913619939854
28.28	0.000015732458421278623
28.29	0.000015695878874810075
28.3	0.00001565939726232191
28.310000000000002	0.00001562301328714988
28.32	0.000015586726653632712
28.330000000000002	0.00001555053706710841
28.34	0.000015514444233910556
28.35	0.000015478447861364436
28.36	0.00001544254765778351
28.37	0.00001540674333246569
28.38	0.000015371034595689617
28.39	0.000015335421158711023
28.400000000000002	0.000015299902733759192
28.41	0.0000152644790340332
28.42	0.000015229149773698353
28.43	0.000015193914667882637
28.44	0.000015158773432673085
28.45	0.000015123725785112278
28.46	0.000015088771443194691
28.47	0.000015059331817212098
28.48	0.000015033970129043843
28.490000000000002	0.000015008660033988408
28.5	0.000014983401409036292
28.51	0.000014958194131514352
28.52	0.000014933038079084612
28.53	0.00001490793312974335
28.54	0.000014882879161820038
28.55	0.000014857876053976324
28.560000000000002	0.000014832923685205012
28.57	0.000014808021934829034
28.580000000000002	0.000014783170682500408
28.59	0.0000147583698081993
28.6	0.000014733619192232927
28.61	0.000014708918715234568
28.62	0.000014684268258162671
28.63	0.000014659667702299704
28.64	0.000014635116929251214
28.650000000000002	0.00001461061582094493
28.66	0.000014586164259629594
28.67	0.000014561762127874116
28.68	0.00001453740930856657
28.69	0.000014513105684913183
28.7	0.000014488851140437311
28.71	0.000014464645558978665
28.72	0.00001444048882469206
28.73	0.000014416380822046673
28.740000000000002	0.000014392321435825048
28.75	0.000014368310551121975
28.76	0.00001434434805334377
28.77	0.00001432043382820714
28.78	0.000014296567761738342
28.79	0.00001427274974027216
28.8	0.000014248979650451047
28.810000000000002	0.000014225257379224079
28.82	0.000014201582813846143
28.830000000000002	0.000014177955841876916
28.84	0.000014154376351179972
28.85	0.000014130844229921797
28.86	0.000014107359366570992
28.87	0.000014083921649897206
28.88	0.000014060530968970324
28.89	0.00001403718721315952
28.900000000000002	0.000014013890272132302
28.91	0.000013990640035853718
28.92	0.0000139674363945853
28.93	0.000013944279238884315
28.94	0.000013921168459602743
28.95	0.00001389810394788645
28.96	0.000013875085595174295
28.97	0.000013852113293197154
28.98	0.000013829186933977201
28.990000000000002	0.000013806306409826878
29.	0.000013783471613348031
29.01	0.000013760682437431146
29.02	0.000013737938775254335
29.03	0.000013715240520282497
29.04	0.000013692587566266568
29.05	0.000013669979807242482
29.060000000000002	0.000013647417137530445
29.07	0.000013624899451733965
29.080000000000002	0.000013602426644739087
29.09	0.000013579998611713483
29.1	0.000013557615248105655
29.11	0.00001353527644964401
29.12	0.000013512982112336081
29.13	0.00001349073213246766
29.14	0.00001346852640660192
29.150000000000002	0.000013446364831578655
29.16	0.000013424247304513425
29.17	0.000013402173722796644
29.18	0.00001338014398409287
29.19	0.0000133581579863399
29.2	0.000013336215627747978
29.21	0.00001331431680679893
29.22	0.000013292461422245455
29.23	0.000013270649373110204
29.240000000000002	0.00001324888055868497
29.25	0.000013227154878529944
29.26	0.0000132054722324729
29.27	0.00001318383252060832
29.28	0.000013162235643296671
29.29	0.000013140681501163546
29.3	0.000013119169995098945
29.310000000000002	0.000013097701026256391
29.32	0.000013076274496052212
29.330000000000002	0.000013054890306164716
29.34	0.0000130335483585334
29.35	0.00001301224855535819
29.36	0.000012990990799098649
29.37	0.000012969774992473235
29.38	0.000012948601038458468
29.39	0.00001292746884028817
29.400000000000002	0.0000129063783014527
29.41	0.000012885329325698267
29.42	0.000012864321817026037
29.43	0.00001284335567969141
29.44	0.000012822430818203374
29.45	0.000012801547137323512
29.46	0.000012780704542065527
29.47	0.000012759902937694248
29.48	0.000012739142229725066
29.490000000000002	0.000012718422323923038
29.5	0.000012697743126302256
29.51	0.00001267710454312504
29.52	0.000012656506480901222
29.53	0.000012635948846387407
29.54	0.000012615431546586198
29.55	0.00001259495448874562
29.560000000000002	0.000012574517580358093
29.57	0.000012554120729160041
29.580000000000002	0.000012533763843130926
29.59	0.000012513446830492644
29.6	0.000012493169599708737
29.61	0.000012472932059483729
29.62	0.000012452734118762444
29.63	0.00001243257568672912
29.64	0.000012412456672806921
29.650000000000002	0.000012392376986657056
29.66	0.000012372336538178189
29.67	0.000012352335237505698
29.68	0.000012332372995010893
29.69	0.000012312449721300456
29.7	0.000012292565327215645
29.71	0.000012272719723831655
29.72	0.000012252912822456874
29.73	0.00001223314453463223
29.740000000000002	0.00001221341477213049
29.75	0.000012193723446955603
29.76	0.000012174070471341953
29.77	0.000012154455757753781
29.78	0.000012134879218884363
29.79	0.000012115340767655464
29.8	0.00001209584031721661
29.810000000000002	0.00001207637778094442
29.82	0.000012056953072441918
29.830000000000002	0.000012037566105537896
29.84	0.000012018216794286244
29.85	0.000011998905052965284
29.86	0.00001197963079607708
29.87	0.000011960393938346808
29.88	0.000011941194394722126
29.89	0.000011922032080372445
29.900000000000002	0.00001190290691068835
29.91	0.00001188381880128093
29.92	0.000011864767667981077
29.93	0.000011845753426838914
29.94	0.000011826775994123127
29.95	0.000011807835286320294
29.96	0.000011788931220134266
29.97	0.000011770063712485563
29.98	0.000011751232680510677
29.990000000000002	0.000011732438041561491
30.	0.000011713679713204603
30.01	0.000011694957613220712
30.02	0.000011676271659604059
30.03	0.000011657621770561653
30.04	0.000011639007864512779
30.05	0.000011620429860088367
30.060000000000002	0.000011601887676130292
30.07	0.000011583381231690802
30.080000000000002	0.000011564910446031918
30.09	0.000011546475238624831
30.1	0.000011528075529149252
30.11	0.000011509711237492795
30.12	0.000011491382283750402
30.13	0.000011473088588223784
30.14	0.000011454830071420693
30.150000000000002	0.00001143660665405441
30.16	0.000011418418257043171
30.17	0.000011400264801509463
30.18	0.00001138214620877953
30.19	0.000011364062400382738
30.2	0.000011346013298050982
30.21	0.000011327998823718084
30.22	0.000011310018899519257
30.23	0.000011292073447790455
30.240000000000002	0.00001127416239106786
30.25	0.000011256285652087178
30.26	0.000011238443153783226
30.27	0.000011220634819289249
30.28	0.000011202860571936307
30.29	0.000011185120335252822
30.3	0.000011167414032963904
30.310000000000002	0.000011149741588990823
30.32	0.000011132102927450437
30.330000000000002	0.00001111449797265461
30.34	0.000011096926649109677
30.35	0.000011079388881515857
30.36	0.000011061884594766677
30.37	0.00001104441371394841
30.38	0.000011026976164339636
30.39	0.000011009571871410453
30.400000000000002	0.000010992200760822147
30.41	0.000010974862758426535
30.42	0.000010957557790265415
30.43	0.000010942308431681657
30.44	0.00001106231181405637
30.45	0.000011183591197129313
30.46	0.000011306159722919928
30.47	0.000011430030664420471
30.48	0.000011555217426857333
30.490000000000002	0.00001168173354896452
30.5	0.000011809592704268987