0.01	3.3109160714465706
0.02	2.1118926910162568
0.03	1.6978567943161673
0.04	1.4874775088157333
0.05	1.359298715636788
0.06	1.2723464894547598
0.07	1.2128063977995238
0.08	1.1683362258179426
0.09	1.1326449104214096
0.1	1.1036809541455792
0.11	1.079115454341895
0.12	1.0588824227346667
0.13	1.0415445858956975
0.14	1.0270897891903654
0.15	1.0138855178084536
0.16	1.0019152416925623
0.17	0.9907996556542107
0.18	0.9806146598017026
0.19	0.9711219236232561
0.2	0.9621615151840418
0.21	0.9535980813695343
0.22	0.9455040832337089
0.23	0.9376527976005944
0.24	0.9298232755325497
0.25	0.9223748516143435
0.26	0.9152748064780335
0.27	0.9079719752911319
0.28	0.900968832744783
0.29	0.8942626751490672
0.3	0.8877846601818636
0.31	0.8811643837367149
0.32	0.8748013559328712
0.33	0.868677997398206
0.34	0.8627784174957008
0.35000000000000003	0.8566442552136632
0.36	0.8505134919833399
0.37	0.8445928082070685
0.38	0.8388696122747261
0.39	0.8333323738096268
0.4	0.8276662880431298
0.41000000000000003	0.8219675031837225
0.42	0.816443885214536
0.43	0.8110860675281146
0.44	0.8058853875739697
0.45	0.8008338193465148
0.46	0.7955090896909744
0.47000000000000003	0.790195922037917
0.48	0.7850289940666854
0.49	0.7800013574668812
0.5	0.7751065273668438
0.51	0.7703384428828681
0.52	0.7656720995985531
0.53	0.7607075172636543
0.54	0.7558670307472833
0.55	0.7511453247892019
0.56	0.7465374031904247
0.5700000000000001	0.7420385643678464
0.58	0.7376443791732634
0.59	0.7333506707320097
0.6	0.7289889681422292
0.61	0.7244186826127857
0.62	0.7199506725435895
0.63	0.7155810541435358
0.64	0.7113061497729432
0.65	0.7071224739831083
0.66	0.7030267206994114
0.67	0.6990157514385488
0.68	0.6950865844624126
0.6900000000000001	0.6910726856199041
0.7000000000000001	0.6869830632342253
0.71	0.6829751413138865
0.72	0.6790461710194495
0.73	0.6751935325349082
0.74	0.6714147273431795
0.75	0.6677073710612694
0.76	0.6640691867877084
0.77	0.6604979989194258
0.78	0.656991727399324
0.79	0.6534326737662586
0.8	0.6497351245041814
0.81	0.6461040440848044
0.8200000000000001	0.6425374389093198
0.8300000000000001	0.6390333985501473
0.84	0.6355900913291087
0.85	0.6322057601801098
0.86	0.6288787187749157
0.87	0.6256073478924528
0.88	0.6223900920137234
0.89	0.6192254561259318
0.9	0.6161120027207794
0.91	0.6128376819917776
0.92	0.6095314124361872
0.93	0.6062784365385165
0.9400000000000001	0.6030773359287293
0.9500000000000001	0.5999267445577011
0.96	0.5968253462408919
0.97	0.5937718723415327
0.98	0.5907650995840603
0.99	0.5878038479892286
1.	0.5848869789229773
1.01	0.5820133932517221
1.02	0.5791820295972709
1.03	0.5763918626850736
1.04	0.5735554146526597
1.05	0.5705890504552046
1.06	0.5676659283844392
1.07	0.5647850189768552
1.08	0.5619453266024789
1.09	0.5591458880520872
1.1	0.5563857711957468
1.11	0.5536640737084721
1.12	0.5509799218590659
1.1300000000000001	0.5483324693584821
1.1400000000000001	0.5457208962642877
1.1500000000000001	0.5431444079380225
1.16	0.540602234052474
1.17	0.5380936276460626
1.18	0.5356178642217284
1.19	0.5331742408878635
1.2	0.530549484071656
1.21	0.5279539621904558
1.22	0.5253923443612354
1.23	0.5228639152132373
1.24	0.5203679801267412
1.25	0.5179038644696703
1.26	0.5154709128681253
1.27	0.5130684885090885
1.28	0.510695972473629
1.29	0.5083527630990571
1.3	0.5060382753685543
1.31	0.5037519403268917
1.32	0.501493204520938
1.33	0.49926152946372093
1.34	0.4970563911208855
1.35	0.49487727941845394
1.36	0.49272369777084934
1.37	0.4905268073547195
1.3800000000000001	0.4882248590778721
1.3900000000000001	0.48595021751884215
1.4000000000000001	0.48370236577415265
1.41	0.4814808003262059
1.42	0.47928503060469857
1.43	0.47711457856537537
1.44	0.47496897828532364
1.45	0.4728477755740464
1.46	0.47075052759959696
1.47	0.46867680252909194
1.48	0.46662617918295746
1.49	0.4645982467022931
1.5	0.4625926042287734
1.51	0.46060886059653455
1.52	0.4586466340355197
1.53	0.45670555188578643
1.54	0.45478525032230166
1.55	0.45288537408977386
1.56	0.45100557624709536
1.57	0.44912997273620253
1.58	0.4471270911585493
1.59	0.4451456936641545
1.6	0.4431854168432145
1.61	0.44124590565419375
1.62	0.4393268131806148
1.6300000000000001	0.4374278003963668
1.6400000000000001	0.43554853593918424
1.6500000000000001	0.43368869589196346
1.6600000000000001	0.4318479635715999
1.67	0.4300260293250442
1.68	0.42822259033228854
1.69	0.426437350416009
1.7	0.4246700198576004
1.71	0.42292031521935103
1.72	0.42118795917252255
1.73	0.4194726803311012
1.74	0.4177742130910034
1.75	0.41609229747452875
1.76	0.41442667897985525
1.77	0.41277710843539145
1.78	0.4111433418587987
1.79	0.4095251403205086
1.8	0.4079222698115713
1.81	0.4062001529863692
1.82	0.4044710109531176
1.83	0.40275864412229684
1.84	0.40106279940915296
1.85	0.3993832288953957
1.86	0.3977196896965035
1.87	0.39607194383312944
1.8800000000000001	0.3944397581064589
1.8900000000000001	0.39282290397737685
1.9000000000000001	0.3912211574493113
1.9100000000000001	0.38963429895461865
1.92	0.3880621132443897
1.93	0.3865043892815528
1.94	0.38496092013716204
1.95	0.38343150288975764
1.96	0.3819159385276926
1.97	0.3804140318543251
1.98	0.37892559139597554
1.99	0.3774504293125576
2.	0.3759883613107902
2.0100000000000002	0.3745392065599037
2.02	0.3731027876097581
2.0300000000000002	0.3716789303112904
2.04	0.37026746373921626
2.05	0.368868220116909
2.06	0.3674810347433858
2.07	0.366085474849337
2.08	0.3645953470861799
2.09	0.36311838818935804
2.1	0.36165441960267714
2.11	0.36020326602605
2.12	0.35876475534103414
2.13	0.35733871853841453
2.14	0.3559249896477652
2.15	0.35452340566892687
2.16	0.3531338065053407
2.17	0.35175603489917706
2.18	0.3503899363682062
2.19	0.3490353591443542
2.2	0.3476921541138924
2.21	0.3463601747592096
2.22	0.34503927710211807
2.23	0.3437293196486468
2.24	0.34243016333527504
2.25	0.3411416714765656
2.2600000000000002	0.3398637097141507
2.27	0.3385961459670338
2.2800000000000002	0.33733885038316563
2.29	0.3360916952922568
2.3000000000000003	0.33485455515979073
2.31	0.3336273065422005
2.32	0.33240982804317537
2.33	0.33120200027106467
2.34	0.3300037057973457
2.35	0.32881482911612525
2.36	0.3276352566046456
2.37	0.326464876484763
2.38	0.325246324357085
2.39	0.32398374693554405
2.4	0.3227313118375151
2.41	0.32148889583684015
2.42	0.3202563777076098
2.43	0.3190336381835953
2.44	0.3178205599186665
2.45	0.31661702744816766
2.46	0.31542292715122405
2.47	0.31423814721395266
2.48	0.3130625775935538
2.49	0.311896109983256
2.5	0.3107386377780936
2.5100000000000002	0.3095900560414912
2.52	0.3084502614726361
2.5300000000000002	0.30731915237461344
2.54	0.3061966286232865
2.5500000000000003	0.3050825916368993
2.56	0.3039769443463841
2.57	0.3028795911663539
2.58	0.30179043796675986
2.59	0.3007093920452003
2.6	0.2996363620998583
2.61	0.2985712582030556
2.62	0.2975139917754047
2.63	0.2964644755605434
2.64	0.29542262360043625
2.65	0.29438835121122986
2.66	0.2933615749596448
2.67	0.2923422126398932
2.68	0.29133018325110493
2.69	0.29032540697525405
2.7	0.28932780515556705
2.71	0.28833730027540583
2.72	0.2873538159376089
2.73	0.2863475669579511
2.74	0.28528862800873944
2.75	0.28423744146450197
2.7600000000000002	0.283193922688403
2.77	0.28215798826983407
2.7800000000000002	0.28112955600230083
2.79	0.28010854486178804
2.8000000000000003	0.27909487498558755
2.81	0.2780884676515801
2.82	0.27708924525795864
2.83	0.2760971313033834
2.84	0.27511205036755537
2.85	0.27413392809220105
2.86	0.2731626911624573
2.87	0.27219826728864394
2.88	0.27124058518842037
2.89	0.27028957456931024
2.9	0.2693451661115903
2.91	0.26840729145153247
2.92	0.26747588316499044
2.93	0.2665508747513242
2.94	0.26563220061765225
2.95	0.26471979606342533
2.96	0.2638135972653136
2.97	0.26291354126239974
2.98	0.26201956594167075
2.99	0.2611316100238012
3.	0.26024961304922223
3.0100000000000002	0.25937351536446834
3.02	0.25850325810879593
3.0300000000000002	0.2576387832010675
3.04	0.25678003332689564
3.0500000000000003	0.25592695192604
3.06	0.25507948318005225
3.0700000000000003	0.2542375720001627
3.08	0.25340116401540386
3.09	0.2525702055609646
3.1	0.2517446436667707
3.11	0.2509244260462858
3.12	0.2501095010855285
3.13	0.24929981783230032
3.14	0.24841121457529133
3.15	0.24752262395647948
3.16	0.2466400132836984
3.17	0.2457633235802529
3.18	0.24489249663469595
3.19	0.24402747498853156
3.2	0.24316820192415353
3.21	0.2423146214530144
3.22	0.24146667830401947
3.23	0.24062431791214065
3.24	0.23978748640724573
3.25	0.23895613060313856
3.2600000000000002	0.23813019798680451
3.27	0.23730963670785815
3.2800000000000002	0.23649439556818708
3.29	0.2356844240117898
3.3000000000000003	0.23487967211480087
3.31	0.23408009057570184
3.3200000000000003	0.2332856307057119
3.33	0.23249624441935626
3.34	0.23171188422520622
3.35	0.23093250321678999
3.36	0.23015805506366843
3.37	0.22938849400267255
3.38	0.2286237748293011
3.39	0.22786385288927258
3.4	0.22710868407022977
3.41	0.22635822479359344
3.42	0.2256124320065617
3.43	0.22487126317425232
3.44	0.2241346762719854
3.45	0.22340262977770214
3.46	0.22267508266451877
3.47	0.22195199439341165
3.48	0.22123332490603048
3.49	0.220519034617639
3.5	0.21980908441017794
3.5100000000000002	0.2191034356254495
3.52	0.2184020500584209
3.5300000000000002	0.21770488995064352
3.54	0.21701191798378616
3.5500000000000003	0.21632309727327975
3.56	0.21563839136207202
3.5700000000000003	0.21495776421448806
3.58	0.21428118021019765
3.59	0.21360860413828392
3.6	0.2128990237689
3.61	0.2121605974483275
3.62	0.21142676437741423
3.63	0.21069748341418218
3.64	0.20997271389713998
3.65	0.20925241563837133
3.66	0.20853654891674056
3.67	0.20782507447121457
3.68	0.20711795349429774
3.69	0.20641514762557855
3.7	0.20571661894538457
3.71	0.20502232996854497
3.72	0.20433224363825736
3.73	0.20364632332005786
3.74	0.2029645327958911
3.75	0.20228683625828076
3.7600000000000002	0.2016131983045945
3.77	0.20094358393140652
3.7800000000000002	0.2002779585289515
3.79	0.1996162878756712
3.8000000000000003	0.1989585381328499
3.81	0.19830467583933828
3.8200000000000003	0.19765466790636363
3.83	0.19700848161242474
3.84	0.1963660845982697
3.85	0.19572744486195542
3.86	0.19509253075398722
3.87	0.1944613109725364
3.88	0.19383375455873586
3.89	0.19320983089205018
3.9	0.19258950968572092
3.91	0.19197276098228347
3.92	0.191359555149157
3.93	0.19074986287430332
3.94	0.1901436551619549
3.95	0.18954090332841073
3.96	0.18894157899789848
3.97	0.18834565409850135
3.98	0.18775310085814978
3.99	0.18716389180067497
4.	0.18657799974192496
4.01	0.18599539778594026
4.0200000000000005	0.1854160593211901
4.03	0.18483995801686606
4.04	0.1842670678192338
4.05	0.18369736294804012
4.0600000000000005	0.18313081789297667
4.07	0.1825674074101969
4.08	0.1820071065188867
4.09	0.18144989049788768
4.1	0.18089573488237135
4.11	0.1803446154605646
4.12	0.17979650827052474
4.13	0.17923278549463853
4.14	0.17862853945026416
4.15	0.17802778090760918
4.16	0.17743048140695386
4.17	0.1768366127884832
4.18	0.17624614718841689
4.19	0.17565905703519857
4.2	0.17507531504574325
4.21	0.17449489422174067
4.22	0.17391776784601606
4.23	0.17334390947894507
4.24	0.17277329295492302
4.25	0.17220589237888706
4.26	0.17164168212289058
4.2700000000000005	0.17108063682272928
4.28	0.17052273137461726
4.29	0.16996794093191245
4.3	0.16941624090189158
4.3100000000000005	0.16886760694257177
4.32	0.16832201495958043
4.33	0.16777944110307022
4.34	0.16723986176468042
4.3500000000000005	0.16670325357454216
4.36	0.16616959339832843
4.37	0.1656388583343463
4.38	0.1651110257106724
4.39	0.16458607308232942
4.4	0.16406397822850421
4.41	0.16354471914980603
4.42	0.16302827406556436
4.43	0.1625146214111656
4.44	0.16200373983542843
4.45	0.1614956081980169
4.46	0.16099020556689014
4.47	0.16048751121578897
4.48	0.15998750462175815
4.49	0.15949016546270445
4.5	0.15899547361498828
4.51	0.15850340915105085
4.5200000000000005	0.1580139523370736
4.53	0.15752708363067186
4.54	0.15704278367861998
4.55	0.1565610333146089
4.5600000000000005	0.15608181355703543
4.57	0.15560510560682161
4.58	0.15513089084526557
4.59	0.15465915083192144
4.6000000000000005	0.1541898673025091
4.61	0.15372302216685338
4.62	0.1532585975068505
4.63	0.1527965755744641
4.64	0.15233693878974774
4.65	0.1518796697388953
4.66	0.1514247511723177
4.67	0.1509721660027461
4.68	0.15052189730336127
4.69	0.15007392830594776
4.7	0.14962824239907416
4.71	0.1491848231262971
4.72	0.14874365418439026
4.73	0.14830471942159687
4.74	0.14786026538985797
4.75	0.14737594246265523
4.76	0.14689421951536882
4.7700000000000005	0.14641507717232422
4.78	0.14593849624244848
4.79	0.14546445771712976
4.8	0.14499294276810645
4.8100000000000005	0.14452393274538455
4.82	0.1440574091751843
4.83	0.14359335375791338
4.84	0.14313174836616852
4.8500000000000005	0.14267257504276384
4.86	0.1422158159987857
4.87	0.14176145361167378
4.88	0.14130947042332778
4.89	0.14085984913823993
4.9	0.14041257262165188
4.91	0.1399676238977366
4.92	0.13952498614780445
4.93	0.13908464270853285
4.94	0.13864657707021977
4.95	0.13821077287506012
4.96	0.137777213915445
4.97	0.13734588413228324
4.98	0.13691676761334523
4.99	0.13648984859162852
5.	0.13606511144374442
5.01	0.13564254068832624
5.0200000000000005	0.13522212098445802
5.03	0.1348038371301238
5.04	0.13438767406067698
5.05	0.1339736168473297
5.0600000000000005	0.13356165069566156
5.07	0.13315176094414793
5.08	0.13274393306270682
5.09	0.13233815265126495
5.1000000000000005	0.13193440543834165
5.11	0.1315326772796517
5.12	0.13113295415672532
5.13	0.1307352221755461
5.14	0.13033946756520626
5.15	0.12994567667657925
5.16	0.1295538359810089
5.17	0.129163932069015
5.18	0.128775951649016
5.19	0.12838988154606704
5.2	0.12800570870061437
5.21	0.1276234201672653
5.22	0.1272430031135735
5.23	0.12686444481883957
5.24	0.12648773267292687
5.25	0.12611285417509166
5.26	0.12573979693282808
5.2700000000000005	0.12536854866072758
5.28	0.12499909717935251
5.29	0.12463143041412314
5.3	0.1242655363942193
5.3100000000000005	0.12390140325149482
5.32	0.12353901921940584
5.33	0.12317837263195201
5.34	0.12281945192263091
5.3500000000000005	0.12246224562340484
5.36	0.12210674236368085
5.37	0.12175293086930308
5.38	0.12140079996155657
5.39	0.12105033855618443
5.4	0.12070153566241609
5.41	0.12035438038200769
5.42	0.12000886190829367
5.43	0.11966496952525045
5.44	0.11932269260657072
5.45	0.11894441751979594
5.46	0.11856617217399652
5.47	0.11818981848158067
5.48	0.1178153435498036
5.49	0.11744273459710089
5.5	0.11707197895192895
5.51	0.11670306405162024
5.5200000000000005	0.11633597744125264
5.53	0.11597070677253209
5.54	0.11560723980268904
5.55	0.11524556439338847
5.5600000000000005	0.11488566850965262
5.57	0.1145275402187974
5.58	0.11417116768938104
5.59	0.11381653919016581
5.6000000000000005	0.11346364308909176
5.61	0.11311246785226349
5.62	0.11276300204294838
5.63	0.1124152343205871
5.64	0.11206915343981592
5.65	0.11172474824950067
5.66	0.11138200769178219
5.67	0.11104092080113298
5.68	0.11070147670342535
5.69	0.11036366461501011
5.7	0.11002747384180682
5.71	0.1096928937784039
5.72	0.10935991390717024
5.73	0.10902852379737654
5.74	0.10869871310432741
5.75	0.10837047156850331
5.76	0.10804378901471275
5.7700000000000005	0.10771865535125437
5.78	0.10739506056908849
5.79	0.10707299474101883
5.8	0.1067524480208831
5.8100000000000005	0.10643341064275344
5.82	0.10611587292014601
5.83	0.1057998252452396
5.84	0.10548525808810323
5.8500000000000005	0.10517216199593277
5.86	0.10486052759229639
5.87	0.10455034557638834
5.88	0.10424160672229157
5.89	0.10393430187824884
5.9	0.10362842196594173
5.91	0.10332395797977836
5.92	0.1030209009861889
5.93	0.10271924212292925
5.94	0.10241897259839226
5.95	0.10212008369092741
5.96	0.10182256674816753
5.97	0.10152641318636339
5.98	0.10123161448972579
5.99	0.10093816220977504
6.	0.10064604796469767
6.01	0.10035526343871044
6.0200000000000005	0.10006580038143127
6.03	0.09977765060725757
6.04	0.09949080599475107
6.05	0.09920525848602983
6.0600000000000005	0.0989210000861667
6.07	0.09863802286259486
6.08	0.0983563189445195
6.09	0.09807588052233628
6.1000000000000005	0.09779669984705619
6.11	0.09751876922973668
6.12	0.09724208104091898
6.13	0.09696662771007186
6.140000000000001	0.09669240172504104
6.15	0.09641939563150528
6.16	0.09614760203243765
6.17	0.09587701358757345
6.18	0.09560762301288322
6.19	0.09533942308005197
6.2	0.095072406615964
6.21	0.09480656650219299
6.22	0.09454189567449794
6.23	0.09427838712232454
6.24	0.09401603388831167
6.25	0.09374304044052487
6.26	0.09344947599038228
6.2700000000000005	0.09315729724307964
6.28	0.09286649546329472
6.29	0.09257706198456131
6.3	0.0922889882086182
6.3100000000000005	0.09200226560476513
6.32	0.09171688570922612
6.33	0.0914328401245194
6.34	0.09115012051883466
6.3500000000000005	0.09086871862541687
6.36	0.09058862624195696
6.37	0.09030983522998899
6.38	0.09003233751429421
6.390000000000001	0.08975612508231114
6.4	0.08948118998355256
6.41	0.08920752432902856
6.42	0.08893512029067568
6.43	0.08866397010079276
6.44	0.08839406605148221
6.45	0.08812540049409791
6.46	0.08785796583869854
6.47	0.08759175455350734
6.48	0.08732675916437713
6.49	0.08706297225426138
6.5	0.08680038646269084
6.51	0.08653899448525584
6.5200000000000005	0.08627878907309404
6.53	0.08601976303238364
6.54	0.08576190922384196
6.55	0.08550522056222949
6.5600000000000005	0.085249690015859
6.57	0.08499531060610997
6.58	0.08474207540694817
6.59	0.08448997754445016
6.6000000000000005	0.08423901019633302
6.61	0.08398916659148892
6.62	0.08374044000952441
6.63	0.0834928237803049
6.640000000000001	0.08324631128350371
6.65	0.08300089594815575
6.66	0.08275657125221601
6.67	0.08251333072212264
6.68	0.0822711679323646
6.69	0.0820300765050535
6.7	0.08179005010950059
6.71	0.08155108246179722
6.72	0.08131316732440046
6.73	0.08107629850572244
6.74	0.0808404698597242
6.75	0.08060567528551381
6.76	0.08037190872694826
6.7700000000000005	0.08013916417223978
6.78	0.07990743565356619
6.79	0.07967671724668487
6.8	0.07944700307055128
6.8100000000000005	0.07921828728694072
6.82	0.0789905641000745
6.83	0.07876382775624967
6.84	0.07853807254347239
6.8500000000000005	0.07831329279109531
6.86	0.07808948286945844
6.87	0.07786663718953374
6.88	0.07764475020257323
6.890000000000001	0.07742381639976063
6.9	0.07720383031186678
6.91	0.07698478650890811
6.92	0.07676667959980885
6.93	0.07654950423206651
6.94	0.07633325509142079
6.95	0.07611792690152572
6.96	0.07590351442362511
6.97	0.0756900124562313
6.98	0.07547741583480691
6.99	0.07526571943145013
7.	0.07505491815458265
7.01	0.07484500694864114
7.0200000000000005	0.07463598079377157
7.03	0.07442783470552647
7.04	0.07422056373456545
7.05	0.07401416296635834
7.0600000000000005	0.07380862752089157
7.07	0.07360395255237723
7.08	0.07340013324896517
7.09	0.07319716483245767
7.1000000000000005	0.07299504255802708
7.11	0.07279376171393627
7.12	0.07259331762126175
7.13	0.07239370563361933
7.140000000000001	0.07219492113689271
7.15	0.07199695954896464
7.16	0.07179981631945061
7.17	0.07160348692943508
7.18	0.0713863996575064
7.19	0.07116509920547497
7.2	0.07094479093978154
7.21	0.07072546904323752
7.22	0.07050712774076365
7.23	0.070289761299027
7.24	0.07007336402608254
7.25	0.06985793027101714
7.26	0.06964345442359814
7.2700000000000005	0.06942993091392491
7.28	0.06921735421208375
7.29	0.06900571882780665
7.3	0.0687950193101331
7.3100000000000005	0.06858525024707529
7.32	0.0683764062652866
7.33	0.06816848202973359
7.34	0.06796147224337087
7.3500000000000005	0.06775537164681934
7.36	0.06755017501804779
7.37	0.06734587717205709
7.38	0.06714247296056804
7.390000000000001	0.0669399572717119
7.4	0.06673832502972415
7.41	0.06653757119464117
7.42	0.06633769076199965
7.43	0.06613867876253937
7.44	0.06594053026190859
7.45	0.06574324036037218
7.46	0.0655468041925229
7.47	0.06535121692699515
7.48	0.06515647376618185
7.49	0.06496256994595358
7.5	0.06476950073538085
7.51	0.06457726143645891
7.5200000000000005	0.06438584738383493
7.53	0.06419525394453841
7.54	0.06400547651771342
7.55	0.06381651053435404
7.5600000000000005	0.0636283514570419
7.57	0.06344099477968664
7.58	0.06325443602726831
7.59	0.06306867075558265
7.6000000000000005	0.0628836945509887
7.61	0.06269950303015867
7.62	0.06251609183983031
7.63	0.06233345665656159
7.640000000000001	0.06215159318648772
7.65	0.06197049716508034
7.66	0.06179016435690916
7.67	0.06161059055540585
7.68	0.061431771582629885
7.69	0.06125370328903685
7.7	0.061076381553248946
7.71	0.06089980228182742
7.72	0.06072396140904729
7.73	0.06054885489667402
7.74	0.06037447873374268
7.75	0.060200828936338595
7.76	0.06002790154738043
7.7700000000000005	0.059855692636405194
7.78	0.05968419829935517
7.79	0.059513414658367014
7.8	0.05934333786156244
7.8100000000000005	0.05917396408284137
7.82	0.059005289521676364
7.83	0.058837310402909584
7.84	0.05867002297655119
7.8500000000000005	0.05850342351757969
7.86	0.05833750832574427
7.87	0.05817227372536876
7.88	0.05800771606515746
7.890000000000001	0.05784383171800281
7.9	0.057680617080794756
7.91	0.05751806857423182
7.92	0.05735618264263401
7.930000000000001	0.05719495575375719
7.94	0.05703438439860962
7.95	0.056874465091269526
7.96	0.056715194368704924
7.97	0.05655656879059459
7.98	0.056398584939151016
7.99	0.056241239418944794
8.	0.056084528856730556
8.01	0.055928449901274616
8.02	0.055772999223184024
8.03	0.05561817351473725
8.040000000000001	0.05546396948971637
8.05	0.05531038388324081
8.06	0.05515741345160239
8.07	0.05500505497210205
8.08	0.05485330524288796
8.09	0.05470216108279513
8.1	0.0545516193311863
8.11	0.054401676847794476
8.120000000000001	0.05425233051256649
8.13	0.05410357722550854
8.14	0.05395541390653252
8.15	0.05380783749530403
8.16	0.05366084495109162
8.17	0.05351443325261745
8.18	0.053368599397909174
8.19	0.053223340404153226
8.2	0.05307865330754932
8.21	0.0529345351631662
8.22	0.052790983044798886
8.23	0.05264799404482681
8.24	0.05249403013320049
8.25	0.05233134016234697
8.26	0.052169350567095665
8.27	0.05200805748990431
8.28	0.05184745709910619
8.290000000000001	0.051687545588705516
8.3	0.05152831917817475
8.31	0.05136977411225379
8.32	0.051211906660750935
8.33	0.051054713118345724
8.34	0.05089818980439339
8.35	0.05074233306273139
8.36	0.050587139261487266
8.370000000000001	0.050432604792888726
8.38	0.05027872607307494
8.39	0.05012549954190997
8.4	0.04997292166279754
8.41	0.04982098892249769
8.42	0.04966969783094498
8.43	0.04951904492106831
8.44	0.04936902674861248
8.45	0.04921963989196106
8.46	0.049070880951961215
8.47	0.04892274655174981
8.48	0.04877523333658119
8.49	0.04862833797365644
8.5	0.04848205715195419
8.51	0.0483363875820629
8.52	0.048191325996014694
8.53	0.04804686914712051
8.540000000000001	0.047903013809806994
8.55	0.04775975677945447
8.56	0.04761709487223661
8.57	0.04747502492496146
8.58	0.04733354379491375
8.59	0.04719264835969878
8.6	0.047052335517087485
8.61	0.04691260218486301
8.620000000000001	0.04677344530066852
8.63	0.046634861821856465
8.64	0.04649684872533896
8.65	0.04635940300743975
8.66	0.04622252168374718
8.67	0.046086201788968675
8.68	0.04595044037678637
8.69	0.045815234519713935
8.700000000000001	0.04568058130895485
8.71	0.04554647785426174
8.72	0.04541292128379691
8.73	0.04527990874399421
8.74	0.045147437399422015
8.75	0.0450155044326474
8.76	0.044884107044101514
8.77	0.04475324245194606
8.78	0.04462290789194099
8.790000000000001	0.04449310061731319
8.8	0.0443638178986266
8.81	0.044235057023653046
8.82	0.04410681529724453
8.83	0.04397909004120639
8.84	0.04385187859417158
8.85	0.043725178311476216
8.86	0.04359898656503583
8.870000000000001	0.043473300743223024
8.88	0.04334811825074592
8.89	0.043223436508527835
8.9	0.04309925295358777
8.91	0.04297556503892214
8.92	0.04285237023338722
8.93	0.042729666021582964
8.94	0.04260744990373746
8.950000000000001	0.04248571939559246
8.96	0.04236447202829009
8.97	0.04224370534826011
8.98	0.0421234169171085
8.99	0.042003604311506744
9.	0.04188426512308224
9.01	0.04176539695830934
9.02	0.04164699743840164
9.03	0.04152906419920491
9.040000000000001	0.04141159489109107
9.05	0.04129458717885299
9.06	0.041178038741600094
9.07	0.04106194727265512
9.08	0.04094631047945122
9.09	0.04083112608343058
9.1	0.0407163918199432
9.11	0.040602105438147136
9.120000000000001	0.040488264700909014
9.13	0.040374867384705845
9.14	0.04026191127952727
9.15	0.04014939418877888
9.16	0.04003731392918622
9.17	0.039925668330699486
9.18	0.039814455236399274
9.19	0.039703672502402816
9.200000000000001	0.03959331799777119
9.21	0.03948338960441717
9.22	0.039373885217013876
9.23	0.03926480274290418
9.24	0.03915614010201088
9.25	0.03904789522674746
9.26	0.038940066061929846
9.27	0.038832650564688556
9.28	0.03872564670438189
9.290000000000001	0.038619052462509504
9.3	0.03851286583262704
9.31	0.038407084820261034
9.32	0.038301707442824955
9.33	0.038196731729535534
9.34	0.03809215572133007
9.35	0.037987977470784196
9.36	0.03788419504203041
9.370000000000001	0.037780806510677244
9.38	0.03767780996372908
9.39	0.037575203499506646
9.4	0.037472985227568034
9.41	0.037371153268630504
9.42	0.03726970575449282
9.43	0.037168640827958274
9.44	0.03706795664275819
9.450000000000001	0.03696765136347626
9.46	0.03685879579773048
9.47	0.036743218389713936
9.48	0.036628124803839326
9.49	0.03651351250760297
9.5	0.03639937898440638
9.51	0.03628572173343963
9.52	0.036172538269566
9.53	0.03605982612320731
9.540000000000001	0.035947582840230405
9.55	0.03583580598183436
9.56	0.03572449312443903
9.57	0.03561364185957396
9.58	0.03550324979376877
9.59	0.03539331454844404
9.6	0.035283833759803394
9.61	0.03517480507872629
9.620000000000001	0.03506622617066171
9.63	0.0349580947155229
9.64	0.034850408407582745
9.65	0.034743164955370186
9.66	0.03463636208156737
9.67	0.034529997522907765
9.68	0.034424069030075014
9.69	0.03431857436760267
9.700000000000001	0.03421351131377468
9.71	0.03410887766052687
9.72	0.03400467121334901
9.73	0.03390088979118783
9.74	0.033797531226350735
9.75	0.03369459336441042
9.76	0.03359207406411017
9.77	0.033489971197269944
9.78	0.03338828264869325
9.790000000000001	0.03328700631607478
9.8	0.03318614010990878
9.81	0.03308568195339812
9.82	0.03298562978236428
9.83	0.03288598154515772
9.84	0.032786735202569396
9.85	0.03268788872774269
9.86	0.032589440106086144
9.870000000000001	0.0324913873351869
9.88	0.03239372842472491
9.89	0.03229646139638763
9.9	0.03219958428378566
9.91	0.03210309513236885
9.92	0.03200699199934327
9.93	0.031911272953588636
9.94	0.031815936075576534
9.950000000000001	0.03172097945728931
9.96	0.03162640120213953
9.97	0.031532199424890155
9.98	0.03143837225157525
9.99	0.031344917819421475
10.	0.031251834276770085
10.01	0.031159119782999553
10.02	0.031066772508448928
10.03	0.03097479063434162
10.040000000000001	0.030883172352709945
10.05	0.03079191586632018
10.06	0.03070101938859828
10.07	0.030610481143556058
10.08	0.030520299365718123
10.09	0.03043047230004923
10.1	0.030340998201882366
10.11	0.030251875336847193
10.120000000000001	0.03016310198079928
10.13	0.030074676419749747
10.14	0.029986596949795462
10.15	0.029898861877049883
10.16	0.02981146951757437
10.17	0.029724418197310018
10.18	0.029637706252010048
10.19	0.02955133202717283
10.200000000000001	0.02946529387797517
10.21	0.029379590169206462
10.22	0.029294219275202964
10.23	0.029209179579782994
10.24	0.029124469476182267
10.25	0.029040087366990004
10.26	0.028956031664085388
10.27	0.02887230078857449
10.28	0.028788893170727865
10.290000000000001	0.028705807249918433
10.3	0.028623041474559956
10.31	0.028540594302045873
10.32	0.028458464198688856
10.33	0.02837664963966046
10.34	0.02829514910893162
10.35	0.028213961099213265
10.36	0.02813308411189775
10.370000000000001	0.028052516657000297
10.38	0.027972257253101353
10.39	0.02789230442728904
10.4	0.02781265671510218
10.41	0.02773331266047378
10.42	0.02765427081567487
10.43	0.027575529741258903
10.44	0.027497088006006365
10.450000000000001	0.02741894418687005
10.46	0.02734109686892057
10.47	0.027263544645292345
10.48	0.02718628611713003
10.49	0.027109319893535332
10.5	0.027032644591514145
10.51	0.026956258835924275
10.52	0.026880161259423347
10.53	0.02680435050241726
10.540000000000001	0.02672882521300897
10.55	0.026653584046947638
10.56	0.026578625667578223
10.57	0.026503948745791425
10.58	0.02642955195997397
10.59	0.026355433995959323
10.6	0.026281593546978777
10.61	0.0262080293136128
10.620000000000001	0.02613474000374291
10.63	0.026061724332503818
10.64	0.025988981022235885
10.65	0.025916508802438065
10.66	0.025844306409721043
10.67	0.025772372587760897
10.68	0.025700706087252917
10.69	0.02562930566586597
10.700000000000001	0.025558170088196976
10.71	0.025487298125725963
10.72	0.025416688556771264
10.73	0.02534634016644516
10.74	0.025276251746609753
10.75	0.025206422095833333
10.76	0.025136850019346846
10.77	0.025067534329000885
10.78	0.02499847384322285
10.790000000000001	0.02492966738697454
10.8	0.024861113791709962
10.81	0.024792811895333524
10.82	0.024724760542158507
10.83	0.024656958582865776
10.84	0.024589404874462987
10.85	0.024522098280243817
10.86	0.024449456384406435
10.870000000000001	0.024371141404887536
10.88	0.024293148947176435
10.89	0.02421547738843619
10.9	0.024138125115475154
10.91	0.02406109052468093
10.92	0.023984372021954685
10.93	0.023907968022646157
10.94	0.02383187695148897
10.950000000000001	0.023756097242536692
10.96	0.02368062733909912
10.97	0.023605465693679304
10.98	0.023530610767910798
10.99	0.023456061032495694
11.	0.023381814967142873
11.01	0.023307871060506895
11.02	0.023234227810127267
11.03	0.023160883722368183
11.040000000000001	0.023087837312358844
11.05	0.02301508710393407
11.06	0.022942631629575463
11.07	0.022870469430353004
11.08	0.02279859905586711
11.09	0.022727019064191074
11.1	0.022655728021814057
11.11	0.022584724503584366
11.120000000000001	0.022514007092653325
11.13	0.022443574380419412
11.14	0.02237342496647296
11.15	0.022303557458541224
11.16	0.022233970472433806
11.17	0.022164662631988616
11.18	0.02209563256901811
11.19	0.022026878923256082
11.200000000000001	0.021958400342304684
11.21	0.02189019548158205
11.22	0.02182226300427008
11.23	0.021754601581262866
11.24	0.021687209891115316
11.25	0.02162008661999224
11.26	0.021553230461617848
11.27	0.02148664011722556
11.28	0.021420314295508225
11.290000000000001	0.02135425171256875
11.3	0.021288451091871042
11.31	0.021222911164191345
11.32	0.021157630667569937
11.33	0.021092608347263172
11.34	0.021027842955695934
11.35	0.020963333252414385
11.36	0.0208990780040391
11.370000000000001	0.02083507598421851
11.38	0.02077132597358278
11.39	0.020707826759697918
11.4	0.020644577137020337
11.41	0.020581575906851612
11.42	0.02051882187729376
11.43	0.020456313863204685
11.44	0.020394050686154044
11.450000000000001	0.020332031174379393
11.46	0.02027025416274271
11.47	0.02020871849268718
11.48	0.020147423012194333
11.49	0.020086366575741536
11.5	0.020025548044259645
11.51	0.019964966285091243
11.52	0.019904620171948835
11.53	0.019844508584873702
11.540000000000001	0.019784630410194765
11.55	0.01972498454048798
11.56	0.01966556987453584
11.57	0.01960638531728733
11.58	0.019547429779818055
11.59	0.01948870217929075
11.6	0.019430201438916033
11.61	0.019371926487913412
11.620000000000001	0.019313876261472674
11.63	0.01925604970071548
11.64	0.019198445752657216
11.65	0.01914106337016923
11.66	0.019083901511941226
11.67	0.01902695914244398
11.68	0.01897023523189239
11.69	0.018913728756208645
11.700000000000001	0.01885743869698582
11.71	0.01880136404145164
11.72	0.018745503782432473
11.73	0.01868985691831774
11.74	0.01863442245302439
11.75	0.01857919939596179
11.76	0.018524186761996755
11.77	0.018469383571418918
11.78	0.01841478884990623
11.790000000000001	0.018360401628490865
11.8	0.018306220943525253
11.81	0.018252245836648404
11.82	0.018198475354752417
11.83	0.018144908549949372
11.84	0.018091544479538257
11.85	0.018038382205972304
11.86	0.017985420796826468
11.870000000000001	0.017932659324765135
11.88	0.017880096867510156
11.89	0.01782773250780894
11.9	0.017775565333402982
11.91	0.01772359443699642
11.92	0.01767181891622494
11.93	0.01762023787362486
11.94	0.017568850416602458
11.950000000000001	0.017517655657403427
11.96	0.01746665271308272
11.97	0.017415840705474406
11.98	0.01736521876116191
11.99	0.01731478601144833
12.	0.0172645415923271
12.01	0.017214484644452743
12.02	0.017164614313111826
12.030000000000001	0.017114929748194268
12.040000000000001	0.017065430104164656
12.05	0.01701611454003393
12.06	0.01696698221933112
12.07	0.016918032310075434
12.08	0.01686926398474838
12.09	0.016820676420266214
12.1	0.016772268797952544
12.11	0.01672404030351106
12.120000000000001	0.01667599012699856
12.13	0.016628117462798072
12.14	0.016580421509592262
12.15	0.016532901470336887
12.16	0.01648555655223461
12.17	0.016438385966708824
12.18	0.016391388929377804
12.19	0.016344564660028905
12.200000000000001	0.016297912382593066
12.21	0.01625143132511939
12.22	0.01620512071974998
12.23	0.0161589798026949
12.24	0.016113007814207273
12.25	0.0160672039985587
12.26	0.01602156760401462
12.27	0.015976097882810104
12.280000000000001	0.01593079409112557
12.290000000000001	0.015885655489062837
12.3	0.01584068134062127
12.31	0.015795870913674088
12.32	0.01575122347994488
12.33	0.01570673831498423
12.34	0.015662414698146505
12.35	0.01561825191256688
12.36	0.015574249245138422
12.370000000000001	0.015530405986489337
12.38	0.015486721430960517
12.39	0.015443194876583011
12.4	0.015399825625055841
12.41	0.015356612981723873
12.42	0.01531355625555589
12.43	0.015270654759122737
12.44	0.015227907808575738
12.450000000000001	0.01518531472362512
12.46	0.01514287482751871
12.47	0.01509670846166423
12.48	0.015048725186458632
12.49	0.015000932670657989
12.5	0.014953330004070621
12.51	0.014905916281571056
12.52	0.014858690603067687
12.530000000000001	0.014811652073470896
12.540000000000001	0.014764799802661184
12.55	0.014718132905457744
12.56	0.014671650501587086
12.57	0.014625351715651972
12.58	0.014579235677100547
12.59	0.01453330152019574
12.6	0.014487548383984743
12.61	0.014441975412268944
12.620000000000001	0.014396581753573784
12.63	0.014351366561119096
12.64	0.01430632899278945
12.65	0.014261468211104836
12.66	0.014216783383191536
12.67	0.014172273680753081
12.68	0.014127938280041642
12.69	0.014083776361829357
12.700000000000001	0.014039787111380106
12.71	0.013995969718421314
12.72	0.013952323377116011
12.73	0.013908847286035112
12.74	0.013865540648129854
12.75	0.01382240267070445
12.76	0.01377943256538892
12.77	0.013736629548112127
12.780000000000001	0.013693992839074968
12.790000000000001	0.013651521662723851
12.8	0.013609215247724203
12.81	0.01356707282693428
12.82	0.01352509363737913
12.83	0.01348327692022475
12.84	0.013441621920752362
12.85	0.013400127888332971
12.86	0.013358794076401989
12.870000000000001	0.01331761974243414
12.88	0.013276604147918427
12.89	0.013235746558333426
12.9	0.013195046243122578
12.91	0.013154502475669754
12.92	0.013114114533275023
12.93	0.013073881697130462
12.94	0.013033803252296264
12.950000000000001	0.012993878487676932
12.96	0.012954106695997673
12.97	0.012914487173780912
12.98	0.01287501922132303
12.99	0.012835702142671233
13.	0.012796535245600553
13.01	0.012757517841591053
13.02	0.01271864924580517
13.030000000000001	0.0126799287770652
13.040000000000001	0.012641355757830961
13.05	0.01260292951417762
13.06	0.012564649375773562
13.07	0.012526514675858651
13.08	0.01248852475122233
13.09	0.012450678942182155
13.1	0.012412976592562273
13.11	0.012375417049672158
13.120000000000001	0.012337999664285452
13.13	0.012300723790618952
13.14	0.012263588786311773
13.15	0.01222659401240457
13.16	0.012189738833319025
13.17	0.012153022616837345
13.18	0.01211644473408201
13.19	0.012080004559495563
13.200000000000001	0.012043701470820638
13.21	0.012007534849079998
13.22	0.011971504078556858
13.23	0.011935608546775191
13.24	0.011899847644480283
13.25	0.01186422076561935
13.26	0.01182872730732234
13.27	0.011793366669882805
13.280000000000001	0.011758138256738947
13.290000000000001	0.011723041474454788
13.3	0.011688075732701418
13.31	0.011653240444238464
13.32	0.011618535024895562
13.33	0.011583958893554087
13.34	0.01154951147212889
13.35	0.011515192185550213
13.36	0.011479258746287574
13.370000000000001	0.011441876406088314
13.38	0.011404643614938818
13.39	0.011367559663463403
13.4	0.01133062384617747
13.41	0.011293835461463292
13.42	0.011257193811545942
13.43	0.011220698202469407
13.44	0.011184347944072873
13.450000000000001	0.011148142349967147
13.46	0.011112080737511295
13.47	0.011076162427789362
13.48	0.011040386745587364
13.49	0.011004753019370315
13.5	0.010969260581259513
13.51	0.010933908767009918
13.52	0.010898696915987762
13.530000000000001	0.010863624371148174
13.540000000000001	0.010828690479013161
13.55	0.010793894589649551
13.56	0.010759236056647177
13.57	0.010724714237097236
13.58	0.010690328491570738
13.59	0.010656078184097126
13.6	0.010621962682143061
13.61	0.010587981356591308
13.620000000000001	0.010554133581719811
13.63	0.010520418735180937
13.64	0.010486836197980718
13.65	0.010453385354458444
13.66	0.010420065592266246
13.67	0.010386876302348831
13.68	0.010353816878923465
13.69	0.010320886719459929
13.700000000000001	0.010288085224660749
13.71	0.010255411798441496
13.72	0.010222865847911248
13.73	0.010190446783353128
13.74	0.010158154018205062
13.75	0.01012598696904061
13.76	0.01009394505554993
13.77	0.010062027700520866
13.780000000000001	0.010030234329820238
13.790000000000001	0.00999856437237513
13.8	0.00996701726015441
13.81	0.00993559242815035
13.82	0.009904289314360343
13.83	0.009873107359768749
13.84	0.009842046008328912
13.85	0.00981110470694523
13.86	0.009780282905455372
13.870000000000001	0.009749580056612672
13.88	0.009718995616068525
13.89	0.009688529042355006
13.9	0.009658179796867566
13.91	0.009627947343847839
13.92	0.009597831150366543
13.93	0.009567830686306561
13.94	0.009537945424346108
13.950000000000001	0.009508174839941931
13.96	0.009478518411312779
13.97	0.009448975619422824
13.98	0.009419545947965298
13.99	0.009390228883346216
14.	0.009361023914668172
14.01	0.00933193053371428
14.02	0.00930294823493221
14.030000000000001	0.009274076515418304
14.040000000000001	0.009245314874901905
14.05	0.009216662815729618
14.06	0.009188119842849809
14.07	0.009159685463797175
14.08	0.009131359188677366
14.09	0.009103140530151817
14.1	0.009075029003422538
14.11	0.009047024126217143
14.120000000000001	0.009019125418773873
14.13	0.008991332403826782
14.14	0.008963644606591005
14.15	0.008936061554748092
14.16	0.008908582778431479
14.17	0.008881207810212064
14.18	0.008853936185083799
14.19	0.008826767440449499
14.200000000000001	0.008799701116106614
14.21	0.008772736754233216
14.22	0.008745873899373976
14.23	0.008719112098426296
14.24	0.008692450900626534
14.25	0.008665889857536252
14.26	0.008639428523028648
14.27	0.008613066453274983
14.280000000000001	0.00858680320673121
14.290000000000001	0.00856063834412456
14.3	0.008534571428440317
14.31	0.008508577010785681
14.32	0.008480151511278138
14.33	0.008451840719771503
14.34	0.008423644093810637
14.35	0.008395561093881412
14.36	0.008367591183392732
14.370000000000001	0.00833973382865866
14.38	0.008311988498880716
14.39	0.008284354666130228
14.4	0.008256831805330834
14.41	0.008229419394241157
14.42	0.008202116913437467
14.43	0.00817492384629661
14.44	0.008147839678978959
14.450000000000001	0.008120863900411456
14.46	0.008093996002270903
14.47	0.008067235478967203
14.48	0.008040581827626849
14.49	0.00801403454807639
14.5	0.007987593142826179
14.51	0.00796125711705405
14.52	0.007935025978589243
14.530000000000001	0.00790889923789637
14.540000000000001	0.007882876408059498
14.55	0.007856957004766338
14.56	0.007831140546292572
14.57	0.007805426553486221
14.58	0.007779814549752204
14.59	0.00775430406103691
14.6	0.007728894615812933
14.61	0.007703585745063905
14.620000000000001	0.007678376982269396
14.63	0.007653267863389956
14.64	0.007628257926852212
14.65	0.007603346713534128
14.66	0.0075785337667502745
14.67	0.007553818632237297
14.68	0.00752920085813942
14.69	0.007504679994994018
14.700000000000001	0.007480255595717372
14.71	0.007455927215590465
14.72	0.007431694412244852
14.73	0.007407556745648669
14.74	0.007383513778092724
14.75	0.007359565074176646
14.76	0.007335710200795185
14.77	0.007311948727124552
14.780000000000001	0.0072882802246088665
14.790000000000001	0.007264704266946693
14.8	0.0072412204300776875
14.81	0.007217828292169281
14.82	0.007194527433603518
14.83	0.007171317436963905
14.84	0.007148197887022433
14.85	0.007125168370726603
14.86	0.007102228477186594
14.870000000000001	0.0070793777976624825
14.88	0.007056615925551569
14.89	0.007033942456375756
14.9	0.007011356987769054
14.91	0.006988859119465147
14.92	0.006966448453285011
14.93	0.00694412459312466
14.94	0.006921887144942944
14.950000000000001	0.006899735716749449
14.96	0.006877669918592458
14.97	0.006855689362546953
14.98	0.006833793662702815
14.99	0.0068119824351529626
15.	0.006790255297981653
15.01	0.0067686118712528285
15.02	0.006747051776998542
15.030000000000001	0.006725574639207466
15.040000000000001	0.006704180083813482
15.05	0.006682867738684311
15.06	0.006661637233610246
15.07	0.006640488200292966
15.08	0.006619420272334399
15.09	0.006598433085225661
15.1	0.006577526276336073
15.11	0.006556699484902263
15.120000000000001	0.006535952352017305
15.13	0.006515284520619962
15.14	0.006494695635483974
15.15	0.006474185343207411
15.16	0.006453753292202143
15.17	0.0064333991326833125
15.18	0.00641312251665892
15.19	0.006392923097919453
15.200000000000001	0.006372800532027594
15.21	0.006352754476308009
15.22	0.006332784589837146
15.23	0.006312890533433161
15.24	0.006293071969645892
15.25	0.006273328562746875
15.26	0.006253659978719434
15.27	0.006234065885248862
15.280000000000001	0.006214545951712608
15.290000000000001	0.006195099849170594
15.3	0.006175727250355543
15.31	0.006156427829663403
15.32	0.006137201263143772
15.33	0.006118047228490491
15.34	0.006097660563485659
15.35	0.006076704146943722
15.36	0.00605583333098934
15.370000000000001	0.006035047710581647
15.38	0.006014346882858066
15.39	0.005993730447121198
15.4	0.005973198004825796
15.41	0.005952749159565803
15.42	0.005932383517061495
15.43	0.005912100685146719
15.44	0.0058919002737562055
15.450000000000001	0.005871781894912924
15.46	0.005851745162715615
15.47	0.005831789693326322
15.48	0.005811915104958048
15.49	0.00579212101786245
15.5	0.005772407054317696
15.51	0.005752772838616327
15.52	0.00573321799705321
15.530000000000001	0.005713742157913618
15.540000000000001	0.005694344951461324
15.55	0.005675026009926838
15.56	0.0056557849674956735
15.57	0.0056366214602967014
15.58	0.0056175351263906
15.59	0.00559852560575836
15.6	0.0055795925402898836
15.610000000000001	0.005560735573772633
15.620000000000001	0.005541954351880378
15.63	0.005523248522162008
15.64	0.005504617734030425
15.65	0.005486061638751471
15.66	0.005467579889433013
15.67	0.0054491721410139925
15.68	0.0054308380502536314
15.69	0.005412577275720664
15.700000000000001	0.00539438947778267
15.71	0.005376274318595427
15.72	0.005358231462092401
15.73	0.005340260573974248
15.74	0.00532236132169842
15.75	0.005304533374468792
15.76	0.005286776403225444
15.77	0.0052690900806344155
15.780000000000001	0.005251474081077566
15.790000000000001	0.005233928080642524
15.8	0.005216451757112653
15.81	0.005199044789957139
15.82	0.005181706860321072
15.83	0.0051644376510156815
15.84	0.005147236846508523
15.85	0.005130104132913855
15.860000000000001	0.005113039197982972
15.870000000000001	0.005096041731094656
15.88	0.005079111423245671
15.89	0.005062247967041325
15.9	0.005045451056686104
15.91	0.005028720387974335
15.92	0.005012055658280939
15.93	0.0049954565665522145
15.94	0.004978922813296734
15.950000000000001	0.004962454100576238
15.96	0.00494605013199662
15.97	0.004929710612698957
15.98	0.0049134352493506095
15.99	0.004897223750136379
16.	0.004881075824749705
16.01	0.00486499118438393
16.02	0.004848969541723617
16.03	0.00483301061093595
16.04	0.004817114107662133
16.05	0.004801279749008896
16.06	0.004785507253540019
16.07	0.004769796341267945
16.080000000000002	0.004754146733645422
16.09	0.004738558153557203
16.1	0.0047230303253117814
16.11	0.004707562974633239
16.12	0.004692155828653075
16.13	0.004676808615902118
16.14	0.004661521066302496
16.15	0.0046462929111596545
16.16	0.004631123883154416
16.17	0.004616013716335087
16.18	0.004600962146109637
16.19	0.004585968909237894
16.2	0.004571033743823839
16.21	0.0045561563893078754
16.22	0.004541336586459242
16.23	0.0045265740773683645
16.240000000000002	0.00451186860543937
16.25	0.0044972199153825556
16.26	0.00448262775320696
16.27	0.004468091866212945
16.28	0.004453612002984858
16.29	0.0044391879133837235
16.3	0.004424819348539972
16.31	0.004410506060846243
16.32	0.004396247803950176
16.330000000000002	0.004382044332747346
16.34	0.004367895403374126
16.35	0.004353800773200687
16.36	0.0043397602008239874
16.37	0.0043257734460608365
16.38	0.004311840269940989
16.39	0.004297960434700279
16.4	0.004284133703773804
16.41	0.004270359841789145
16.42	0.004256638614559656
16.43	0.004242965283148102
16.44	0.0042280189250945115
16.45	0.004213134258112034
16.46	0.004198310990300594
16.47	0.004183548831317428
16.48	0.004168847492367818
16.490000000000002	0.004154206686195922
16.5	0.0041396261270756326
16.51	0.0041251055308015264
16.52	0.004110644614679849
16.53	0.004096243097519553
16.54	0.004081900699623441
16.55	0.004067617142779291
16.56	0.004053392150251124
16.57	0.004039225446770448
16.580000000000002	0.004025116758527617
16.59	0.0040110658131632315
16.6	0.003997072339759576
16.61	0.003983136068832128
16.62	0.003969256732321121
16.63	0.003955434063583167
16.64	0.003941667797382922
16.65	0.003927957669884811
16.66	0.003914303418644799
16.67	0.0039007047826022405
16.68	0.0038871615020717467
16.69	0.0038736733187351227
16.7	0.003860239975633383
16.71	0.0038468612171587385
16.72	0.003833536789046741
16.73	0.0038202664383684072
16.740000000000002	0.003807049913522405
16.75	0.0037938869642272994
16.76	0.0037807773415138505
16.77	0.003767720797717356
16.78	0.0037547170864700528
16.79	0.003741765962693525
16.8	0.0037288671825912345
16.81	0.003716020503641036
16.82	0.0037032256845877707
16.830000000000002	0.0036904824854358895
16.84	0.003677790667442145
16.85	0.0036651499931083125
16.86	0.0036525602261739667
16.87	0.0036400211316093035
16.88	0.0036275324756079937
16.89	0.003615094025580104
16.9	0.003602705550145065
16.91	0.003590366819124653
16.92	0.0035780776035360356
16.93	0.003565837675584887
16.94	0.0035536468086584893
16.95	0.0035415047773189375
16.96	0.003529411357296351
16.97	0.0035173663254821326
16.98	0.0035053694599222773
16.990000000000002	0.0034934205398107353
17.	0.003481519345482794
17.01	0.003469665658408499
17.02	0.0034578592611861554
17.03	0.003446099937535834
17.04	0.0034343874722929215
17.05	0.0034227216514017196
17.06	0.0034111022619090995
17.07	0.003399529091958165
17.080000000000002	0.003388001930781985
17.09	0.003376520568697336
17.1	0.003365084797098512
17.11	0.00335369440845116
17.12	0.0033423491962861593
17.13	0.0033310489551935233
17.14	0.00331979348081637
17.150000000000002	0.0033085825698448926
17.16	0.003297416020010413
17.17	0.003286293630079429
17.18	0.003275215199847714
17.19	0.0032641805301344825
17.2	0.0032531894227765426
17.21	0.003242241680622518
17.22	0.003231337107527108
17.23	0.0032204755083453497
17.240000000000002	0.0032096566889269654
17.25	0.0031988804561107025
17.26	0.0031881466177187396
17.27	0.003177454982551091
17.28	0.0031668053603800986
17.29	0.0031561975619449085
17.3	0.003145631398946012
17.31	0.0031351066840397926
17.32	0.0031246232308331555
17.330000000000002	0.0031141808538781347
17.34	0.003103779368666574
17.35	0.0030934185916248135
17.36	0.0030830983401084243
17.37	0.003072818432396988
17.38	0.0030625786876888775
17.39	0.0030523789260960923
17.400000000000002	0.003042218968639116
17.41	0.0030320986372418214
17.42	0.0030220177547263818
17.43	0.0030119761448082374
17.44	0.00300197363209107
17.45	0.0029920100420618412
17.46	0.002982085201085826
17.47	0.002972198936401693
17.48	0.0029623510761166284
17.490000000000002	0.0029525414492014585
17.5	0.002942769885485834
17.51	0.0029330362156534226
17.52	0.0029233402712371495
17.53	0.0029136818846144286
17.54	0.0029040608890024884
17.55	0.002894477118453663
17.56	0.0028849304078507505
17.57	0.002875420592902371
17.580000000000002	0.002865947510138391
17.59	0.0028565109969053465
17.6	0.00284711089136189
17.61	0.0028373300617065738
17.62	0.0028271686530320726
17.63	0.0028170493700893995
17.64	0.0028069720144937153
17.650000000000002	0.0027969363889061485
17.66	0.002786942297027678
17.67	0.002776989543593091
17.68	0.0027670779343649467
17.69	0.002757207276127588
17.7	0.0027473773766811945
17.71	0.0027375880448358763
17.72	0.0027278390904057976
17.73	0.002718130324203339
17.740000000000002	0.0027084615580333063
17.75	0.0026988326046871562
17.76	0.002689243277937288
17.77	0.002679693392531347
17.78	0.0026701827641865744
17.79	0.002660711209584183
17.8	0.0026512785463637866
17.81	0.002641884593117858
17.82	0.002632529169386209
17.830000000000002	0.002623212095650515
17.84	0.0026139331933288826
17.85	0.0026046922847704447
17.86	0.002595489193249981
17.87	0.002586323742962583
17.88	0.002577195759018352
17.89	0.0025681050674371294
17.900000000000002	0.0025590514951432546
17.91	0.002550034869960373
17.92	0.0025410550206062415
17.93	0.002532111776687618
17.94	0.002523204968695137
17.95	0.0025143344279982397
17.96	0.002505499986840131
17.97	0.0024967014783327727
17.98	0.002487938736451901
17.990000000000002	0.002479211596032084
18.	0.0024705198927617985
18.01	0.0024618634631785423
18.02	0.0024532421446639917
18.03	0.002444655775439162
18.04	0.0024361041945596307
18.05	0.0024275872419107485
18.06	0.0024191047582029263
18.07	0.0024106565849669214
18.080000000000002	0.0024022425645491676
18.09	0.002393862540107115
18.1	0.002385516355604629
18.11	0.002377203855807395
18.12	0.002368924886278354
18.13	0.0023606792933731843
18.14	0.002352466924235773
18.150000000000002	0.0023442876267937714
18.16	0.0023361412497541344
18.17	0.0023280276425986924
18.18	0.002319946655579768
18.19	0.0023118981397158124
18.2	0.002303881946787068
18.21	0.0022958979293312494
18.22	0.002287945940639266
18.23	0.002280025834750961
18.240000000000002	0.002272137466450889
18.25	0.002264280691264097
18.26	0.002256455365451962
18.27	0.0022486613460080155
18.28	0.0022408984906538395
18.29	0.0022331666578349505
18.3	0.0022254657067167344
18.31	0.0022177954971803753
18.32	0.0022101558898188476
18.330000000000002	0.002202546745932911
18.34	0.0021949679275271297
18.35	0.0021874192973059163
18.36	0.0021799007186696136
18.37	0.0021724120557105858
18.38	0.0021649531732093378
18.39	0.0021575239366306625
18.400000000000002	0.0021501242121197985
18.41	0.002142753866498638
18.42	0.002135412767261925
18.43	0.002128100782573506
18.44	0.002120817781262576
18.45	0.002113563632819984
18.46	0.0021063382073945192
18.47	0.002099141375789248
18.48	0.002091973009457865
18.490000000000002	0.0020848329805010705
18.5	0.002077721161662961
18.51	0.0020706374263274522
18.52	0.0020635816485147077
18.53	0.002056553702877615
18.54	0.0020495534646982685
18.55	0.0020425808098844555
18.56	0.002035635614966209
18.57	0.002028717757092326
18.580000000000002	0.0020218271140269636
18.59	0.0020149635641462022
18.6	0.002008126986434684
18.61	0.0020013172604822073
18.62	0.0019945342664804072
18.63	0.0019877778852194186
18.64	0.001981047998084561
18.650000000000002	0.0019743444870530483
18.66	0.001967667234690737
18.67	0.0019610161241488543
18.68	0.0019543910391607903
18.69	0.0019477918640388727
18.7	0.0019412184836711738
18.71	0.0019346707835183607
18.72	0.0019281486496105231
18.73	0.001921651968544046
18.740000000000002	0.0019151806274784967
18.75	0.0019087345141335348
18.76	0.0019023135167858193
18.77	0.0018959175242659742
18.78	0.0018895464259555256
18.79	0.001883200111783893
18.8	0.0018768784722253847
18.81	0.0018705813982962138
18.82	0.001864308781551522
18.830000000000002	0.0018580605140824445
18.84	0.0018518364885131602
18.85	0.001845636597997999
18.86	0.0018394607362185252
18.87	0.001833125744954268
18.88	0.0018266878584822714
18.89	0.00182027597274154
18.900000000000002	0.0018138899690417721
18.91	0.0018075297292968484
18.92	0.0018011951360214617
18.93	0.0017948860723277285
18.94	0.0017886024219218434
18.95	0.0017823440691007474
18.96	0.0017761108987488158
18.97	0.001769902796334572
18.98	0.0017637196479074145
18.990000000000002	0.0017575613400943732
19.	0.001751427760096861
19.01	0.0017453187956874873
19.02	0.0017392343352068543
19.03	0.0017331742675603882
19.04	0.0017271384822151836
19.05	0.0017211268691968802
19.06	0.001715139319086538
19.07	0.001709175723017549
19.080000000000002	0.0017032359726725675
19.09	0.0016973199602804366
19.1	0.0016914275786131655
19.11	0.0016855587209829018
19.12	0.001679713281238934
19.13	0.0016738911537647067
19.14	0.0016680922334748485
19.150000000000002	0.0016623164158122384
19.16	0.0016565635967450705
19.17	0.0016508336727639327
19.18	0.0016451265408789254
19.19	0.0016394420986167878
19.2	0.0016337802440180233
19.21	0.0016281408756340695
19.22	0.0016225238925244778
19.23	0.0016169291942540877
19.240000000000002	0.0016113566808902582
19.25	0.0016058062530000796
19.26	0.0016002778116476193
19.27	0.0015947712583911915
19.28	0.0015892864952806135
19.29	0.001583823424854521
19.3	0.0015783819501376598
19.31	0.0015729619746382222
19.32	0.0015675634023451825
19.330000000000002	0.001562186137725653
19.34	0.0015568300857222654
19.35	0.0015514951517505492
19.36	0.0015461812416963415
19.37	0.0015408882619132127
19.38	0.001535616119219893
19.39	0.001530364720897722
19.400000000000002	0.0015251339746881283
19.41	0.0015199237887901006
19.42	0.0015147340718576843
19.43	0.0015095647329974955
19.44	0.0015044156817662516
19.45	0.001499286828168301
19.46	0.0014941780826531923
19.47	0.001489089356113239
19.48	0.0014840205598810972
19.490000000000002	0.001478971605727375
19.5	0.0014739424058582487
19.51	0.0014689328729130817
19.52	0.0014639429199620653
19.53	0.0014589724605038848
19.54	0.0014540214084633855
19.55	0.0014490896781892523
19.56	0.0014441771844517079
19.57	0.0014392838424402332
19.580000000000002	0.0014344095677612787
19.59	0.0014295542764360166
19.6	0.0014247178848980837
19.61	0.0014199003099913423
19.62	0.0014151014689676748
19.63	0.0014103212794847582
19.64	0.0014055596596038826
19.650000000000002	0.0014008165277877532
19.66	0.0013960918028983363
19.67	0.001391385404194695
19.68	0.0013866972513308466
19.69	0.0013820272643536285
19.7	0.0013773753637005858
19.71	0.0013727414701978564
19.72	0.0013681255050580876
19.73	0.0013635273898783462
19.740000000000002	0.00135894704663805
19.75	0.0013543843976969202
19.76	0.0013498393657929203
19.77	0.0013453118740402385
19.78	0.0013408018459272592
19.79	0.0013363092053145528
19.8	0.0013318338764328824
19.81	0.0013273757838812203
19.82	0.0013229348526247618
19.830000000000002	0.0013185110079929788
19.84	0.0013141041756776599
19.85	0.0013097142817309686
19.86	0.0013053412525635287
19.87	0.0013009850149424843
19.88	0.0012966454959896184
19.89	0.0012923226231794456
19.900000000000002	0.001288016324337331
19.91	0.0012837265276376155
19.92	0.0012794531616017579
19.93	0.0012751961550964868
19.94	0.0012709554373319526
19.95	0.0012667309378599013
19.96	0.0012625225865718634
19.97	0.0012583303136973374
19.98	0.0012541540498019928
19.990000000000002	0.0012499937257858926
20.	0.0012458492728817001
20.01	0.0012417206226529305
20.02	0.0012376077069921844
20.03	0.001233510458119404
20.04	0.0012294288085801372
20.05	0.0012253626912438144
20.06	0.0012213120393020313
20.07	0.0012172767862668442
20.080000000000002	0.0012132568659690695
20.09	0.0012092522125566076
20.1	0.0012052627604927577
20.11	0.0012012884445545523
20.12	0.001197329199831109
20.13	0.0011933849617219664
20.14	0.0011894556659354657
20.150000000000002	0.001185541248487111
20.16	0.0011816416456979506
20.17	0.0011777567941929688
20.18	0.0011738866308994892
20.19	0.001170031093045577
20.2	0.0011661901181584658
20.21	0.0011623636440629707
20.22	0.0011586203056922037
20.23	0.001154924195041728
20.240000000000002	0.0011512416932011784
20.25	0.0011475727433772854
20.26	0.0011439172890416655
20.27	0.0011402752739294697
20.28	0.0011366466420380107
20.29	0.0011330313376254222
20.3	0.0011294293052093118
20.31	0.0011258404895654302
20.32	0.001122264835726341
20.330000000000002	0.001118702288980105
20.34	0.0011151527948689561
20.35	0.0011116162991880122
20.36	0.0011080927479839673
20.37	0.0011045820875538045
20.38	0.0011010842644435116
20.39	0.0010975992254468046
20.400000000000002	0.0010941269176038611
20.41	0.001090667288200057
20.42	0.0010872202847647154
20.43	0.0010837858550698481
20.44	0.0010803639471289295
20.45	0.0010769545091956559
20.46	0.0010735574897627177
20.47	0.00107017283756058
20.48	0.0010668005015562704
20.490000000000002	0.0010634404309521775
20.5	0.0010600925751848408
20.51	0.001056756883923768
20.52	0.0010534333070702404
20.53	0.0010501217947561392
20.54	0.0010468222973427732
20.55	0.0010435347654197066
20.56	0.0010402591498036029
20.57	0.0010369954015370722
20.580000000000002	0.0010337434718875208
20.59	0.0010305033123460127
20.6	0.0010272748746261366
20.61	0.0010240581106628719
20.62	0.0010208529726114743
20.63	0.0010176594128463554
20.64	0.0010144773839599766
20.650000000000002	0.0010113068387617398
20.66	0.0010081477302768982
20.67	0.00100500001174546
20.68	0.0010018636366211054
20.69	0.0009987385585701054
20.7	0.0009956247314702495
20.71	0.0009925221094097825
20.72	0.000989430646686338
20.73	0.0009863502978058828
20.740000000000002	0.000983281017481674
20.75	0.0009802227606332092
20.76	0.0009771754823851867
20.77	0.0009741391380664824
20.78	0.0009711136832091107
20.79	0.0009680990735472165
20.8	0.0009650952650160496
20.81	0.0009621022137509601
20.82	0.0009591198760863917
20.830000000000002	0.0009561482085548869
20.84	0.0009531871678860889
20.85	0.0009502367110057582
20.86	0.000947296795034786
20.87	0.0009443673772882187
20.88	0.0009414484152742922
20.89	0.0009385398666934548
20.900000000000002	0.0009356416894374175
20.91	0.000932753841588186
20.92	0.0009298762814171225
20.93	0.0009270089673839927
20.94	0.0009241518581360297
20.95	0.0009213049125069939
20.96	0.0009184680895162497
20.97	0.0009156413483678375
20.98	0.0009128246484495518
20.990000000000002	0.0009100179493320293
21.	0.000907221210767839
21.01	0.0009044343926905772
21.02	0.0009016574552139674
21.03	0.0008988903586309636
21.04	0.0008961330634128648
21.05	0.0008933855302084254
21.06	0.0008906477198429741
21.07	0.0008879195933175445
21.080000000000002	0.0008852011118079973
21.09	0.0008824922366641575
21.1	0.0008797929294089528
21.11	0.0008771031517375568
21.12	0.0008744228655165323
21.13	0.0008717520327829953
21.14	0.0008690906157437586
21.150000000000002	0.0008664385767745011
21.16	0.0008637958784189338
21.17	0.0008611624833879657
21.18	0.0008585383545588856
21.19	0.0008559234549745371
21.2	0.0008533177478425031
21.21	0.000850721196534294
21.22	0.0008481337645845437
21.23	0.000845555415690203
21.240000000000002	0.0008429861137097444
21.25	0.0008404258226623639
21.26	0.0008378745067271936
21.27	0.0008353321302425172
21.28	0.0008327986577049852
21.29	0.0008302740537688422
21.3	0.0008277582832451466
21.31	0.0008252513111010091
21.32	0.0008227531024588244
21.330000000000002	0.0008202636225955137
21.34	0.0008177828369417597
21.35	0.0008153107110812648
21.36	0.0008128472107499956
21.37	0.000810392301835441
21.38	0.0008079459503758699
21.39	0.0008055081225595961
21.400000000000002	0.0008030787847242467
21.41	0.000800657903356031
21.42	0.0007982454450890175
21.43	0.0007958413767044107
21.44	0.0007934456651298373
21.45	0.0007910582774386304
21.46	0.0007886791808491221
21.47	0.0007863083427239318
21.48	0.0007839457305692755
21.490000000000002	0.000781591312034256
21.5	0.0007792450549101791
21.51	0.000776906927129851
21.52	0.0007745768967669017
21.53	0.0007722549320350968
21.54	0.0007699410012876574
21.55	0.0007676350730165862
21.56	0.0007653371158519918
21.57	0.0007630470985614227
21.580000000000002	0.0007607649900492003
21.59	0.0007584907593557576
21.6	0.0007562243756569784
21.61	0.0007539658082635473
21.62	0.0007517150266202927
21.63	0.0007494720003055437
21.64	0.0007472366990304798
21.650000000000002	0.0007450090926384961
21.66	0.00074285532935179
21.67	0.0007412503439362119
21.68	0.0007396495642715148
21.69	0.0007380529774045219
21.7	0.0007364605704278977
21.71	0.0007348723304799632
21.72	0.0007332882447445128
21.73	0.0007317083004506336
21.740000000000002	0.0007301324848725248
21.75	0.0007285607853293173
21.76	0.0007269931891848954
21.77	0.0007254296838477154
21.78	0.000723870256770633
21.79	0.0007223148954507209
21.8	0.0007207635874290983
21.81	0.0007192163202907509
21.82	0.000717673081664359
21.830000000000002	0.0007161338592221226
21.84	0.0007145986406795899
21.85	0.0007130674137954842
21.86	0.0007115401663715314
21.87	0.0007100168862522922
21.88	0.0007084975613249888
21.89	0.0007069821795193394
21.900000000000002	0.0007054707288073857
21.91	0.0007039631972033283
21.92	0.0007024595727633604
21.93	0.000700959843585497
21.94	0.0006994639978094173
21.95	0.0006979720236162893
21.96	0.0006964839092286161
21.97	0.0006949996429100663
21.98	0.0006935192129653152
21.990000000000002	0.0006920426077398804
22.	0.0006905698156199598
22.01	0.0006891008250322754
22.02	0.0006876356244439108
22.03	0.0006861742023621507
22.04	0.0006847165473343255
22.05	0.0006832626479476537
22.06	0.0006818124928290815
22.07	0.0006803660706451309
22.080000000000002	0.0006789233701017408
22.09	0.0006774843799441146
22.1	0.0006760490889565639
22.11	0.0006746174859623577
22.12	0.0006731895598235653
22.13	0.0006717652994409092
22.14	0.0006703446937536093
22.150000000000002	0.0006689277317392352
22.16	0.0006675144024135533
22.17	0.0006661046948303801
22.18	0.0006646985980814301
22.19	0.000663296101296171
22.2	0.0006618971936416733
22.21	0.0006605018643224652
22.22	0.000659110102580385
22.23	0.0006577218976944364
22.240000000000002	0.0006563372389806437
22.25	0.0006549561157919054
22.26	0.0006535785175178522
22.27	0.0006522044335847044
22.28	0.0006508338534551273
22.29	0.0006494667666280926
22.3	0.0006481031626387314
22.31	0.0006467430310582005
22.32	0.0006453863614935361
22.330000000000002	0.0006440331435875209
22.34	0.0006426833670185374
22.35	0.0006413370215004356
22.36	0.0006399940967823942
22.37	0.0006386545826487819
22.38	0.0006373184689190211
22.39	0.0006359857454474549
22.400000000000002	0.0006346564021232077
22.41	0.0006333304288700548
22.42	0.0006320078156462832
22.43	0.0006306885524445621
22.44	0.0006293726292918092
22.45	0.0006280600362490567
22.46	0.0006267507634113217
22.47	0.0006254448009074734
22.48	0.0006241421389001015
22.490000000000002	0.0006228427675853888
22.5	0.0006215466771929808
22.51	0.0006202538579858536
22.52	0.0006189643002601897
22.53	0.0006176779943452494
22.54	0.0006163949306032388
22.55	0.0006151150994291887
22.56	0.0006138384912508277
22.57	0.0006125650965284519
22.580000000000002	0.0006112949057548048
22.59	0.0006100279094549492
22.6	0.0006087640981861458
22.61	0.0006075034625377278
22.62	0.0006062459931309776
22.63	0.0006049916806190065
22.64	0.0006037405156866291
22.650000000000002	0.0006024924890502452
22.66	0.0006012475914577184
22.67	0.0006000058136882534
22.68	0.0005987671465522774
22.69	0.0005975315808913222
22.7	0.0005962991075779013
22.71	0.0005950697175153974
22.72	0.0005938434016379374
22.73	0.0005926201509102809
22.740000000000002	0.0005913999563277002
22.75	0.0005901828089158671
22.76	0.0005889686997307309
22.77	0.0005877576198584097
22.78	0.0005865495604150706
22.79	0.0005853445125468186
22.8	0.0005841424674295807
22.81	0.0005829434162689932
22.82	0.0005817473503002869
22.830000000000002	0.0005805542607881782
22.84	0.0005793641390267549
22.85	0.0005781769763393635
22.86	0.0005769927640784996
22.87	0.0005758114936256986
22.88	0.0005746331563914217
22.89	0.0005734577438149504
22.900000000000002	0.0005722852473642744
22.91	0.0005711156585359844
22.92	0.0005699489688551624
22.93	0.0005687851698752759
22.94	0.0005676242531780684
22.95	0.0005664662103734542
22.96	0.0005653110330994098
22.97	0.0005641587130218703
22.98	0.0005630092418346228
22.990000000000002	0.0005618626112592006
23.	0.0005607188130447784
23.01	0.0005595778389680705
23.02	0.0005584396808332233
23.03	0.0005573043304717143
23.04	0.0005561717797422493
23.05	0.0005550420205306587
23.06	0.0005539150447497958
23.07	0.0005527908443394351
23.080000000000002	0.0005516694112661714
23.09	0.0005505507375233201
23.1	0.0005494348151308133
23.11	0.0005483216361351029
23.12	0.0005472111926090607
23.13	0.0005461034766518777
23.14	0.0005449984803889675
23.150000000000002	0.0005438961959718674
23.16	0.0005475105581340353
23.17	0.0005551678509920793
23.18	0.0005629288624556668
23.19	0.0005707949517445477
23.2	0.0005787674952930885