0.01	3.285775204903285
0.02	2.129548402123454
0.03	1.730526449940203
0.04	1.5259705316855265
0.05	1.4003970392724598
0.06	1.3148329202190718
0.07	1.2568228394521574
0.08	1.2130468447362546
0.09	1.178500136245866
0.1	1.149921575803601
0.11	1.1260235589556113
0.12	1.1064278784477781
0.13	1.0900099532516212
0.14	1.0754948102566408
0.15	1.0623103046762894
0.16	1.0501383932766248
0.17	1.038782348217059
0.18	1.0281776786965626
0.19	1.018210224743288
0.2	1.0087961748743277
0.21	0.9999223176662074
0.22	0.9911063529697688
0.23	0.9825516799603872
0.24	0.9744303478648382
0.25	0.9663536547254555
0.26	0.9583312032190084
0.27	0.950674442873603
0.28	0.9433540562963185
0.29	0.9359732947868316
0.3	0.9288496719132288
0.31	0.9220112369101593
0.32	0.9154379097744263
0.33	0.9085595734291059
0.34	0.9017232833645998
0.35000000000000003	0.895134401643294
0.36	0.8887772797271511
0.37	0.8826376591974046
0.38	0.8761677246267503
0.39	0.8698747241533819
0.4	0.8637845568601976
0.41000000000000003	0.85788585403096
0.42	0.8521681419520721
0.43	0.846322724222115
0.44	0.8402815252383311
0.45	0.8344177776346203
0.46	0.8287224959856808
0.47000000000000003	0.8231873327232963
0.48	0.8178045204187449
0.49	0.8124975854597473
0.5	0.8069065044107031
0.51	0.8014634857082296
0.52	0.7961618185014812
0.53	0.790995217758476
0.54	0.7859577898151486
0.55	0.7810440012909501
0.56	0.7762486509874436
0.5700000000000001	0.7711104341971998
0.58	0.7660442700006801
0.59	0.7610971482381215
0.6	0.7562643240674698
0.61	0.7515413168419673
0.62	0.7469238913549119
0.63	0.7424080406938307
0.64	0.7379899705428622
0.65	0.7334448417703792
0.66	0.7288432910724155
0.67	0.7243391618009227
0.68	0.7199289829068622
0.6900000000000001	0.7156094557357616
0.7000000000000001	0.7113774431149469
0.71	0.7072299592761484
0.72	0.7031641605387785
0.73	0.6991773366867865
0.74	0.6952497956230503
0.75	0.6910345355014049
0.76	0.6869001603122884
0.77	0.682844083977968
0.78	0.6788638353130344
0.79	0.6749570515254084
0.8	0.671121472161881
0.81	0.6673549334626488
0.8200000000000001	0.6636553630925506
0.8300000000000001	0.6600207752196172
0.84	0.6564492659141704
0.85	0.6529120979610581
0.86	0.6491586732359973
0.87	0.6454698468837582
0.88	0.6418437835897179
0.89	0.6382787202763133
0.9	0.6347729624865662
0.91	0.6313248809865277
0.92	0.6279329085711384
0.93	0.6245955370592723
0.9400000000000001	0.6213113144648549
0.9500000000000001	0.6180788423319924
0.96	0.6148967732229885
0.97	0.611763808348984
0.98	0.6085289240550147
0.99	0.6052000662344289
1.	0.6019226015310037
1.01	0.598695234364287
1.02	0.5955167142242634
1.03	0.5923858336801405
1.04	0.5893014264954439
1.05	0.5862623658427929
1.06	0.5832675626121866
1.07	0.5803159638070783
1.08	0.5774065510229034
1.09	0.57453833900311
1.1	0.5717103742680681
1.11	0.5689217338125588
1.12	0.5661544528475128
1.1300000000000001	0.5631775171088489
1.1400000000000001	0.5602422574235195
1.1500000000000001	0.5573477323763254
1.16	0.5544930297639875
1.17	0.5516772654463526
1.18	0.548899582252147
1.19	0.5461591489362468
1.2	0.5434551591856365
1.21	0.5407868306713892
1.22	0.5381534041441873
1.23	0.5355541425710358
1.24	0.532988330310984
1.25	0.5304552723277854
1.26	0.5279542934375688
1.27	0.5254847375896925
1.28	0.5230459671790745
1.29	0.5205327875615664
1.3	0.5179387546364572
1.31	0.5153773786592349
1.32	0.5128480038873222
1.33	0.5103499925831485
1.34	0.507882724388928
1.35	0.5054455957276247
1.36	0.5030380192288226
1.37	0.5006594231782926
1.3800000000000001	0.49830925099011164
1.3900000000000001	0.49598696070025566
1.4000000000000001	0.4936920244806418
1.41	0.49142392817266245
1.42	0.489182170839287
1.43	0.4869662643348786
1.44	0.484775732891896
1.45	0.4826101127237152
1.46	0.4804689516428287
1.47	0.4783518086937316
1.48	0.4761810987197857
1.49	0.4739371669087789
1.5	0.47171871322890807
1.51	0.46952528141583255
1.52	0.46735642632693364
1.53	0.4652117135992283
1.54	0.46309071931995727
1.55	0.46099302970930384
1.56	0.45891824081471855
1.57	0.45686595821635606
1.58	0.4548357967431497
1.59	0.45282738019907937
1.6	0.4508403410991999
1.61	0.4488743204150277
1.62	0.44692896732889775
1.6300000000000001	0.44500393899691704
1.6400000000000001	0.4430989003201704
1.6500000000000001	0.4412135237238366
1.6600000000000001	0.43934748894389947
1.67	0.43750048282114623
1.68	0.4356721991021635
1.69	0.4338623382470537
1.7	0.43196708675791634
1.71	0.43001611701636494
1.72	0.42808525792528646
1.73	0.4261741870589343
1.74	0.42428258898539895
1.75	0.4224101550757785
1.76	0.420556583319612
1.77	0.4187215781463341
1.78	0.4169048502525248
1.79	0.41510611643473144
1.8	0.4133250994276563
1.81	0.41156152774750493
1.82	0.4098151355403084
1.83	0.4080856624350311
1.84	0.40637285340128837
1.85	0.4046764586115081
1.86	0.40299623330736956
1.87	0.40133193767037006
1.8800000000000001	0.39968333669636563
1.8900000000000001	0.3980502000739454
1.9000000000000001	0.3964323020665053
1.9100000000000001	0.39482942139788435
1.92	0.39324134114144293
1.93	0.39166784861246
1.94	0.3901087352637327
1.95	0.3884931464660721
1.96	0.38681566038311943
1.97	0.3851538992830353
1.98	0.38350763705231056
1.99	0.38187665194912607
2.	0.38026072649738646
2.0100000000000002	0.37865964738383606
2.02	0.37707320535815475
2.0300000000000002	0.3755011951359305
2.04	0.3739434153044152
2.05	0.37239966823096726
2.06	0.3708697599740943
2.07	0.36935350019701013
2.08	0.3678507020836194
2.09	0.3663611822568567
2.1	0.3648847606992959
2.11	0.3634212606759638
2.12	0.3619705086592798
2.13	0.3605323342560584
2.14	0.3591065701365056
2.15	0.3576930519651467
2.16	0.35629161833362505
2.17	0.35490211069531036
2.18	0.353524373301663
2.19	0.35215825314029525
2.2	0.3508035998746818
2.21	0.34946026578546335
2.22	0.3481281057132974
2.23	0.3468069770032079
2.24	0.3454149004657699
2.25	0.34399234899613435
2.2600000000000002	0.3425819257159017
2.27	0.3411834742430056
2.2800000000000002	0.33979684088893825
2.29	0.3384218746007932
2.3000000000000003	0.337058426904804
2.31	0.3357063518513301
2.32	0.33436550596124903
2.33	0.33303574817371256
2.34	0.33171693979522526
2.35	0.3304089444500085
2.36	0.3291116280316105
2.37	0.3278248586557269
2.38	0.3265485066141963
2.39	0.32528244433013676
2.4	0.32402654631418965
2.41	0.32278068912184127
2.42	0.321544751311788
2.43	0.3203186134053183
2.44	0.3191021578466807
2.45	0.3178952689644113
2.46	0.3166978329335918
2.47	0.31550973773901564
2.48	0.31433087313923136
2.49	0.31316113063144424
2.5	0.31200040341725005
2.5100000000000002	0.31084858636917556
2.52	0.30970557599800996
2.5300000000000002	0.30857127042089777
2.54	0.3074455693301791
2.5500000000000003	0.30632837396295237
2.56	0.3052195870713437
2.57	0.3040592605771584
2.58	0.3028628130486099
2.59	0.3016756746156312
2.6	0.30049773732315943
2.61	0.2993288948768698
2.62	0.29816904261138616
2.63	0.29701807745921915
2.64	0.29587589792041163
2.65	0.29474240403287366
2.66	0.2936174973433878
2.67	0.29250108087926757
2.68	0.2913930591206524
2.69	0.290293337973422
2.7	0.28920182474271355
2.71	0.2881184281070281
2.72	0.2870430580929076
2.73	0.28597562605017196
2.74	0.284916044627698
2.75	0.28386422774972914
2.7600000000000002	0.28282009059270136
2.77	0.28178354956257207
2.7800000000000002	0.2807545222726392
2.79	0.2797329275218397
2.8000000000000003	0.2787186852735128
2.81	0.27771171663461924
2.82	0.2767119438354019
2.83	0.27571929020948127
2.84	0.2747336801743701
2.85	0.2737550392124006
2.86	0.2727832938520528
2.87	0.2718183716496733
2.88	0.27086020117157694
2.89	0.26990871197652055
2.9	0.2689638345985396
2.91	0.2680255005301409
2.92	0.2670936422058404
2.93	0.26616819298603966
2.94	0.26524908714123163
2.95	0.26427896606156376
2.96	0.2632740878141712
2.97	0.2622764003031318
2.98	0.26128582812052253
2.99	0.2603022968987126
3.	0.25932573329259256
3.0100000000000002	0.2583560649621655
3.02	0.2573932205554912
3.0300000000000002	0.256437129691975
3.04	0.2554877229459937
3.0500000000000003	0.25454493183084925
3.06	0.25360868878304516
3.0700000000000003	0.2526789271468749
3.08	0.25175558115931834
3.09	0.25083858593523595
3.1	0.24992787745285683
3.11	0.24902339253955227
3.12	0.24812506885788757
3.13	0.24723284489194827
3.14	0.24634665993393198
3.15	0.24546645407100143
3.16	0.2445921681723918
3.17	0.2437237438767683
3.18	0.24286112357982562
3.19	0.2420042504221268
3.2	0.24115306827717425
3.21	0.24030752173970812
3.22	0.2394675561142283
3.23	0.2386331174037326
3.24	0.23780415229866886
3.25	0.23698060816609517
3.2600000000000002	0.23616243303904316
3.27	0.23534957560608102
3.2800000000000002	0.2345419852010713
3.29	0.23373961179311903
3.3000000000000003	0.23294240597670723
3.31	0.23215031896201382
3.3200000000000003	0.23136330256540824
3.33	0.23058130920012188
3.34	0.2298042918670906
3.35	0.22903220414596343
3.36	0.22826500018627696
3.37	0.22750263469878762
3.38	0.22674506294696378
3.39	0.22591085580032433
3.4	0.22507865750310052
3.41	0.22425195538406184
3.42	0.22343069718555936
3.43	0.22261483129765955
3.44	0.22180430674825807
3.45	0.2209990731933709
3.46	0.22019908090760262
3.47	0.21940428077478488
3.48	0.21861462427878414
3.49	0.21783006349447326
3.5	0.21705055107886495
3.5100000000000002	0.2162760402624024
3.52	0.21550648484040544
3.5300000000000002	0.21474183916466746
3.54	0.21398205813520102
3.5500000000000003	0.21322709719212873
3.56	0.21247691230771665
3.5700000000000003	0.21173145997854667
3.58	0.21099069721782643
3.59	0.21025458154783241
3.6	0.2095230709924843
3.61	0.20879612407004836
3.62	0.2080736997859666
3.63	0.20735575762580905
3.64	0.20664225754834756
3.65	0.2059331599787482
3.66	0.2052284258018792
3.67	0.2045280163557342
3.68	0.20383189342496563
3.69	0.20314001923452912
3.7	0.20245235644343396
3.71	0.20176886813860026
3.72	0.20108951782881784
3.73	0.20041426943880727
3.74	0.1997430873033804
3.75	0.19907593616169733
3.7600000000000002	0.1984127811516194
3.77	0.19775358780415592
3.7800000000000002	0.19709832203800248
3.79	0.19644695015416946
3.8000000000000003	0.19579943883069867
3.81	0.19515575511746708
3.8200000000000003	0.1945158664310752
3.83	0.19387974054981919
3.84	0.1932473456087445
3.85	0.19261865009478
3.86	0.19199362284195118
3.87	0.19137223302666986
3.88	0.19075445016310086
3.89	0.19007932256905682
3.9	0.18939976286429097
3.91	0.18872436359350572
3.92	0.18805308874243967
3.93	0.18738590269938474
3.94	0.1867227702496763
3.95	0.1860636565702734
3.96	0.18540852722442594
3.97	0.1847573481564276
3.98	0.1841100856864535
3.99	0.18346670650548033
4.	0.1828271776702873
4.01	0.1821914665985375
4.0200000000000005	0.1815595410639367
4.03	0.18093136919146977
4.04	0.18030691945271143
4.05	0.17968616066121199
4.0600000000000005	0.1790690619679552
4.07	0.17845559285688767
4.08	0.1778457231405179
4.09	0.17723942295558484
4.1	0.1766366627587931
4.11	0.17603741332261524
4.12	0.17544164573115892
4.13	0.17484933137609757
4.14	0.17426044195266474
4.15	0.1736749494557093
4.16	0.17309282617581215
4.17	0.17251404469546136
4.18	0.17193857788528683
4.19	0.17136639890035166
4.2	0.17079748117650054
4.21	0.17023179842676303
4.22	0.16966932463781165
4.23	0.16911003406647365
4.24	0.16855390123629493
4.25	0.16800090093415565
4.26	0.16745100820693734
4.2700000000000005	0.16690419835823891
4.28	0.16636044694514257
4.29	0.1658197297750272
4.3	0.16528202290242966
4.3100000000000005	0.16474730262595236
4.32	0.16421554548521666
4.33	0.1636867282578613
4.34	0.16316082795658476
4.3500000000000005	0.16263782182623165
4.36	0.16211768734092125
4.37	0.16160040220121816
4.38	0.16108594433134465
4.39	0.16057429187643296
4.4	0.16006542319981817
4.41	0.15955931688036984
4.42	0.15905595170986236
4.43	0.1585553066903833
4.44	0.15805736103177917
4.45	0.15756209414913758
4.46	0.15704815646401918
4.47	0.15650158275276668
4.48	0.15595812630679956
4.49	0.15541776244866717
4.5	0.1548804667506458
4.51	0.15434621503166351
4.5200000000000005	0.15381498335427043
4.53	0.15328674802165157
4.54	0.1527614855746838
4.55	0.15223917278903468
4.5600000000000005	0.1517197866723032
4.57	0.1512033044612015
4.58	0.1506897036187767
4.59	0.1501789618316726
4.6000000000000005	0.1496710570074304
4.61	0.14916596727182785
4.62	0.14866367096625563
4.63	0.14816414664513156
4.64	0.14766737307335098
4.65	0.147173329223773
4.66	0.14668199427474227
4.67	0.14619334760764524
4.68	0.14570736880450133
4.69	0.14522403764558658
4.7	0.14474333410709173
4.71	0.14426523835881186
4.72	0.14378973076186877
4.73	0.1433167918664644
4.74	0.14284640240966598
4.75	0.14237854331322075
4.76	0.14191319568140187
4.7700000000000005	0.14145034079888305
4.78	0.1409899601286427
4.79	0.14053203530989686
4.8	0.14007654815606005
4.8100000000000005	0.13962348065273403
4.82	0.139172814955724
4.83	0.1387245333890816
4.84	0.13827861844317446
4.8500000000000005	0.13783505277278166
4.86	0.13739381919521526
4.87	0.1369549006884666
4.88	0.13651828038937808
4.89	0.13608394159183868
4.9	0.13565186774500446
4.91	0.1352220424515422
4.92	0.13479444946589664
4.93	0.13436907269258072
4.94	0.13394589618448852
4.95	0.13352490414123072
4.96	0.1331060809074916
4.97	0.13268941097140802
4.98	0.13227487896296997
4.99	0.13186246965244128
5.	0.13145216794880224
5.01	0.1310439588982113
5.0200000000000005	0.130637827682488
5.03	0.13023375961761482
5.04	0.12983174015225896
5.05	0.1294317548663132
5.0600000000000005	0.12903378946945548
5.07	0.12863782979972754
5.08	0.1282438618221313
5.09	0.1278518716272438
5.1000000000000005	0.12746184542984965
5.11	0.1270737695675913
5.12	0.12667172139198818
5.13	0.12624275637321197
5.14	0.12581607515276036
5.15	0.12539166116396952
5.16	0.12496949799220033
5.17	0.1245495693731522
5.18	0.12413185919119869
5.19	0.12371635147774489
5.2	0.123303030409606
5.21	0.12289188030740679
5.22	0.12248288563400184
5.23	0.1220760309929161
5.24	0.12167130112680533
5.25	0.12126868091593662
5.26	0.12086815537668787
5.2700000000000005	0.12046970966006684
5.28	0.12007332905024921
5.29	0.11967899896313457
5.3	0.11928670494492148
5.3100000000000005	0.1188964326707004
5.32	0.11850816794306399
5.33	0.11812189669073565
5.34	0.11773760496721494
5.3500000000000005	0.11735527894944002
5.36	0.11697490493646716
5.37	0.11659646934816657
5.38	0.11621995872393476
5.39	0.1158453597214226
5.4	0.11547265911527986
5.41	0.11510184379591488
5.42	0.11473290076826967
5.43	0.11436581715061049
5.44	0.11400058017333314
5.45	0.11363717717778331
5.46	0.11327559561509098
5.47	0.11291582304501967
5.48	0.11255784713482961
5.49	0.11220165565815475
5.5	0.1118472364938939
5.51	0.11149457762511478
5.5200000000000005	0.11114366713797226
5.53	0.11079449322063907
5.54	0.11044704416224975
5.55	0.11010130835185758
5.5600000000000005	0.10975727427740385
5.57	0.10941493052470005
5.58	0.10907426577642164
5.59	0.1087352688111145
5.6000000000000005	0.10839792850221332
5.61	0.10806223381707139
5.62	0.10772817381600232
5.63	0.10739573765133321
5.64	0.10706491456646901
5.65	0.10673569389496805
5.66	0.10640806505962866
5.67	0.10608201757158654
5.68	0.10575754102942292
5.69	0.10543462511828307
5.7	0.10511325960900568
5.71	0.10479343435726195
5.72	0.10447513930270508
5.73	0.10415836446812989
5.74	0.10384309995864204
5.75	0.10352933596083723
5.76	0.10321706274198972
5.7700000000000005	0.10290627064925045
5.78	0.10259695010885478
5.79	0.1022890916253388
5.8	0.10198268578076534
5.8100000000000005	0.10167772323395885
5.82	0.10137419471974868
5.83	0.10107209104822176
5.84	0.10077140310398333
5.8500000000000005	0.10047212184542662
5.86	0.10017423830401058
5.87	0.09987774358354615
5.88	0.09956178918820818
5.89	0.09923047316956408
5.9	0.09890081891275157
5.91	0.09857281528757425
5.92	0.09824645125704372
5.93	0.09792171587644335
5.94	0.09759859829240292
5.95	0.09727708774198413
5.96	0.09695717355177673
5.97	0.09663884513700521
5.98	0.09632209200064594
5.99	0.0960069037325544
6.	0.09569327000860275
6.01	0.09538118058982732
6.0200000000000005	0.09507062532158557
6.03	0.09476159413272363
6.04	0.0944540770347523
6.05	0.09414806412103362
6.0600000000000005	0.09384354556597616
6.07	0.09354051162423929
6.08	0.09323895262994758
6.09	0.09293885899591287
6.1000000000000005	0.09264022121286622
6.11	0.09234302984869827
6.12	0.09204727554770778
6.13	0.09175294902985975
6.140000000000001	0.0914600410900507
6.15	0.09116854259738333
6.16	0.0908784444944486
6.17	0.09058973779661646
6.18	0.09030241359133416
6.19	0.09001646303743269
6.2	0.0897318773644408
6.21	0.08944864787190708
6.22	0.08916676592872902
6.23	0.08888622297249019
6.24	0.0886070105088044
6.25	0.08832912011066725
6.26	0.08805254341781507
6.2700000000000005	0.08777727213609061
6.28	0.08750329803681618
6.29	0.08723061295617339
6.3	0.08695920879458985
6.3100000000000005	0.08668907751613272
6.32	0.08642021114790881
6.33	0.08615260177947132
6.34	0.08588624156223305
6.3500000000000005	0.08562112270888621
6.36	0.08535723749282828
6.37	0.08509457824759441
6.38	0.08483313736629583
6.390000000000001	0.0845729073010645
6.4	0.08431388056250377
6.41	0.08405604971914486
6.42	0.08379940739690944
6.43	0.08354394627857788
6.44	0.08328965910326337
6.45	0.08303653866589146
6.46	0.08278457781668558
6.47	0.08253376946065774
6.48	0.08228410655710491
6.49	0.08203558211911074
6.5	0.08178818921305261
6.51	0.08154192095811391
6.5200000000000005	0.08129677052580153
6.53	0.08105273113946855
6.54	0.08080979607384216
6.55	0.080567958654556
6.5600000000000005	0.08032721225768828
6.57	0.08008755030930415
6.58	0.07984896628500317
6.59	0.07961145370947156
6.6000000000000005	0.07937500615603917
6.61	0.07913961724624094
6.62	0.07890528064938328
6.63	0.07867199008211466
6.640000000000001	0.07843973930800097
6.65	0.07820852213710526
6.66	0.0779783324255716
6.67	0.0777491640752138
6.68	0.0775210110331079
6.69	0.07729386729118916
6.7	0.07706772688585334
6.71	0.07684258389756174
6.72	0.07661843245045073
6.73	0.076395266711945
6.74	0.07617308089237507
6.75	0.07593605393434849
6.76	0.0756854898929814
6.7700000000000005	0.07543612118274919
6.78	0.0751879403482336
6.79	0.07494093999141811
6.8	0.07469511277116252
6.8100000000000005	0.07445045140268282
6.82	0.07420694865703664
6.83	0.07396459736061409
6.84	0.07372339039463408
6.8500000000000005	0.07348332069464587
6.86	0.0732443812500359
6.87	0.07300656510353982
6.88	0.07276986535075959
6.890000000000001	0.07253427513968572
6.9	0.07229978767022455
6.91	0.07206639619373019
6.92	0.07183409401254186
6.93	0.07160287447952547
6.94	0.07137273099762041
6.95	0.07114365701939092
6.96	0.07091564604658199
6.97	0.07068869162968006
6.98	0.07046278736747816
6.99	0.07023792690664553
7.	0.07001410394130174
7.01	0.06979131221259527
7.0200000000000005	0.0695695455082861
7.03	0.06934879766233311
7.04	0.06912906255448527
7.05	0.06891033410987717
7.0600000000000005	0.06869260629862879
7.07	0.06847587313544926
7.08	0.06826012867924452
7.09	0.06804536703272947
7.1000000000000005	0.06783158234204331
7.11	0.06761876879636962
7.12	0.06740692062755961
7.13	0.06719603210975954
7.140000000000001	0.06698609755904196
7.15	0.06677711133304037
7.16	0.06656906783058789
7.17	0.06636196149135935
7.18	0.06615578679551713
7.19	0.06595053826336045
7.2	0.0657462104549783
7.21	0.06554279796990563
7.22	0.0653402954467833
7.23	0.06513869756302114
7.24	0.0649379990344646
7.25	0.06473819461506435
7.26	0.06453927909654983
7.2700000000000005	0.06434124730810528
7.28	0.06414409411604957
7.29	0.0639478144235189
7.3	0.06375240317015274
7.3100000000000005	0.06355785533178285
7.32	0.06336416592012542
7.33	0.06317132998247613
7.34	0.0629793426014084
7.3500000000000005	0.06278819889447435
7.36	0.06259789401390901
7.37	0.0624084231463371
7.38	0.062219781512482954
7.390000000000001	0.062031964366883095
7.4	0.06184496699760178
7.41	0.06165878472594911
7.42	0.061473412906202125
7.43	0.06128884692532842
7.44	0.06110508220271249
7.45	0.060922114189884885
7.46	0.060739938370253724
7.47	0.060558550258838995
7.48	0.06037794540200945
7.49	0.06019811937722176
7.5	0.06001906779276261
7.51	0.059840786287492884
7.5200000000000005	0.05966327053059454
7.53	0.059486516221319875
7.54	0.0593105190887431
7.55	0.05913527489151438
7.5600000000000005	0.05896077941761618
7.57	0.0587870284841221
7.58	0.05861401793695766
7.59	0.058441743650663645
7.6000000000000005	0.05827020152816175
7.61	0.05809938750052221
7.62	0.057929297526733634
7.63	0.05775992759347552
7.640000000000001	0.05759127371489205
7.65	0.057423331932368926
7.66	0.05725609831431159
7.67	0.05708956895592611
7.68	0.0569237399790016
7.69	0.056758607531695114
7.7	0.056594167788318335
7.71	0.056430416949126316
7.72	0.05626735124010816
7.73	0.056104966912779754
7.74	0.05594326024397838
7.75	0.05576828077846283
7.76	0.0555844871886337
7.7700000000000005	0.05540153484719024
7.78	0.05521941882835687
7.79	0.055038134241479846
7.8	0.0548576762307322
7.8100000000000005	0.05467803997482146
7.82	0.05449922068670029
7.83	0.05432121361327983
7.84	0.054144014035145904
7.8500000000000005	0.05396761726627777
7.86	0.05379201865376982
7.87	0.053617213577555736
7.88	0.05344319745013541
7.890000000000001	0.05326996571630448
7.9	0.05309751385288635
7.91	0.052925837368466885
7.92	0.052754931803131545
7.930000000000001	0.05258479272820509
7.94	0.05241541574599375
7.95	0.05224679648952984
7.96	0.052078930622318706
7.97	0.05191181383808823
7.98	0.05174544186054063
7.99	0.05157981044310655
8.	0.05141491536870155
8.01	0.05125075244948486
8.02	0.05108731752662045
8.03	0.050924606470040254
8.040000000000001	0.0507626151782097
8.05	0.05060133957789544
8.06	0.05044077562393518
8.07	0.050280919299009734
8.08	0.050121766613417204
8.09	0.04996331360484923
8.1	0.04980555633816937
8.11	0.04964849090519354
8.120000000000001	0.049492113424472385
8.13	0.04933642004107591
8.14	0.049181406926379886
8.15	0.049027070277854246
8.16	0.0488734063188537
8.17	0.048720411298409864
8.18	0.048568081491025754
8.19	0.04841641319647177
8.2	0.0482654027395839
8.21	0.04811504647006356
8.22	0.047965340762279325
8.23	0.04781628201507058
8.24	0.04766786665155275
8.25	0.0475200911189246
8.26	0.04737295188827706
8.27	0.04722644545440387
8.28	0.04708056833561408
8.290000000000001	0.046935317073545986
8.3	0.046790688232983046
8.31	0.046646678401671283
8.32	0.04650328419013841
8.33	0.046360502231514604
8.34	0.046218329181354836
8.35	0.04607676171746295
8.36	0.04593579653971717
8.370000000000001	0.04579543036989724
8.38	0.045655659951513265
8.39	0.04551648204963578
8.4	0.04537789345072763
8.41	0.04523989096247727
8.42	0.04510247141363351
8.43	0.04496563165384179
8.44	0.04482936855348193
8.45	0.04469367900350731
8.46	0.04455855991528542
8.47	0.04442400822044004
8.48	0.044290020870694516
8.49	0.04415659483771671
8.5	0.04402372711296521
8.51	0.043891414707536845
8.52	0.0437596546520157
8.53	0.043628443996323304
8.540000000000001	0.04349777980957031
8.55	0.04336765917990932
8.56	0.043238079214389186
8.57	0.04310903703881037
8.58	0.0429805297975818
8.59	0.042852554653578886
8.6	0.04272510878800275
8.61	0.042598189400240724
8.620000000000001	0.04247179370772811
8.63	0.04234591894581113
8.64	0.04222056236761098
8.65	0.0420957212438892
8.66	0.04197139286291418
8.67	0.041847574530328786
8.68	0.041724263569019204
8.69	0.041601457318984854
8.700000000000001	0.04147915313720945
8.71	0.04135734839753328
8.72	0.04123604049052644
8.73	0.04111522682336323
8.74	0.04099490481969765
8.75	0.040875071919539985
8.76	0.04075572557913442
8.77	0.04063686327083769
8.78	0.0405184824829988
8.790000000000001	0.04040058071983985
8.8	0.040283155501337715
8.81	0.04016620436310691
8.82	0.04004972485628334
8.83	0.03993371454740913
8.84	0.03981817101831837
8.85	0.03970309186602386
8.86	0.03958847470260487
8.870000000000001	0.039474317155095716
8.88	0.03936061686537555
8.89	0.039247371490058684
8.9	0.039118810270974066
8.91	0.03898826357814933
8.92	0.0388582982464473
8.93	0.03872891103950023
8.94	0.03860009874255279
8.950000000000001	0.03847185816229381
8.96	0.03834418612668947
8.97	0.038217079484817985
8.98	0.03809053510670578
8.99	0.037964549883165104
9.	0.03783912072563301
9.01	0.037714244566011954
9.02	0.037589918356511556
9.03	0.037466139069491894
9.040000000000001	0.03734290369730825
9.05	0.037220209252157
9.06	0.03709805276592313
9.07	0.036976431290028824
9.08	0.0368553418952836
9.09	0.036734781671735654
9.1	0.03661474772852448
9.11	0.03649523719373489
9.120000000000001	0.03637624721425214
9.13	0.03625777495561858
9.14	0.03613981760189123
9.15	0.036022372355500855
9.16	0.03590543643711212
9.17	0.03578900708548508
9.18	0.03567308155733774
9.19	0.0355576571272099
9.200000000000001	0.035442731087328136
9.21	0.035328300747471994
9.22	0.035214363434841287
9.23	0.03510091649392455
9.24	0.03498795728636864
9.25	0.0348754831908495
9.26	0.034763491602943966
9.27	0.03465197993500268
9.28	0.03454094561602416
9.290000000000001	0.034430386091529874
9.3	0.034320298823440475
9.31	0.03421068128995297
9.32	0.03410153098541902
9.33	0.033992845420224314
9.34	0.03388462212066891
9.35	0.03377685862884856
9.36	0.033669552502537184
9.370000000000001	0.033562701315070165
9.38	0.03345630265522879
9.39	0.03335035412712561
9.4	0.033244853350090704
9.41	0.03313979795855905
9.42	0.03303518560195872
9.43	0.03293101394460011
9.44	0.03282728066556603
9.450000000000001	0.03272398345860278
9.46	0.03262112003201209
9.47	0.03251868810854405
9.48	0.032416685425290866
9.49	0.03231510973358148
9.5	0.0322139587988772
9.51	0.032113230400668116
9.52	0.032012922332370346
9.53	0.031913032401224256
9.540000000000001	0.03181355842819343
9.55	0.03171449824786451
9.56	0.03161584970834793
9.57	0.03151761067117936
9.58	0.03141977901122209
9.59	0.03132235261657014
9.6	0.031225329388452235
9.61	0.031128707241136495
9.620000000000001	0.03103248410183601
9.63	0.030936657910615197
9.64	0.03084122662029675
9.65	0.030746188196369637
9.66	0.030651540616897618
9.67	0.03055728187242866
9.68	0.030463409965905044
9.69	0.03036992291257424
9.700000000000001	0.03027681873990039
9.71	0.030184095487476786
9.72	0.03009175120693876
9.73	0.029999783961877476
9.74	0.029908191827754376
9.75	0.02981697289181633
9.76	0.029726125253011493
9.77	0.02963564702190579
9.78	0.029545536320600137
9.790000000000001	0.029455791282648344
9.8	0.02936641005297563
9.81	0.02927739078779788
9.82	0.029188731654541434
9.83	0.029100430831763693
9.84	0.029012486509074186
9.85	0.02892489688705645
9.86	0.028837660177190406
9.870000000000001	0.02875077460177541
9.88	0.02866423839385399
9.89	0.028578049797136018
9.9	0.028492207065923775
9.91	0.028406708465037303
9.92	0.02832155226974055
9.93	0.02823673676566816
9.94	0.028152260248752604
9.950000000000001	0.02806812102515213
9.96	0.027984317411179245
9.97	0.02790084773322961
9.98	0.027817710327711742
9.99	0.02773490354097707
10.	0.027652425729250685
10.01	0.02757027525856256
10.02	0.027488450504679365
10.03	0.027406949853036825
10.040000000000001	0.027325771698672535
10.05	0.027244914446159445
10.06	0.027164376509539734
10.07	0.02708415631225932
10.08	0.027004252287102796
10.09	0.026924662876128932
10.1	0.0268453865306067
10.11	0.026766421710951744
10.120000000000001	0.026687766886663387
10.13	0.02660942053626218
10.14	0.026531381147227837
10.15	0.026453647215937716
10.16	0.026376217247605808
10.17	0.026299089756222162
10.18	0.02622226326449282
10.19	0.026145736303780125
10.200000000000001	0.02606950741404369
10.21	0.025991860523069992
10.22	0.0259031914850306
10.23	0.0258149112085635
10.24	0.025727017611652386
10.25	0.025639508625449142
10.26	0.025552382194177783
10.27	0.02546563627503924
10.28	0.025379268838116892
10.290000000000001	0.02529327786628291
10.3	0.025207661355105385
10.31	0.025122417312756152
10.32	0.025037543759919473
10.33	0.024953038729701366
10.34	0.02486890026753974
10.35	0.024785126431115273
10.36	0.024701715290262948
10.370000000000001	0.024618664926884422
10.38	0.02453597343486103
10.39	0.02445363891996749
10.4	0.024371659499786376
10.41	0.02429003330362324
10.42	0.02420875847242244
10.43	0.024127833158683686
10.44	0.02404725552637914
10.450000000000001	0.02396702375087138
10.46	0.023887136018831863
10.47	0.023807590528160148
10.48	0.0237283854879037
10.49	0.023649519118178395
10.5	0.02357098965008969
10.51	0.023492795325654327
10.52	0.02341493439772276
10.53	0.023337405129902195
10.540000000000001	0.023260205796480204
10.55	0.023183334682349007
10.56	0.02310679008293031
10.57	0.023030570304100814
10.58	0.02295467366211822
10.59	0.02287909848354795
10.6	0.022803843105190333
10.61	0.022728905874008484
10.620000000000001	0.022654285147056655
10.63	0.022579979291409272
10.64	0.02250598668409042
10.65	0.02243230571200391
10.66	0.02235893477186407
10.67	0.022285872270126808
10.68	0.02221311662292146
10.69	0.022140666255983005
10.700000000000001	0.022068519604584995
10.71	0.021996675113472846
10.72	0.021925131236797762
10.73	0.021853886438051102
10.74	0.02178293918999937
10.75	0.021712287974619653
10.76	0.02164193128303554
10.77	0.021571867615453575
10.78	0.021502095481100287
10.790000000000001	0.021432613398159543
10.8	0.021363419893710593
10.81	0.02129451350366641
10.82	0.021225892772712664
10.83	0.0211575562542471
10.84	0.0210895025103194
10.85	0.021021730111571504
10.86	0.020954237637178453
10.870000000000001	0.0208870236747896
10.88	0.020820086820470405
10.89	0.02075342567864452
10.9	0.02068703886203649
10.91	0.020620924991614793
10.92	0.020555082696535363
10.93	0.020489510614085507
10.94	0.02042420738962837
10.950000000000001	0.020359171676547678
10.96	0.020294402136193008
10.97	0.020229897437825474
10.98	0.020165656258563792
10.99	0.02010167728333078
11.	0.020037959204800296
11.01	0.019974500723344547
11.02	0.019911300546981838
11.03	0.019848357391324675
11.040000000000001	0.01978566997952831
11.05	0.019723237042239678
11.06	0.01966105731754671
11.07	0.01959912955092801
11.08	0.019537452495202997
11.09	0.01947602491048233
11.1	0.01941484556411879
11.11	0.01935391323065849
11.120000000000001	0.01929322669179247
11.13	0.01923278473630872
11.14	0.01917258616004439
11.15	0.019112629765838603
11.16	0.01905291436348548
11.17	0.018993438769687492
11.18	0.018934201808009317
11.19	0.018875202308831877
11.200000000000001	0.018816439109306842
11.21	0.018757911053311437
11.22	0.018699616991403566
11.23	0.01864155578077731
11.24	0.01858372628521878
11.25	0.01852612737506223
11.26	0.018468757927146556
11.27	0.018411616824772114
11.28	0.018354702957657874
11.290000000000001	0.01829801522189885
11.3	0.01824155251992392
11.31	0.018185313760453885
11.32	0.01812929785845988
11.33	0.018073503735122128
11.34	0.01801793031778894
11.35	0.01796257653993608
11.36	0.017907441341126363
11.370000000000001	0.017852523666969645
11.38	0.017797822469083045
11.39	0.01774333670505145
11.4	0.0176890653383884
11.41	0.01763500733849715
11.42	0.017581161680632132
11.43	0.017527527345860622
11.44	0.017474103321024722
11.450000000000001	0.017420888598703624
11.46	0.01736788217717618
11.47	0.017315083060383638
11.48	0.01726249025789283
11.49	0.0172101027848595
11.5	0.01715791966199192
11.51	0.017105939915514786
11.52	0.01705416257713346
11.53	0.017002586683998296
11.540000000000001	0.016951211278669432
11.55	0.016900035409081682
11.56	0.01684905812850977
11.57	0.016798278495533774
11.58	0.016747695574004885
11.59	0.016697308433011333
11.6	0.01664711614684463
11.61	0.016597117794966025
11.620000000000001	0.01654731246197322
11.63	0.01649769923756731
11.64	0.016448277216520004
11.65	0.016399045498641008
11.66	0.016350003188745757
11.67	0.01630114939662326
11.68	0.016252483237004272
11.69	0.016204003829529648
11.700000000000001	0.016155710298718946
11.71	0.016107601773939252
11.72	0.016059677389374232
11.73	0.01600607287649241
11.74	0.01595193826073011
11.75	0.01589803259330664
11.76	0.015844354712329086
11.77	0.015790903462781905
11.78	0.015737677696480504
11.790000000000001	0.015684676272025026
11.8	0.015631898054754612
11.81	0.015579341916701865
11.82	0.015527006736547829
11.83	0.015474891399577168
11.84	0.015422994797633737
11.85	0.015371315829076528
11.86	0.015319853398735886
11.870000000000001	0.015268606417870062
11.88	0.015217573804122182
11.89	0.015166754481477395
11.9	0.015116147380220447
11.91	0.015065751436893577
11.92	0.015015565594254649
11.93	0.014965588801235706
11.94	0.01491582001290172
11.950000000000001	0.014866258190409763
11.96	0.014816902300968394
11.97	0.014767751317797433
11.98	0.014718804220087915
11.99	0.014670059992962513
12.	0.014621517627436078
12.01	0.014573176120376622
12.02	0.014525034474466484
12.030000000000001	0.014477091698163863
12.040000000000001	0.014429346805664578
12.05	0.014381798816864154
12.06	0.014334446757320183
12.07	0.014287289658214929
12.08	0.014240326556318251
12.09	0.014193556493950802
12.1	0.014146978518947459
12.11	0.01410059168462108
12.120000000000001	0.014054395049726465
12.13	0.014008387678424664
12.14	0.013962568640247463
12.15	0.013916937010062188
12.16	0.013871491868036743
12.17	0.01382623229960493
12.18	0.01378115739543202
12.19	0.013736266251380505
12.200000000000001	0.01369155796847625
12.21	0.01364703165287474
12.22	0.013602686415827667
12.23	0.013558521373649735
12.24	0.013514535647685712
12.25	0.013470728364277689
12.26	0.013427098654732688
12.27	0.013383645655290334
12.280000000000001	0.0133403685070909
12.290000000000001	0.013297266356143573
12.3	0.013254338353294868
12.31	0.01321158365419735
12.32	0.013169001419278561
12.33	0.013126590813710157
12.34	0.013084351007377303
12.35	0.01304228117484825
12.36	0.013000380495344155
12.370000000000001	0.012958648152709118
12.38	0.012917083335380466
12.39	0.012875685236359171
12.4	0.01283445305318056
12.41	0.012793385987885195
12.42	0.012752483246990003
12.43	0.012711744041459559
12.44	0.012671167586677615
12.450000000000001	0.012630753102418828
12.46	0.012590499812820689
12.47	0.012550406946355643
12.48	0.012510473735803421
12.49	0.012470699418223569
12.5	0.012431083234928187
12.51	0.01239162443145482
12.52	0.012352322257539588
12.530000000000001	0.012313175967090516
12.540000000000001	0.01227418481816099
12.55	0.01223534807292347
12.56	0.012196450686524933
12.57	0.012154161217881437
12.58	0.012112051837063247
12.59	0.012070121634933508
12.6	0.012028369707661845
12.61	0.011986795156689307
12.620000000000001	0.011945397088693374
12.63	0.011904174615553442
12.64	0.011863126854316338
12.65	0.011822252927162264
12.66	0.01178155196137089
12.67	0.011741023089287777
12.68	0.011700665448290938
12.69	0.011660478180757786
12.700000000000001	0.011620460434032196
12.71	0.011580611360391896
12.72	0.01154093011701604
12.73	0.011501415865953078
12.74	0.011462067774088803
12.75	0.011422885013114665
12.76	0.01138386675949631
12.77	0.01134501219444237
12.780000000000001	0.011306320503873427
12.790000000000001	0.011267790878391276
12.8	0.011229422513248336
12.81	0.011191214608317365
12.82	0.011153166368061304
12.83	0.011115277001503455
12.84	0.011077545722197754
12.85	0.011039971748199363
12.86	0.011002554302035382
12.870000000000001	0.010965292610675893
12.88	0.010928185905505068
12.89	0.010891233422292623
12.9	0.010854434401165404
12.91	0.010817788086579152
12.92	0.010781293727290588
12.93	0.010744950576329574
12.94	0.010708757890971528
12.950000000000001	0.010672714932710077
12.96	0.010636820967229827
12.97	0.010601075264379397
12.98	0.010565477098144593
12.99	0.010530025746621844
13.	0.010494720491991752
13.01	0.010459560620492869
13.02	0.01042454542239571
13.030000000000001	0.010389674191976825
13.040000000000001	0.010354946227493212
13.05	0.01032036083115679
13.06	0.010285917309109114
13.07	0.01025161497139626
13.08	0.010217453131943907
13.09	0.010183431108532549
13.1	0.01014954822277293
13.11	0.010115803800081634
13.120000000000001	0.010082197169656845
13.13	0.010048727664454327
13.14	0.010015394621163472
13.15	0.009982197380183628
13.16	0.00994913528560054
13.17	0.009916207685162966
13.18	0.009883413930259445
13.19	0.009850753375895267
13.200000000000001	0.009818225380669569
13.21	0.009785829306752637
13.22	0.0097535645198633
13.23	0.00972143038924653
13.24	0.009689426287651232
13.25	0.009657551591308116
13.26	0.009625805679907774
13.27	0.009594187936578893
13.280000000000001	0.009562697747866637
13.290000000000001	0.009531334503711169
13.3	0.009500097597426331
13.31	0.009468986425678455
13.32	0.009438000388465356
13.33	0.009407138889095437
13.34	0.009376401334166977
13.35	0.009345787133547523
13.36	0.009315295700353466
13.370000000000001	0.009284926450929725
13.38	0.009254678804829618
13.39	0.009224552184794808
13.4	0.00919454601673545
13.41	0.009164659729710449
13.42	0.009134892755907852
13.43	0.00910524453062539
13.44	0.009075714492251167
13.450000000000001	0.009046302082244417
13.46	0.009016302933663373
13.47	0.00898411231951722
13.48	0.00895206039581535
13.49	0.008920146462800085
13.5	0.008888369824759318
13.51	0.0088567297900002
13.52	0.008825225670822931
13.530000000000001	0.008793856783494798
13.540000000000001	0.008762622448224375
13.55	0.008731521989135922
13.56	0.00870055473424395
13.57	0.008669720015427998
13.58	0.008639017168407578
13.59	0.008608445532717269
13.6	0.008578004451682074
13.61	0.00854769327239284
13.620000000000001	0.008517511345681978
13.63	0.008487458026099253
13.64	0.008457532671887796
13.65	0.008427734644960315
13.66	0.008398063310875408
13.67	0.008368518038814094
13.68	0.00833909820155651
13.69	0.008309803175458772
13.700000000000001	0.008280632340429963
13.71	0.008251585079909352
13.72	0.008222660780843726
13.73	0.008193858833664906
13.74	0.00816517863226741
13.75	0.008136619573986289
13.76	0.008108181059575111
13.77	0.008079862493184107
13.780000000000001	0.008051663282338459
13.790000000000001	0.00802358283791678
13.8	0.007995620574129695
13.81	0.0079677759084986
13.82	0.0079400482618346
13.83	0.007912437058217536
13.84	0.007884941724975203
13.85	0.007857561692662704
13.86	0.007830296395041968
13.870000000000001	0.007803145269061344
13.88	0.007776107754835463
13.89	0.007749183295625107
13.9	0.007722371337817316
13.91	0.0076956713309055775
13.92	0.007669082727470215
13.93	0.007642604983158829
13.94	0.007616237556666984
13.950000000000001	0.007589979909718917
13.96	0.007563831507048475
13.97	0.007537791816380136
13.98	0.007511860308410161
13.99	0.007486036456787928
14.	0.007460319738097317
14.01	0.007434709631838314
14.02	0.007409205620408657
14.030000000000001	0.007383807189085684
14.040000000000001	0.007358513826008263
14.05	0.007333325022158856
14.06	0.007308240271345736
14.07	0.00728325907018527
14.08	0.007258380918084386
14.09	0.007233605317223128
14.1	0.00720893177253735
14.11	0.0071843597917015025
14.120000000000001	0.007159888885111577
14.13	0.007135518565868131
14.14	0.007111248349759461
14.15	0.007087077755244868
14.16	0.0070630063034380726
14.17	0.007039033518090695
14.18	0.007015158925575887
14.19	0.006991382054872081
14.200000000000001	0.0069677024375468105
14.21	0.006944119607740699
14.22	0.0069206331021515
14.23	0.006897242460018293
14.24	0.006873947223105768
14.25	0.006850746935688625
14.26	0.006827641144536066
14.27	0.006804629398896419
14.280000000000001	0.006781711250481836
14.290000000000001	0.006758886253453133
14.3	0.006736153964404692
14.31	0.006713513942349514
14.32	0.006690965748704329
14.33	0.006668508947274827
14.34	0.006646143104241011
14.35	0.006623867788142608
14.36	0.006601682569864616
14.370000000000001	0.006579587022622914
14.38	0.00655758072195003
14.39	0.006535663245680914
14.4	0.006513834173938914
14.41	0.0064920930891217525
14.42	0.006470439575887671
14.43	0.006446687698220993
14.44	0.00642300454353259
14.450000000000001	0.006399424698643574
14.46	0.00637594764187221
14.47	0.006352572854529259
14.48	0.006329299820898766
14.49	0.006306128028218971
14.5	0.006283056966663374
14.51	0.006260086129321913
14.52	0.006237215012182304
14.530000000000001	0.006214443114111468
14.540000000000001	0.006191769936837147
14.55	0.006169194984929596
14.56	0.006146717765783457
14.57	0.006124337789599693
14.58	0.006102054569367722
14.59	0.006079867620847645
14.6	0.006057776462552575
14.61	0.006035780615731136
14.620000000000001	0.006013879604350052
14.63	0.005992072955076878
14.64	0.00597036019726284
14.65	0.005948740862925808
14.66	0.005927214486733365
14.67	0.005905780605986027
14.68	0.005884438760600565
14.69	0.005863188493093423
14.700000000000001	0.005842029348564299
14.71	0.005820960874679804
14.72	0.0057999826216572304
14.73	0.005779094142248481
14.74	0.005758294991724042
14.75	0.005737584727857156
14.76	0.005716962910907991
14.77	0.005696429103608028
14.780000000000001	0.005675982871144497
14.790000000000001	0.005655623781144931
14.8	0.005635351403661853
14.81	0.0056151653111575234
14.82	0.005595065078488842
14.83	0.005575050282892316
14.84	0.005555120503969157
14.85	0.005535275323670478
14.86	0.005515514326282572
14.870000000000001	0.00549583709841232
14.88	0.005476243228972687
14.89	0.005456732309168325
14.9	0.005437303932481258
14.91	0.005417957694656684
14.92	0.005398693193688871
14.93	0.005379510029807155
14.94	0.005360407805462
14.950000000000001	0.005341386125311232
14.96	0.005322444596206258
14.97	0.005303582827178489
14.98	0.005284800429425778
14.99	0.005266097016298998
15.	0.005247472203288674
15.01	0.005228925608011746
15.02	0.005210456850198399
15.030000000000001	0.005192065551678973
15.040000000000001	0.005173751336371006
15.05	0.005155513830266303
15.06	0.00513735266141816
15.07	0.0051192674599286215
15.08	0.0051012578579358574
15.09	0.005083323489601601
15.1	0.005065463991098708
15.11	0.005047679000598766
15.120000000000001	0.005029968158259794
15.13	0.005012331106214051
15.14	0.004994767488555895
15.15	0.004977276951329755
15.16	0.004959859142518144
15.17	0.004942513712029803
15.18	0.004925240311687887
15.19	0.004908038595218249
15.200000000000001	0.004890908218237794
15.21	0.0048738488382429335
15.22	0.004856860114598072
15.23	0.004839941708524223
15.24	0.004823093283087687
15.25	0.004806314503188777
15.26	0.004789605035550647
15.27	0.004772964548708205
15.280000000000001	0.004756392712997066
15.290000000000001	0.004739889200542626
15.3	0.004723453685249149
15.31	0.004707085842788991
15.32	0.00469078535059186
15.33	0.004674551887834144
15.34	0.004658385135428335
15.35	0.004642284776012507
15.36	0.004626250493939861
15.370000000000001	0.004610281975268362
15.38	0.004594378907750419
15.39	0.004578540980822656
15.4	0.004562767885595724
15.41	0.00454705931484422
15.42	0.004531414962996639
15.43	0.004515834526125409
15.44	0.004500317701936988
15.450000000000001	0.004484864189762028
15.46	0.00446819866407171
15.47	0.004451385726294885
15.48	0.0044346468555632535
15.49	0.004417981678053658
15.5	0.004401389822069229
15.51	0.004384870918025959
15.52	0.004368424598439323
15.530000000000001	0.004352050497911014
15.540000000000001	0.004335748253115772
15.55	0.004319517502788288
15.56	0.0043033578877102255
15.57	0.0042872690506973055
15.58	0.004271250636586491
15.59	0.004255302292223277
15.6	0.004239423666449033
15.610000000000001	0.00422361441008847
15.620000000000001	0.004207874175937174
15.63	0.00419220261874922
15.64	0.004176599395224898
15.65	0.004161064163998491
15.66	0.00414559658562617
15.67	0.004130196322573938
15.68	0.004114863039205688
15.69	0.004099596401771328
15.700000000000001	0.004084396078394991
15.71	0.004069261739063321
15.72	0.004054193055613848
15.73	0.004039189701723438
15.74	0.004024251352896821
15.75	0.0040093776864552075
15.76	0.003994568381524972
15.77	0.003979823119026409
15.780000000000001	0.003965141581662587
15.790000000000001	0.0039505234539082635
15.8	0.003935968421998873
15.81	0.003921476173919606
15.82	0.003907046399394547
15.83	0.003892678789875894
15.84	0.0038783730385332504
15.85	0.0038641288402429864
15.860000000000001	0.0038499458915776845
15.870000000000001	0.003835823890795644
15.88	0.0038217625378304592
15.89	0.003807761534280677
15.9	0.0037938205833995126
15.91	0.0037799393900846464
15.92	0.003766117660868087
15.93	0.003752355103906097
15.94	0.003738651428969185
15.950000000000001	0.003725006347432187
15.96	0.003711419572264394
15.97	0.0036978908180197475
15.98	0.0036844198008271047
15.99	0.0036710062383805823
16.	0.0036576498499299504
16.01	0.003644350356271081
16.02	0.0036311074797364977
16.03	0.003617920944185951
16.04	0.0036047904749970765
16.05	0.003591715799056118
16.06	0.003578696644748696
16.07	0.003565732741950659
16.080000000000002	0.003552823822018987
16.09	0.0035399696177827495
16.1	0.003527169863534136
16.11	0.0035144242950195426
16.12	0.003501732649430709
16.13	0.0034890946653959344
16.14	0.0034765100829713346
16.15	0.003463978643632167
16.16	0.003451500090264207
16.17	0.0034390741671551897
16.18	0.0034267006199863045
16.19	0.003414379195823747
16.2	0.0034021096431103236
16.21	0.0033898917116571207
16.22	0.0033777251526352237
16.23	0.0033656097185674853
16.240000000000002	0.0033535451633203684
16.25	0.003341531242095823
16.26	0.003329567711423218
16.27	0.0033176543291513452
16.28	0.0033057908544404514
16.29	0.003293977047754352
16.3	0.0032822126708525663
16.31	0.0032704974867825256
16.32	0.0032588312598718313
16.330000000000002	0.0032472137557205496
16.34	0.003235644741193581
16.35	0.003224123984413056
16.36	0.003212651254750798
16.37	0.0032012263228208236
16.38	0.003189848960471906
16.39	0.003178518940780181
16.4	0.0031672360380417927
16.41	0.003156000027765602
16.42	0.0031448106866659342
16.43	0.0031336677926553837
16.44	0.0031225711248376474
16.45	0.003111520463500434
16.46	0.0031005155901083895
16.47	0.003089556287296082
16.48	0.003078642338861048
16.490000000000002	0.003067773529756855
16.5	0.003056949646086234
16.51	0.0030461704750942373
16.52	0.0030354358051614674
16.53	0.003024745425797312
16.54	0.0030140991276332635
16.55	0.003003496702416257
16.56	0.0029926069606455346
16.57	0.0029811357343599997
16.580000000000002	0.0029697153604953844
16.59	0.0029583455831535504
16.6	0.0029470261478772124
16.61	0.0029357568016409683
16.62	0.0029245372928423854
16.63	0.002913367371293145
16.64	0.0029022467882102573
16.65	0.002891175296207323
16.66	0.0028801526492858664
16.67	0.0028691786028267156
16.68	0.002858252913581452
16.69	0.0028473753396639186
16.7	0.002836545640541771
16.71	0.002825763577028101
16.72	0.0028150289112731175
16.73	0.002804341406755861
16.740000000000002	0.002793700828276008
16.75	0.0027831069419457224
16.76	0.0027725595151815202
16.77	0.002762058316696257
16.78	0.002751603116491115
16.79	0.002741193685847676
16.8	0.0027308297973200335
16.81	0.002720511224726957
16.82	0.0027102377431441216
16.830000000000002	0.0027000091288963734
16.84	0.002689825159550066
16.85	0.0026796856139054206
16.86	0.002669590271988977
16.87	0.0026595389150460536
16.88	0.002649531325533292
16.89	0.0026395672871112274
16.9	0.0026296465846369255
16.91	0.0026197690041566603
16.92	0.002609934332898638
16.93	0.0026001423592657857
16.94	0.0025903928728285646
16.95	0.00258068566431785
16.96	0.002571020525617858
16.97	0.002561397249759104
16.98	0.00255181563091142
16.990000000000002	0.0025422754643770326
17.	0.002532776546583646
17.01	0.002523318675077619
17.02	0.0025139016485171543
17.03	0.002504525266665542
17.04	0.0024951893303844647
17.05	0.002485893641627313
17.06	0.002476638003432582
17.07	0.002467422219917282
17.080000000000002	0.0024582460962704116
17.09	0.0024491094387464746
17.1	0.0024400120546590213
17.11	0.002430953752374253
17.12	0.002421934341304654
17.13	0.0024129536319026867
17.14	0.002404011435654494
17.150000000000002	0.00239510756507368
17.16	0.002386241833695112
17.17	0.002377414056068759
17.18	0.0023686240477535873
17.19	0.002359871625311486
17.2	0.0023511566063012346
17.21	0.002342478809272504
17.22	0.0023338380537599145
17.23	0.002325234160277112
17.240000000000002	0.0023166669503108983
17.25	0.0023081362463153914
17.26	0.002299641871706231
17.27	0.0022911836508548154
17.28	0.0022827614090825724
17.29	0.002274374972655296
17.3	0.002266024168777471
17.31	0.0022577088255866886
17.32	0.002249428772148053
17.330000000000002	0.002241183838448653
17.34	0.002232973855392061
17.35	0.002224798654792866
17.36	0.002216658069371247
17.37	0.0022085519327475754
17.38	0.002200480079437057
17.39	0.002192442344844414
17.400000000000002	0.0021844385652585855
17.41	0.0021764685778474843
17.42	0.002168532220652771
17.43	0.002160629332584661
17.44	0.0021527597534167896
17.45	0.0021449233237810744
17.46	0.0021371198851626388
17.47	0.0021293492798947623
17.48	0.002121611351153848
17.490000000000002	0.0021139059429544516
17.5	0.0021062329001443106
17.51	0.002098592068399431
17.52	0.0020909832942191983
17.53	0.0020834064249215046
17.54	0.0020758613086379364
17.55	0.0020683477943089683
17.56	0.0020608657316791975
17.57	0.0020534149712926153
17.580000000000002	0.0020459953644878922
17.59	0.0020386067633937125
17.6	0.002031249020924133
17.61	0.0020239219907739504
17.62	0.00201662552741414
17.63	0.0020093594860872877
17.64	0.002002123722803065
17.650000000000002	0.0019949180943337383
17.66	0.0019877424582096922
17.67	0.0019805966727149994
17.68	0.001973480596883009
17.69	0.0019663940904919566
17.7	0.0019593370140606158
17.71	0.001952309228843976
17.72	0.0019453105968289391
17.73	0.0019383409807300408
17.740000000000002	0.0019314002439852242
17.75	0.0019241350447005141
17.76	0.0019168760057082458
17.77	0.0019096484153913035
17.78	0.001902452119920359
17.79	0.001895286966304443
17.8	0.0018881528023858992
17.81	0.001881049476835391
17.82	0.0018739768391469228
17.830000000000002	0.0018669347396329087
17.84	0.0018599230294192612
17.85	0.0018529415604405233
17.86	0.0018459901854350196
17.87	0.0018390687579400494
17.88	0.001832177132287113
17.89	0.0018253151635971535
17.900000000000002	0.0018184827077758548
17.91	0.001811679621508942
17.92	0.0018049057622575326
17.93	0.0017981609882535177
17.94	0.0017914451584949548
17.95	0.001784758132741514
17.96	0.0017780997715099377
17.97	0.0017714699360695382
17.98	0.0017648684884377158
17.990000000000002	0.0017582952913755222
18.	0.0017517502083832341
18.01	0.001745233103695963
18.02	0.001738743842279303
18.03	0.0017322822898249888
18.04	0.0017258483127465946
18.05	0.0017194417781752605
18.06	0.0017130625539554416
18.07	0.0017067105086406797
18.080000000000002	0.0017003855114894211
18.09	0.0016940874324608446
18.1	0.0016878161422107126
18.11	0.0016815715120872747
18.12	0.0016753534141271639
18.13	0.0016691617210513484
18.14	0.0016629963062610913
18.150000000000002	0.0016568570438339444
18.16	0.001650743808519762
18.17	0.001644656475736751
18.18	0.0016385949215675308
18.19	0.001632559022755237
18.2	0.0016265486566996255
18.21	0.0016205637014532373
18.22	0.0016146040357175474
18.23	0.001608669538839166
18.240000000000002	0.0016027600908060597
18.25	0.0015968755722437916
18.26	0.0015910158644117758
18.27	0.001585180849199586
18.28	0.0015793704091232525
18.29	0.0015735844273216122
18.3	0.001567822787552656
18.31	0.0015620853741899253
18.32	0.001556372072218911
18.330000000000002	0.0015506827672334843
18.34	0.0015450173454323506
18.35	0.0015393756936155233
18.36	0.001533757699180824
18.37	0.0015281632501203983
18.38	0.0015225922350172595
18.39	0.0015170445430418517
18.400000000000002	0.001511520063948642
18.41	0.0015060186880727154
18.42	0.0015005403063264163
18.43	0.0014950848101959882
18.44	0.0014896520917382567
18.45	0.001484242043577311
18.46	0.001478854558901225
18.47	0.001473489531458788
18.48	0.0014681468555562624
18.490000000000002	0.0014628264260541576
18.5	0.001457528138364028
18.51	0.0014522518884452864
18.52	0.0014469975728020393
18.53	0.0014417650884799495
18.54	0.0014365543330631073
18.55	0.0014313652046709278
18.56	0.0014261976019550647
18.57	0.0014210514240963477
18.580000000000002	0.0014159265708017326
18.59	0.0014108229423012819
18.6	0.0014057404393451487
18.61	0.0014006789632005938
18.62	0.0013956384156490103
18.63	0.0013906186989829793
18.64	0.0013856197160033324
18.650000000000002	0.0013806413700162357
18.66	0.0013756835648302975
18.67	0.001370746204753688
18.68	0.0013658291945912804
18.69	0.0013609324396418067
18.7	0.0013560558456950378
18.71	0.001351199319028969
18.72	0.0013463627664070399
18.73	0.0013415460950753526
18.740000000000002	0.0013367492127599287
18.75	0.0013319720276639636
18.76	0.0013272144484651077
18.77	0.0013224763843127647
18.78	0.0013177577448254022
18.79	0.001313058440087887
18.8	0.0013083783806488287
18.81	0.0013037174775179412
18.82	0.0012990756421634262
18.830000000000002	0.001294452786509365
18.84	0.0012898488229331376
18.85	0.001285263664262843
18.86	0.0012806972237747473
18.87	0.0012761494151907423
18.88	0.0012716201526758236
18.89	0.0012671093508355798
18.900000000000002	0.0012626169247136989
18.91	0.0012581427897894928
18.92	0.0012536868619754335
18.93	0.0012492490576147069
18.94	0.0012448292934787739
18.95	0.0012404274867649685
18.96	0.0012360435550940786
18.97	0.001231677416507973
18.98	0.0012273289894672132
18.990000000000002	0.0012229981928487132
19.	0.0012186849459433827
19.01	0.0012143946944415706
19.02	0.0012102201234849
19.03	0.0012060620858742922
19.04	0.001201920507493108
19.05	0.001197795314595639
19.06	0.0011936864338050605
19.07	0.0011895937921113835
19.080000000000002	0.0011855173168694435
19.09	0.0011814569357968773
19.1	0.0011774125769721255
19.11	0.0011733841688324478
19.12	0.0011693716401719398
19.13	0.0011653749201395735
19.14	0.001161393938237241
19.150000000000002	0.0011574286243178182
19.16	0.0011534789085832283
19.17	0.0011495447215825283
19.18	0.001145625994210004
19.19	0.001141722657703275
19.2	0.0011378346436414061
19.21	0.001133961883943041
19.22	0.0011301043108645397
19.23	0.0011262618569981265
19.240000000000002	0.0011224344552700537
19.25	0.001118622038938776
19.26	0.0011148245415931286
19.27	0.001111041897150526
19.28	0.001107274039855163
19.29	0.0011035209042762337
19.3	0.0010997824253061567
19.31	0.001096058538158812
19.32	0.0010923491783677887
19.330000000000002	0.0010886542817846424
19.34	0.001084973784577164
19.35	0.0010813076232276584
19.36	0.0010776557345312334
19.37	0.0010740180555940987
19.38	0.0010703945238318751
19.39	0.0010667850769679125
19.400000000000002	0.0010631896530316235
19.41	0.0010596081903568157
19.42	0.001056040627580047
19.43	0.001052486903638982
19.44	0.001048946957770758
19.45	0.0010454207295103703
19.46	0.0010419081586890509
19.47	0.0010384091854326724
19.48	0.0010349237501601552
19.490000000000002	0.001031451793581878
19.5	0.0010279932566981103
19.51	0.001024548080797443
19.52	0.0010211162074552323
19.53	0.0010176975785320581
19.54	0.0010142921361721794
19.55	0.001010899822802013
19.56	0.0010075205811286097
19.57	0.0010041543541381439
19.580000000000002	0.0010008010850944132
19.59	0.0009974607175373483
19.6	0.0009941331952815244
19.61	0.0009908184624146876
19.62	0.0009875164632962904
19.63	0.0009842271425560315
19.64	0.0009809504450924065
19.650000000000002	0.0009776863160712696
19.66	0.0009744347009243981
19.67	0.0009711955453480708
19.68	0.0009679687953016504
19.69	0.0009647543970061788
19.7	0.0009615522969429728
19.71	0.0009583624418522412
19.72	0.0009551847787316942
19.73	0.0009520192548351725
19.740000000000002	0.0009488658176712816
19.75	0.0009457244150020307
19.76	0.0009425949948414828
19.77	0.0009394775054544113
19.78	0.0009363718953549669
19.79	0.000933278113305349
19.8	0.0009301961083144832
19.81	0.0009271258296367157
19.82	0.0009240672267705044
19.830000000000002	0.0009210202494571236
19.84	0.0009179848476793756
19.85	0.000914960971660305
19.86	0.0009119485718619327
19.87	0.0009089475989839807
19.88	0.0009059580039626179
19.89	0.0009029797379692052
19.900000000000002	0.0009000127524090531
19.91	0.0008970569989201803
19.92	0.0008941124293720874
19.93	0.0008911789958645316
19.94	0.0008882566507263097
19.95	0.0008853453465140504
19.96	0.0008824450360110083
19.97	0.000879555672225875
19.98	0.0008766772083915864
19.990000000000002	0.0008738095979641396
20.	0.000870952794621421
20.01	0.0008681067522620393
20.02	0.0008652714250041606
20.03	0.0008624467671843558
20.04	0.0008596327333564543
20.05	0.0008568292782903978
20.06	0.000854036356971111
20.07	0.0008512539245973702
20.080000000000002	0.0008484819365806815
20.09	0.0008457203485441674
20.1	0.0008429691163214545
20.11	0.0008402281959555756
20.12	0.0008374975436978693
20.13	0.0008347771160068916
20.14	0.0008320668695473322
20.150000000000002	0.0008293667611889358
20.16	0.000826676748005435
20.17	0.0008239967872734771
20.18	0.0008213268364715735
20.19	0.0008186668532790412
20.2	0.0008160167955749558
20.21	0.0008133766214371133
20.22	0.0008107462891409939
20.23	0.0008081257571587308
20.240000000000002	0.0008055149841580876
20.25	0.0008029139290014435
20.26	0.0008003225507447772
20.27	0.0007977408086366635
20.28	0.0007951686621172712
20.29	0.0007926060708173715
20.3	0.0007900529945573452
20.31	0.000787509393346202
20.32	0.0007849752273806016
20.330000000000002	0.0007824504570438828
20.34	0.0007799350429050932
20.35	0.0007774289457180327
20.36	0.0007749321264202938
20.37	0.0007725112071452947
20.38	0.000770706586450617
20.39	0.0007689070635995417
20.400000000000002	0.00076711262170167
20.41	0.0007653232439308058
20.42	0.0007635389135246792
20.43	0.0007617596137846747
20.44	0.0007599853280755556
20.45	0.0007582160398251969
20.46	0.000756451732524309
20.47	0.0007546923897261764
20.48	0.0007529379950463835
20.490000000000002	0.0007511885321625508
20.5	0.0007494439848140718
20.51	0.0007477043368018467
20.52	0.0007459695719880199
20.53	0.0007442396742957208
20.54	0.0007425146277088025
20.55	0.0007407944162715828
20.56	0.0007390790240885857
20.57	0.0007373684353242895
20.580000000000002	0.0007356626342028656
20.59	0.0007339616050079287
20.6	0.0007322653320822823
20.61	0.0007305737998276699
20.62	0.0007288869927045202
20.63	0.0007272048952317019
20.64	0.000725527491986274
20.650000000000002	0.0007238547676032383
20.66	0.0007221867067752969
20.67	0.0007205232942526033
20.68	0.0007188645148425232
20.69	0.0007172103534093895
20.7	0.0007155607948742627
20.71	0.0007139158242146918
20.72	0.0007122754264644725
20.73	0.0007106395867134126
20.740000000000002	0.000709008290107096
20.75	0.0007073815218466425
20.76	0.0007057592671884797
20.77	0.0007041415114441054
20.78	0.0007025282399798564
20.79	0.0007009194382166803
20.8	0.0006993150916299013
20.81	0.000697715185748995
20.82	0.0006961197061573581
20.830000000000002	0.000694528638492082
20.84	0.00069294196844373
20.85	0.0006913596817561085
20.86	0.0006897817642260479
20.87	0.000688208201703174
20.88	0.000686638980089695
20.89	0.0006850740853401717
20.900000000000002	0.0006835135034613069
20.91	0.00068195722051172
20.92	0.0006804052226017341
20.93	0.0006788574958931581
20.94	0.0006773140265990708
20.95	0.0006757748009836078
20.96	0.0006742398053617471
20.97	0.000672709026099098
20.98	0.0006711824496116884
20.990000000000002	0.000669660062365756
21.	0.0006681418508775363
21.01	0.0006666278017130583
21.02	0.0006651179014879323
21.03	0.0006636121368671467
21.04	0.0006621104945648631
21.05	0.0006606129613442075
21.06	0.0006591195240170714
21.07	0.0006576301694439053
21.080000000000002	0.0006561448845335214
21.09	0.0006546636562428876
21.1	0.0006531864715769311
21.11	0.0006517133175883394
21.12	0.0006502441813773589
21.13	0.0006487790500916038
21.14	0.0006473179109258535
21.150000000000002	0.0006458607511218612
21.16	0.0006444075579681582
21.17	0.0006429583187998612
21.18	0.0006415130209984786
21.19	0.0006400716519917185
21.2	0.0006386341992533009
21.21	0.0006372006503027631
21.22	0.0006357709927052744
21.23	0.0006343452140714454
21.240000000000002	0.000632923302057143
21.25	0.0006315052443633008
21.26	0.0006300910287357376
21.27	0.0006286806429649675
21.28	0.0006272740748860205
21.29	0.0006258713123782577
21.3	0.0006244723433651867
21.31	0.0006230771558142855
21.32	0.0006216857377368171
21.330000000000002	0.0006202980771876501
21.34	0.0006189141622650841
21.35	0.0006175339811106657
21.36	0.0006161575219090153
21.37	0.0006147847728876499
21.38	0.0006134157223168054
21.39	0.000612050358509263
21.400000000000002	0.0006106886698201762
21.41	0.0006093306446468962
21.42	0.0006079762714287986
21.43	0.0006066255386471143
21.44	0.0006052784348247552
21.45	0.0006039349485261475
21.46	0.0006025950683570589
21.47	0.000601258782964432
21.48	0.0005999260810362158
21.490000000000002	0.0005985969513012005
21.5	0.0005972713825288472
21.51	0.0005959493635291256
21.52	0.0005946308831523483
21.53	0.0005933159302890055
21.54	0.0005920044938696042
21.55	0.0005906965628645027
21.56	0.0005893921262837497
21.57	0.0005880911731769257
21.580000000000002	0.0005867936926329776
21.59	0.0005854996737800644
21.6	0.0005842091057853932
21.61	0.0005829219778550652
21.62	0.0005816382792339155
21.63	0.0005803579992053572
21.64	0.000579081127091225
21.650000000000002	0.0005778076522516201
21.66	0.0005765375640847554
21.67	0.0005752708520268019
21.68	0.0005740075055517335
21.69	0.0005727475141711763
21.7	0.0005714908674342567
21.71	0.0005702375549274497
21.72	0.0005689875662744268
21.73	0.0005677408911359078
21.740000000000002	0.0005664975192095126
21.75	0.0005652574402296088
21.76	0.0005640206439671683
21.77	0.0005627871202296168
21.78	0.0005658512896126659
21.79	0.0005744583655589464
21.8	0.0005831923228994347
21.81	0.0005920549725655164
21.82	0.000601048150486988