0.01	3.3626330710842436
0.02	2.083112025615822
0.03	1.6427026910898397
0.04	1.4199663501480464
0.05	1.2861569982154062
0.06	1.1954760142182093
0.07	1.1310918463178439
0.08	1.0852068868909952
0.09	1.0490710766141422
0.1	1.0190191984969734
0.11	0.9944262252532032
0.12	0.9735539205071557
0.13	0.9552428627278924
0.14	0.9400274922400509
0.15	0.926319352568061
0.16	0.9143852842363744
0.17	0.9033339493129515
0.18	0.8933331311381767
0.19	0.8839750884088688
0.2	0.875489594659885
0.21	0.8677348405046637
0.22	0.8604048836965641
0.23	0.853301895213366
0.24	0.846479795955453
0.25	0.8399874817826071
0.26	0.8336444151838002
0.27	0.8273187090846378
0.28	0.8212684970690042
0.29	0.8154725646298218
0.3	0.8096971635609148
0.31	0.8039837297427508
0.32	0.7984901243074766
0.33	0.7932014051907867
0.34	0.788036257158486
0.35000000000000003	0.7827804436652881
0.36	0.7777062894871605
0.37	0.7728027249793773
0.38	0.7680596314783382
0.39	0.7633694864364221
0.4	0.7584083040453972
0.41000000000000003	0.7536006927888409
0.42	0.748938323475744
0.43	0.7444135034978695
0.44	0.7400191146973059
0.45	0.7355525375996835
0.46	0.730962440372808
0.47000000000000003	0.7264987901730026
0.48	0.7221555223732553
0.49	0.7179269819355798
0.5	0.7138078880531935
0.51	0.7097933024830501
0.52	0.7055729056244837
0.53	0.701397965543531
0.54	0.6973250823599039
0.55	0.6933499394937718
0.56	0.6894684772261879
0.5700000000000001	0.6856768731497931
0.58	0.6819715244207102
0.59	0.6782551583773102
0.6	0.6743507437685226
0.61	0.6705327903732978
0.62	0.6667980125460743
0.63	0.6631432999392274
0.64	0.6595657055438757
0.65	0.6560624347188974
0.66	0.6526308351126956
0.67	0.649268387392764
0.68	0.6457726687875837
0.6900000000000001	0.6421860414489153
0.7000000000000001	0.6386705148496201
0.71	0.6352236935893256
0.72	0.6318432952587867
0.73	0.6285271436288711
0.74	0.6252731623369711
0.75	0.6220793690283412
0.76	0.6189438699140019
0.77	0.6158648547105476
0.78	0.6126957833396273
0.79	0.6094702430089
0.8	0.6063019387735087
0.81	0.6031891583750237
0.8200000000000001	0.6001302611086075
0.8300000000000001	0.5971236740038149
0.84	0.5941678882524407
0.85	0.591261455864703
0.86	0.5884029865366723
0.87	0.5855911447133214
0.88	0.5828246468328862
0.89	0.5800820987384117
0.9	0.5771709339111222
0.91	0.5743063061060525
0.92	0.5714869721399747
0.93	0.568711735089397
0.9400000000000001	0.5659794420939815
0.9500000000000001	0.5632889822863517
0.96	0.5606392848397752
0.97	0.5580293171258593
0.98	0.5554580829749984
0.99	0.5529246210328581
1.	0.5504280032066869
1.01	0.5479673331956993
1.02	0.5455417451002033
1.03	0.5429173227347489
1.04	0.5403087362401713
1.05	0.5377374671583135
1.06	0.5352026337967313
1.07	0.5327033833591233
1.08	0.5302388907389043
1.09	0.5278083573737795
1.1	0.525411010157704
1.11	0.5230461004068642
1.12	0.5207129028765384
1.1300000000000001	0.5184107148259026
1.1400000000000001	0.5161388551280437
1.1500000000000001	0.5138966634226192
1.16	0.5116834993087701
1.17	0.5094987415760445
1.18	0.507188553869239
1.19	0.5048674817942744
1.2	0.5025763223546281
1.21	0.5003144455631664
1.22	0.49808123976549595
1.23	0.49587611096149614
1.24	0.49369848215724027
1.25	0.4915477927457077
1.26	0.48942349791479706
1.27	0.48732506808122195
1.28	0.4852519883489708
1.29	0.4832037579910798
1.3	0.4811798899535427
1.31	0.4791799103802514
1.32	0.4772033581579214
1.33	0.47524978448001964
1.34	0.4733187524287617
1.35	0.4713436623723948
1.36	0.46930184869673164
1.37	0.46728374156231917
1.3800000000000001	0.4652888956763283
1.3900000000000001	0.4633168772581817
1.4000000000000001	0.46136726366170183
1.41	0.4594396430122559
1.42	0.4575336138582008
1.43	0.45564878483597043
1.44	0.4537847743481776
1.45	0.4519412102541398
1.46	0.450117729572267
1.47	0.44831397819378044
1.48	0.44652961060725394
1.49	0.444764289633503
1.5	0.4430176861703623
1.51	0.44128947894692283
1.52	0.43957935428681666
1.53	0.4378870058801585
1.54	0.436212134563775
1.55	0.4344735206451978
1.56	0.4326677266658085
1.57	0.4308809050538175
1.58	0.42911273752815143
1.59	0.42736291311761715
1.6	0.42563112794833075
1.61	0.42391708503861053
1.62	0.42222049410102924
1.6300000000000001	0.42054107135133223
1.6400000000000001	0.4188785393239417
1.6500000000000001	0.4172326266937849
1.6600000000000001	0.41560306810418857
1.67	0.4139896040006007
1.68	0.41239198046990844
1.69	0.41080994908513035
1.7	0.40924326675527434
1.71	0.40769169558015883
1.72	0.4061550027100069
1.73	0.4046329602096272
1.74	0.4031253449270094
1.75	0.4016319383661633
1.76	0.4001525265640434
1.77	0.3986868999714037
1.78	0.3971572656076749
1.79	0.3955891957202977
1.8	0.3940360011553318
1.81	0.39249745932873126
1.82	0.39097335219271306
1.83	0.38946346611900606
1.84	0.38796759178572154
1.85	0.3864855240677179
1.86	0.38501706193033053
1.87	0.3835620083263467
1.8800000000000001	0.38212017009611027
1.8900000000000001	0.3806913578706455
1.9000000000000001	0.3792753859776909
1.9100000000000001	0.37787207235054393
1.92	0.37648123843961623
1.93	0.37510270912660565
1.94	0.3737363126411955
1.95	0.37238188048019205
1.96	0.37103924732901883
1.97	0.36970825098548643
1.98	0.3683887322857604
1.99	0.36708053503245397
2.	0.3657835059247737
2.0100000000000002	0.3644974944906495
2.02	0.363222353020784
2.0300000000000002	0.3619579365045556
2.04	0.3606653577535504
2.05	0.3592979188582888
2.06	0.35794228099698117
2.07	0.35659828577793984
2.08	0.3552657776870701
2.09	0.35394460402206546
2.1	0.35263461482841424
2.11	0.35133566283716006
2.12	0.3500476034043574
2.13	0.3487702944521722
2.14	0.34750359641157097
2.15	0.3462473721665527
2.16	0.3450014869998717
2.17	0.3437658085402069
2.18	0.3425402067107305
2.19	0.3413245536790362
2.2	0.3401187238083805
2.21	0.3389225936102014
2.22	0.337736041697871
2.23	0.33655894874164927
2.24	0.3353911974247971
2.25	0.3342326724008202
2.2600000000000002	0.33308326025180335
2.27	0.33194284944780705
2.2800000000000002	0.33081133030729326
2.29	0.3296885949585498
2.3000000000000003	0.3285745373020842
2.31	0.3274690529739585
2.32	0.32637203931003683
2.33	0.3252833953111211
2.34	0.32419013508906147
2.35	0.32302124015771744
2.36	0.3218614964662598
2.37	0.32071079404698793
2.38	0.31956902471029475
2.39	0.31843608200859386
2.4	0.3173118612011273
2.41	0.3161962592196254
2.42	0.315089174634799
2.43	0.3139905076236361
2.44	0.3129001599374836
2.45	0.31181803487089055
2.46	0.3107440372311926
2.47	0.3096780733088161
2.48	0.30862005084828276
2.49	0.30756987901989613
2.5	0.3065274683920893
2.5100000000000002	0.30549273090441714
2.52	0.304465579841177
2.5300000000000002	0.30344592980563645
2.54	0.30243369669485737
2.5500000000000003	0.30142879767509484
2.56	0.30043115115776065
2.57	0.2994406767759313
2.58	0.29845729536139076
2.59	0.2974809289221905
2.6	0.29651150062071385
2.61	0.2955489347522336
2.62	0.29459315672394637
2.63	0.2936440930344746
2.64	0.29270167125382174
2.65	0.2917658200037711
2.66	0.2908364689387136
2.67	0.28991354872689795
2.68	0.2889969910320879
2.69	0.288044721872015
2.7	0.2870545772601716
2.71	0.28607147783481923
2.72	0.2850953477467262
2.73	0.2841261122381434
2.74	0.28316369762317
2.75	0.28220803126854466
2.7600000000000002	0.28125904157484694
2.77	0.2803166579581034
2.7800000000000002	0.27938081083178384
2.79	0.2784514315891815
2.8000000000000003	0.2775284525861665
2.81	0.2766118071243015
2.82	0.27570142943431464
2.83	0.2747972546599167
2.84	0.2738992188419575
2.85	0.2730072589029109
2.86	0.27212131263168193
2.87	0.27124131866872786
2.88	0.2703672164914855
2.89	0.26949894640009675
2.9	0.2686364495034272
2.91	0.26777966770536865
2.92	0.26692854369142
2.93	0.26608302091553987
2.94	0.26524304358726436
2.95	0.2644085566590829
2.96	0.2635795058140681
2.97	0.262755837453752
2.98	0.26193749868624355
2.99	0.26112443731458135
3.	0.26031660182531735
3.0100000000000002	0.2595139413773249
3.02	0.2587164057908263
3.0300000000000002	0.25792394553663545
3.04	0.2571365117256106
3.0500000000000003	0.256354056098311
3.06	0.25557653101485545
3.0700000000000003	0.25480388944497506
3.08	0.25403608495825897
3.09	0.253223959012082
3.1	0.25239634466688654
3.11	0.2515740876073061
3.12	0.250757136095462
3.13	0.2499454390568301
3.14	0.24913894606964967
3.15	0.248337607354536
3.16	0.2475413737642883
3.17	0.24675019677389337
3.18	0.24596402847071647
3.19	0.24518282154487803
3.2	0.24440652927981066
3.21	0.24363510554299406
3.22	0.24286850477686123
3.23	0.2421066819898757
3.24	0.24134959274777315
3.25	0.24059719316496594
3.2600000000000002	0.23984943989610552
3.27	0.2391062901278001
3.2800000000000002	0.23836770157048487
3.29	0.23763363245043964
3.3000000000000003	0.23690404150195304
3.31	0.23617888795962808
3.3200000000000003	0.235458131550828
3.33	0.23474173248825786
3.34	0.2340296514626799
3.35	0.23332184963575964
3.36	0.2326182886330404
3.37	0.2319189305370422
3.38	0.23122373788048467
3.39	0.2305326736396289
3.4	0.22984570122773812
3.41	0.22916278448865335
3.42	0.22848388769048147
3.43	0.22780897551939464
3.44	0.227138013073538
3.45	0.22647096585704302
3.46	0.22580779977414558
3.47	0.22514848112340544
3.48	0.22449297659202627
3.49	0.2238412532502725
3.5	0.22319327854598298
3.5100000000000002	0.2225490202991784
3.52	0.22190844669676055
3.5300000000000002	0.22127152628730237
3.54	0.22063630724336414
3.5500000000000003	0.21993606658970896
3.56	0.21924000868814933
3.5700000000000003	0.21854809690949284
3.58	0.21786029504671878
3.59	0.21717656730894958
3.6	0.21649687831552564
3.61	0.21582119309018025
3.62	0.21514947705531376
3.63	0.2144816960263636
3.64	0.2138178162062694
3.65	0.21315780418003127
3.66	0.21250162690935842
3.67	0.21184925172740823
3.68	0.21120064633361127
3.69	0.21055577878858428
3.7	0.20991461750912532
3.71	0.20927713126329342
3.72	0.2086432891655674
3.73	0.2080130606720859
3.74	0.20738641557596418
3.75	0.20676332400268838
3.7600000000000002	0.20614375640558352
3.77	0.20552768356135667
3.7800000000000002	0.20491507656571117
3.79	0.20430590682903252
3.8000000000000003	0.20370014607214293
3.81	0.2030977663221253
3.8200000000000003	0.20249873990821296
3.83	0.20190303945774626
3.84	0.2013106378921927
3.85	0.2007215084232309
3.86	0.20013562454889697
3.87	0.199552960049791
3.88	0.1989734889853445
3.89	0.19839718569014575
3.9	0.1978240247703234
3.91	0.19725398109998646
3.92	0.19668702981772
3.93	0.19612314632313568
3.94	0.19556230627347554
3.95	0.19500448558026864
3.96	0.19444966040603964
3.97	0.19389780716106741
3.98	0.1933489025001948
3.99	0.19280292331968626
4.	0.1922598467541338
4.01	0.19171965017341086
4.0200000000000005	0.19118231117967172
4.03	0.19064780760439737
4.04	0.1901161175054853
4.05	0.189587219164384
4.0600000000000005	0.1890610910832704
4.07	0.1885038063155747
4.08	0.18792555136376252
4.09	0.18735047932331114
4.1	0.1867785649563078
4.11	0.18620978328585633
4.12	0.18564410959275118
4.13	0.1850815194122011
4.14	0.18452198853060287
4.15	0.18396549298236328
4.16	0.18341200904676921
4.17	0.182861513244904
4.18	0.18231398233661072
4.19	0.18176939331749992
4.2	0.1812277234160027
4.21	0.180688950090467
4.22	0.18015305102629683
4.23	0.17962000413313442
4.24	0.17908978754208293
4.25	0.17856237960297114
4.26	0.1780377588816572
4.2700000000000005	0.17751590415737253
4.28	0.17699679442010435
4.29	0.17648040886801597
4.3	0.17596672690490542
4.3100000000000005	0.17545572813769986
4.32	0.17494739237398743
4.33	0.1744416996195833
4.34	0.17393863007613225
4.3500000000000005	0.17343816413874466
4.36	0.17294028239366677
4.37	0.1724449656159844
4.38	0.17195219476735912
4.39	0.1714619509937966
4.4	0.17097421562344736
4.41	0.1704889701644378
4.42	0.1700061963027323
4.43	0.16952587590002569
4.44	0.16904799099166487
4.45	0.16857252378460028
4.46	0.16809945665536544
4.47	0.167628772148085
4.48	0.16716045297251084
4.49	0.16669448200208503
4.5	0.16623084227203005
4.51	0.1657695169774654
4.5200000000000005	0.16531048947155005
4.53	0.1648537432636508
4.54	0.16439926201753574
4.55	0.16394702954959248
4.5600000000000005	0.16349702982707087
4.57	0.16304924696634968
4.58	0.16260366523122707
4.59	0.16216026903123415
4.6000000000000005	0.16171904291997163
4.61	0.161279971593469
4.62	0.1608430398885657
4.63	0.16040823278131433
4.64	0.1599755353854056
4.65	0.15954493295061373
4.66	0.15911641086126369
4.67	0.15867157248419314
4.68	0.15819812963924904
4.69	0.1577271054833392
4.7	0.15725848254235808
4.71	0.15679224350525994
4.72	0.15632837122219576
4.73	0.15586684870267425
4.74	0.15540765911374863
4.75	0.15495078577822693
4.76	0.1544962121729069
4.7700000000000005	0.15404392192683444
4.78	0.1535938988195854
4.79	0.15314612677956993
4.8	0.15270058988236
4.8100000000000005	0.1522572723490387
4.82	0.15181615854457192
4.83	0.1513772329762008
4.84	0.15094048029185617
4.8500000000000005	0.15050588527859357
4.86	0.15007343286104904
4.87	0.14964310809991482
4.88	0.14921489619043538
4.89	0.14878878246092303
4.9	0.14836475237129276
4.91	0.14794279151161638
4.92	0.14752288560069535
4.93	0.14710502048465188
4.94	0.1466891821355387
4.95	0.14627535664996671
4.96	0.14586353024774987
4.97	0.14545368927056804
4.98	0.14504582018064682
4.99	0.14463990955945422
5.	0.14423594410641413
5.01	0.1438339106376361
5.0200000000000005	0.14343379608466134
5.03	0.14303558749322476
5.04	0.1426392720220324
5.05	0.14224483694155496
5.0600000000000005	0.14185226963283576
5.07	0.14146155758631443
5.08	0.14107268840066509
5.09	0.140685649781649
5.1000000000000005	0.14030042954098199
5.11	0.13991701559521585
5.12	0.1395353959646334
5.13	0.1391555587721579
5.14	0.13877749224227554
5.15	0.13840118469997176
5.16	0.1380266245696802
5.17	0.1376538003742452
5.18	0.13728270073389667
5.19	0.1369133143652379
5.2	0.13654563008024567
5.21	0.13617963678528267
5.22	0.13581532348012196
5.23	0.13545267925698345
5.24	0.13509169329958196
5.25	0.13473235488218738
5.26	0.13437465336869533
5.2700000000000005	0.13401857821171012
5.28	0.13366411895163818
5.29	0.13331126521579256
5.3	0.13296000671750827
5.3100000000000005	0.13261033325526847
5.32	0.1322622347118408
5.33	0.13191570105342437
5.34	0.13157072232880684
5.3500000000000005	0.13122728866853145
5.36	0.13087602113372793
5.37	0.13049684445111542
5.38	0.13011946871045849
5.39	0.12974388203430673
5.4	0.12937007264538225
5.41	0.12899802886555092
5.42	0.1286277391148066
5.43	0.12825919191026783
5.44	0.12789237586518562
5.45	0.1275272796879645
5.46	0.12716389218119406
5.47	0.12680220224069316
5.48	0.12644219885456473
5.49	0.1260838711022624
5.5	0.12572720815366795
5.51	0.1253721992681799
5.5200000000000005	0.1250188337938129
5.53	0.12466710116630772
5.54	0.12431699090825162
5.55	0.1239684926282096
5.5600000000000005	0.12362159601986533
5.57	0.12327629086117264
5.58	0.12293256701351656
5.59	0.12259041442088449
5.6000000000000005	0.12224982310904713
5.61	0.12191078318474854
5.62	0.12157328483490615
5.63	0.12123731832581985
5.64	0.1209028740023902
5.65	0.12056994228734585
5.66	0.1202385136804799
5.67	0.11990857875789494
5.68	0.11958012817125695
5.69	0.11925315264705769
5.7	0.11892764298588579
5.71	0.1186035900617058
5.72	0.1182809848211459
5.73	0.11795981828279348
5.74	0.11764008153649903
5.75	0.11732176574268771
5.76	0.11700486213167881
5.7700000000000005	0.11668936200301305
5.78	0.11637525672478748
5.79	0.11606253773299775
5.8	0.11575119653088801
5.8100000000000005	0.11544122468830806
5.82	0.1151326138410777
5.83	0.11482535569035829
5.84	0.11451944200203135
5.8500000000000005	0.11421486460608411
5.86	0.1139116153960019
5.87	0.11360968632816741
5.88	0.11330906942126645
5.89	0.11300975675570071
5.9	0.11271174047300647
5.91	0.11241501277528052
5.92	0.1121195659246114
5.93	0.11182539224251817
5.94	0.11153248410939419
5.95	0.11124083396395794
5.96	0.11095043430270922
5.97	0.11066127767939178
5.98	0.11037335670446155
5.99	0.11008666404456088
6.	0.10980119242199844
6.01	0.10951693461423462
6.0200000000000005	0.10923388345337288
6.03	0.10895203182565649
6.04	0.10867137267097046
6.05	0.1083918989823493
6.0600000000000005	0.1081136038054899
6.07	0.10783648023826939
6.08	0.10756052143026895
6.09	0.10728572058230175
6.1000000000000005	0.10701207094594697
6.11	0.10673956582308791
6.12	0.10646819856545577
6.13	0.10619796257417775
6.140000000000001	0.10592885129933051
6.15	0.10566085823949783
6.16	0.10536710894912883
6.17	0.10507049515479717
6.18	0.10477519466394665
6.19	0.10448119955072413
6.2	0.10418850194980846
6.21	0.10389709405585118
6.22	0.10360696812292385
6.23	0.103318116463971
6.24	0.10303053145026922
6.25	0.10274420551089172
6.26	0.10245913113217908
6.2700000000000005	0.10217530085721535
6.28	0.10189270728531011
6.29	0.10161134307148552
6.3	0.10133120092596948
6.3100000000000005	0.10105227361369393
6.32	0.10077455395379818
6.33	0.10049803481913817
6.34	0.10022270913580043
6.3500000000000005	0.09994856988262137
6.36	0.09967561009071166
6.37	0.09940382284298571
6.38	0.09913320127369589
6.390000000000001	0.09886373856797186
6.4	0.09859542796136489
6.41	0.09832826273939643
6.42	0.09806223623711192
6.43	0.09779734183863922
6.44	0.09753357297675133
6.45	0.09727092313243406
6.46	0.09700938583445795
6.47	0.09674895465895475
6.48	0.09648962322899828
6.49	0.09623138521418963
6.5	0.09597423433024681
6.51	0.09571816433859823
6.5200000000000005	0.09546316904598089
6.53	0.09520924230404237
6.54	0.09495637800894713
6.55	0.09470457010098655
6.5600000000000005	0.09445381256419338
6.57	0.09420409942595986
6.58	0.09395542475665984
6.59	0.0937077826692747
6.6000000000000005	0.09346116731902315
6.61	0.09321557290299488
6.62	0.09297099365978775
6.63	0.09272742386914871
6.640000000000001	0.09248485785161857
6.65	0.09224328996818003
6.66	0.09200271461990965
6.67	0.09176312624763287
6.68	0.09152451933158301
6.69	0.09128688839106325
6.7	0.09105022798411254
6.71	0.09081453270717413
6.72	0.0905797971947681
6.73	0.09034601611916676
6.74	0.09011318419007362
6.75	0.0898812961543052
6.76	0.08965034679547627
6.7700000000000005	0.089420330933688
6.78	0.0891912434252196
6.79	0.0889630791622225
6.8	0.08873583307241802
6.8100000000000005	0.08850950011879763
6.82	0.0882840752993266
6.83	0.08805955364665019
6.84	0.08783593022780284
6.8500000000000005	0.08761320014392049
6.86	0.08739135852995515
6.87	0.08717040055439305
6.88	0.08695032141897467
6.890000000000001	0.08673111635841829
6.9	0.08651278064014567
6.91	0.08629530956401085
6.92	0.08607869846203114
6.93	0.08586294269812114
6.94	0.08564803766782902
6.95	0.0854339787980756
6.96	0.08522076154689577
6.97	0.08500838140318262
6.98	0.08479683388643361
6.99	0.08458611454649981
7.	0.08437621896333708
7.01	0.08416714274675974
7.0200000000000005	0.08395888153619667
7.03	0.08375143100044975
7.04	0.08354478683745462
7.05	0.08333894477404358
7.0600000000000005	0.08313390056571093
7.07	0.08291044389633093
7.08	0.08268086800927636
7.09	0.08245225049579592
7.1000000000000005	0.08222458601184583
7.11	0.0819978692506509
7.12	0.08177209494239245
7.13	0.08154725785389967
7.140000000000001	0.08132335278834397
7.15	0.08110037458493584
7.16	0.08087831811862518
7.17	0.08065717829980419
7.18	0.08043695007401343
7.19	0.08021762842165057
7.2	0.07999920835768182
7.21	0.07978168493135636
7.22	0.07956505322592343
7.23	0.0793493083583522
7.24	0.07913444547905435
7.25	0.07892045977160898
7.26	0.07870734645249067
7.2700000000000005	0.07849510077079996
7.28	0.07828371800799605
7.29	0.07807319347763267
7.3	0.07786352252509583
7.3100000000000005	0.07765470052734469
7.32	0.07744672289265435
7.33	0.07723958506036144
7.34	0.0770332825006119
7.3500000000000005	0.07682781071411128
7.36	0.0766231652318775
7.37	0.07641934161499554
7.38	0.07621633545437495
7.390000000000001	0.07601414237050924
7.4	0.07581275801323777
7.41	0.07561217806150981
7.42	0.07541239822315075
7.43	0.07521341423463065
7.44	0.07501522186083466
7.45	0.074817816894836
7.46	0.07462119515767071
7.47	0.0744253524981147
7.48	0.07423028479246263
7.49	0.07403598794430927
7.5	0.07384245788433247
7.51	0.07364969057007825
7.5200000000000005	0.07345768198574808
7.53	0.07326642814198786
7.54	0.07307592507567903
7.55	0.07288616884973148
7.5600000000000005	0.07269715555287848
7.57	0.07250888129947342
7.58	0.07232134222928831
7.59	0.07213453450731454
7.6000000000000005	0.07194845432356481
7.61	0.0717630978928776
7.62	0.0715784614547227
7.63	0.07139454127300919
7.640000000000001	0.07121133363589462
7.65	0.07102883485559632
7.66	0.07084704126820413
7.67	0.07066594923349509
7.68	0.07048555513474954
7.69	0.07030585537856908
7.7	0.07012684639469625
7.71	0.06994852463583548
7.72	0.06977088657747595
7.73	0.06959392871771605
7.74	0.06941764757708938
7.75	0.06924203969839204
7.76	0.0690671016465119
7.7700000000000005	0.06889283000825919
7.78	0.06871922139219849
7.79	0.06854627242848248
7.8	0.06837397976868698
7.8100000000000005	0.06820234008564746
7.82	0.06803135007329723
7.83	0.06786100644650665
7.84	0.06769130594092435
7.8500000000000005	0.06752224531281911
7.86	0.06735382133892392
7.87	0.0671860308162809
7.88	0.06701887056208768
7.890000000000001	0.0668523374135453
7.9	0.06668642822770737
7.91	0.06652113988133038
7.92	0.06635646927072562
7.930000000000001	0.06619241331161217
7.94	0.06602896893897135
7.95	0.06586613310690233
7.96	0.06570390278847889
7.97	0.06554227497560783
7.98	0.06538124667888814
7.99	0.06522081492747168
8.	0.06506097676892511
8.01	0.06490172926909268
8.02	0.06474306951196072
8.03	0.06458499459952274
8.040000000000001	0.06442750165164622
8.05	0.06427058780594025
8.06	0.0641142502176243
8.07	0.06395848605939827
8.08	0.06380329252131357
8.09	0.06364866681064532
8.1	0.06349460615176576
8.11	0.06333912316862195
8.120000000000001	0.06316535601955284
8.13	0.06299227857852237
8.14	0.06281988726466912
8.15	0.06264817852009047
8.16	0.06247714880966762
8.17	0.062306794620891885
8.18	0.062137112463692676
8.19	0.061968098870267
8.2	0.06179975039491037
8.21	0.06163206361384932
8.22	0.06146503512507526
8.23	0.061298661548179895
8.24	0.06113293952419205
8.25	0.060967865715415924
8.26	0.06080343680527072
8.27	0.06063964949813179
8.28	0.06047650051917309
8.290000000000001	0.06031398661421085
8.3	0.06015210454954902
8.31	0.05999085111182557
8.32	0.05983022310786049
8.33	0.05967021736450495
8.34	0.05951083072849177
8.35	0.05935206006628718
8.36	0.05919390226394401
8.370000000000001	0.05903635422695585
8.38	0.058879412880112836
8.39	0.05872307516735825
8.4	0.05856733805164682
8.41	0.058412198514803865
8.42	0.05825765355738576
8.43	0.058103700198541754
8.44	0.05795033547587677
8.45	0.057797556445315416
8.46	0.05764536018096717
8.47	0.05749374377499293
8.48	0.05734270433747223
8.49	0.057192238996272064
8.5	0.057042344896916494
8.51	0.05689301920245757
8.52	0.05674425909334728
8.53	0.0565960617673105
8.540000000000001	0.05644842443921914
8.55	0.05630134434096729
8.56	0.05615481872134744
8.57	0.05600884484592773
8.58	0.05586341999693025
8.59	0.05571854147311031
8.6	0.05557420658963691
8.61	0.055430412677973794
8.620000000000001	0.05528715708576211
8.63	0.055144437176703504
8.64	0.05500225033044449
8.65	0.05486059394246158
8.66	0.05471946542394773
8.67	0.05457886220169928
8.68	0.05443878171800414
8.69	0.05429922143053086
8.700000000000001	0.054160178812218455
8.71	0.054021651351167425
8.72	0.05388363655053143
8.73	0.05374613192840992
8.74	0.05360913501774175
8.75	0.05347264336619961
8.76	0.053336654536085305
8.77	0.05320116610422587
8.78	0.05306617566187068
8.790000000000001	0.052931680814589224
8.8	0.05279767918216991
8.81	0.052664168398519444
8.82	0.05253114611156335
8.83	0.05239860998314702
8.84	0.052266557688937766
8.85	0.052134986918327506
8.86	0.05200389537433648
8.870000000000001	0.05187328077351744
8.88	0.05174314084586095
8.89	0.05161347333470111
8.9	0.05148427599662241
8.91	0.051355546601367014
8.92	0.051227282931742994
8.93	0.051099482783533226
8.94	0.0509721439654051
8.950000000000001	0.050845264298820844
8.96	0.05071884161794866
8.97	0.05059287376957447
8.98	0.05046735861301462
8.99	0.050342294020028926
9.	0.0502176778747347
9.01	0.05009350807352137
9.02	0.049969782524965756
9.03	0.049846499149748084
9.040000000000001	0.0497236558805686
9.05	0.04960125066206495
9.06	0.04947928145073005
9.07	0.049357746214830876
9.08	0.049236642934327564
9.09	0.0491159696007935
9.1	0.04899572421733571
9.11	0.04887590479851624
9.120000000000001	0.04875650937027377
9.13	0.04863753596984617
9.14	0.04851898264569352
9.15	0.04840084745742171
9.16	0.04828312847570676
9.17	0.04816582378221962
9.18	0.0480489314695516
9.19	0.04793244964114051
9.200000000000001	0.047816376411197105
9.21	0.04770070990463237
9.22	0.047585448256985234
9.23	0.04747058961435095
9.24	0.047356132133309865
9.25	0.04724207398085696
9.26	0.04712841333433179
9.27	0.04701514838134902
9.28	0.04690227731972951
9.290000000000001	0.046789798357431855
9.3	0.04667770971248465
9.31	0.04656600961291906
9.32	0.046439112094698046
9.33	0.046311988442594945
9.34	0.04618534840312323
9.35	0.04605918962165414
9.36	0.04593350975752457
9.370000000000001	0.0458083064839393
9.38	0.045683577487874306
9.39	0.04555932046998053
9.4	0.04543553314448867
9.41	0.04531221323911459
9.42	0.04518935849496565
9.43	0.04506696666644755
9.44	0.0449450355211721
9.450000000000001	0.04482356283986569
9.46	0.0447025464162785
9.47	0.044581984057094355
9.48	0.0444618735818413
9.49	0.04434221282280315
9.5	0.04422299962493125
9.51	0.04410423184575747
9.52	0.04398590735530746
9.53	0.04386802403601486
9.540000000000001	0.04375057978263606
9.55	0.043633572502165714
9.56	0.043517000113752854
9.57	0.04340086054861764
9.58	0.043285151749968914
9.59	0.04316987167292228
9.6	0.043055018284418746
9.61	0.04294058956314428
9.620000000000001	0.04282658349944971
9.63	0.04271299809527151
9.64	0.04259983136405285
9.65	0.04248708133066568
9.66	0.04237474603133312
9.67	0.04226282351355267
9.68	0.042151311836019785
9.69	0.04204020906855219
9.700000000000001	0.041929513292014886
9.71	0.04181922259824551
9.72	0.04170933508998038
9.73	0.04159984888078116
9.74	0.041490762094962066
9.75	0.04138207286751756
9.76	0.041273779344050715
9.77	0.041165879680702046
9.78	0.04105837204407898
9.790000000000001	0.040951254611185754
9.8	0.04084452556935396
9.81	0.04073818311617355
9.82	0.04063222545942444
9.83	0.04052665081700859
9.84	0.04042145741688255
9.85	0.0403166434969907
9.86	0.04021220730519882
9.870000000000001	0.04010814709922826
9.88	0.040004461146590564
9.89	0.0399011477245227
9.9	0.03979820511992259
9.91	0.03969563162928534
9.92	0.03959342555863984
9.93	0.039491585223485816
9.94	0.039390108948731496
9.950000000000001	0.039288995068631594
9.96	0.039188241926725854
9.97	0.0390878478757781
9.98	0.03898781127771556
9.99	0.03888813050356896
10.	0.038788803933412656
10.01	0.038689829956305634
10.02	0.038591206970232717
10.03	0.038492933382046256
10.040000000000001	0.03839500760740823
10.05	0.03829742807073288
10.06	0.03820019320512971
10.07	0.03810330145234689
10.08	0.03800675126271511
10.09	0.03791054109509189
10.1	0.03781466941680627
10.11	0.03771913470360387
10.120000000000001	0.03762393543959243
10.13	0.0375290701171878
10.14	0.03743453723706013
10.15	0.03734033530808074
10.16	0.03724646284726908
10.17	0.037152918379740406
10.18	0.03705970043865356
10.19	0.03696680756515933
10.200000000000001	0.036874238308349065
10.21	0.03678199122520377
10.22	0.036690064880543535
10.23	0.03659845784697727
10.24	0.03650716870485293
10.25	0.03641619604220807
10.26	0.0363255384547207
10.27	0.03623519454566056
10.28	0.03614516292584072
10.290000000000001	0.03605544221356962
10.3	0.03596603103460337
10.31	0.03587692802209834
10.32	0.03578813181656432
10.33	0.03569964106581777
10.34	0.03561145442493562
10.35	0.03552357055620923
10.36	0.035435988129098824
10.370000000000001	0.035348705820188175
10.38	0.03526172231313971
10.39	0.03517503629864973
10.4	0.035088646474404274
10.41	0.03500255154503498
10.42	0.034916750222075556
10.43	0.0348312412239183
10.44	0.034746023275771164
10.450000000000001	0.03466109510961495
10.46	0.03457645546416096
10.47	0.03449210308480877
10.48	0.034408036723604575
10.49	0.034324255139199546
10.5	0.03424075709680872
10.51	0.03415754136816997
10.52	0.0340746067315035
10.53	0.03399195197147143
10.540000000000001	0.03390957587913784
10.55	0.03382747725192893
10.56	0.033745654893593574
10.57	0.03366410761416417
10.58	0.033582834229917716
10.59	0.0335018335633371
10.6	0.033421104443072884
10.61	0.03334064570390513
10.620000000000001	0.0332604561867056
10.63	0.0331805347384002
10.64	0.03310088021193176
10.65	0.03302149146622294
10.66	0.03294236736613958
10.67	0.03286350678245409
10.68	0.03278490859180929
10.69	0.032706333946960105
10.700000000000001	0.032615754473142
10.71	0.032525510120194764
10.72	0.03243559933708657
10.73	0.03234602058140171
10.74	0.032256772319284706
10.75	0.03216785302538494
10.76	0.032079261182801654
10.77	0.03199099528302931
10.78	0.0319030538259034
10.790000000000001	0.031815435319546656
10.8	0.03172813828031565
10.81	0.03164116123274774
10.82	0.03155450270950852
10.83	0.03146816125133949
10.84	0.03138213540700633
10.85	0.03129642373324729
10.86	0.03121102479472224
10.870000000000001	0.031125937163961802
10.88	0.031041159421317112
10.89	0.03095669015490981
10.9	0.03087252796058243
10.91	0.030788671441849068
10.92	0.030705119209846615
10.93	0.030621869883286156
10.94	0.030538922088404776
10.950000000000001	0.030456274458917677
10.96	0.03037392563597084
10.97	0.03029187426809375
10.98	0.0302101190111526
10.99	0.030128658528303917
11.	0.03004749148994834
11.01	0.029966616573684893
11.02	0.029886032464265494
11.03	0.029805737853549782
11.040000000000001	0.0297257314404604
11.05	0.029646011930938465
11.06	0.029566578037899336
11.07	0.029487428481188873
11.08	0.02940856198753985
11.09	0.029329977290528723
11.1	0.029251673130532747
11.11	0.029173648254687337
11.120000000000001	0.02909590141684385
11.13	0.029018431377527475
11.14	0.0289412369038956
11.15	0.028864316769696433
11.16	0.02878766975522784
11.17	0.028711294647296593
11.18	0.028635190239177818
11.19	0.02855935533057474
11.200000000000001	0.028483788727578806
11.21	0.02840848924262997
11.22	0.028333455694477285
11.23	0.02825868690813988
11.24	0.028184181714868122
11.25	0.028109938952104976
11.26	0.028035957463447805
11.27	0.027962236098610375
11.28	0.027888773713385075
11.290000000000001	0.02781556916960546
11.3	0.027742621335109015
11.31	0.027669929083700272
11.32	0.027597491295114053
11.33	0.027525306854979066
11.34	0.027453374654781752
11.35	0.027381693591830326
11.36	0.027310262569219153
11.370000000000001	0.02723908049579327
11.38	0.027168146286113293
11.39	0.027097458860420393
11.4	0.02702701714460171
11.41	0.02695682007015586
11.42	0.026886866574158723
11.43	0.026817155599229533
11.44	0.026747686093497095
11.450000000000001	0.02667845701056638
11.46	0.026609467309485112
11.47	0.026540715954710924
11.48	0.026472201916078453
11.49	0.026403924168766753
11.5	0.026335881693267015
11.51	0.026268073475350394
11.52	0.02620049850603616
11.53	0.02613315578155995
11.540000000000001	0.026066044303342344
11.55	0.025999163077957667
11.56	0.025932511117102836
11.57	0.025866087437566705
11.58	0.02579989106119927
11.59	0.025733921014881457
11.6	0.025668176330494823
11.61	0.025602656044891644
11.620000000000001	0.025537359199865054
11.63	0.025472284842119594
11.64	0.02540743202324173
11.65	0.02534279979967076
11.66	0.025278387232669813
11.67	0.025214193388297095
11.68	0.025150217337377323
11.69	0.025086458155473303
11.700000000000001	0.025022914922857777
11.71	0.02495958672448544
11.72	0.02489647264996509
11.73	0.024833571793532083
11.74	0.0247708832540208
11.75	0.024708406134837515
11.76	0.024646139543933257
11.77	0.024584082593776983
11.78	0.02452223440132885
11.790000000000001	0.0244605940880137
11.8	0.024399160779694777
11.81	0.024337933606647506
11.82	0.024276911703533514
11.83	0.024216094209374903
11.84	0.02415548026752852
11.85	0.024095069025660557
11.86	0.02403485963572121
11.870000000000001	0.02397485125391961
11.88	0.023915043040698854
11.89	0.02385543416071122
11.9	0.0237960237827935
11.91	0.02373681107994262
11.92	0.023677795229291327
11.93	0.02361897541208403
11.94	0.02356035081365284
11.950000000000001	0.02350192062339379
11.96	0.023443684034743173
11.97	0.02338564024515398
11.98	0.023327788456072713
11.99	0.023270127872916047
12.	0.023212657705047882
12.01	0.023155377165756476
12.02	0.02309828547223166
12.030000000000001	0.02304138184554232
12.040000000000001	0.022984665510613966
12.05	0.02292813569620643
12.06	0.02287179163489171
12.07	0.0228156325630321
12.08	0.022759657720758223
12.09	0.022703866351947384
12.1	0.022648257704202066
12.11	0.022592831028828433
12.120000000000001	0.022537585580815128
12.13	0.022482520618812094
12.14	0.022427635405109617
12.15	0.022372929205617467
12.16	0.022318401289844164
12.17	0.022264050930876397
12.18	0.022209877405358576
12.19	0.022155879993472558
12.200000000000001	0.0221020579789174
12.21	0.022048410648889336
12.22	0.021994937294061878
12.23	0.02194163720856601
12.24	0.021888509689970526
12.25	0.021835554039262458
12.26	0.021782769560827753
12.27	0.021730155562431925
12.280000000000001	0.021671888033752622
12.290000000000001	0.02161063700984549
12.3	0.021549608705875495
12.31	0.021488802131905457
12.32	0.021428216303197425
12.33	0.021367850240181074
12.34	0.02130770296842252
12.35	0.021247773518593208
12.36	0.02118806092643907
12.370000000000001	0.021128564232749846
12.38	0.021069282483328733
12.39	0.02101021472896209
12.4	0.020951360025389457
12.41	0.020892717433273703
12.42	0.020834286018171447
12.43	0.020776064850503668
12.44	0.020718053005526465
12.450000000000001	0.020660249563302036
12.46	0.020602653608669898
12.47	0.020545264231218274
12.48	0.02048808052525565
12.49	0.020431101589782535
12.5	0.020374326528463448
12.51	0.020317754449599074
12.52	0.020261384466098594
12.530000000000001	0.02020521569545217
12.540000000000001	0.02014924725970375
12.55	0.020093478285423873
12.56	0.02003790790368282
12.57	0.01998253525002379
12.58	0.019927359464436453
12.59	0.01987237969133047
12.6	0.01981759507950934
12.61	0.01976300478214436
12.620000000000001	0.019708607956748777
12.63	0.019654403765152106
12.64	0.019600391373474624
12.65	0.01954656995210202
12.66	0.019492938675660237
12.67	0.019439496722990505
12.68	0.019386243277124456
12.69	0.019333177525259485
12.700000000000001	0.019280298658734242
12.71	0.019227605873004313
12.72	0.019175098367618017
12.73	0.01912277534619239
12.74	0.019070636016389357
12.75	0.019018679589892024
12.76	0.018966905282381114
12.77	0.018915312313511592
12.780000000000001	0.018863899906889477
12.790000000000001	0.018812667290048723
12.8	0.0187616136944283
12.81	0.018710738355349418
12.82	0.01866004051199295
12.83	0.018609519407376925
12.84	0.018559174288334177
12.85	0.018509004405490234
12.86	0.01845900901324126
12.870000000000001	0.018409187369732155
12.88	0.018359538736834803
12.89	0.01831006238012653
12.9	0.018260757568868604
12.91	0.01821162357598492
12.92	0.018162659678040847
12.93	0.01811386515522216
12.94	0.01806523929131417
12.950000000000001	0.018016781373680946
12.96	0.017968490693244684
12.97	0.017920366544465226
12.98	0.01787240822531969
12.99	0.01782461503728228
13.	0.017776986285304094
13.01	0.017729521277793286
13.02	0.01768221932659517
13.030000000000001	0.0176350797469725
13.040000000000001	0.01758810185758591
13.05	0.017541284980474487
13.06	0.01749462844103641
13.07	0.017448131568009787
13.08	0.017401793693453536
13.09	0.017355614152728488
13.1	0.017309592284478523
13.11	0.017263727430611855
13.120000000000001	0.01721801893628249
13.13	0.017172466149871723
13.14	0.01712706842296979
13.15	0.017081825110357687
13.16	0.017036735569988973
13.17	0.01699179916297186
13.18	0.016947015253551287
13.19	0.016902383209091175
13.200000000000001	0.016857902400056742
13.21	0.016813572199997042
13.22	0.01676939198552743
13.23	0.016725361136312365
13.24	0.016681479035048106
13.25	0.016637745067445683
13.26	0.01659415862221391
13.27	0.016550719091042453
13.280000000000001	0.016507425868585134
13.290000000000001	0.016464278352443244
13.3	0.016421275943148968
13.31	0.016378418044148958
13.32	0.016335704061787987
13.33	0.016293133405292676
13.34	0.016250705486755435
13.35	0.016208419721118323
13.36	0.016166275526157202
13.370000000000001	0.016124272322465834
13.38	0.016082409533440218
13.39	0.01604068658526295
13.4	0.015999102906887566
13.41	0.01595765793002329
13.42	0.01591635108911956
13.43	0.01587518182135085
13.44	0.01583414956660151
13.450000000000001	0.015793253767450686
13.46	0.015752493869157436
13.47	0.015711869319645775
13.48	0.01567137956948996
13.49	0.01563102407189985
13.5	0.015590802282706226
13.51	0.015550713660346395
13.52	0.015510757665849712
13.530000000000001	0.015470933762823323
13.540000000000001	0.015431241417437914
13.55	0.015391680098413603
13.56	0.015352249277005845
13.57	0.015312948426991565
13.58	0.015273777024655155
13.59	0.01523473454877484
13.6	0.015195820480608887
13.61	0.015157034303881965
13.620000000000001	0.01511837550477174
13.63	0.01507984357189531
13.64	0.0150414379962959
13.65	0.015003158271429597
13.66	0.014965003893152097
13.67	0.014926974359705652
13.68	0.014889069171706014
13.69	0.01485128783212947
13.700000000000001	0.014813629846300023
13.71	0.014776094721876508
13.72	0.014738681968839968
13.73	0.014701391099480966
13.74	0.01466422162838707
13.75	0.01462717307243033
13.76	0.01459024495075489
13.77	0.01455343678476469
13.780000000000001	0.014516748098111168
13.790000000000001	0.01448017841668113
13.8	0.014443727268584628
13.81	0.014407394184142908
13.82	0.014371178695876527
13.83	0.014335080338493391
13.84	0.014299098648877009
13.85	0.014263233166074737
13.86	0.01422748343128611
13.870000000000001	0.014191848987851245
13.88	0.014156329381239365
13.89	0.014120924159037271
13.9	0.014085632870938053
13.91	0.014050455068729683
13.92	0.01401539030628385
13.93	0.01398043813954474
13.94	0.013945598126517965
13.950000000000001	0.01391086982725947
13.96	0.01387625280386463
13.97	0.013841746620457276
13.98	0.013807350843178932
13.99	0.013773065040177933
14.	0.013738888781598842
14.01	0.013704821639571728
14.02	0.013670863188201581
14.030000000000001	0.013637013003557843
14.040000000000001	0.013603270663663913
14.05	0.013569635748486795
14.06	0.013536107839926753
14.07	0.013502686521807005
14.08	0.01346937137986362
14.09	0.013436162001735266
14.1	0.013399337294032056
14.11	0.01336176130867838
14.120000000000001	0.013324317207718959
14.13	0.013287004435353895
14.14	0.013249822438516568
14.15	0.013212770666858326
14.16	0.013175848572733186
14.17	0.013139055611182678
14.18	0.013102391239920791
14.19	0.013065854919318949
14.200000000000001	0.01302944611239117
14.21	0.01299316428477927
14.22	0.01295700890473815
14.23	0.012920979443121185
14.24	0.012885075373365754
14.25	0.012849296171478772
14.26	0.012813641316022405
14.27	0.012778110288099774
14.280000000000001	0.01274270257134086
14.290000000000001	0.012707417651888412
14.3	0.012672255018383961
14.31	0.012637214161953953
14.32	0.012602294576195973
14.33	0.012567495757164952
14.34	0.012532817203359648
14.35	0.012498258415708978
14.36	0.01246381889755867
14.370000000000001	0.012429498154657834
14.38	0.012395295695145674
14.39	0.012361211029538277
14.4	0.01232724367071549
14.41	0.012293393133907895
14.42	0.012259658936683808
14.43	0.012226040598936411
14.44	0.012192537642870968
14.450000000000001	0.012159149592992047
14.46	0.012125875976090961
14.47	0.012092716321233096
14.48	0.01205967015974548
14.49	0.012026737025204392
14.5	0.011993916453422973
14.51	0.011961207982438977
14.52	0.01192861115250262
14.530000000000001	0.011896125506064434
14.540000000000001	0.011863750587763252
14.55	0.011831485944414239
14.56	0.011799331124996983
14.57	0.011767285680643754
14.58	0.011735349164627666
14.59	0.011703521132351057
14.6	0.01167180114133391
14.61	0.011640188751202282
14.620000000000001	0.011608683523676857
14.63	0.0115772850225616
14.64	0.011545992813732385
14.65	0.0115148064651258
14.66	0.011483725546727877
14.67	0.011452749630563116
14.68	0.011421878290683331
14.69	0.011391111103156711
14.700000000000001	0.011360447646056922
14.71	0.011329887499452247
14.72	0.011299430245394832
14.73	0.011269075467909947
14.74	0.011238822752985343
14.75	0.011208671688560714
14.76	0.01117862186451709
14.77	0.011148672872666496
14.780000000000001	0.011118824306741474
14.790000000000001	0.011089075762384786
14.8	0.011059426837139157
14.81	0.011029877130437066
14.82	0.011000426243590593
14.83	0.010971073779781366
14.84	0.01094181934405049
14.85	0.010912662543288668
14.86	0.01088360298622623
14.870000000000001	0.010854640283423313
14.88	0.010825774047260114
14.89	0.010797003891927132
14.9	0.010768329433415502
14.91	0.010739750289507424
14.92	0.010711266079766583
14.93	0.010682876425528695
14.94	0.01065458094989202
14.950000000000001	0.01062637927770803
14.96	0.01059827103557209
14.97	0.01057025585181416
14.98	0.010542333356489596
14.99	0.010514503181370037
15.	0.010486764959934232
15.01	0.01045911832735908
15.02	0.010431562920510534
15.030000000000001	0.010404098377934778
15.040000000000001	0.010376724339849245
15.05	0.010349440448133863
15.06	0.010322246346322199
15.07	0.010295141679592794
15.08	0.010268126094760478
15.09	0.010241199240267692
15.1	0.010214298126574609
15.11	0.010184960989626513
15.120000000000001	0.010155727439480074
15.13	0.010126597042232252
15.14	0.0100975693660826
15.15	0.010068643981321698
15.16	0.010039820460319688
15.17	0.010011098377514809
15.18	0.009982477309402056
15.19	0.00995395683452191
15.200000000000001	0.009925536533449091
15.21	0.009897215988781438
15.22	0.009868994785128794
15.23	0.009840872509102039
15.24	0.009812848749302114
15.25	0.00978492309630915
15.26	0.00975709514267165
15.27	0.00972936448289578
15.280000000000001	0.009701730713434623
15.290000000000001	0.009674193432677641
15.3	0.009646752240940077
15.31	0.009619406740452465
15.32	0.00959215653535025
15.33	0.009565001231663406
15.34	0.009537940437306118
15.35	0.009510973762066593
15.36	0.009484100817596871
15.370000000000001	0.009457321217402719
15.38	0.00943063457683356
15.39	0.009404040513072538
15.4	0.009377538645126558
15.41	0.009351128593816396
15.42	0.009324809981766975
15.43	0.00929858243339753
15.44	0.009272445574911985
15.450000000000001	0.00924639903428927
15.46	0.009220442441273808
15.47	0.009194575427365959
15.48	0.00916879762581258
15.49	0.009143108671597618
15.5	0.009117508201432804
15.51	0.009091995853748296
15.52	0.009066571268683538
15.530000000000001	0.009041234088078005
15.540000000000001	0.009015983955462135
15.55	0.008990820516048248
15.56	0.008965743416721536
15.57	0.008940752306031096
15.58	0.00891584683418106
15.59	0.008891026653021708
15.6	0.008866291416040699
15.610000000000001	0.008841640778354315
15.620000000000001	0.008817074396698758
15.63	0.008792591929421553
15.64	0.008768193036472915
15.65	0.00874387737939722
15.66	0.008719644621324544
15.67	0.008695494426962208
15.68	0.008671426462586411
15.69	0.008647440396033853
15.700000000000001	0.008623535896693495
15.71	0.008599712635498304
15.72	0.008575970284917085
15.73	0.008552308518946297
15.74	0.008528727013101993
15.75	0.008505225444411799
15.76	0.008481803491406866
15.77	0.008458460834113977
15.780000000000001	0.008435197154047603
15.790000000000001	0.008412012134202064
15.8	0.008388905459043756
15.81	0.008365876814503318
15.82	0.008342925887967973
15.83	0.008320052368273857
15.84	0.008297255945698355
15.85	0.008274536311952541
15.860000000000001	0.00825189316017369
15.870000000000001	0.008229326184917682
15.88	0.008206835082151677
15.89	0.0081844195492466
15.9	0.008162079284969858
15.91	0.008139813989478
15.92	0.008117623364309432
15.93	0.008095507112377194
15.94	0.008073464937961785
15.950000000000001	0.008051496546703986
15.96	0.008029601645597797
15.97	0.008007779942983318
15.98	0.007986031148539777
15.99	0.00796435497327854
16.	0.007942751129536152
16.01	0.007921219330967429
16.02	0.00789975929253864
16.03	0.007878370730520652
16.04	0.007857053362482174
16.05	0.007835806907282968
16.06	0.007814631085067235
16.07	0.007793525617256847
16.080000000000002	0.007772490226544819
16.09	0.007751524636888667
16.1	0.007730628573503857
16.11	0.007709801762857347
16.12	0.007689043932661049
16.13	0.007668354811865459
16.14	0.007647734130653196
16.15	0.007627181620432714
16.16	0.007606697013831911
16.17	0.007586280044691875
16.18	0.007565869551514082
16.19	0.007543673138191287
16.2	0.00752155548918239
16.21	0.007499516276629558
16.22	0.007477555174240766
16.23	0.0074556718572812986
16.240000000000002	0.007433866002565392
16.25	0.0074121372884479115
16.26	0.0073904853948160145
16.27	0.007368910003081001
16.28	0.007347410796170013
16.29	0.0073259874585179996
16.3	0.007304639676059579
16.31	0.007283367136220996
16.32	0.007262169527912131
16.330000000000002	0.0072410465415185775
16.34	0.007219997868893719
16.35	0.007199023203350886
16.36	0.0071781222396555535
16.37	0.0071572946740175855
16.38	0.00713654020408351
16.39	0.007115858528928878
16.4	0.007095249349050618
16.41	0.007074712366359465
16.42	0.007054247284172466
16.43	0.0070338538072054375
16.44	0.00701353164156556
16.45	0.006993280494743986
16.46	0.006973100075608463
16.47	0.006952990094396044
16.48	0.00693295026270581
16.490000000000002	0.006912980293491648
16.5	0.006893079901055079
16.51	0.006873248801038106
16.52	0.006853486710416128
16.53	0.006833793347490889
16.54	0.0068141684318834385
16.55	0.006794611684527209
16.56	0.006775122827661037
16.57	0.006755701584822286
16.580000000000002	0.006736347680840031
16.59	0.006717060841828201
16.6	0.006697840795178822
16.61	0.006678687269555336
16.62	0.006659599994885824
16.63	0.006640578702356449
16.64	0.006621623124404756
16.65	0.006602732994713172
16.66	0.006583908048202422
16.67	0.006565148021025068
16.68	0.006546452650559022
16.69	0.006527821675401133
16.7	0.006509254835360823
16.71	0.006490751871453718
16.72	0.006472312525895332
16.73	0.0064539365420948356
16.740000000000002	0.006435623664648775
16.75	0.006417373639334901
16.76	0.006399186213105984
16.77	0.0063810611340837054
16.78	0.0063629981515525656
16.79	0.0063449970159538014
16.8	0.0063270574788793915
16.81	0.00630917929306607
16.82	0.006291362212389349
16.830000000000002	0.006273605991857619
16.84	0.006255910387606282
16.85	0.006238275156891855
16.86	0.006220700058086212
16.87	0.006203184850670748
16.88	0.006185729295230678
16.89	0.0061683331534492835
16.9	0.006150996188102246
16.91	0.006133718163052002
16.92	0.0061164988432421295
16.93	0.006099337994691742
16.94	0.006082235384489955
16.95	0.006065190780790345
16.96	0.006048203952805501
16.97	0.0060312746708015225
16.98	0.006014402706092595
16.990000000000002	0.0059975878310356496
17.	0.005980829819024928
17.01	0.005964128444486693
17.02	0.005947483482873918
17.03	0.005930894710661001
17.04	0.005914361905338538
17.05	0.005897884845408103
17.06	0.0058814633103770565
17.07	0.005865097080753416
17.080000000000002	0.005848785938040706
17.09	0.005832529664732894
17.1	0.005816328044309283
17.11	0.005800180861229521
17.12	0.0057840879009285525
17.13	0.005768048949811676
17.14	0.005752063795249553
17.150000000000002	0.005736132225573322
17.16	0.00572025403006969
17.17	0.0057044289989760496
17.18	0.00568865692347566
17.19	0.0056729375956928365
17.2	0.005657270808688143
17.21	0.005641656356453645
17.22	0.005626094033908195
17.23	0.0056105836368927145
17.240000000000002	0.0055951249621654965
17.25	0.0055797178073976085
17.26	0.005564361971168199
17.27	0.0055490572529599555
17.28	0.005533803453154506
17.29	0.005518600373027856
17.3	0.005503447814745917
17.31	0.005488345581359958
17.32	0.005473293476802167
17.330000000000002	0.005458291305881188
17.34	0.005442854465182232
17.35	0.005426423804771284
17.36	0.005410052169108535
17.37	0.005393739312338768
17.38	0.005377484989771544
17.39	0.005361288957874978
17.400000000000002	0.005345150974269626
17.41	0.005329070797722342
17.42	0.005313048188140228
17.43	0.005297082906564574
17.44	0.005281174715164882
17.45	0.0052653233772328445
17.46	0.005249528657176475
17.47	0.005233790320514161
17.48	0.005218108133868821
17.490000000000002	0.005202481864962065
17.5	0.005186911282608405
17.51	0.00517139615670948
17.52	0.005155936258248354
17.53	0.005140531359283767
17.54	0.005125181232944546
17.55	0.0051098856534239085
17.56	0.005094644395973911
17.57	0.005079457236899859
17.580000000000002	0.005064323953554792
17.59	0.005049244324333974
17.6	0.005034218128669425
17.61	0.005019245147024497
17.62	0.005004325160888446
17.63	0.0049894579527711
17.64	0.004974643306197471
17.650000000000002	0.004959881005702481
17.66	0.004945170836825659
17.67	0.0049305125861059005
17.68	0.0049159060410762625
17.69	0.004901350990258731
17.7	0.004886847223159114
17.71	0.004872394530261893
17.72	0.0048579927030251045
17.73	0.0048436415338753026
17.740000000000002	0.004829340816202489
17.75	0.004815090344355128
17.76	0.004800889913635141
17.77	0.004786739320292965
17.78	0.004772638361522622
17.79	0.0047585868354568335
17.8	0.004744584541162124
17.81	0.004730631278634024
17.82	0.004716726848792204
17.830000000000002	0.004702871053475733
17.84	0.0046890636954382975
17.85	0.004675304578343474
17.86	0.004661593506760028
17.87	0.004647930286157243
17.88	0.004634314722900249
17.89	0.004620746624245431
17.900000000000002	0.004607225798335804
17.91	0.004593752054196456
17.92	0.004580325201730003
17.93	0.004566945051712051
17.94	0.004553611415786741
17.95	0.004540324106462247
17.96	0.004527082937106355
17.97	0.004513887721942029
17.98	0.004500738276043032
17.990000000000002	0.004487634415329567
18.	0.004474575956563901
18.01	0.004461562717346092
18.02	0.0044485945161096664
18.03	0.0044356711721173624
18.04	0.004422792505456885
18.05	0.004409958337036676
18.06	0.004397168488581746
18.07	0.004384422782629459
18.080000000000002	0.004371721042525429
18.09	0.004359063092419352
18.1	0.004346448757260947
18.11	0.004333877862795842
18.12	0.004321350235561538
18.13	0.0043088657028833655
18.14	0.004296424092870487
18.150000000000002	0.004284025234411898
18.16	0.004271668957172465
18.17	0.004259355091588978
18.18	0.00424708346886625
18.19	0.0042348539209731886
18.2	0.004222666280638955
18.21	0.004210520381349069
18.22	0.004198416057341615
18.23	0.0041863531436034
18.240000000000002	0.004174331475866175
18.25	0.004162350890602881
18.26	0.0041504112250238655
18.27	0.004138512317073199
18.28	0.004126654005424931
18.29	0.00411483612947943
18.3	0.004103058529359714
18.31	0.0040913210459077925
18.32	0.004079623520681046
18.330000000000002	0.004067965795948651
18.34	0.004056347714687959
18.35	0.004044769120580957
18.36	0.004033229858010706
18.37	0.004021729772057838
18.38	0.00401026870849703
18.39	0.003998846513793542
18.400000000000002	0.003987463035099726
18.41	0.003976118120251607
18.42	0.003964811617765427
18.43	0.003953543376834271
18.44	0.003942313247324643
18.45	0.003931121079773123
18.46	0.003919966725383
18.47	0.003908850036020948
18.48	0.0038977708642136963
18.490000000000002	0.0038867290631447635
18.5	0.003875724486651141
18.51	0.0038647569892200665
18.52	0.00385382642598576
18.53	0.003842932652726212
18.54	0.003832075525859972
18.55	0.0038212549024429668
18.56	0.0038104706401653173
18.57	0.00379972259734819
18.580000000000002	0.003788675583894553
18.59	0.003776969403733803
18.6	0.0037653056592995646
18.61	0.003753684174068369
18.62	0.003742104772345321
18.63	0.0037305672792598056
18.64	0.00371907152076113
18.650000000000002	0.0037076173236142824
18.66	0.0036962045153956747
18.67	0.0036848329244888746
18.68	0.00367350238008044
18.69	0.0036622127121556975
18.7	0.003650963751494622
18.71	0.0036397553296676523
18.72	0.00362858727903163
18.73	0.0036174594327256612
18.740000000000002	0.003606371624667098
18.75	0.00359532368954746
18.76	0.003584315462828435
18.77	0.0035733467807378713
18.78	0.003562417480265819
18.79	0.00355152739916056
18.8	0.003540676375924702
18.81	0.0035298642498112496
18.82	0.0035190908608197465
18.830000000000002	0.003508356049692391
18.84	0.0034976596579102135
18.85	0.0034870015276892486
18.86	0.0034763815019767516
18.87	0.003465799424447404
18.88	0.003455255139499586
18.89	0.0034447484922516306
18.900000000000002	0.0034342793285381114
18.91	0.0034238474949061662
18.92	0.003413452838611825
18.93	0.003403095207616348
18.94	0.003392774450582624
18.95	0.0033824904168715405
18.96	0.0033722429565384137
18.97	0.0033620319203294287
18.98	0.0033518571596780713
18.990000000000002	0.003341718526701624
19.	0.003331615874197653
19.01	0.0033215490556405274
19.02	0.0033115179251779437
19.03	0.003301522337627492
19.04	0.0032915621484732164
19.05	0.003281637213862227
19.06	0.0032717473906012902
19.07	0.0032618925361534755
19.080000000000002	0.003252072508634795
19.09	0.0032422871668108828
19.1	0.0032325363700936713
19.11	0.00322281997853811
19.12	0.0032131378528388716
19.13	0.0032034898543271215
19.14	0.0031938758449672477
19.150000000000002	0.0031842956873536746
19.16	0.0031747492447076284
19.17	0.0031652363808739796
19.18	0.003155756960318053
19.19	0.0031463108481224896
19.2	0.003136897909984128
19.21	0.003127518012210861
19.22	0.00311817102171857
19.23	0.003108856806028026
19.240000000000002	0.00309957523326183
19.25	0.0030903261721413828
19.26	0.003081109491983836
19.27	0.0030719250626990886
19.28	0.0030627727547868047
19.29	0.003053652439333421
19.3	0.0030445639880091893
19.31	0.0030355072730652403
19.32	0.003026482167330645
19.330000000000002	0.0030174885442095013
19.34	0.0030085262776780555
19.35	0.0029995952422817943
19.36	0.002990695313132615
19.37	0.0029818263659059457
19.38	0.002972988276837941
19.39	0.002964180922722639
19.400000000000002	0.0029554041809091835
19.41	0.0029466579292990185
19.42	0.0029379420463431457
19.43	0.0029292564110393357
19.44	0.0029206009029294137
19.45	0.002911975402096528
19.46	0.00290337978916244
19.47	0.002894813945284826
19.48	0.0028862777521546095
19.490000000000002	0.0028777710919932783
19.5	0.0028692938475502593
19.51	0.0028608459021002572
19.52	0.002852427139440648
19.53	0.0028440374438888716
19.54	0.002835676700279842
19.55	0.002827344793963355
19.56	0.0028190416108015465
19.57	0.002810767037166324
19.580000000000002	0.0028025209599368403
19.59	0.0027943032664969653
19.6	0.0027861138447327844
19.61	0.0027779525830301057
19.62	0.00276981937027197
19.63	0.002761714095836195
19.64	0.002753636649592907
19.650000000000002	0.0027455869219021227
19.66	0.0027375648036112948
19.67	0.002729570186052923
19.68	0.002721602961042141
19.69	0.0027136630208743325
19.7	0.002705750258322752
19.71	0.0026978645666361732
19.72	0.0026900058395365324
19.73	0.002682173971216596
19.740000000000002	0.002674368856337633
19.75	0.0026665903900271134
19.76	0.0026588384678764036
19.77	0.0026511129859384825
19.78	0.002643413840725667
19.79	0.002635740929207358
19.8	0.0026280941488077804
19.81	0.002620473397403763
19.82	0.0026128785733224914
19.830000000000002	0.0026053095753393258
19.84	0.002597766302675573
19.85	0.0025902486549963157
19.86	0.0025827565324082285
19.87	0.002575289835457419
19.88	0.002567848465127265
19.89	0.0025604323228362895
19.900000000000002	0.00255304131043601
19.91	0.002545383092764945
19.92	0.002537415427896067
19.93	0.002529476683814254
19.94	0.0025215667411114615
19.95	0.0025136854809321785
19.96	0.002505832784970604
19.97	0.002498008535467834
19.98	0.002490212615209044
19.990000000000002	0.002482444907520726
20.	0.00247470529626791
20.01	0.002466993665851407
20.02	0.0024593099012050774
20.03	0.0024516538877931036
20.04	0.0024440255116072902
20.05	0.0024364246591643615
20.06	0.002428851217503294
20.07	0.002421305074182643
20.080000000000002	0.002413786117277916
20.09	0.0024062942353789128
20.1	0.002398829317587131
20.11	0.002391391253513151
20.12	0.002383979933274052
20.13	0.002376595247490833
20.14	0.0023692370872858614
20.150000000000002	0.0023619053442803144
20.16	0.002354599910591669
20.17	0.0023473206788311557
20.18	0.002340067542101288
20.19	0.002332840393993341
20.2	0.0023256391285849027
20.21	0.0023184636404373978
20.22	0.0023113138245936366
20.23	0.002304189576575397
20.240000000000002	0.002297090792380985
20.25	0.0022900173684828455
20.26	0.0022829692018251444
20.27	0.0022759461898214156
20.28	0.002268948230352175
20.29	0.0022619752217625665
20.3	0.0022550270628600238
20.31	0.0022481036529119485
20.32	0.0022412048916433842
20.330000000000002	0.002234330679234716
20.34	0.002227480916319386
20.35	0.0022206555039816066
20.36	0.0022138543437541054
20.37	0.0022070773376158636
20.38	0.002200324387989878
20.39	0.002193595397740941
20.400000000000002	0.0021868902701734113
20.41	0.002180208909029028
20.42	0.002173551218484699
20.43	0.002166917103150341
20.44	0.0021603064680666946
20.45	0.0021537192187031915
20.46	0.0021471552609557795
20.47	0.0021406145011448247
20.48	0.0021340968460129657
20.490000000000002	0.0021276022027230204
20.5	0.002121130478855879
20.51	0.002114681582408432
20.52	0.002108255421791477
20.53	0.0021018519058276647
20.54	0.0020954709437494678
20.55	0.002089112445197098
20.56	0.0020827763202165245
20.57	0.0020764624792574127
20.580000000000002	0.0020701708331711515
20.59	0.0020639012932088378
20.6	0.002057653771019296
20.61	0.0020514281786471068
20.62	0.002045224428530642
20.63	0.002039042433500108
20.64	0.002032882106775609
20.650000000000002	0.002026743361965212
20.66	0.002020626113063029
20.67	0.002014530274447301
20.68	0.0020084557608785036
20.69	0.0020024024874974494
20.7	0.0019963703698234157
20.71	0.0019903593237522717
20.72	0.001984369265554625
20.73	0.0019784001118739506
20.740000000000002	0.0019724517797247852
20.75	0.001966524186490871
20.76	0.001960617249923349
20.77	0.0019547308881389383
20.78	0.0019488650196181501
20.79	0.001943019563203491
20.8	0.0019371944380976798
20.81	0.0019313895638618777
20.82	0.0019256048604139335
20.830000000000002	0.0019198402480266215
20.84	0.0019140956473259068
20.85	0.00190837097928921
20.86	0.0019026661652436774
20.87	0.0018969811268644804
20.88	0.0018913157861730992
20.89	0.0018856700655356274
20.900000000000002	0.0018800438876610901
20.91	0.0018744371755997618
20.92	0.001868849852741503
20.93	0.0018632818428140868
20.94	0.0018577330698815648
20.95	0.0018522034583426201
20.96	0.0018466929329289206
20.97	0.0018412014187035182
20.98	0.001835728841059208
20.990000000000002	0.001830275125716944
21.	0.001824840198724221
21.01	0.0018194239864534945
21.02	0.0018140264156005965
21.03	0.0018086474131831683
21.04	0.0018032869065390824
21.05	0.0017979448233249036
21.06	0.0017926210915143199
21.07	0.0017873156393966264
21.080000000000002	0.001782028395575171
21.09	0.001776759288965848
21.1	0.0017715082487955683
21.11	0.0017662752046007715
21.12	0.0017610600862259004
21.13	0.0017558628238219345
21.14	0.0017506833478448914
21.150000000000002	0.0017455215890543534
21.16	0.0017403774785120106
21.17	0.0017352509475801784
21.18	0.0017301419279203724
21.19	0.0017250503514918427
21.2	0.0017199761505501472
21.21	0.0017149192576457208
21.22	0.0017098796056224527
21.23	0.0017048571276162701
21.240000000000002	0.0016998517570537407
21.25	0.0016948634276506525
21.26	0.0016898920734106518
21.27	0.0016849376286238336
21.28	0.0016800000278653748
21.29	0.001675079205994165
21.3	0.0016701750981514374
21.31	0.0016652876397594259
21.32	0.0016604167665199997
21.330000000000002	0.0016555404768552253
21.34	0.0016504891212191731
21.35	0.001645455533896341
21.36	0.0016404396441075675
21.37	0.0016354413813885757
21.38	0.0016304606755884344
21.39	0.0016254974568680187
21.400000000000002	0.0016205516556984751
21.41	0.0016156232028597026
21.42	0.0016107120294388438
21.43	0.00160581806682876
21.44	0.001600941246726559
21.45	0.0015960815011320812
21.46	0.0015912387623464343
21.47	0.0015864129629705093
21.48	0.0015816040359035149
21.490000000000002	0.0015768119143415287
21.5	0.0015720365317760316
21.51	0.0015672778219924782
21.52	0.0015625357190688575
21.53	0.0015578101573742557
21.54	0.001553101071567454
21.55	0.0015484083965955034
21.56	0.0015437320676923195
21.57	0.0015390720203772965
21.580000000000002	0.0015344281904539037
21.59	0.0015298005140083168
21.6	0.0015251889274080284
21.61	0.0015205933673004932
21.62	0.001516013770611756
21.63	0.0015114500745451128
21.64	0.001506902216579746
21.650000000000002	0.0015023701344694044
21.66	0.001497853766241057
21.67	0.0014933530501935791
21.68	0.0014888679248964256
21.69	0.0014843983291883303
21.7	0.0014799442021759877
21.71	0.0014755054832327745
21.72	0.001471082111997442
21.73	0.001466674028372846
21.740000000000002	0.0014622811725246625
21.75	0.001457903484880127
21.76	0.0014535409061267569
21.77	0.001449193377211112
21.78	0.0014448608393375323
21.79	0.0014405432339669047
21.8	0.0014362405028154166
21.81	0.0014319525878533318
21.82	0.001427679431303773
21.830000000000002	0.0014234209756414937
21.84	0.00141917716359167
21.85	0.0014149479381287044
21.86	0.001410733242475021
21.87	0.0014065330200998738
21.88	0.0014023472147181616
21.89	0.0013981757702892568
21.900000000000002	0.00139401863101582
21.91	0.001389875741342644
21.92	0.0013857470459554867
21.93	0.0013816324897799187
21.94	0.0013775320179801795
21.95	0.0013734455759580242
21.96	0.0013693731093515967
21.97	0.0013653145640342979
21.98	0.0013612698861136582
21.990000000000002	0.0013572390219302169
22.	0.0013532219180564188
22.01	0.0013492185212954971
22.02	0.0013452287786803762
22.03	0.0013412526374725802
22.04	0.0013372900451611351
22.05	0.0013333409494614866
22.06	0.0013294052983144325
22.07	0.0013254830398850327
22.080000000000002	0.001321574122561559
22.09	0.001317678494954419
22.1	0.0013137961058951079
22.11	0.0013099269044351601
22.12	0.0013060708398450918
22.13	0.0013022278616133794
22.14	0.0012983979194454121
22.150000000000002	0.0012945809632624635
22.16	0.0012907769432006755
22.17	0.0012869858096100331
22.18	0.0012832075130533545
22.19	0.0012794420043052846
22.2	0.001275689234351288
22.21	0.001271949154386654
22.22	0.0012682217158155077
22.23	0.0012645068702498193
22.240000000000002	0.0012608045695084223
22.25	0.0012571147656160395
22.26	0.0012534374108023058
22.27	0.001249772457500806
22.28	0.0012461198583481115
22.29	0.0012424795661828284
22.3	0.0012388515340446334
22.31	0.0012352357151733417
22.32	0.0012316320630079518
22.330000000000002	0.0012280405311857168
22.34	0.0012244610735412129
22.35	0.0012208936441054023
22.36	0.0012173381971047194
22.37	0.0012137946869601494
22.38	0.0012102630682863168
22.39	0.0012067432958905717
22.400000000000002	0.0012032353247720903
22.41	0.0011997391101209811
22.42	0.0011962546073173747
22.43	0.0011927817719305442
22.44	0.001189320559718022
22.45	0.0011858709266247141
22.46	0.00118243282878202
22.47	0.0011790062225069701
22.48	0.001175591064301349
22.490000000000002	0.0011721873108508395
22.5	0.0011687949190241581
22.51	0.0011654138458722036
22.52	0.0011620440486272076
22.53	0.0011586854847018867
22.54	0.0011553381116886053
22.55	0.0011520018873585316
22.56	0.0011486767696608131
22.57	0.0011453627167217406
22.580000000000002	0.0011420596868439322
22.59	0.001138767638505501
22.6	0.0011354865303592517
22.61	0.0011322163212318624
22.62	0.0011289569701230784
22.63	0.0011257084362049086
22.64	0.0011224706788208246
22.650000000000002	0.0011192436574849684
22.66	0.0011160273318813593
22.67	0.0011128216618631033
22.68	0.0011096266074516173
22.69	0.0011064421288358424
22.7	0.0011032681863714752
22.71	0.0011001047405801868
22.72	0.0010969517521488685
22.73	0.001093809181928853
22.740000000000002	0.0010906769909351693
22.75	0.0010875551403457745
22.76	0.0010844435915008097
22.77	0.0010813423059018463
22.78	0.0010782512452111475
22.79	0.0010751703712509207
22.8	0.0010720996460025845
22.81	0.0010690390316060348
22.82	0.0010659884903589162
22.830000000000002	0.00106294798471589
22.84	0.0010599174772879208
22.85	0.0010568969308415513
22.86	0.0010539422586819034
22.87	0.001051041133045671
22.88	0.0010481492561885478
22.89	0.0010452665946024725
22.900000000000002	0.001042393114915344
22.91	0.0010395287838904058
22.92	0.001036673568425651
22.93	0.00103382743555321
22.94	0.0010309903524387447
22.95	0.0010281622863808604
22.96	0.0010253432048105
22.97	0.0010225330752903572
22.98	0.0010197318655142862
22.990000000000002	0.0010169395433067083
23.	0.001014156076622037
23.01	0.0010113814335440889
23.02	0.00100861558228551
23.03	0.0010058584911871984
23.04	0.0010031101287177303
23.05	0.0010003704634727933
23.06	0.0009976394641746135
23.07	0.000994917099671399
23.080000000000002	0.0009922033389367685
23.09	0.0009894981510692028
23.1	0.00098680150529148
23.11	0.0009841133709501265
23.12	0.0009814337175148632
23.13	0.0009787625145780635
23.14	0.0009760997318542
23.150000000000002	0.0009734453391793051
23.16	0.0009707993065104344
23.17	0.0009681616039251214
23.18	0.0009655322016208516
23.19	0.000962911069914521
23.2	0.000960298179241916
23.21	0.0009576935001571789
23.22	0.000955097003332285
23.23	0.0009525086595565209
23.240000000000002	0.000949928439735971
23.25	0.0009473563148929889
23.26	0.0009447922561656914
23.27	0.0009422362348074447
23.28	0.0009396882221863556
23.29	0.0009371481897847625
23.3	0.0009346161091987313
23.31	0.0009320919521375525
23.32	0.0009295756904232485
23.330000000000002	0.0009270672959900642
23.34	0.0009245667408839835
23.35	0.0009220739972622299
23.36	0.0009195890373927807
23.37	0.000917111833653873
23.38	0.0009146423585335282
23.39	0.0009121805846290593
23.400000000000002	0.0009097264846465969
23.41	0.0009072800314006064
23.42	0.0009048411978134156
23.43	0.0009024099569147373
23.44	0.0008999862818412039
23.45	0.0008975701458358888
23.46	0.0008951615222478482
23.47	0.0008927603845316516
23.48	0.0008903667062469206
23.490000000000002	0.0008879804610578706
23.5	0.0008856016227328495
23.51	0.0008832301651438822
23.52	0.0008808660622662219
23.53	0.0008785092881778922
23.54	0.0008761598170592382
23.55	0.0008738176231924858
23.56	0.0008714826809612906
23.57	0.0008691549648502974
23.580000000000002	0.0008668344494446984
23.59	0.0008645211094297961
23.6	0.0008622149195905648
23.61	0.0008599158548112197
23.62	0.0008576238900747774
23.63	0.000855339000462634
23.64	0.0008530611611541305
23.650000000000002	0.0008507903474261337
23.66	0.0008485265346526009
23.67	0.0008462696983041706
23.68	0.0008440198139477319
23.69	0.0008417768572460128
23.7	0.0008395408039571589
23.71	0.0008373116299343259
23.72	0.000835089311125261
23.73	0.0008328738235718971
23.740000000000002	0.0008306651434099407
23.75	0.0008284632468684696
23.76	0.0008262681102695255
23.77	0.000824079710027714
23.78	0.0008218980226497989
23.79	0.0008197230247343099
23.8	0.0008175546929711436
23.81	0.0008153930041411672
23.82	0.000813237935115824
23.830000000000002	0.0008110894628567511
23.84	0.0008089475644153748
23.85	0.0008068122169325388
23.86	0.0008046833976381092
23.87	0.0008025610838505915
23.88	0.0008004452529767534
23.89	0.0007983358825112384
23.900000000000002	0.0007962329500361943
23.91	0.0007941364332208881
23.92	0.0007920463098213392
23.93	0.0007899625576799406
23.94	0.0007878851547250915
23.95	0.000785814078970826
23.96	0.0007837493085164458
23.97	0.0007816908215461512
23.98	0.0007796385963286819
23.990000000000002	0.0007775926112169512
24.	0.000775552844647687
24.01	0.0007735192751410658
24.02	0.0007714918813003673
24.03	0.0007694706418116072
24.04	0.0007674555354431892
24.05	0.0007654465410455512
24.060000000000002	0.0007634436375508128
24.07	0.0007614468039724282
24.080000000000002	0.0007594560194048382
24.09	0.0007574712630231211
24.1	0.0007554925140826535
24.11	0.0007535197519187645
24.12	0.0007515529559463936
24.13	0.0007495921056597551
24.14	0.0007476371806319958
24.150000000000002	0.0007456881605148612
24.16	0.0007437450250383604
24.17	0.0007418077540104304
24.18	0.0007398763273166087
24.19	0.0007379507249197008
24.2	0.0007360309268594508
24.21	0.0007341169132522154
24.22	0.00073220866429064
24.23	0.0007303061602433303
24.240000000000002	0.0007284093814545344
24.25	0.000726518308343819
24.26	0.0007246329214057497
24.27	0.0007227532012095772
24.28	0.0007208791283989146
24.29	0.0007190106836914265
24.3	0.0007171478478785138
24.310000000000002	0.0007152906018250018
24.32	0.0007134389264688303
24.330000000000002	0.0007115928028207431
24.34	0.0007097522119639802
24.35	0.000707917135053974
24.36	0.0007060875533180385
24.37	0.0007042634480550738
24.38	0.0007024448006352557
24.39	0.000700631592499742
24.400000000000002	0.0006988238051603686
24.41	0.0006970214201993516
24.42	0.0006952244192689933
24.43	0.0006934327840913869
24.44	0.0006916464964581183
24.45	0.0006898655382299789
24.46	0.000688089891336672
24.47	0.0006863195377765222
24.48	0.0006845544596161879
24.490000000000002	0.0006828467064880027
24.5	0.0006815824649003519
24.51	0.0006803210784448392
24.52	0.000679062539512565
24.53	0.0006778068405179951
24.54	0.0006765539738988858
24.55	0.0006753039321161989
24.560000000000002	0.0006740567076540228
24.57	0.0006728122930194911
24.580000000000002	0.0006715706807427047
24.59	0.0006703318633766493
24.6	0.0006690958334971185
24.61	0.0006678625837026331
24.62	0.0006666321066143621
24.63	0.0006654043948760455
24.64	0.0006641794411539173
24.650000000000002	0.0006629572381366233
24.66	0.0006617377785351475
24.67	0.000660521055082733
24.68	0.0006593070605348065
24.69	0.0006580957876689
24.7	0.0006568872292845746
24.71	0.000655681378203347
24.72	0.0006544782272686088
24.73	0.0006532777693455565
24.740000000000002	0.0006520799973211112
24.75	0.0006508849041038483
24.76	0.0006496924826239201
24.77	0.0006485027258329812
24.78	0.0006473156267041169
24.79	0.0006461311782317677
24.8	0.0006449493734316529
24.810000000000002	0.0006437702053407056
24.82	0.000642593667016991
24.830000000000002	0.000641419751539639
24.84	0.0006402484520087693
24.85	0.0006390797615454221
24.86	0.0006379136732914824
24.87	0.0006367501804096132
24.88	0.0006355892760831784
24.89	0.0006344309535161773
24.900000000000002	0.0006332752059331708
24.91	0.0006321220265792135
24.92	0.0006309714087197783
24.93	0.0006298233456406943
24.94	0.0006286778306480698
24.95	0.0006275348570682279
24.96	0.0006263944182476334
24.97	0.0006252565075528287
24.98	0.0006241211183703603
24.990000000000002	0.0006229882441067145
25.	0.0006218578781882476
25.01	0.0006207300140611165
25.02	0.0006196046451912143
25.03	0.000618481765064102
25.04	0.0006173613671849387
25.05	0.00061624344507842
25.060000000000002	0.0006151279922887064
25.07	0.0006140150023793607
25.080000000000002	0.0006129044689332794
25.09	0.0006117963855526302
25.1	0.0006106907458587813
25.11	0.0006095875434922416
25.12	0.0006084867721125927
25.13	0.0006073884253984244
25.14	0.0006062924970472713
25.150000000000002	0.0006051989807755459
25.16	0.00060410787031848
25.17	0.0006030191594300528
25.18	0.0006019328418829364
25.19	0.0006008489114684242
25.2	0.0005997673619963744
25.21	0.000598688187295142
25.22	0.0005976113812115207
25.23	0.0005965369376106774
25.240000000000002	0.0005954648503760904
25.25	0.0005943951134094912
25.26	0.0005933277206307952
25.27	0.0005922626659780495
25.28	0.0005911999434073642
25.29	0.0005901395468928556
25.3	0.000589081470426584
25.310000000000002	0.0005880257080184934
25.32	0.000586972253696352
25.330000000000002	0.0005859211015056908
25.34	0.0005848722455097441
25.35	0.0005838256797893911
25.36	0.0005827813984430953
25.37	0.0005817393955868459
25.38	0.0005806996653540983
25.39	0.0005796622018957157
25.400000000000002	0.0005786269993799124
25.41	0.0005775940519921914
25.42	0.00057656335393529
25.43	0.0005755348994291213
25.44	0.000574508682710715
25.45	0.0005734846980341619
25.46	0.0005724629396705559
25.47	0.0005714434019079365
25.48	0.0005704260790512324
25.490000000000002	0.0005694109654222057
25.5	0.0005683980553593961
25.51	0.000567387343218061
25.52	0.0005663788233701242
25.53	0.0005653724902041174
25.54	0.0005643683381251266
25.55	0.0005633663615547357
25.560000000000002	0.0005623665549309699
25.57	0.0005613689127082449
25.580000000000002	0.0005603734293573071
25.59	0.0005593800993651843
25.6	0.0005583889172351271
25.61	0.0005573998774865575
25.62	0.0005564129746550142
25.63	0.0005554282032920993
25.64	0.0005544455579654237
25.650000000000002	0.0005534650332585557
25.66	0.0005524866237709654
25.67	0.0005515103241179748
25.68	0.000550536128930703
25.69	0.0005495640328560137
25.7	0.0005485940305564651
25.71	0.0005476261167102555
25.72	0.000546660286011171
25.73	0.0005456965331685376
25.740000000000002	0.0005447348529071647
25.75	0.000543775239967298
25.76	0.0005428176891045648
25.77	0.0005418621950899264
25.78	0.000540908752709625
25.79	0.0005399573567651341
25.8	0.0005390080020731074
25.810000000000002	0.0005380606834653302
25.82	0.0005371153957886671
25.830000000000002	0.0005361721339050136
25.84	0.000535230892691247
25.85	0.000534291667039176
25.86	0.0005333544518554916
25.87	0.0005324192420617177
25.88	0.0005314860325941626
25.89	0.0005305548184038701
25.900000000000002	0.0005296255944565716
25.91	0.0005286983557326374
25.92	0.0005277730972270264
25.93	0.0005268498139492423
25.94	0.0005259285009232832
25.95	0.0005250091531875915
25.96	0.0005240917657950124
25.97	0.0005231763338127411
25.98	0.0005222628523222798
25.990000000000002	0.0005213513164193861
26.	0.0005204417212140315
26.01	0.0005195340618303496
26.02	0.0005186283334065943
26.03	0.000517724531095091
26.04	0.0005168226500621898
26.05	0.0005159226854882218
26.060000000000002	0.0005150246325674514
26.07	0.0005141284865080315
26.080000000000002	0.0005132342425319588
26.09	0.0005123418958750264
26.1	0.0005114514417867807
26.11	0.0005105628755304769
26.12	0.0005096761923830312
26.13	0.0005087913876349792
26.14	0.0005079084565904297
26.150000000000002	0.0005070273945670212
26.16	0.0005061481968958775
26.17	0.0005052708589215642
26.18	0.0005043953760020446
26.19	0.0005103587002406781
26.2	0.0005164054438037524
26.21	0.0005225214807586328
26.22	0.0005287075782880605
26.23	0.0005349645117711253
26.240000000000002	0.0005412930648676638