0.01	3.081043402812519
0.02	2.690979576093092
0.03	2.5888722045157917
0.04	2.5409509439754134
0.05	2.499012795283209
0.06	2.4606708967701647
0.07	2.4209876932706034
0.08	2.383794016021042
0.09	2.3461173365210137
0.1	2.308095067532923
0.11	2.2690072632970666
0.12	2.2312833225372226
0.13	2.1945098630104343
0.14	2.158224392899473
0.15	2.1240897932236065
0.16	2.0905029810227593
0.17	2.058872115681066
0.18	2.0267424516786114
0.19	1.9944759791297175
0.2	1.9643399098835972
0.21	1.9337243355257192
0.22	1.9048353474506992
0.23	1.8776340697498428
0.24	1.8487402323302449
0.25	1.821346394015229
0.26	1.7954095183883396
0.27	1.769364259387771
0.28	1.7435206986369252
0.29	1.71894201595913
0.3	1.6955257911144948
0.31	1.6716795210503754
0.32	1.6480902584825299
0.33	1.625544644596357
0.34	1.6039669218140957
0.35000000000000003	1.583024837265147
0.36	1.5613818182509256
0.37	1.5406157206867903
0.38	1.5206687185787862
0.39	1.501488193474931
0.4	1.4830261462402372
0.41000000000000003	1.463725930398537
0.42	1.4450991940499838
0.43	1.4271395322749396
0.44	1.409808357643885
0.45	1.3930701270878847
0.46	1.3768161243660544
0.47000000000000003	1.3596272635197402
0.48	1.3430081834459588
0.49	1.326928705390995
0.5	1.311360823089299
0.51	1.296278506673492
0.52	1.2816575277284776
0.53	1.2671285550482572
0.54	1.2519572267838661
0.55	1.2372409774096598
0.56	1.222958248220734
0.5700000000000001	1.2090888632825154
0.58	1.1956139183579126
0.59	1.18251568049332
0.6	1.1697774970795374
0.61	1.1569121350510077
0.62	1.1437647900115282
0.63	1.1309736622219562
0.64	1.1185236723754555
0.65	1.1064006021867991
0.66	1.0945910328991075
0.67	1.083082289036575
0.68	1.0718623868849388
0.6900000000000001	1.0609199872394015
0.7000000000000001	1.0497744335625383
0.71	1.0383352266512949
0.72	1.0271780681893277
0.73	1.0162922295340642
0.74	1.0056675298275952
0.75	0.9952943010861612
0.76	0.9851633559452305
0.77	0.9752659578262574
0.78	0.9655937933145359
0.79	0.9561389465583247
0.8	0.9467684686082057
0.81	0.9368757661098346
0.8200000000000001	0.9272059271316937
0.8300000000000001	0.9177513039028743
0.84	0.9085045990956859
0.85	0.8994588458297369
0.86	0.8906073890364038
0.87	0.8819438680765569
0.88	0.8734622005139605
0.89	0.8651565669553781
0.9	0.8570213968761816
0.91	0.8490513553572587
0.92	0.8410044658612248
0.93	0.8326098126944683
0.9400000000000001	0.8243873999712583
0.9500000000000001	0.81633191714563
0.96	0.808438271040274
0.97	0.8007015747993059
0.98	0.7931171375095256
0.99	0.7856804544433603
1.	0.7783871978804149
1.01	0.7712332084679204
1.02	0.7642144870834676
1.03	0.7573271871662287
1.04	0.7505676074854478
1.05	0.7439321853173404
1.06	0.7369525068566002
1.07	0.7299336901327909
1.08	0.7230460857235549
1.09	0.7162860595242253
1.1	0.709650110201107
1.11	0.7031348631883925
1.12	0.6967370650076739
1.1300000000000001	0.6904535778900087
1.1400000000000001	0.6842813746819181
1.1500000000000001	0.6782175340179839
1.16	0.6722592357439169
1.17	0.666403756575068
1.18	0.660648465976383
1.19	0.6549908222507368
1.2	0.6494283688234573
1.21	0.6438799995987884
1.22	0.6379228902959798
1.23	0.6320688538719044
1.24	0.6263152904870792
1.25	0.6206596861420891
1.26	0.615099609184932
1.27	0.6096327069868437
1.28	0.6042567027772178
1.29	0.5989693926288394
1.3	0.5937686425851866
1.31	0.5886523859220778
1.32	0.5836186205364077
1.33	0.5786654064551664
1.34	0.5737908634583418
1.35	0.568993168809699
1.36	0.564270555089777
1.37	0.5596213081257952
1.3800000000000001	0.5550437650134559
1.3900000000000001	0.5504209564441119
1.4000000000000001	0.545482533376574
1.41	0.5406230964871118
1.42	0.5358408356092856
1.43	0.5311339944183385
1.44	0.526500868467276
1.45	0.521939803307618
1.46	0.5174491926906218
1.47	0.5130274768450035
1.48	0.5086731408274109
1.49	0.5043847129421106
1.5	0.5001607632265379
1.51	0.4959999019995514
1.52	0.491900778469399
1.53	0.4878620793985657
1.54	0.4838825278228251
1.55	0.4799608818219589
1.56	0.47609593333974165
1.57	0.4722865070509182
1.58	0.468531459273013
1.59	0.4648296769209311
1.6	0.4608990723554885
1.61	0.4568878166607536
1.62	0.45293598606914576
1.6300000000000001	0.4490423414985266
1.6400000000000001	0.445205677091735
1.6500000000000001	0.4414248191299621
1.6600000000000001	0.4376986249879924
1.67	0.43402598212944987
1.68	0.43040580714029414
1.69	0.4268370447988898
1.7	0.4233186671810598
1.71	0.4198496727986101
1.72	0.4164290857698849
1.73	0.41305595502098635
1.74	0.40972935351635265
1.75	0.4064483775174563
1.76	0.4032121458684402
1.77	0.4000197993075648
1.78	0.39687049980339834
1.79	0.3937634299147215
1.8	0.3906977921731794
1.81	0.3876728084877448
1.82	0.38468771957011316
1.83	0.38172065043923153
1.84	0.3784775139148031
1.85	0.37527928626985385
1.86	0.37212510789661113
1.87	0.3690141401431649
1.8800000000000001	0.3659455646940136
1.8900000000000001	0.3629185829720945
1.9000000000000001	0.3599324155614488
1.9100000000000001	0.35698630164970213
1.92	0.35407949848958203
1.93	0.3512112808787273
1.94	0.3483809406570771
1.95	0.3455877862211576
1.96	0.34283114205461634
1.97	0.34011034827438075
1.98	0.3374247601918431
1.99	0.33477374788850434
2.	0.33215669580552865
2.0100000000000002	0.32957300234668546
2.02	0.32702207949418044
2.0300000000000002	0.324503352436893
2.04	0.3220162592105633
2.05	0.3195602503494867
2.06	0.3171347885492943
2.07	0.3147393483404149
2.08	0.3123734157718302
2.09	0.3100364881047518
2.1	0.30772807351586096
2.11	0.3051775908372999
2.12	0.30264884034518474
2.13	0.300152796126272
2.14	0.29768888457777076
2.15	0.2952565447732111
2.16	0.2928552281250155
2.17	0.2904843980575643
2.18	0.2881435296903793
2.19	0.2858321095310717
2.2	0.2835496351777062
2.21	0.28129561503025485
2.22	0.27906956801082083
2.23	0.2768710232923296
2.24	0.27469952003539255
2.25	0.2725546071330636
2.2600000000000002	0.27043584296321715
2.27	0.2683427951482877
2.2800000000000002	0.26627504032212046
2.29	0.26423216390369375
2.3000000000000003	0.26221375987747897
2.31	0.2602194305802199
2.32	0.25824878649391214
2.33	0.2563014460447799
2.34	0.25437703540805057
2.35	0.25247518831833554
2.36	0.2505955458854334
2.37	0.2487377564153792
2.38	0.2469014752365674
2.39	0.24508636453078508
2.4	0.24329209316899716
2.41	0.24151833655172972
2.42	0.23957389305831714
2.43	0.23761733763686438
2.44	0.2356846980776278
2.45	0.23377558581884253
2.46	0.2318896201624388
2.47	0.23002642808376714
2.48	0.22818564404667407
2.49	0.22636690982375907
2.5	0.22456987432164524
2.5100000000000002	0.2227941934111051
2.52	0.22103952976188937
2.5300000000000002	0.21930555268210766
2.54	0.21759193796202148
2.5500000000000003	0.21589836772210827
2.56	0.21422453026526703
2.57	0.21257011993303318
2.58	0.2109348369656824
2.59	0.20931838736610098
2.6	0.20772048276730842
2.61	0.20614084030352114
2.62	0.20457918248464818
2.63	0.20303523707411592
2.64	0.2015087369699208
2.65	0.1999994200888135
2.66	0.19850702925351937
2.67	0.19703131208290647
2.68	0.19557202088501108
2.69	0.19412891255283857
2.7	0.1927017484628554
2.71	0.1912902943760945
2.72	0.18989432034179654
2.73	0.18851360060351444
2.74	0.18714791350760687
2.75	0.1857970414140543
2.7600000000000002	0.18446077060952848
2.77	0.18311876573536912
2.7800000000000002	0.18163406394824383
2.79	0.18016666635487513
2.8000000000000003	0.17871631033226815
2.81	0.17728273816156234
2.82	0.1758656969194251
2.83	0.17446493837222676
2.84	0.1730802188729124
2.85	0.17171129926049591
2.86	0.17035794476209953
2.87	0.16901992489746454
2.88	0.16769701338586462
2.89	0.1663889880553517
2.9	0.1650956307542686
2.91	0.16381672726496407
2.92	0.16255206721964935
2.93	0.16130144401833285
2.94	0.16006465474877873
2.95	0.15884150010842982
2.96	0.15763178432824113
2.97	0.15643531509837186
2.98	0.15525190349568274
2.99	0.15408136391299027
3.	0.1529235139900294
3.0100000000000002	0.1517781745460774
3.02	0.15064516951419377
3.0300000000000002	0.14952432587703252
3.04	0.14841547360418383
3.0500000000000003	0.14731844559100418
3.06	0.1462330775988944
3.0700000000000003	0.14515920819698652
3.08	0.1440966787052032
3.09	0.14304533313865112
3.1	0.14200501815331418
3.11	0.14097558299301208
3.12	0.1399568794375896
3.13	0.13894876175230614
3.14	0.13795108663839187
3.15	0.13696371318474182
3.16	0.1359865028207172
3.17	0.13501931927002508
3.18	0.13404922169445707
3.19	0.13296178243382886
3.2	0.13188652701299025
3.21	0.13082328148508376
3.22	0.1297718749178373
3.23	0.12873213933217173
3.24	0.1277039096422435
3.25	0.12668702359688447
3.2600000000000002	0.12568132172240334
3.27	0.12468664726671144
3.2800000000000002	0.12370284614473953
3.29	0.12272976688511124
3.3000000000000003	0.12176726057804098
3.31	0.12081518082442419
3.3200000000000003	0.11987338368608914
3.33	0.11894172763718111
3.34	0.11802007351664867
3.35	0.11710828448180487
3.36	0.11620622596293578
3.37	0.11531376561892878
3.38	0.1144307732938961
3.39	0.11355712097476747
3.4	0.11269268274982804
3.41	0.11183733476817714
3.42	0.11099095520008546
3.43	0.11015342419822785
3.44	0.1093246238597698
3.45	0.10850443818928696
3.46	0.10769275306249626
3.47	0.106889456190779
3.48	0.10609443708647669
3.49	0.10530758702893986
3.5	0.10452879903131246
3.5100000000000002	0.1037579678080325
3.52	0.10299498974303305
3.5300000000000002	0.10223976285862522
3.54	0.10149218678504754
3.5500000000000003	0.10075216273066508
3.56	0.10001959345280302
3.5700000000000003	0.09929438322919895
3.58	0.09857643783006005
3.59	0.0978656644907092
3.6	0.09716197188480764
3.61	0.09646527009813924
3.62	0.0957754706029435
3.63	0.09509248623278471
3.64	0.09441623115794391
3.65	0.09374662086132192
3.66	0.09297642320338617
3.67	0.09221368705998545
3.68	0.09145925806112554
3.69	0.09071302352531029
3.7	0.08997487259909293
3.71	0.08924469622258535
3.72	0.0885223870957085
3.73	0.08780783964516675
3.74	0.0871009499921281
3.75	0.08640161592059402
3.7600000000000002	0.08570973684644156
3.77	0.08502521378712265
3.7800000000000002	0.08434794933200424
3.79	0.08367784761333445
3.8000000000000003	0.08301481427781976
3.81	0.08235875645879849
3.8200000000000003	0.08170958274899764
3.83	0.08106720317385771
3.84	0.08043152916541395
3.85	0.07980247353671942
3.86	0.07917995045679874
3.87	0.07856387542611884
3.88	0.07795416525256582
3.89	0.07735073802791544
3.9	0.07675351310478627
3.91	0.0761624110740644
3.92	0.07557735374278847
3.93	0.07499826411248516
3.94	0.07442506635794419
3.95	0.07385768580642321
3.96	0.07329604891727277
3.97	0.07274008326197176
3.98	0.07218971750456396
3.99	0.07164488138248706
4.	0.07110550568778475
4.01	0.07057152224869362
4.0200000000000005	0.07004286391159664
4.03	0.06951946452333468
4.04	0.06900125891386823
4.05	0.06848818287928155
4.0600000000000005	0.06798017316512178
4.07	0.06747716745006546
4.08	0.06697910432990521
4.09	0.06648592330184977
4.1	0.06599756474913
4.11	0.06551396992590486
4.12	0.06503508094246041
4.13	0.06456084075069517
4.14	0.06409119312988641
4.15	0.06362608267273029
4.16	0.06316545477165096
4.17	0.0627092556053719
4.18	0.06225743212574436
4.19	0.06180993204482754
4.2	0.06129099983676574
4.21	0.06077057666720813
4.22	0.060255791432405406
4.23	0.05974656991083755
4.24	0.05924283903030419
4.25	0.05874452684747333
4.26	0.058251562527840764
4.2700000000000005	0.05776387632609113
4.28	0.0572813995668521
4.29	0.05680406462583208
4.3	0.05633180491133378
4.3100000000000005	0.055864554846134715
4.32	0.05540224984972703
4.33	0.05494482632090801
4.34	0.05449222162071428
4.3500000000000005	0.05404437405569176
4.36	0.05360122286149408
4.37	0.053162708186802236
4.38	0.05272877107755866
4.39	0.05229935346150853
4.4	0.051874398133041934
4.41	0.051453848738330456
4.42	0.05103764976075119
4.43	0.050625746506592934
4.44	0.0502180850910375
4.45	0.04981461242441124
4.46	0.049415276198699884
4.47	0.04902002487432209
4.48	0.04862880766715564
4.49	0.04824157453581074
4.5	0.047858276169145925
4.51	0.0474788639740204
4.5200000000000005	0.04710329006327883
4.53	0.04673150724396295
4.54	0.046363469005745415
4.55	0.045999129509581564
4.5600000000000005	0.04563844357657391
4.57	0.045281366677045555
4.58	0.04492785491981753
4.59	0.04457786504168654
4.6000000000000005	0.044231354397098
4.61	0.04388828094801161
4.62	0.043548603253954
4.63	0.04321228046225572
4.64	0.042879272298468246
4.65	0.04254953905695765
4.66	0.042223041591670736
4.67	0.041899741307070776
4.68	0.04157960014923895
4.69	0.04126258059713814
4.7	0.0409486456540361
4.71	0.04063775883908433
4.72	0.040329884179049924
4.73	0.040024986200196774
4.74	0.03972302992031384
4.75	0.039423980840886726
4.76	0.039127804939410295
4.7700000000000005	0.03883446866183935
4.78	0.038543938915174165
4.79	0.03825618306017916
4.8	0.037971168904230815
4.8100000000000005	0.037688864694293375
4.82	0.037374829738140714
4.83	0.037056811731246385
4.84	0.0367421490705944
4.8500000000000005	0.03643079953139295
4.86	0.03612272150573377
4.87	0.03581787399233582
4.88	0.035516216586479535
4.89	0.03521770947012888
4.9	0.03492231340223627
4.91	0.034629989709227385
4.92	0.03434070027566163
4.93	0.03405440753506484
4.94	0.033771074460931125
4.95	0.03349066455788955
4.96	0.03321314185303316
4.97	0.03293847088740641
4.98	0.03266661670764825
4.99	0.03239754485778737
5.	0.032131221371186715
5.01	0.03186761276263432
5.0200000000000005	0.0316066860205774
5.03	0.03134840859949671
5.04	0.031092748412418714
5.05	0.03083967382356252
5.0600000000000005	0.03058915364111899
5.07	0.030341157110159327
5.08	0.03009565390567071
5.09	0.029852614125716378
5.1000000000000005	0.029612008284717536
5.11	0.02937380730685514
5.12	0.029137982519588525
5.13	0.0289045056472892
5.14	0.028673348804987245
5.15	0.028444484492228105
5.16	0.028208868707392674
5.17	0.02796287649434293
5.18	0.027719498574042968
5.19	0.02747870219627695
5.2	0.02724045508308432
5.21	0.02700472542105956
5.22	0.02677148185379202
5.23	0.026540693474442854
5.24	0.0263123298184566
5.25	0.026086360856404266
5.26	0.02586275698695588
5.2700000000000005	0.02564148902997929
5.28	0.025422528219763332
5.29	0.025205846198362334
5.3	0.024991415009059985
5.3100000000000005	0.024779207089950076
5.32	0.024569195267631547
5.33	0.02436135275101617
5.34	0.024155653125245865
5.3500000000000005	0.023952070345718474
5.36	0.023750578732218783
5.37	0.023551152963153726
5.38	0.023353768069889123
5.39	0.023158399431186066
5.4	0.022965022767735356
5.41	0.022773614136787627
5.42	0.02258414992687755
5.43	0.022396606852640444
5.44	0.022210961949719086
5.45	0.02202719256975942
5.46	0.021845276375493255
5.47	0.021665191335906178
5.48	0.0214869157214893
5.49	0.02131042809957305
5.5	0.021135707329741616
5.51	0.02096273255932617
5.5200000000000005	0.020791483218975844
5.53	0.02061163695987134
5.54	0.020424867107569283
5.55	0.02024012190735875
5.5600000000000005	0.02005737582238877
5.57	0.019876603683008184
5.58	0.019697780680839296
5.59	0.019520882362957646
5.6000000000000005	0.019345884626175716
5.61	0.019172763711428533
5.62	0.01900149619825918
5.63	0.018832058999402376
5.64	0.018664429355463988
5.65	0.018498584829694853
5.66	0.018334503302856815
5.67	0.018172162968179462
5.68	0.01801154232640563
5.69	0.01785262018092401
5.7	0.01769537563298718
5.71	0.017539788077013316
5.72	0.01738583719597023
5.73	0.01723350295683982
5.74	0.01708276560616177
5.75	0.01693360566565449
5.76	0.01678600392791237
5.7700000000000005	0.016639941452177492
5.78	0.01649539956018458
5.79	0.016352359832077584
5.8	0.016210804102397003
5.8100000000000005	0.01607071445613593
5.82	0.01593207322486419
5.83	0.015794862982918805
5.84	0.01565906654365972
5.8500000000000005	0.015524666955789726
5.86	0.015391647499736967
5.87	0.015259991684099267
5.88	0.015129683242148893
5.89	0.015000706128396673
5.9	0.014873044515214436
5.91	0.014746682789514505
5.92	0.014621240135768881
5.93	0.014482984906244374
5.94	0.014346266641580254
5.95	0.014211065711067073
5.96	0.014077362767116693
5.97	0.013945138740713433
5.98	0.013814374836945836
5.99	0.013685052530617211
6.	0.013557153561933846
6.01	0.013430659932269029
6.0200000000000005	0.013305553900001663
6.03	0.013181817976427927
6.04	0.0130594349217446
6.05	0.012938387741102687
6.0600000000000005	0.012818659680730017
6.07	0.012700234224121438
6.08	0.012583095088295474
6.09	0.012467226220115837
6.1000000000000005	0.012352611792677092
6.11	0.012239236201752761
6.12	0.012127084062304864
6.13	0.012016140205053934
6.140000000000001	0.011906389673107956
6.15	0.011797817718649607
6.16	0.011690409799680206
6.17	0.011584151576819668
6.18	0.011479028910161277
6.19	0.011375027856180255
6.2	0.011272134664695148
6.21	0.011170335775881028
6.22	0.011069617817333439
6.23	0.010969967601182497
6.24	0.010871372121255673
6.25	0.010773818550288883
6.26	0.01067729423718463
6.2700000000000005	0.010581786704316446
6.28	0.01048728364487893
6.29	0.010393772920282226
6.3	0.010301242557590405
6.3100000000000005	0.010209680747002832
6.32	0.01011907583937766
6.33	0.010029416343796895
6.34	0.00994069092517199
6.3500000000000005	0.009845539334701918
6.36	0.009748140423173101
6.37	0.00965185580748406
6.38	0.00955667102012565
6.390000000000001	0.009462571803682067
6.4	0.009369544107457856
6.41	0.009277574084164082
6.42	0.009186648086662764
6.43	0.009096752664768348
6.44	0.009007874562105157
6.45	0.008920000713019792
6.46	0.00883311823954737
6.47	0.008747214448430615
6.48	0.008662276828190835
6.49	0.00857829304624969
6.5	0.008495250946101032
6.51	0.008413138544531516
6.5200000000000005	0.008331944028889373
6.53	0.008251655754400383
6.54	0.00817226224152994
6.55	0.008093752173390688
6.5600000000000005	0.008016114393194608
6.57	0.007939337901748791
6.58	0.007863411854994265
6.59	0.00778832556158671
6.6000000000000005	0.007714068480518677
6.61	0.007640630218782255
6.62	0.0075680005290715375
6.63	0.007496169307524226
6.640000000000001	0.007425126591501519
6.65	0.00735486255740563
6.66	0.00728536751853427
6.67	0.007216631922971387
6.68	0.007148646351513507
6.69	0.007081401515630979
6.7	0.0070148882554636055
6.71	0.00694909753784987
6.72	0.006884020454389215
6.73	0.006819648219536886
6.74	0.006755972168730544
6.75	0.006692983756548147
6.76	0.006630674554896684
6.7700000000000005	0.00656903625123092
6.78	0.006508060646801869
6.79	0.006447739654934284
6.8	0.006385803192763523
6.8100000000000005	0.006319835849745692
6.82	0.006254645271569362
6.83	0.006190221192934645
6.84	0.0061265534989459495
6.8500000000000005	0.006063632222692925
6.86	0.006001447542873747
6.87	0.005939989781459934
6.88	0.005879249401402016
6.890000000000001	0.005819217004375147
6.9	0.0057598833285639655
6.91	0.005701239246486011
6.92	0.00564327576285283
6.93	0.005585984012468345
6.94	0.005529355258163391
6.95	0.005473380888766084
6.96	0.0054180524171072155
6.97	0.005363361478059962
6.98	0.005309299826613426
6.99	0.0052558593359792165
7.	0.005203031995730517
7.01	0.005150809909973152
7.0200000000000005	0.0050991852955478015
7.03	0.005048150480263103
7.04	0.004997697901158777
7.05	0.004947820102798363
7.0600000000000005	0.004898509735591145
7.07	0.004849759554142405
7.08	0.004801562415631825
7.09	0.004753911278219266
7.1000000000000005	0.004706799199477567
7.11	0.004660219334851866
7.12	0.004614164936144839
7.13	0.004568629350027513
7.140000000000001	0.004523606016575154
7.15	0.004479088467827708
7.16	0.0044350703263744615
7.17	0.004391545303962337
7.18	0.004348507200127581
7.19	0.004305949900850236
7.2	0.0042638673772310886
7.21	0.004222253684190707
7.22	0.004181102959190061
7.23	0.004140409420972451
7.24	0.0041001673683263235
7.25	0.00406037117886855
7.26	0.004021015307847888
7.2700000000000005	0.003982094286968155
7.28	0.003943602723230935
7.29	0.003902996254056371
7.3	0.003861845875024652
7.3100000000000005	0.0038211847993546016
7.32	0.0037810065514655776
7.33	0.003741304750154028
7.34	0.0037020731070918672
7.3500000000000005	0.0036633054253507624
7.36	0.0036249955979518697
7.37	0.0035871376064404315
7.38	0.0035497255194849296
7.390000000000001	0.0035127534915002146
7.4	0.0034762157612942225
7.41	0.0034401066507378903
7.42	0.0034044205634577085
7.43	0.0033691519835506367
7.44	0.003334295474320903
7.45	0.0032998456770382666
7.46	0.0032657973097174123
7.47	0.0032321451659180303
7.48	0.0031988841135652474
7.49	0.0031660090937900127
7.5	0.0031335151197890584
7.51	0.003101397275704152
7.5200000000000005	0.0030696507155201945
7.53	0.003038270661981877
7.54	0.003007252405528566
7.55	0.0029765913032470527
7.5600000000000005	0.0029462827778418774
7.57	0.0029163223166228697
7.58	0.0028867054705096476
7.59	0.00285742785305273
7.6000000000000005	0.0028284851394709625
7.61	0.0027998730657050096
7.62	0.0027715874274865594
7.63	0.002743624079423006
7.640000000000001	0.0027159789340973333
7.65	0.002688647961182865
7.66	0.002661627186572736
7.67	0.0026349126915236934
7.68	0.0026085006118140436
7.69	0.0025823871369155095
7.7	0.0025565685091786636
7.71	0.002531041023031823
7.72	0.002505801024193043
7.73	0.002480844908895065
7.74	0.002456169123122937
7.75	0.002431770161864127
7.76	0.002407644568370881
7.7700000000000005	0.0023837889334345904
7.78	0.0023601998946720174
7.79	0.002336874135823129
7.8	0.0023138083860603205
7.8100000000000005	0.00229075783805542
7.82	0.002267822587745873
7.83	0.002245145838207891
7.84	0.0022227243513294075
7.8500000000000005	0.002200554933616094
7.86	0.002178634435520829
7.87	0.0021569597507840954
7.88	0.0021355278157850874
7.890000000000001	0.002114335608903357
7.9	0.002093380149890802
7.91	0.0020726584992538277
7.92	0.0020521677576455085
7.930000000000001	0.002031905065267544
7.94	0.0020118676012818963
7.95	0.0019920525832318684
7.96	0.0019724572664725293
7.97	0.0019530789436102798
7.98	0.0019339149439514102
7.99	0.0019149626329595076
8.	0.0018962194117215316
8.01	0.0018776827164224677
8.02	0.001859350017828323
8.03	0.001841218820777398
8.040000000000001	0.0018232866636796598
8.05	0.0018055511180240726
8.06	0.0017880097878937688
8.07	0.0017706603094889111
8.08	0.0017535003506571017
8.09	0.0017365276104312657
8.1	0.0017197398185748044
8.11	0.0017031347351339503
8.120000000000001	0.0016867101499971906
8.13	0.0016704638824616036
8.14	0.0016543937808060625
8.15	0.001638497721871107
8.16	0.0016227736106454334
8.17	0.001607219379858869
8.18	0.001591832989581696
8.19	0.001576612426830276
8.2	0.0015615557051788173
8.21	0.0015466608643771897
8.22	0.0015319259699747318
8.23	0.0015173491129498585
8.24	0.001502928409345492
8.25	0.001488661999910084
8.26	0.0014745480497442745
8.27	0.0014605847479529728
8.28	0.0014467703073028377
8.290000000000001	0.0014331029638850648
8.3	0.0014195809767833553
8.31	0.0014062026277470146
8.32	0.0013929662208690909
8.33	0.0013798700822694545
8.34	0.0013669125597827435
8.35	0.0013540920226511066
8.36	0.001341406861221645
8.370000000000001	0.001331119734371328
8.38	0.0013214402060233168
8.39	0.0013118424826859473
8.4	0.0013023257767270783
8.41	0.0012928893090227245
8.42	0.0012835323088551897
8.43	0.0012742540138125208
8.44	0.001265053669689309
8.45	0.001255930530388772
8.46	0.0012468838578261158
8.47	0.0012379129218331821
8.48	0.0012290170000643142
8.49	0.0012201953779034727
8.5	0.0012114473483725544
8.51	0.0012027722120408948
8.52	0.00119416927693597
8.53	0.0011856378584552338
8.540000000000001	0.0011771772792791171
8.55	0.0011687868692851463
8.56	0.0011604659654631674
8.57	0.0011522139118316846
8.58	0.001144030059355259
8.59	0.0011359137658629869
8.6	0.0011278643959680176
8.61	0.0011198813209881166
8.620000000000001	0.0011119639188672428
8.63	0.0011041115740981346
8.64	0.0010963236776458931
8.65	0.0010885996268725352
8.66	0.0010809388254625185
8.67	0.0010733406833492182
8.68	0.0010658046166423386
8.69	0.0010583300475562512
8.700000000000001	0.0010509164043392518
8.71	0.0010435631212037033
8.72	0.0010362696382570835
8.73	0.0010290354014338909
8.74	0.0010218598624284307
8.75	0.001014742478628439
8.76	0.001007682713049549
8.77	0.0010006800342705921
8.78	0.000993733916369706
8.790000000000001	0.000986843838861255
8.8	0.0009800092866335426
8.81	0.0009732297498873059
8.82	0.0009665047240749819
8.83	0.0009598337098407438
8.84	0.0009532162129612752
8.85	0.0009466517442873005
8.86	0.0009401398196858345
8.870000000000001	0.0009336799599831613
8.88	0.0009272716909085207
8.89	0.0009209145430384984
8.9	0.0009146080517421095
8.91	0.0009083517571265536
8.92	0.0009021452039836699
8.93	0.0008959879417370246
8.94	0.0008934672963908154
8.950000000000001	0.0009395765335612734