0.01	3.444976541136181
0.02	2.0354679273824408
0.03	1.5708963145960213
0.04	1.340603938114882
0.05	1.1950857603596772
0.06	1.098751740919031
0.07	1.0297360027505453
0.08	0.9777773066942922
0.09	0.9379168944119852
0.1	0.907265790991832
0.11	0.8826999446660213
0.12	0.8616185639110218
0.13	0.8431501382304621
0.14	0.8276974649516937
0.15	0.8146039789493774
0.16	0.8025334257689014
0.17	0.7913499913946394
0.18	0.7811046401542384
0.19	0.7719636942656583
0.2	0.7633906269603569
0.21	0.7555898204183059
0.22	0.7483765059534234
0.23	0.7415482387177831
0.24	0.7354102416542854
0.25	0.7297798532243144
0.26	0.7244109299051723
0.27	0.7192436264852292
0.28	0.7140847296025025
0.29	0.7091419653362139
0.3	0.7043992802060624
0.31	0.6997938607665553
0.32	0.6951325308640319
0.33	0.6906442820944177
0.34	0.6863177272225391
0.35000000000000003	0.6821425357217437
0.36	0.6779418113955171
0.37	0.6737727729014454
0.38	0.6697395446794511
0.39	0.665834299225716
0.4	0.6620498464441348
0.41000000000000003	0.6583584908048555
0.42	0.654738874623409
0.43	0.6512236381773826
0.44	0.6478074468552147
0.45	0.6444853521706414
0.46	0.641252755960028
0.47000000000000003	0.6379711044668392
0.48	0.6345151372741648
0.49	0.6311485792377294
0.5	0.6278673621099294
0.51	0.6246676794648632
0.52	0.6215459651023372
0.53	0.6184988736097785
0.54	0.6153655902306815
0.55	0.6120941496550865
0.56	0.6088985822767925
0.5700000000000001	0.605775819906233
0.58	0.6027229695057122
0.59	0.5997373003740448
0.6	0.5968162324680292
0.61	0.5939573257428309
0.62	0.5910543521312399
0.63	0.5881034359219095
0.64	0.5852133797759874
0.65	0.5823820065769747
0.66	0.5796072490652321
0.67	0.5768871427295008
0.68	0.5742198192566694
0.6900000000000001	0.5716035004884586
0.7000000000000001	0.5690364928390738
0.71	0.5664027423186891
0.72	0.5636277589683879
0.73	0.5609043682782924
0.74	0.5582309237529203
0.75	0.5556058527884359
0.76	0.5530276524238429
0.77	0.5504948853887206
0.78	0.5480061764232502
0.79	0.5455602088485509
0.8	0.5431557213673719
0.81	0.5407915050770026
0.8200000000000001	0.5382886711670473
0.8300000000000001	0.5358100534487594
0.84	0.5333723295891426
0.85	0.5309743499814428
0.86	0.5286150103759241
0.87	0.5262932495877408
0.88	0.524008047345461
0.89	0.5217584222701256
0.9	0.5195434299755521
0.91	0.5173621612813557
0.92	0.51521374053084
0.93	0.5130973240065404
0.9400000000000001	0.5108199186280543
0.9500000000000001	0.508554390377561
0.96	0.5063224760578164
0.97	0.5041233345085253
0.98	0.5019561540123322
0.99	0.4998201509763879
1.	0.4977145686855851
1.01	0.49563867612289464
1.02	0.4935917668525682
1.03	0.49157315796227463
1.04	0.4895821890605255
1.05	0.4876182213259961
1.06	0.4856806366055933
1.07	0.483752112663597
1.08	0.48170296235614074
1.09	0.47968125907292697
1.1	0.4776863883883071
1.11	0.47571775505596686
1.12	0.4737747822439349
1.1300000000000001	0.47185691080661807
1.1400000000000001	0.46996359859176573
1.1500000000000001	0.4680943197803922
1.16	0.4662485642578225
1.17	0.4644258370141375
1.18	0.4626256575724088
1.19	0.46084755944320877
1.2	0.45909108960398126
1.21	0.45735580800194287
1.22	0.4556412870792661
1.23	0.45390390634660266
1.24	0.45206799002067005
1.25	0.4502541567967868
1.26	0.44846196755019874
1.27	0.4466909952838514
1.28	0.44494082470113516
1.29	0.4432110517968845
1.3	0.4415012834657161
1.31	0.4398111371268444
1.32	0.43814024036456023
1.33	0.4364882305836082
1.34	0.4348547546787351
1.35	0.4332394687177292
1.36	0.431642037637302
1.37	0.4300621349512031
1.3800000000000001	0.42849944246999033
1.3900000000000001	0.4269536500319094
1.4000000000000001	0.4254244552443664
1.41	0.4239010895458097
1.42	0.422275681549307
1.43	0.4206678470927797
1.44	0.41907727526335664
1.45	0.41750366275850787
1.46	0.41594671364883223
1.47	0.414406139149806
1.48	0.4128816574020941
1.49	0.4113729932600465
1.5	0.4098798780880247
1.51	0.4084020495642159
1.52	0.40693925149161414
1.53	0.4054912336158592
1.54	0.40405775144964384
1.55	0.4026385661034095
1.56	0.4012334441220678
1.57	0.39984215732749573
1.58	0.3984644826665655
1.59	0.3971002020644788
1.6	0.3957491022831934
1.61	0.3944109747847271
1.62	0.3930624919184214
1.6300000000000001	0.39163678448131195
1.6400000000000001	0.390224921007164
1.6500000000000001	0.38882668387588604
1.6600000000000001	0.3874418601802268
1.67	0.38607024159606806
1.68	0.3847116242570406
1.69	0.38336580863329195
1.7	0.38203259941424667
1.71	0.3807118053952023
1.72	0.3794032393676181
1.73	0.3781067180129516
1.74	0.37682206179991073
1.75	0.3755490948849925
1.76	0.3742876450161837
1.77	0.3730375434397077
1.78	0.37179862480970316
1.79	0.3705707271007268
1.8	0.36935369152297665
1.81	0.3681473624401372
1.82	0.3669515872897505
1.83	0.36576621650602276
1.84	0.36459110344497914
1.85	0.3634261043118826
1.86	0.3622435775801125
1.87	0.36098092001082854
1.8800000000000001	0.35972936272087686
1.8900000000000001	0.35848874985610973
1.9000000000000001	0.35725892856017516
1.9100000000000001	0.3560397489014475
1.92	0.35483106380211027
1.93	0.3536327289693195
1.94	0.35244460282837203
1.95	0.35126654645781274
1.96	0.35009842352641624
1.97	0.34894010023197486
1.98	0.34779144524183847
1.99	0.34665232963514175
2.	0.34552262684666735
2.0100000000000002	0.34440221261228715
2.02	0.34329096491593186
2.0300000000000002	0.3421887639380387
2.04	0.3410954920054276
2.05	0.34001103354256057
2.06	0.3389352750241393
2.07	0.33786810492899866
2.08	0.33680941369525236
2.09	0.33575909367665435
2.1	0.3347170391001338
2.11	0.33368314602446997
2.12	0.3326573123000682
2.13	0.33163943752980485
2.14	0.3305718003961947
2.15	0.32948917787424936
2.16	0.32841510010579794
2.17	0.32734946055738423
2.18	0.32629215450670185
2.19	0.32524307900366956
2.2	0.32420213283251414
2.21	0.32316921647483404
2.22	0.322144232073612
2.23	0.32112708339814855
2.24	0.3201176758098895
2.25	0.31911591622911994
2.2600000000000002	0.3181217131024996
2.27	0.3171349763714138
2.2800000000000002	0.31615561744111764
2.29	0.31518354915064867
2.3000000000000003	0.31421868574348555
2.31	0.31326094283893335
2.32	0.31231023740421066
2.33	0.3113664877272222
2.34	0.3104296133899944
2.35	0.30949953524275675
2.36	0.3085761753786498
2.37	0.3076594571090414
2.38	0.30674930493943675
2.39	0.3058456445459616
2.4	0.30494840275240603
2.41	0.30405750750781124
2.42	0.3031728878645857
2.43	0.3022944739571336
2.44	0.3014221969809855
2.45	0.3005464622028153
2.46	0.2996005919239299
2.47	0.29866151759299725
2.48	0.2977291631634793
2.49	0.29680345374192557
2.5	0.29588431556594463
2.5100000000000002	0.2949716759826819
2.52	0.2940654634277924
2.5300000000000002	0.29316560740489106
2.54	0.2922720384654729
2.5500000000000003	0.2913846881892864
2.56	0.29050348916515084
2.57	0.2896283749722032
2.58	0.28875928016156704
2.59	0.2878961402384288
2.6	0.2870388916445123
2.61	0.28618747174094206
2.62	0.28534181879148307
2.63	0.28450187194615034
2.64	0.28366757122517544
2.65	0.2828388575033235
2.66	0.2820156724945504
2.67	0.28119795873699266
2.68	0.280385659578279
2.69	0.27957871916115984
2.7	0.2787770824094417
2.71	0.2779806950142235
2.72	0.2771895034204239
2.73	0.27640345481359413
2.74	0.2756224971070086
2.75	0.2748465789290268
2.7600000000000002	0.27407564961072023
2.77	0.2733096591737562
2.7800000000000002	0.27254855831853414
2.79	0.27179229841256763
2.8000000000000003	0.2710408314791057
2.81	0.27029411018598815
2.82	0.26949384937255644
2.83	0.2686868517414733
2.84	0.2678851044556087
2.85	0.26708855504876333
2.86	0.26629715176069185
2.87	0.26551084352517573
2.88	0.2647295799583402
2.89	0.2639533113472059
2.9	0.2631819886384729
2.91	0.262415563427529
2.92	0.26165398794767875
2.93	0.26089721505958763
2.94	0.26014519824093546
2.95	0.25939789157627624
2.96	0.25865524974709675
2.97	0.2579172280220723
2.98	0.2571837822475129
2.99	0.25645486883799684
3.	0.25573044476718615
3.0100000000000002	0.2550104675588218
3.02	0.2542948952778914
3.0300000000000002	0.25358368652196944
3.04	0.2528768004127228
3.0500000000000003	0.25217419658757917
3.06	0.25147583519155575
3.0700000000000003	0.2507816768692424
3.08	0.25009168275693777
3.09	0.2494058144749341
3.1	0.24872403411994723
3.11	0.24804630425768992
3.12	0.24737258791558284
3.13	0.24670284857560376
3.14	0.2460370501672678
3.15	0.2453751570607398
3.16	0.24471713406007303
3.17	0.24406294639657328
3.18	0.24341255972228457
3.19	0.2427659401035947
3.2	0.24212305401495712
3.21	0.2414838683327279
3.22	0.2408483503291142
3.23	0.240206379214818
3.24	0.23952003929606408
3.25	0.23883776647372063
3.2600000000000002	0.2381595242438405
3.27	0.23748527654075915
3.2800000000000002	0.2368149877305116
3.29	0.23614862260436859
3.3000000000000003	0.23548614637248855
3.31	0.23482752465768375
3.3200000000000003	0.234172723489297
3.33	0.23352170929718796
3.34	0.2328744489058254
3.35	0.23223090952848477
3.36	0.23159105876154823
3.37	0.23095486457890343
3.38	0.23032229532644247
3.39	0.22969331971665535
3.4	0.22906790682331918
3.41	0.22844602607627815
3.42	0.22782764725631546
3.43	0.22721274049011228
3.44	0.2266012762452953
3.45	0.22599322532556734
3.46	0.22538855886592368
3.47	0.22478724832794772
3.48	0.22418926549518894
3.49	0.22359458246861738
3.5	0.22300317166215666
3.5100000000000002	0.22241500579829132
3.52	0.22183005790374904
3.5300000000000002	0.22124830130525439
3.54	0.2206697096253544
3.5500000000000003	0.22009425677831368
3.56	0.21952191696607745
3.5700000000000003	0.21895266467430205
3.58	0.21838647466845124
3.59	0.21782332198995613
3.6	0.21726318195243952
3.61	0.21670603013800122
3.62	0.21615184239356472
3.63	0.21560059482728317
3.64	0.2150522638050043
3.65	0.2145068259467924
3.66	0.2139642581235066
3.67	0.2134245374534347
3.68	0.21288764129898072
3.69	0.21235354726340622
3.7	0.21182223318762342
3.71	0.2112751027217654
3.72	0.21069571192118505
3.73	0.21011945903918977
3.74	0.20954631873665755
3.75	0.20897626594610688
3.7600000000000002	0.20840927586806973
3.77	0.20784532396752314
3.7800000000000002	0.207284385970377
3.79	0.2067264378600179
3.8000000000000003	0.20617145587390767
3.81	0.20561941650023588
3.8200000000000003	0.20507029647462466
3.83	0.20452407277688556
3.84	0.20398072262782743
3.85	0.20344022348611404
3.86	0.20290255304517046
3.87	0.20236768923013798
3.88	0.20183561019487614
3.89	0.20130629431901087
3.9	0.20077972020502893
3.91	0.20025586667541598
3.92	0.19973471276983976
3.93	0.19921623774237537
3.94	0.19870042105877408
3.95	0.19818724239377247
3.96	0.1976766816284436
3.97	0.19716871884758774
3.98	0.19666333433716268
3.99	0.19616050858175285
4.	0.1956602222620768
4.01	0.1951624562525312
4.0200000000000005	0.19466719161877305
4.03	0.19417440961533647
4.04	0.19368409168328624
4.05	0.19319621944790555
4.0600000000000005	0.19271077471641798
4.07	0.19222773947574393
4.08	0.1917470958902889
4.09	0.19126882629976583
4.1	0.19079291321704786
4.11	0.19031933932605385
4.12	0.18984808747966417
4.13	0.18937914069766656
4.14	0.18891248216473286
4.15	0.188448095228424
4.16	0.18798596339722468
4.17	0.18752607033860577
4.18	0.1870683998771151
4.19	0.1866129359924955
4.2	0.18615966281783008
4.21	0.18570856463771315
4.22	0.1852596258864484
4.23	0.18481283114627212
4.24	0.18436816514560156
4.25	0.18392561275730818
4.26	0.1834660403269456
4.2700000000000005	0.1829835430409041
4.28	0.1825034388777007
4.29	0.18202571041785345
4.3	0.18155034040888637
4.3100000000000005	0.1810773117633442
4.32	0.180606607556836
4.33	0.1801382110261058
4.34	0.17967210556713104
4.3500000000000005	0.17920827473324735
4.36	0.1787467022332999
4.37	0.17828737192982022
4.38	0.17783026783722955
4.39	0.17737537412006563
4.4	0.17692267509123574
4.41	0.17647215521029325
4.42	0.1760237990817378
4.43	0.17557759145333945
4.44	0.1751335172144858
4.45	0.17469156139455197
4.46	0.17425170916129237
4.47	0.1738139458192554
4.48	0.17337825680821903
4.49	0.1729446277016483
4.5	0.17251304420517338
4.51	0.1720834921550883
4.5200000000000005	0.17165595751687043
4.53	0.17123042638371966
4.54	0.17080688497511715
4.55	0.17038531963540382
4.5600000000000005	0.16996571683237754
4.57	0.16954806315590978
4.58	0.1691323453165796
4.59	0.16871855014432716
4.6000000000000005	0.16830666458712412
4.61	0.16789667570966255
4.62	0.16748857069206047
4.63	0.16708233682858475
4.64	0.1666779615263913
4.65	0.16627543230428113
4.66	0.16587473679147335
4.67	0.16547586272639384
4.68	0.16507879795547997
4.69	0.164683530432001
4.7	0.16429004821489362
4.71	0.16389833946761279
4.72	0.1635083924569975
4.73	0.16312019555215082
4.74	0.16273373722333537
4.75	0.16234900604088173
4.76	0.16196599067411216
4.7700000000000005	0.1615846798902768
4.78	0.16120506255350514
4.79	0.16082712762376922
4.8	0.16045086415586118
4.8100000000000005	0.16007626129838345
4.82	0.15970330829275164
4.83	0.15933199447221036
4.84	0.15896230926086116
4.8500000000000005	0.15859424217270313
4.86	0.15822778281068517
4.87	0.15786292086577045
4.88	0.15749964611601266
4.89	0.15712218471795233
4.9	0.1567209182338358
4.91	0.15632149147113358
4.92	0.15592389227394138
4.93	0.15552810859116215
4.94	0.15513412847539265
4.95	0.15474194008182357
4.96	0.15435153166715324
4.97	0.1539628915885155
4.98	0.15357600830242085
4.99	0.15319087036371068
5.	0.15280746642452486
5.01	0.1524257852332819
5.0200000000000005	0.1520458156336722
5.03	0.15166754656366335
5.04	0.15129096705451825
5.05	0.15091606622982492
5.0600000000000005	0.15054283330453855
5.07	0.1501712575840355
5.08	0.1498013284631786
5.09	0.1494330354253939
5.1000000000000005	0.14906636804175935
5.11	0.1487013159701039
5.12	0.14833786895411794
5.13	0.1479760168224746
5.14	0.1476157494879615
5.15	0.14725705694662347
5.16	0.14689992927691511
5.17	0.1465443566388642
5.18	0.1461903292732444
5.19	0.14583783750075882
5.2	0.14548687172123292
5.21	0.14513742241281688
5.22	0.14478948013119802
5.23	0.14444303550882232
5.24	0.14409807925412532
5.25	0.14375460215077213
5.26	0.1434125950569066
5.2700000000000005	0.14307204890440903
5.28	0.14273295469816347
5.29	0.14239530351533236
5.3	0.14205908650464125
5.3100000000000005	0.14172429488567076
5.32	0.14139091994815736
5.33	0.14105895305130248
5.34	0.1407283856230892
5.3500000000000005	0.1403992091596074
5.36	0.14007141522438668
5.37	0.1397449954477368
5.38	0.13941994152609616
5.39	0.13909624522138733
5.4	0.1387738983603806
5.41	0.13845289283406462
5.42	0.13813322059702415
5.43	0.13781487366682524
5.44	0.13749784412340718
5.45	0.13718212410848202
5.46	0.13686770582493996
5.47	0.13655458153626263
5.48	0.1362427435659422
5.49	0.1359321842969077
5.5	0.13562289617095744
5.51	0.13531487168819814
5.5200000000000005	0.13500810340649025
5.53	0.1347025839408997
5.54	0.13439830596315566
5.55	0.13409526220111442
5.5600000000000005	0.1337934454382295
5.57	0.13349284851302753
5.58	0.13319346431858992
5.59	0.13289528580204057
5.6000000000000005	0.13259830596403924
5.61	0.13230251785828018
5.62	0.13197504599157242
5.63	0.13164865964640363
5.64	0.1313236575512469
5.65	0.1310000313965451
5.66	0.13067777293721097
5.67	0.1303568739920137
5.68	0.1300373264429734
5.69	0.12971912223476129
5.7	0.12940225337410766
5.71	0.12908671192921556
5.72	0.1287724900291816
5.73	0.12845957986342307
5.74	0.12814797368111136
5.75	0.12783766379061176
5.76	0.12752864255892934
5.7700000000000005	0.12722090241116124
5.78	0.12691443582995465
5.79	0.1266092353549712
5.8	0.12630529358235681
5.8100000000000005	0.12600260316421757
5.82	0.12570115680810168
5.83	0.12540094727648646
5.84	0.12510196738627138
5.8500000000000005	0.12480421000827663
5.86	0.12450766806674693
5.87	0.12421233453886096
5.88	0.12391820245424603
5.89	0.12362526489449806
5.9	0.1233335149927065
5.91	0.12304294593298504
5.92	0.12275355095000655
5.93	0.12246532332854367
5.94	0.12217825640301393
5.95	0.12189234355703019
5.96	0.1216075782229554
5.97	0.12132395388146257
5.98	0.12104146406109902
5.99	0.12076010233785581
6.	0.1204798623347412
6.01	0.12020073772135902
6.0200000000000005	0.11992272221349128
6.03	0.11964580957268547
6.04	0.11936999360584599
6.05	0.11909526816482999
6.0600000000000005	0.11882162714604745
6.07	0.11854906449006546
6.08	0.1182775741812168
6.09	0.11800715024721237
6.1000000000000005	0.11773778675875785
6.11	0.11746947782917448
6.12	0.11720221761402347
6.13	0.11693600031073453
6.140000000000001	0.1166708201582384
6.15	0.116406671436603
6.16	0.11614354846667324
6.17	0.11588144560971499
6.18	0.1156203572670622
6.19	0.1153602778797682
6.2	0.11510120192826008
6.21	0.11484312393199704
6.22	0.11458603844913201
6.23	0.11432994007617683
6.24	0.11407482344767082
6.25	0.11382068323585283
6.26	0.11356751415033647
6.2700000000000005	0.11331531093778878
6.28	0.11306406838161231
6.29	0.1128137813016299
6.3	0.11256444455377339
6.3100000000000005	0.11231605302977486
6.32	0.11206860165686139
6.33	0.1118220853974527
6.34	0.11157649924886182
6.3500000000000005	0.11133183824299898
6.36	0.11108809744607831
6.37	0.11084527195832738
6.38	0.11060335691369994
6.390000000000001	0.11036234747959126
6.4	0.1101222388565566
6.41	0.10988302627803213
6.42	0.10964470501005881
6.43	0.1094072703510093
6.44	0.10917071763131682
6.45	0.10891108800364036
6.46	0.10864907276406735
6.47	0.1083880916952349
6.48	0.10812813912632267
6.49	0.10786920942629218
6.5	0.1076112970035468
6.51	0.10735439630559548
6.5200000000000005	0.10709850181871983
6.53	0.10684360806764415
6.54	0.10658970961520933
6.55	0.10633680106204964
6.5600000000000005	0.1060848770462727
6.57	0.10583393224314304
6.58	0.10558396136476844
6.59	0.10533495915978937
6.6000000000000005	0.10508692041307188
6.61	0.10483983994540313
6.62	0.10459371261319023
6.63	0.10434853330816175
6.640000000000001	0.10410429695707273
6.65	0.1038609985214116
6.66	0.10361863299711128
6.67	0.10337719541426203
6.68	0.1031366808368276
6.69	0.10289708436236417
6.7	0.10265840112174193
6.71	0.10242062627886946
6.72	0.1021837550304205
6.73	0.10194778260556396
6.74	0.10171270426569605
6.75	0.10147851530417516
6.76	0.10124521104605938
6.7700000000000005	0.10101278684784647
6.78	0.10078123809721652
6.79	0.10055056021277671
6.8	0.10032074864380897
6.8100000000000005	0.10009179887001984
6.82	0.09986370640129273
6.83	0.09963646677744255
6.84	0.09941007556797292
6.8500000000000005	0.09918452837183522
6.86	0.09895982081719054
6.87	0.09873594856117339
6.88	0.09851290728965797
6.890000000000001	0.0982906927170265
6.9	0.09806930058593988
6.91	0.09784872666711038
6.92	0.09762896675907659
6.93	0.09741001668798051
6.94	0.09719187230734662
6.95	0.09697452949786316
6.96	0.0967579841671654
6.97	0.09654223224962105
6.98	0.09632726970611741
6.99	0.096113092523851
7.	0.0958996967161185
7.01	0.09568707832211043
7.0200000000000005	0.09547523340670591
7.03	0.09526415806027015
7.04	0.09505384839845317
7.05	0.0948443005619907
7.0600000000000005	0.09463551071650701
7.07	0.09442747505231937
7.08	0.09422018978424428
7.09	0.0940136511514058
7.1000000000000005	0.09380785541704525
7.11	0.09360279886833307
7.12	0.09339847781618203
7.13	0.09319488859506243
7.140000000000001	0.09299202756281882
7.15	0.0927898911004886
7.16	0.09258847561212205
7.17	0.09238777752460418
7.18	0.09218779328747798
7.19	0.09198851937276967
7.2	0.09178995227481523
7.21	0.09159208851008843
7.22	0.09139492461703086
7.23	0.09119845715588289
7.24	0.09100268270851677
7.25	0.09080759787827082
7.26	0.09061319928978526
7.2700000000000005	0.09041948358883946
7.28	0.09022644744219087
7.29	0.09003408753741506
7.3	0.08984240058274744
7.3100000000000005	0.08965138330692635
7.32	0.08946103245903747
7.33	0.0892713448083598
7.34	0.0890823171442127
7.3500000000000005	0.08889394627580466
7.36	0.08870622903208328
7.37	0.08851916226158633
7.38	0.08833274283229459
7.390000000000001	0.08814696763148555
7.4	0.08795190300437643
7.41	0.08774522478413498
7.42	0.08753930998560129
7.43	0.08733415476569327
7.44	0.08712975530581175
7.45	0.08692610781165204
7.46	0.08672320851301696
7.47	0.08652105366363161
7.48	0.08631963954095978
7.49	0.08611896244602213
7.5	0.08591901870321594
7.51	0.08571980466013629
7.5200000000000005	0.0855213166873992
7.53	0.08532355117846606
7.54	0.0851265045494699
7.55	0.08493017323904271
7.5600000000000005	0.084734553708145
7.57	0.08453964243989628
7.58	0.08434543593940734
7.59	0.08415193073361409
7.6000000000000005	0.08395912337111243
7.61	0.08376701042199527
7.62	0.08357558847769032
7.63	0.08338485415079974
7.640000000000001	0.08319480407494113
7.65	0.08300543490458964
7.66	0.08281674331492195
7.67	0.08262872600166124
7.68	0.08244137968092362
7.69	0.0822547010890659
7.7	0.082068686982535
7.71	0.0818833341377179
7.72	0.0816986393507939
7.73	0.08151459943758728
7.74	0.08133121123342192
7.75	0.08114847159297671
7.76	0.08096637739014244
7.7700000000000005	0.08078492551787989
7.78	0.08060411288807919
7.79	0.08042393643142033
7.8	0.08024439309723487
7.8100000000000005	0.08006547985336888
7.82	0.07988719368604714
7.83	0.07970953159973822
7.84	0.07953249061702121
7.8500000000000005	0.07935606777845307
7.86	0.07918026014243743
7.87	0.0790050647850945
7.88	0.07883047880013194
7.890000000000001	0.07865649929871692
7.9	0.07848312340934943
7.91	0.07831034827773627
7.92	0.07813817106666657
7.930000000000001	0.07796658895588798
7.94	0.07779559914198429
7.95	0.07762519883825363
7.96	0.07745538527458823
7.97	0.07728615569735467
7.98	0.07711750736927551
7.99	0.07694943756931187
8.	0.07678194359254673
8.01	0.07661502275006961
8.02	0.07644867236886192
8.03	0.0762828897916834
8.040000000000001	0.07611767237695938
8.05	0.07595301749866931
8.06	0.07578892254623582
8.07	0.0756253849244149
8.08	0.07546240205318706
8.09	0.07529997136764925
8.1	0.0751380903179078
8.11	0.07497675636897211
8.120000000000001	0.07481596700064944
8.13	0.07465571970744035
8.14	0.0744960119984351
8.15	0.07433684139721093
8.16	0.07417820544173019
8.17	0.07402010168423918
8.18	0.07386252769116804
8.19	0.07370548104303129
8.2	0.07354895933432926
8.21	0.0733929601734503
8.22	0.07323748118257387
8.23	0.0730825199975743
8.24	0.07292807426792539
8.25	0.07277414165660581
8.26	0.07262071984000533
8.27	0.07246780650783165
8.28	0.0723153993630181
8.290000000000001	0.07216349612163211
8.3	0.0720120945127844
8.31	0.0718611922785388
8.32	0.07171078717382297
8.33	0.07156087696633978
8.34	0.0714114594364793
8.35	0.07126253237723168
8.36	0.07111409359410062
8.370000000000001	0.07096614090501753
8.38	0.07081867214025642
8.39	0.07067168514234953
8.4	0.07052517776600345
8.41	0.07037914787801615
8.42	0.0702335933571945
8.43	0.07008851209427248
8.44	0.06994390199183013
8.45	0.06979976096421307
8.46	0.06965608693745264
8.47	0.06951287784918675
8.48	0.06937013164858137
8.49	0.06922784629625242
8.5	0.06907038960738
8.51	0.06891131370667417
8.52	0.06875279034708599
8.53	0.06859481696424714
8.540000000000001	0.06843739100867759
8.55	0.06828050994568227
8.56	0.06812417125524785
8.57	0.0679683724319408
8.58	0.06781311098480618
8.59	0.0676583844372672
8.6	0.06750419032702552
8.61	0.06735052620596266
8.620000000000001	0.06719738964004177
8.63	0.0670447782092105
8.64	0.06689268950730469
8.65	0.0667411211419525
8.66	0.0665900707344797
8.67	0.06643953591981545
8.68	0.06628951434639897
8.69	0.06614000367608688
8.700000000000001	0.0659910015840614
8.71	0.06584250575873905
8.72	0.06569451390168043
8.73	0.06554702372750032
8.74	0.06540003296377885
8.75	0.0652535393509731
8.76	0.06510754064232964
8.77	0.06496203460379751
8.78	0.0648170190139422
8.790000000000001	0.06467249166385995
8.8	0.06452845035709302
8.81	0.06438489290954558
8.82	0.06424181714939997
8.83	0.0640992209170342
8.84	0.06395710206493947
8.85	0.06381545845763877
8.86	0.06367428797160588
8.870000000000001	0.06353358849518516
8.88	0.06339335792851201
8.89	0.06325359418343361
8.9	0.06311429518343067
8.91	0.06297545886353968
8.92	0.06283708317027557
8.93	0.06269916606155533
8.94	0.06256170550662182
8.950000000000001	0.06242469948596855
8.96	0.06228814599126476
8.97	0.0621520430252812
8.98	0.06201638860181656
8.99	0.0618811807456243
9.	0.06174641749234011
9.01	0.06161209688841007
9.02	0.06147821699101915
9.03	0.06134477586802039
9.040000000000001	0.06121177159786452
9.05	0.06107920226953035
9.06	0.06094706598245538
9.07	0.06081536084646717
9.08	0.060684084981715194
9.09	0.0605532365186031
9.1	0.06042281359772162
9.11	0.060292814369782004
9.120000000000001	0.06016323699554982
9.13	0.06003407964577933
9.14	0.059905340501148506
9.15	0.05977701775219427
9.16	0.05964910959924844
9.17	0.05952161425237411
9.18	0.05939452993130244
9.19	0.05926785486536997
9.200000000000001	0.05914158729345651
9.21	0.05901572546392329
9.22	0.05889026763455171
9.23	0.0587652120724827
9.24	0.05864055705415608
9.25	0.05851630086525091
9.26	0.05839244180062588
9.27	0.05826897816426052
9.28	0.05814590826919634
9.290000000000001	0.058023230437478986
9.3	0.05790094300010042
9.31	0.05777904429694174
9.32	0.057657532676716236
9.33	0.05753640649691312
9.34	0.05741566412374147
9.35	0.05729530393207468
9.36	0.05717532430539539
9.370000000000001	0.057055723635740484
9.38	0.05693650032364718
9.39	0.056817652778098644
9.4	0.05669917941647079
9.41	0.056581078664479
9.42	0.056463348956125335
9.43	0.056345988733646324
9.44	0.056228996447460856
9.450000000000001	0.05611237055611864
9.46	0.05599610952624904
9.47	0.05588021183251017
9.48	0.05576467595753847
9.49	0.055649500391898636
9.5	0.055534683634033834
9.51	0.05542022419021643
9.52	0.0553061205744989
9.53	0.055192371308665285
9.540000000000001	0.05507897492218278
9.55	0.054965929952153936
9.56	0.05485323494326902
9.57	0.05474088844775869
9.58	0.05462888902534725
9.59	0.05451723524320599
9.6	0.054405925675907026
9.61	0.05429495890537734
9.620000000000001	0.0541843335208533
9.63	0.054074048118835434
9.64	0.053964101303043494
9.65	0.05385449168437188
9.66	0.053745217880845506
9.67	0.05363627851757563
9.68	0.05352767222671645
9.69	0.05341939764742175
9.700000000000001	0.05331145342580184
9.71	0.053203838214880915
9.72	0.053096550674554724
9.73	0.0529895894715484
9.74	0.0528829532793747
9.75	0.05277550240550388
9.76	0.05265490340198017
9.77	0.05253470306147024
9.78	0.052414899660090136
9.790000000000001	0.052295491483162315
9.8	0.052176476825157345
9.81	0.0520578539896356
9.82	0.05193962128918977
9.83	0.05182177704538758
9.84	0.05170431958871504
9.85	0.051587247258519965
9.86	0.051470558402956085
9.870000000000001	0.05135425137892741
9.88	0.05123832455203315
9.89	0.05112277629651292
9.9	0.051007604995192364
9.91	0.050892809039429276
9.92	0.05077838682905987
9.93	0.05066433677234586
9.94	0.050550657285921376
9.950000000000001	0.05043734679474085
9.96	0.05032440373202676
9.97	0.05021182653921811
9.98	0.0500996136659191
9.99	0.04998776356984826
10.	0.049876274716787905
10.01	0.04976514558053393
10.02	0.04965437464284604
10.03	0.049543960393398326
10.040000000000001	0.049433901329730065
10.05	0.04932419595719714
10.06	0.04921484278892351
10.07	0.04910584034575318
10.08	0.04899718715620266
10.09	0.04888888175641337
10.1	0.048780922690104804
10.11	0.04867330850852778
10.120000000000001	0.048566037770418076
10.13	0.048459109041950485
10.14	0.048352520896693015
10.15	0.04824627191556161
10.16	0.04814036068677514
10.17	0.0480347858058105
10.18	0.047929545875358456
10.19	0.04782463950527934
10.200000000000001	0.04772006531255942
10.21	0.04761582192126737
10.22	0.04751190796251105
10.23	0.04740832207439481
10.24	0.04730506290197681
10.25	0.04720212909722678
10.26	0.047099519318984116
10.27	0.0469972322329162
10.28	0.04689526651147702
10.290000000000001	0.046793620833866095
10.3	0.046692293885987717
10.31	0.04659128436041041
10.32	0.046490590956326724
10.33	0.04639021237951336
10.34	0.04629014734229139
10.35	0.04619039456348697
10.36	0.04609095276839223
10.370000000000001	0.04599182068872638
10.38	0.04589299706259721
10.39	0.0457944806344628
10.4	0.04569627015509341
10.41	0.04559836438153383
10.42	0.04550076207706574
10.43	0.04540346201117062
10.44	0.04530646295949264
10.450000000000001	0.04520976370380203
10.46	0.04511336303195851
10.47	0.04501725973787514
10.48	0.0449214526214823
10.49	0.04482594048869204
10.5	0.04473072215136246
10.51	0.044635796427262606
10.52	0.044541162140037435
10.53	0.04444681811917302
10.540000000000001	0.044352763199962134
10.55	0.044258996223469856
10.56	0.04416551603649956
10.57	0.044072321491559194
10.58	0.04397941144682757
10.59	0.04388678476612108
10.6	0.043794440318860574
10.61	0.04370237698003844
10.620000000000001	0.04361059363018595
10.63	0.04351908915534083
10.64	0.043427862447014916
10.65	0.04333691240216229
10.66	0.04324623792314739
10.67	0.04315583791771346
10.68	0.04306571129895119
10.69	0.04297585698526749
10.700000000000001	0.04288627390035471
10.71	0.042796960973159714
10.72	0.042707917137853484
10.73	0.04261914133380072
10.74	0.04253063250552978
10.75	0.04244238960270272
10.76	0.0423544115800856
10.77	0.04226669739751895
10.78	0.0421792460198885
10.790000000000001	0.04209205641709599
10.8	0.04200512756403031
10.81	0.041918458440538736
10.82	0.04183204803139831
10.83	0.04174589532628768
10.84	0.04165999931975877
10.85	0.04157435901120885
10.86	0.04148897340485277
10.870000000000001	0.041403841509695366
10.88	0.041318962339504
10.89	0.041234334912781355
10.9	0.041149958252738345
10.91	0.04106583138726731
10.92	0.04098195334891518
10.93	0.040898323174857115
10.94	0.040814939906870046
10.950000000000001	0.040731802591306494
10.96	0.04064891027906867
10.97	0.04056626202558254
10.98	0.04048385689077224
10.99	0.04040169393903449
11.	0.040319772239213424
11.01	0.04023809086457523
11.02	0.04015664889278332
11.03	0.04007544540587345
11.040000000000001	0.039994479490229044
11.05	0.03991375023655669
11.06	0.03983325673986178
11.07	0.03975299809942438
11.08	0.03967297341877514
11.09	0.039593181805671444
11.1	0.0395136223720737
11.11	0.0394342942341218
11.120000000000001	0.039355196512111626
11.13	0.03927632833047192
11.14	0.039197688817741064
11.15	0.03911927710654418
11.16	0.03904109233357032
11.17	0.03896313363954982
11.18	0.038885400169231706
11.19	0.03880789107136144
11.200000000000001	0.03872359899002726
11.21	0.038635624958480615
11.22	0.03854792896642894
11.23	0.03846050988850249
11.24	0.03837336660488293
11.25	0.03828649800127108
11.26	0.03819990296885485
11.27	0.03811358040427732
11.28	0.03802752920960515
11.290000000000001	0.037941748292297094
11.3	0.037856236565172806
11.31	0.037770992946381844
11.32	0.0376860163593728
11.33	0.03760130573286271
11.34	0.037516860000806694
11.35	0.037432678102367715
11.36	0.03734875898188661
11.370000000000001	0.037265101588852184
11.38	0.037181704877871785
11.39	0.03709856780864177
11.4	0.0370156893459183
11.41	0.036933068459488363
11.42	0.036850704124140904
11.43	0.036768595319638234
11.44	0.036686741030687565
11.450000000000001	0.03660514024691268
11.46	0.03652379196282599
11.47	0.0364426951778005
11.48	0.03636184889604223
11.49	0.036281252126562594
11.5	0.03620090388315108
11.51	0.0361208031843481
11.52	0.03604094905341805
11.53	0.03596134051832236
11.540000000000001	0.03588197661169298
11.55	0.03580285637080589
11.56	0.035723978837554744
11.57	0.03564534305842492
11.58	0.03556694808446733
11.59	0.035488792971272845
11.6	0.035410876778946575
11.61	0.03533319857208246
11.620000000000001	0.035255757419738035
11.63	0.03517855239540917
11.64	0.03510158257700528
11.65	0.03502484704682447
11.66	0.03494834489152885
11.67	0.03487207520212014
11.68	0.03479603707391534
11.69	0.03472022960652252
11.700000000000001	0.03464465190381689
11.71	0.03456930307391693
11.72	0.034494182229160626
11.73	0.03441928848608208
11.74	0.03434462096538795
11.75	0.034270178791934364
11.76	0.03419596109470368
11.77	0.03412196700678169
11.78	0.03404819566533472
11.790000000000001	0.033974646211587
11.8	0.033901317790798205
11.81	0.03382820955224107
11.82	0.03375532064917914
11.83	0.03368265023884471
11.84	0.033610197482416934
11.85	0.03353796154499994
11.86	0.03346594159560127
11.870000000000001	0.033394136807110286
11.88	0.03332254635627685
11.89	0.03325116942368996
11.9	0.03318000519375681
11.91	0.033109052854681686
11.92	0.03303831159844509
11.93	0.03296778062078315
11.94	0.032897459121166976
11.950000000000001	0.032827346302782154
11.96	0.03275744137250852
11.97	0.032687743540899865
11.98	0.03261825202216394
11.99	0.03254896603414245
12.	0.03247988479829133
12.01	0.032411007539660946
12.02	0.032342333486876554
12.030000000000001	0.032273861872118906
12.040000000000001	0.032205591931104886
12.05	0.03213752290306828
12.06	0.032069654030740725
12.07	0.03200198456033276
12.08	0.03193451374151493
12.09	0.03186724082739908
12.1	0.031800165074519764
12.11	0.031733285742815726
12.120000000000001	0.031666602095611514
12.13	0.03160011339959924
12.14	0.031533818924820385
12.15	0.03146771794464779
12.16	0.03140180973576773
12.17	0.03133609357816207
12.18	0.03127056875509057
12.19	0.031205234553073315
12.200000000000001	0.03114009026187318
12.21	0.031075135174478463
12.22	0.031010368587085634
12.23	0.030945789799082173
12.24	0.030881398113029427
12.25	0.030817192834645776
12.26	0.03075317327278969
12.27	0.030689338739443014
12.280000000000001	0.030625688549694316
12.290000000000001	0.03056222202172237
12.3	0.030498938476779675
12.31	0.03043583723917612
12.32	0.03037291763626276
12.33	0.030310178998415697
12.34	0.03024762065901997
12.35	0.030185241954453657
12.36	0.030123042224072055
12.370000000000001	0.03006102081019181
12.38	0.029999177058075453
12.39	0.029937510315915645
12.4	0.02987601993481985
12.41	0.02981470526879489
12.42	0.02975356567473169
12.43	0.029692600512390123
12.44	0.029631809144383844
12.450000000000001	0.02957119093616536
12.46	0.029510745256011103
12.47	0.02945047147500658
12.48	0.029390368967031656
12.49	0.02933043710874594
12.5	0.029270675279574193
12.51	0.029211082861691884
12.52	0.029151659240010817
12.530000000000001	0.02909240380216479
12.540000000000001	0.029033315938495476
12.55	0.028974395042038244
12.56	0.028915640508508103
12.57	0.0288570517362858
12.58	0.028798628126403946
12.59	0.028740369082533204
12.6	0.028682274010968584
12.61	0.028624342320615895
12.620000000000001	0.028566573422978078
12.63	0.028508966732141875
12.64	0.02845152166476439
12.65	0.02839423764005978
12.66	0.028337114079786056
12.67	0.028280150408231973
12.68	0.028223346052203894
12.69	0.028166700441012882
12.700000000000001	0.028110213006461743
12.71	0.028053883182832234
12.72	0.027997710406872267
12.73	0.027941694117783255
12.74	0.027885833757207504
12.75	0.02783012876921571
12.76	0.027774578600294437
12.77	0.0277191826993338
12.780000000000001	0.02766394051761514
12.790000000000001	0.027608851508798774
12.8	0.02755391512891184
12.81	0.027499130836336223
12.82	0.027444498091796467
12.83	0.027390016358347917
12.84	0.027335685101364793
12.85	0.027281503788528397
12.86	0.027220474822845037
12.870000000000001	0.0271579081881658
12.88	0.02709553379178666
12.89	0.02703335089448213
12.9	0.026971358760439698
12.91	0.02690955665724151
12.92	0.026847943855845973
12.93	0.026786519630569727
12.94	0.02672528325906952
12.950000000000001	0.02666423402232425
12.96	0.026603371204617185
12.97	0.026542694093518268
12.98	0.0264822019798664
12.99	0.026421894157752028
13.	0.026361769924499717
13.01	0.026301828580650877
13.02	0.026242069429946568
13.030000000000001	0.02618249177931039
13.040000000000001	0.026123094938831574
13.05	0.02606387822174804
13.06	0.026004840944429695
13.07	0.02594598242636172
13.08	0.025887301990128016
13.09	0.025828798961394724
13.1	0.025770472668893936
13.11	0.025712322444407288
13.120000000000001	0.025654347622749946
13.13	0.025596547541754423
13.14	0.025538921542254695
13.15	0.02548146896807023
13.16	0.02542418916599031
13.17	0.025367081485758277
13.18	0.025310145280055953
13.19	0.025253379904488185
13.200000000000001	0.025196784717567398
13.21	0.025140359080698307
13.22	0.025084102358162712
13.23	0.025028013917104363
13.24	0.024972093127513858
13.25	0.024916339362213845
13.26	0.024860751996844014
13.27	0.024805330409846484
13.280000000000001	0.024750073982450937
13.290000000000001	0.024694982098660227
13.3	0.024640054145235735
13.31	0.024585289511683015
13.32	0.024530687590237476
13.33	0.024476247775850092
13.34	0.02442196946617327
13.35	0.02436785206154678
13.36	0.024313894964983773
13.370000000000001	0.024260097582156814
13.38	0.024206459321384145
13.39	0.024152979593615898
13.4	0.0240996578124204
13.41	0.02404649339397066
13.42	0.023993485757030832
13.43	0.023940634322942796
13.44	0.023887938515612814
13.450000000000001	0.023835397761498296
13.46	0.023783011489594615
13.47	0.023730779131421926
13.48	0.023678700121012242
13.49	0.02362677389489647
13.5	0.02357499989209144
13.51	0.023523377554087205
13.52	0.0234719063248343
13.530000000000001	0.02342058565073103
13.540000000000001	0.023369414980611024
13.55	0.023318393765730576
13.56	0.023267521459756337
13.57	0.023216797518752913
13.58	0.023166221401170597
13.59	0.023115792567833148
13.6	0.023065510481925646
13.61	0.023015374608982446
13.620000000000001	0.022965384416875175
13.63	0.022915539375800806
13.64	0.022865838958269758
13.65	0.022816282639094194
13.66	0.022766869895376213
13.67	0.02271760020649625
13.68	0.022668473054101503
13.69	0.02261948792209434
13.700000000000001	0.022570644296620937
13.71	0.022521941666059857
13.72	0.022473379521010733
13.73	0.022424957354283008
13.74	0.02237667466088477
13.75	0.022328530938011622
13.76	0.022280525685035597
13.77	0.022232658403494213
13.780000000000001	0.022184928597079517
13.790000000000001	0.022137335771627208
13.8	0.022089879435105847
13.81	0.022042559097606117
13.82	0.021995374271330116
13.83	0.021948324470580795
13.84	0.02190140921175135
13.85	0.021854628013314708
13.86	0.021807980395813158
13.870000000000001	0.021761465881847925
13.88	0.021715083996068866
13.89	0.021668834265164194
13.9	0.0216227162178503
13.91	0.02157672938486163
13.92	0.021530873298940538
13.93	0.021485147494827304
13.94	0.021439551509250185
13.950000000000001	0.02139408488091544
13.96	0.021348747150497536
13.97	0.021303537860629315
13.98	0.02125845655589227
13.99	0.021213502782806825
14.	0.02116867608982274
14.01	0.02112397602730952
14.02	0.021079402147546836
14.030000000000001	0.021034954004715167
14.040000000000001	0.020990631154886308
14.05	0.020946433156013983
14.06	0.02090235956792461
14.07	0.020858409952307987
14.08	0.020814583872708108
14.09	0.020770880894514007
14.1	0.02072730058495066
14.11	0.02068384251306992
14.120000000000001	0.020640506249741536
14.13	0.0205972913676442
14.14	0.02055419744125663
14.15	0.020511224046848752
14.16	0.020468370762472862
14.17	0.020425637167954952
14.18	0.020383022844885884
14.19	0.020340527376612884
14.200000000000001	0.020298150348230834
14.21	0.020255891346573733
14.22	0.02021374996020625
14.23	0.020171725779415207
14.24	0.020129818396201177
14.25	0.020088027404270105
14.26	0.02004635239902506
14.27	0.020004792977557882
14.280000000000001	0.01996334873864098
14.290000000000001	0.019922019282719163
14.3	0.019880804211901526
14.31	0.0198397031299533
14.32	0.019798715642287863
14.33	0.019757841355958698
14.34	0.01971707987965149
14.35	0.019676430823676164
14.36	0.019635893799959055
14.370000000000001	0.019595468422035023
14.38	0.019555154305039766
14.39	0.01951495106570201
14.4	0.019474858322335843
14.41	0.019434875694833025
14.42	0.019395002804655434
14.43	0.019355239274827497
14.44	0.01931558472992859
14.450000000000001	0.019276038796085616
14.46	0.01923660110096556
14.47	0.019197271273768055
14.48	0.01915804894521805
14.49	0.019118933747558464
14.5	0.01907992531454291
14.51	0.019041023281428468
14.52	0.019002227284968476
14.530000000000001	0.01896353696340535
14.540000000000001	0.018924951956463477
14.55	0.01888647190534213
14.56	0.018848096452708428
14.57	0.018809825242690304
14.58	0.018771657920869555
14.59	0.018733594134274903
14.6	0.018695633531375117
14.61	0.018657775762072157
14.620000000000001	0.018620020477694316
14.63	0.018582367330989467
14.64	0.018544815976118335
14.65	0.018507366068647776
14.66	0.018470017265544075
14.67	0.018432769225166366
14.68	0.018395621607259965
14.69	0.018358574072949895
14.700000000000001	0.018321626284734254
14.71	0.01828477790647782
14.72	0.01824802860340551
14.73	0.018211378042096018
14.74	0.018174825890475397
14.75	0.01813837181781071
14.76	0.018099553583009367
14.77	0.01805708991830028
14.780000000000001	0.018014754517452495
14.790000000000001	0.01797254690664861
14.8	0.017930466614140293
14.81	0.017888513170237777
14.82	0.017846686107299548
14.83	0.017804984959721982
14.84	0.017763409263929147
14.85	0.017721958558362623
14.86	0.01768063238347131
14.870000000000001	0.017639430281701392
14.88	0.01759835179748636
14.89	0.01755739647723696
14.9	0.0175165638693314
14.91	0.01747585352410541
14.92	0.017435264993842486
14.93	0.017394797832764194
14.94	0.017354451597020423
14.950000000000001	0.01731422584467982
14.96	0.017274120135720158
14.97	0.017234134032018875
14.98	0.0171942670973436
14.99	0.017154518897342715
15.	0.01711488899953601
15.01	0.017075376973305415
15.02	0.01703598238988568
15.030000000000001	0.01699670482235528
15.040000000000001	0.01695754384562714
15.05	0.016918499036439643
15.06	0.016879569973347528
15.07	0.016840756236712932
15.08	0.016802057408696412
15.09	0.016763473073248065
15.1	0.016725002816098716
15.11	0.01668664622475107
15.120000000000001	0.016648402888471
15.13	0.016610272398278864
15.14	0.01657225434694081
15.15	0.01653434832896021
15.16	0.016496553940569127
15.17	0.01645887077971978
15.18	0.016421298446076087
15.19	0.01638383654100526
15.200000000000001	0.016346484667569494
15.21	0.01630924243051756
15.22	0.016272109436276612
15.23	0.016235085292943898
15.24	0.0161981696102787
15.25	0.016161361999694018
15.26	0.016124662074248668
15.27	0.016088069448639122
15.280000000000001	0.01605158373919153
15.290000000000001	0.01601520456385384
15.3	0.015978931542187786
15.31	0.015942764295361064
15.32	0.015906702446139533
15.33	0.015870745618879436
15.34	0.015834893439519583
15.35	0.015799145535573777
15.36	0.015763501536123086
15.370000000000001	0.01572796107180821
15.38	0.015692523774822022
15.39	0.015657189278901956
15.4	0.015621957219322519
15.41	0.015586827232887871
15.42	0.015551798957924457
15.43	0.015516872034273581
15.44	0.015482046103284129
15.450000000000001	0.015447320807805254
15.46	0.0154126957921792
15.47	0.015378170702233991
15.48	0.01534374518527638
15.49	0.01530941889008466
15.5	0.015275191466901586
15.51	0.015241062567427351
15.52	0.015207031844812577
15.530000000000001	0.01517309895365132
15.540000000000001	0.015139263549974151
15.55	0.015105525291241281
15.56	0.015071883836335688
15.57	0.01503833884555629
15.58	0.01500488998061118
15.59	0.014971536904610866
15.6	0.014938279282061588
15.610000000000001	0.014905116778858607
15.620000000000001	0.014872049062279602
15.63	0.014839075800978064
15.64	0.014806196664976717
15.65	0.014773411325660998
15.66	0.014740719455772575
15.67	0.014708120729402868
15.68	0.014675614821986633
15.69	0.014643201410295585
15.700000000000001	0.014610880172432011
15.71	0.01457865078782251
15.72	0.014546512937211636
15.73	0.01451446630265569
15.74	0.014482510567516486
15.75	0.014450645416455176
15.76	0.014418870535426086
15.77	0.014387185611670603
15.780000000000001	0.014355590333711078
15.790000000000001	0.014324084391344796
15.8	0.014292667475637929
15.81	0.014261339278919566
15.82	0.01423009949477574
15.83	0.014198947818043508
15.84	0.014167883944805079
15.85	0.014136907572381915
15.860000000000001	0.014106018399328887
15.870000000000001	0.014075216125428582
15.88	0.014044500451685411
15.89	0.01401387108031989
15.9	0.013983327714763013
15.91	0.013952870059650511
15.92	0.013922497820817184
15.93	0.013892210705291345
15.94	0.013862008421289186
15.950000000000001	0.013831890678209266
15.96	0.013801857186626916
15.97	0.013771907658288798
15.98	0.013742041806107424
15.99	0.01371225934415568
16.	0.013682559987661476
16.01	0.013652943453002293
16.02	0.013623409457699884
16.03	0.01359395772041492
16.04	0.013564587960941689
16.05	0.013535299900202845
16.06	0.013506093260244151
16.07	0.01347696776422925
16.080000000000002	0.013447923136434512
16.09	0.01341895910224385
16.1	0.013390075388143576
16.11	0.01336127172171734
16.12	0.013332547831640973
16.13	0.01330390344767753
16.14	0.013275338300672183
16.15	0.013246852122547259
16.16	0.013218444646297239
16.17	0.013190115605983883
16.18	0.013161864736731201
16.19	0.013133691774720626
16.2	0.013105596457186135
16.21	0.01307757852240938
16.22	0.013049637709714908
16.23	0.013021773759465304
16.240000000000002	0.012993986413056501
16.25	0.012966275412912957
16.26	0.012938640502482982
16.27	0.012911081426234032
16.28	0.012883597929648043
16.29	0.012856189759216749
16.3	0.012828856662437108
16.31	0.012801598387806675
16.32	0.012774414684819026
16.330000000000002	0.01274730530395922
16.34	0.012720269996699252
16.35	0.012693308515493575
16.36	0.012666420613774597
16.37	0.012639606045948215
16.38	0.012612864567389413
16.39	0.012586195934437822
16.4	0.012559599904393348
16.41	0.012533076235511765
16.42	0.012506624687000447
16.43	0.012480245019013982
16.44	0.012453936992649869
16.45	0.012427700369944292
16.46	0.012401534913867838
16.47	0.012375440388321227
16.48	0.012349416558131156
16.490000000000002	0.012323463189046093
16.5	0.012297580047732097
16.51	0.012271766901768653
16.52	0.012246023519644598
16.53	0.012220349670753963
16.54	0.012194745125391917
16.55	0.012169209654750698
16.56	0.012143743030915578
16.57	0.012118345026860817
16.580000000000002	0.012093015416445698
16.59	0.012067753974410506
16.6	0.012042560476372593
16.61	0.012017434698822453
16.62	0.011992376419119743
16.63	0.011967385415489439
16.64	0.011942461467017952
16.65	0.011917604353649225
16.66	0.011892813856180929
16.67	0.011868089756260624
16.68	0.01184343183638198
16.69	0.011818839879880966
16.7	0.011794313670932088
16.71	0.011769852994544663
16.72	0.011745457636559088
16.73	0.01172112738364311
16.740000000000002	0.011696862023288169
16.75	0.011672661343805723
16.76	0.011648525134323563
16.77	0.011624453184782228
16.78	0.01160044528593136
16.79	0.011576501229326117
16.8	0.01155262080732359
16.81	0.011528803813079259
16.82	0.011505050040543419
16.830000000000002	0.011481359284457687
16.84	0.011457731340351497
16.85	0.01143416600453856
16.86	0.011410663074113479
16.87	0.011387222346948198
16.88	0.011363843621688654
16.89	0.011340526697751272
16.9	0.011317271375319652
16.91	0.01129407745534111
16.92	0.011270944739523356
16.93	0.01124787303033109
16.94	0.011224862130982744
16.95	0.01119945981208836
16.96	0.011173437035339885
16.97	0.011147490010119018
16.98	0.011121618471471582
16.990000000000002	0.011095822155525329
17.	0.011070100799485004
17.01	0.011044454141627233
17.02	0.011018881921295574
17.03	0.010993383878895518
17.04	0.010967959755889555
17.05	0.010942609294792256
17.06	0.010917332239165353
17.07	0.0108921283336129
17.080000000000002	0.010866997323776427
17.09	0.010841938956330096
17.1	0.01081695297897593
17.11	0.01079203914043905
17.12	0.0107671971904629
17.13	0.010742426879804565
17.14	0.01071772796023005
17.150000000000002	0.010693100184509627
17.16	0.010668543306413182
17.17	0.010644057080705607
17.18	0.010619641263142162
17.19	0.010595295610463967
17.2	0.010571019880393401
17.21	0.010546813831629592
17.22	0.010522677223843908
17.23	0.010498609817675506
17.240000000000002	0.01047461137472685
17.25	0.01045068165755926
17.26	0.010426820429688554
17.27	0.010403027455580643
17.28	0.010379302500647112
17.29	0.010355645331240969
17.3	0.01033205571465226
17.31	0.010308533419103802
17.32	0.010285078213746884
17.330000000000002	0.010261689868657052
17.34	0.010238368154829846
17.35	0.01021511284417659
17.36	0.010191923709520231
17.37	0.010168800524591152
17.38	0.010145743064023039
17.39	0.010122751103348737
17.400000000000002	0.010099824418996189
17.41	0.010076962788284313
17.42	0.01005416598941896
17.43	0.010031433801488883
17.44	0.010008766004461694
17.45	0.009986162379179906
17.46	0.009963622707356916
17.47	0.009941146771573062
17.48	0.00991873435527169
17.490000000000002	0.009896385242755247
17.5	0.00987409921918137
17.51	0.009851876070558992
17.52	0.00982971558374453
17.53	0.009807617546438024
17.54	0.009785581747179294
17.55	0.009763607975344183
17.56	0.009741696021140769
17.57	0.00971984567560558
17.580000000000002	0.00969805673059988
17.59	0.009676328978805937
17.6	0.009654662213723325
17.61	0.009633056229665232
17.62	0.0096115108217548
17.63	0.009590025785921484
17.64	0.009568600918897403
17.650000000000002	0.009547236018213766
17.66	0.009525930882197239
17.67	0.009504685309966402
17.68	0.00948349910142818
17.69	0.009462372057274319
17.7	0.009441303978977841
17.71	0.009420294668789563
17.72	0.00939934392973463
17.73	0.009378451565608981
17.740000000000002	0.009357617380975975
17.75	0.009336841181162944
17.76	0.00931612277225774
17.77	0.009295461961105355
17.78	0.009274858555304565
17.79	0.009254312363204559
17.8	0.009233823193901553
17.81	0.009213390857235517
17.82	0.009193015163786816
17.830000000000002	0.009172695924872954
17.84	0.00915243295254526
17.85	0.009132226059585637
17.86	0.00911207505950333
17.87	0.009091979766531672
17.88	0.009071939995624882
17.89	0.009051955562454857
17.900000000000002	0.009032026283408014
17.91	0.009012151975582089
17.92	0.00899233245678301
17.93	0.008972567545521747
17.94	0.008952857061011218
17.95	0.008933200823163154
17.96	0.00891359865258501
17.97	0.008894050370576936
17.98	0.008874555799128677
17.990000000000002	0.008855114760916523
18.	0.008835727079300318
18.01	0.008816392578320441
18.02	0.008797111082694773
18.03	0.008777882417815741
18.04	0.008758706409747359
18.05	0.008739582885222263
18.06	0.00872051167163876
18.07	0.008701492597057913
18.080000000000002	0.008682525490200661
18.09	0.008663610180444868
18.1	0.008644746497822474
18.11	0.008625934273016644
18.12	0.008607173337358878
18.13	0.008588463522826197
18.14	0.008569804662038306
18.150000000000002	0.0085511965882548
18.16	0.00853156754612339
18.17	0.00851131025967568
18.18	0.008491112177988171
18.19	0.008470973095603414
18.2	0.008450892807889344
18.21	0.00843087111103553
18.22	0.008410907802049405
18.23	0.00839100267875256
18.240000000000002	0.008371155539777018
18.25	0.008351366184561537
18.26	0.008331634413347978
18.27	0.008311960027177615
18.28	0.008292342827887489
18.29	0.008272782618106834
18.3	0.008253279201253466
18.31	0.008233832381530177
18.32	0.0082144419639212
18.330000000000002	0.00819510775418865
18.34	0.008175829558869056
18.35	0.008156607185269733
18.36	0.008137440441465416
18.37	0.008118329136294724
18.38	0.008099273079356725
18.39	0.008080272081007488
18.400000000000002	0.00806132595235668
18.41	0.008042434505264148
18.42	0.008023597552336531
18.43	0.008004814906923929
18.44	0.007986086383116498
18.45	0.00796741179574117
18.46	0.007948790960358287
18.47	0.007930223693258335
18.48	0.007911709811458658
18.490000000000002	0.007893249132700163
18.5	0.007874841475444115
18.51	0.007856486658868842
18.52	0.007838184502866588
18.53	0.00781993482804026
18.54	0.007801737455700252
18.55	0.007783592207861274
18.56	0.007765498907239244
18.57	0.0077474573772480645
18.580000000000002	0.007729467441996568
18.59	0.007711528926285392
18.6	0.007693641655603885
18.61	0.0076758054561270155
18.62	0.007658020154712348
18.63	0.007640285578896959
18.64	0.007622601556894441
18.650000000000002	0.0076049679175918625
18.66	0.00758738449054678
18.67	0.007569851105984253
18.68	0.007552367594793873
18.69	0.007534933788526811
18.7	0.007517549519392868
18.71	0.007500214620257562
18.72	0.007482928924639215
18.73	0.007465692266706028
18.740000000000002	0.007448504481273259
18.75	0.007431365403800296
18.76	0.0074142748703878375
18.77	0.0073972327177750236
18.78	0.007380238783336658
18.79	0.007363292905080352
18.8	0.007346394921643733
18.81	0.007329544672291681
18.82	0.007312741996913561
18.830000000000002	0.00729598673602043
18.84	0.007279278730742336
18.85	0.007262617822825558
18.86	0.007246003854629925
18.87	0.0072294366691260615
18.88	0.007212916109892757
18.89	0.007196442021114256
18.900000000000002	0.007180014247577593
18.91	0.007163632634669963
18.92	0.007147297028376078
18.93	0.007131007275275533
18.94	0.007114763222540204
18.95	0.007098564717931656
18.96	0.007082411609798548
18.97	0.0070663037470740705
18.98	0.007050240979273373
18.990000000000002	0.007034223156491018
19.	0.007018250129398485
19.01	0.007002321749241581
19.02	0.0069864378678379845
19.03	0.006970598337574712
19.04	0.006954803011405686
19.05	0.0069390517428492005
19.06	0.006923344385985478
19.07	0.006907680795454247
19.080000000000002	0.006892060826452289
19.09	0.0068764843347309925
19.1	0.006860951176593968
19.11	0.006845461208894644
19.12	0.006830014289033858
19.13	0.006814610274957494
19.14	0.006799249025154107
19.150000000000002	0.006783930398652584
19.16	0.006768654255019782
19.17	0.006753420454358192
19.18	0.00673822885730365
19.19	0.0067230793250229876
19.2	0.0067079717192117545
19.21	0.006692905902091933
19.22	0.006677881736409663
19.23	0.006662899085432945
19.240000000000002	0.006647957812949438
19.25	0.006633057783264181
19.26	0.006618198861197355
19.27	0.006603380912082098
19.28	0.006588603801762243
19.29	0.006573867396590174
19.3	0.006559171563424579
19.31	0.006544516169628329
19.32	0.0065299010830662365
19.330000000000002	0.006515326172102989
19.34	0.006500791305600926
19.35	0.0064862963529179205
19.36	0.006471841183905273
19.37	0.006457425668905577
19.38	0.006443049678750608
19.39	0.006428713084759238
19.400000000000002	0.006414415758735349
19.41	0.006400157572965743
19.42	0.006385938400218089
19.43	0.006371758113738865
19.44	0.006357616587251298
19.45	0.006343513694953339
19.46	0.006328371460859928
19.47	0.006312959761356176
19.48	0.006297593479185309
19.490000000000002	0.006282272457293357
19.5	0.006266996539249618
19.51	0.006251765569243883
19.52	0.0062365793920836545
19.53	0.006221437853191391
19.54	0.006206340798601725
19.55	0.006191288074958779
19.56	0.006176279529513409
19.57	0.006161315010120478
19.580000000000002	0.006146394365236205
19.59	0.006131517443915468
19.6	0.006116684095809107
19.61	0.006101894171161308
19.62	0.006087147520806922
19.63	0.006072443996168889
19.64	0.006057783449255553
19.650000000000002	0.00604316573265812
19.66	0.006028590699548029
19.67	0.006014058203674397
19.68	0.005999568099361441
19.69	0.005985120241505925
19.7	0.0059707144855746346
19.71	0.005956350687601835
19.72	0.005942028704186764
19.73	0.005927748392491127
19.740000000000002	0.0059135096102366025
19.75	0.0058993122157023885
19.76	0.0058851560677227015
19.77	0.005871041025684349
19.78	0.005856966949524276
19.79	0.005842933699727153
19.8	0.005828941137322918
19.81	0.0058149891238844335
19.82	0.005801077521525047
19.830000000000002	0.005787206192896206
19.84	0.005773375001185123
19.85	0.005759583810112396
19.86	0.005745832483929657
19.87	0.005732120887417243
19.88	0.005718448885881874
19.89	0.005704816345154345
19.900000000000002	0.005691223131587209
19.91	0.005677669112052506
19.92	0.005664154153939468
19.93	0.005650678125152263
19.94	0.005637240894107731
19.95	0.005623842329733149
19.96	0.0056104823014639805
19.97	0.005597160679241666
19.98	0.005583877333511399
19.990000000000002	0.005570632135219939
20.	0.005557424955813406
20.01	0.0055442556672350984
20.02	0.0055311241419233395
20.03	0.005518030252809303
20.04	0.005504973873314875
20.05	0.005491954877350502
20.06	0.005478973139313068
20.07	0.005466028534083789
20.080000000000002	0.005453120937026091
20.09	0.005440250223983509
20.1	0.0054274162712776184
20.11	0.005414618955705945
20.12	0.005401858154539897
20.13	0.005389133745522713
20.14	0.005376445606867405
20.150000000000002	0.005363793617254751
20.16	0.005351177655831223
20.17	0.005338597602206999
20.18	0.0053260533364539574
20.19	0.005313544739103659
20.2	0.00530107169114537
20.21	0.005288634074024091
20.22	0.005276231769638571
20.23	0.005263864660339358
20.240000000000002	0.005251532628926849
20.25	0.005239235558649341
20.26	0.005226973333201107
20.27	0.0052147458367204635
20.28	0.005202552953787876
20.29	0.005190394569424043
20.3	0.005178270569087979
20.31	0.0051661808386751825
20.32	0.005154125264515706
20.330000000000002	0.005142103733372314
20.34	0.005130116132438627
20.35	0.00511816234933725
20.36	0.0051062422721179605
20.37	0.005094355789255855
20.38	0.005082502789649525
20.39	0.005070683162619254
20.400000000000002	0.005058896797905216
20.41	0.005047143585665646
20.42	0.00503542341647509
20.43	0.0050237361813226
20.44	0.005012081771609968
20.45	0.0050004600791499695
20.46	0.0049888709961645955
20.47	0.004977314415283314
20.48	0.004965790229541335
20.490000000000002	0.004954298332377863
20.5	0.004942838617634398
20.51	0.0049314109795530105
20.52	0.00492001531277463
20.53	0.0049086515123373435
20.54	0.004897319473674744
20.55	0.004886019092614193
20.56	0.004874750265375182
20.57	0.004863512888567663
20.580000000000002	0.004852306859190387
20.59	0.004841132074629243
20.6	0.004829988432655646
20.61	0.004818875831424854
20.62	0.004807794169474388
20.63	0.0047967433457224064
20.64	0.00478572325946605
20.650000000000002	0.004774733810379903
20.66	0.004763774898514349
20.67	0.00475284642429398
20.68	0.004741948288516073
20.69	0.004731080392348937
20.7	0.0047202426373304
20.71	0.004709434925366245
20.72	0.00469865715872863
20.73	0.004687909240054571
20.740000000000002	0.004677191072344404
20.75	0.004666502558960226
20.76	0.004655843603624405
20.77	0.00464521411041806
20.78	0.00463461398377953
20.79	0.004624043128502887
20.8	0.004613501449736458
20.81	0.004602988852981311
20.82	0.00459250524408977
20.830000000000002	0.004582050529263985
20.84	0.0045716246150544195
20.85	0.0045605363734008385
20.86	0.004549114265742398
20.87	0.004537726219104187
20.88	0.004526372115667736
20.89	0.004515051838078269
20.900000000000002	0.004503765269442631
20.91	0.00449251229332729
20.92	0.0044812927937562886
20.93	0.004470106655209226
20.94	0.00445895376261927
20.95	0.004447834001371138
20.96	0.004436747257299129
20.97	0.004425693416685147
20.98	0.004414672366256714
20.990000000000002	0.004403683993185026
21.	0.0043927281850830195
21.01	0.0043818048300034015
21.02	0.004370913816436747
21.03	0.004360055033309561
21.04	0.004349228369982383
21.05	0.004338433716247871
21.06	0.004327670962328929
21.07	0.004316939998876803
21.080000000000002	0.004306240716969211
21.09	0.0042955730081085065
21.1	0.0042849367642197825
21.11	0.004274331877649046
21.12	0.004263758241161384
21.13	0.004253215747939123
21.14	0.004242704291580008
21.150000000000002	0.004232223766095421
21.16	0.004221774065908529
21.17	0.004211355085852532
21.18	0.004200966721168865
21.19	0.0041906088675054045
21.2	0.004180281420914737
21.21	0.004169984277852357
21.22	0.004159717335174954
21.23	0.00414948049013865
21.240000000000002	0.004139273640397261
21.25	0.004129096684000588
21.26	0.004118949519392692
21.27	0.004108832045410182
21.28	0.004098744161280508
21.29	0.004088685766620291
21.3	0.004078656761433612
21.31	0.004068657046110356
21.32	0.0040586865214245265
21.330000000000002	0.004048745088532605
21.34	0.004038832648971865
21.35	0.004028949104658777
21.36	0.0040190943578873265
21.37	0.004009268311327399
21.38	0.003999470868023176
21.39	0.003989701931391495
21.400000000000002	0.003979961405220262
21.41	0.003970249193666853
21.42	0.003960565201256504
21.43	0.003950909332880757
21.44	0.003941281493795863
21.45	0.0039316815896212245
21.46	0.003922109526337824
21.47	0.003912565210286698
21.48	0.0039030485481673445
21.490000000000002	0.003893559447036244
21.5	0.003884097814305272
21.51	0.003874663557740211
21.52	0.003865256585459235
21.53	0.0038558768059313684
21.54	0.0038465241279750178
21.55	0.003837198460756468
21.56	0.0038278997137883805
21.57	0.0038186277969283282
21.580000000000002	0.0038093826203773155
21.59	0.0038001640946783177
21.6	0.0037909721307147985
21.61	0.003781806639709299
21.62	0.003772667533221954
21.63	0.003763554723149061
21.64	0.0037544681217216627
21.650000000000002	0.003745407641504113
21.66	0.003736373195392642
21.67	0.003727364696613976
21.68	0.0037183820587239013
21.69	0.0037094251956058784
21.7	0.0037004940214696662
21.71	0.003691588450849899
21.72	0.003682708398604733
21.73	0.0036738537799144806
21.740000000000002	0.0036650245102802163
21.75	0.003656220505522437
21.76	0.0036474416817797043
21.77	0.0036386879555072955
21.78	0.0036299592434758743
21.79	0.003621255462770126
21.8	0.00361257653078746
21.81	0.0036039223652366862
21.82	0.0035952928841366666
21.830000000000002	0.0035866880058150466
21.84	0.0035781076489069283
21.85	0.0035695517323535817
21.86	0.003561020175401133
21.87	0.00355251289759932
21.88	0.0035440298188001763
21.89	0.003535570859156759
21.900000000000002	0.003527135939121916
21.91	0.0035187249794469836
21.92	0.00351033790118055
21.93	0.0035019746256672087
21.94	0.003493635074546302
21.95	0.0034853191697506976
21.96	0.003477026833505544
21.97	0.003468757988327048
21.98	0.003460512557021251
21.990000000000002	0.0034522904626828263
22.	0.0034440916286938503
22.01	0.0034359159787226085
22.02	0.0034277634367223977
22.03	0.003419633926930333
22.04	0.0034115273738661634
22.05	0.00340344370233107
22.06	0.0033953828374065167
22.07	0.0033873447044530727
22.080000000000002	0.0033793292291092246
22.09	0.0033713363372902473
22.1	0.003363365955187032
22.11	0.003355418009264938
22.12	0.0033474924262626464
22.13	0.0033395891331910363
22.14	0.003331708057332034
22.150000000000002	0.0033238491262374825
22.16	0.0033160122677280447
22.17	0.0033081974098920545
22.18	0.003300404481084414
22.19	0.003292633409925501
22.2	0.003284884125300044
22.21	0.0032771565563560357
22.22	0.003269450632503648
22.23	0.003261766283414119
22.240000000000002	0.0032541034390187015
22.25	0.003246462029507572
22.26	0.0032388419853287475
22.27	0.0032312432371870313
22.28	0.0032236657160429525
22.29	0.003216109353111695
22.3	0.0032085740798620554
22.31	0.0032010598280153924
22.32	0.0031935665295445754
22.330000000000002	0.00318609411667297
22.34	0.003178248248568771
22.35	0.003170142863084045
22.36	0.0031620617604059017
22.37	0.003154004856974656
22.38	0.0031459720695553384
22.39	0.0031379633152362773
22.400000000000002	0.0031299785114277043
22.41	0.003122017575860351
22.42	0.0031140804265840866
22.43	0.0031061669819665134
22.44	0.003098277160691598
22.45	0.0030904108817583265
22.46	0.003082568064479321
22.47	0.0030747486284794863
22.48	0.0030669524936946884
22.490000000000002	0.0030591795803703793
22.5	0.0030514298090602906
22.51	0.003043703100625094
22.52	0.0030359993762310786
22.53	0.0030283185573488336
22.54	0.00302066056575196
22.55	0.003013025323515729
22.56	0.0030054127530158257
22.57	0.0029978227769270342
22.580000000000002	0.0029902553182219616
22.59	0.0029827103001697514
22.6	0.002975187646334827
22.61	0.0029676872805756145
22.62	0.002960209127043287
22.63	0.0029527531101804956
22.64	0.0029453191547201473
22.650000000000002	0.002937907185684139
22.66	0.002930517128382143
22.67	0.0029231489084103435
22.68	0.00291580245165025
22.69	0.002908477684267458
22.7	0.0029011745327104247
22.71	0.0028938929237092895
22.72	0.00288663278427465
22.73	0.002879394041696365
22.740000000000002	0.00287217662354239
22.75	0.0028649804576575543
22.76	0.0028578054721624083
22.77	0.0028506515954520467
22.78	0.0028435187561949233
22.79	0.0028364068833317043
22.8	0.0028293159060741135
22.81	0.002822245753903765
22.82	0.0028151963565710173
22.830000000000002	0.0028081676440938536
22.84	0.0028011595467567207
22.85	0.002794171995109408
22.86	0.0027872049199659304
22.87	0.0027802582524033897
22.88	0.0027733319237608846
22.89	0.002766425865638367
22.900000000000002	0.002759540009895569
22.91	0.002752674288650895
22.92	0.0027458286342803176
22.93	0.002739002979416288
22.94	0.002732197256946673
22.95	0.002725411400013657
22.96	0.0027186453420126634
22.97	0.002711899016591308
22.98	0.002705172357648316
22.990000000000002	0.002698465299332463
23.	0.002691777776041541
23.01	0.002685109722421282
23.02	0.0026784610733643277
23.03	0.0026718317640091983
23.04	0.0026652217297392367
23.05	0.0026586309061815945
23.06	0.0026520592292062113
23.07	0.0026455066349247696
23.080000000000002	0.002638973059689704
23.09	0.0026324584400931835
23.1	0.0026259627129660997
23.11	0.002619485815377064
23.12	0.0026130276846314253
23.13	0.002606588258270266
23.14	0.002600167474069403
23.150000000000002	0.002593765270038433
23.16	0.002587381584419733
23.17	0.0025810163556874875
23.18	0.0025746695225467315
23.19	0.002568341023932362
23.2	0.002562030799008207
23.21	0.002555738787166049
23.22	0.0025494649280246692
23.23	0.0025432091614289265
23.240000000000002	0.0025369714274487815
23.25	0.002530751666378377
23.26	0.002524549818735105
23.27	0.0025183658252586646
23.28	0.002512199626910142
23.29	0.0025060511648711
23.3	0.0024999203805426327
23.31	0.0024938072155444814
23.32	0.0024877116117141143
23.330000000000002	0.002481633511105812
23.34	0.002475572855989785
23.35	0.0024695295888512592
23.36	0.0024635036523895986
23.37	0.002457494989517406
23.38	0.002451503543359648
23.39	0.0024455292572527643
23.400000000000002	0.0024395720747437924
23.41	0.0024336319395895168
23.42	0.0024277087957555636
23.43	0.002421802587415567
23.44	0.0024159132589502944
23.45	0.0024100407549467974
23.46	0.0024041850201975495
23.47	0.0023983459996996088
23.48	0.002392523638653761
23.490000000000002	0.0023867178824636902
23.5	0.002380928676735139
23.51	0.0023751559672750625
23.52	0.0023693997000908207
23.53	0.002363659821389335
23.54	0.0023579362775762685
23.55	0.002352229015255222
23.56	0.0023465379812268997
23.57	0.002340863122488306
23.580000000000002	0.0023352043862319553
23.59	0.002329561719845032
23.6	0.0023239350709086245
23.61	0.0023183243871969174
23.62	0.002312729616676384
23.63	0.002307150707505025
23.64	0.002301587608031562
23.650000000000002	0.0022960402667946654
23.66	0.0022905086325221663
23.67	0.0022849926541302955
23.68	0.002279492280722901
23.69	0.00227400746159068
23.7	0.002268538146210427
23.71	0.002263084284244257
23.72	0.0022576458255388577
23.73	0.0022522227201247323
23.740000000000002	0.0022468149182154427
23.75	0.002241422370206881
23.76	0.002236045026676504
23.77	0.0022306828383825985
23.78	0.0022253357562635554
23.79	0.0022200037314371234
23.8	0.0022146867151996755
23.81	0.0022093846590255026
23.82	0.0022040975145660607
23.830000000000002	0.002198825233649266
23.84	0.0021935677682787874
23.85	0.0021883250706333027
23.86	0.002183097093065814
23.87	0.0021778837881029326
23.88	0.002172685108444165
23.89	0.002167501006961219
23.900000000000002	0.0021623314366973037
23.91	0.00215717635086644
23.92	0.002152035702852751
23.93	0.0021469094462097955
23.94	0.002141456668614917
23.95	0.0021359598094153973
23.96	0.002130479345817531
23.97	0.0021250152221054842
23.98	0.0021195673827758806
23.990000000000002	0.0021141357725369286
24.	0.002108720336307486
24.01	0.002103321019216214
24.02	0.0020979377666006617
24.03	0.0020925705240063862
24.04	0.0020872192371860936
24.05	0.002081883852098748
24.060000000000002	0.002076564314908704
24.07	0.002071260571984855
24.080000000000002	0.002065972569899747
24.09	0.002060700255428748
24.1	0.0020554435755491757
24.11	0.002050202477439452
24.12	0.0020449769084782622
24.13	0.002039766816243713
24.14	0.0020345721485124837
24.150000000000002	0.0020293928532590035
24.16	0.002024228878654622
24.17	0.0020190801730667726
24.18	0.0020139466850581595
24.19	0.0020088283633859336
24.2	0.0020037251570008815
24.21	0.0019986370150466043
24.22	0.001993563886858727
24.23	0.001988505721964083
24.240000000000002	0.001983462470079911
24.25	0.001978434081113071
24.26	0.001973420505159241
24.27	0.0019684216925021244
24.28	0.001963437593612685
24.29	0.001958468159148338
24.3	0.001953513339952194
24.310000000000002	0.0019485730870522735
24.32	0.0019436473516607285
24.330000000000002	0.0019387360851730953
24.34	0.0019338392391675143
24.35	0.0019289567654039665
24.36	0.0019240886158235376
24.37	0.0019192347425476357
24.38	0.0019143950978772598
24.39	0.0019095696342922585
24.400000000000002	0.0019047583044505595
24.41	0.0018999610611874563
24.42	0.0018951778575148645
24.43	0.0018904086466205747
24.44	0.0018856533818675419
24.45	0.0018809120167931485
24.46	0.0018761845051084832
24.47	0.001871470800697614
24.48	0.001866770857616889
24.490000000000002	0.001862084630094205
24.5	0.001857412072528303
24.51	0.0018527531394880651
24.52	0.0018481077857118067
24.53	0.0018434759661065758
24.54	0.0018388576357474592
24.55	0.001834252749876881
24.560000000000002	0.0018296612639039206
24.57	0.00182508313340362
24.580000000000002	0.001820518314116294
24.59	0.0018159667619468587
24.6	0.001811428432964146
24.61	0.0018069032834002257
24.62	0.0018023912696497448
24.63	0.0017978923482692417
24.64	0.0017934064759764913
24.650000000000002	0.001788933609649841
24.66	0.0017844737063275424
24.67	0.0017800267232070987
24.68	0.001775592617644617
24.69	0.0017711713471541411
24.7	0.0017667628694070167
24.71	0.001762367142231241
24.72	0.001757984123610817
24.73	0.001753613771685115
24.740000000000002	0.0017492560447482414
24.75	0.0017449109012483974
24.76	0.001740578299787248
24.77	0.001736258199119298
24.78	0.0017319505581512662
24.79	0.001727655335941451
24.8	0.001723372491699136
24.810000000000002	0.0017191019847839397
24.82	0.001714843774705224
24.830000000000002	0.0017105978211214845
24.84	0.0017063640838397168
24.85	0.0017021425228148437
24.86	0.0016979330981490843
24.87	0.0016937357700913648
24.88	0.0016895504990367247
24.89	0.0016853772455257055
24.900000000000002	0.0016812159702437783
24.91	0.0016770666340207437
24.92	0.0016729291978301332
24.93	0.001668803622788644
24.94	0.0016646898701555505
24.95	0.0016605879013321173
24.96	0.0016564976778610234
24.97	0.0016524191614258005
24.98	0.0016483523138502464
24.990000000000002	0.001644297097097859
25.	0.0016402534732712797
25.01	0.0016362214046117133
25.02	0.0016322008534983745
25.03	0.0016281917824479313
25.04	0.0016241941541139473
25.05	0.0016202079312863135
25.060000000000002	0.0016162330768907218
25.07	0.0016122695539880906
25.080000000000002	0.0016083173257740349
25.09	0.0016043763555783157
25.1	0.0016004466068642927
25.11	0.0015965280432283938
25.12	0.0015926206283995755
25.13	0.001588724326238782
25.14	0.0015848391007384176
25.150000000000002	0.0015809649160218148
25.16	0.0015771017363427106
25.17	0.0015732495260847188
25.18	0.0015694082497607954
25.19	0.0015655778720127386
25.2	0.001561758357610658
25.21	0.0015579496714524532
25.22	0.0015541517785633142
25.23	0.0015503646440951948
25.240000000000002	0.0015465882333263153
25.25	0.00154282251166065
25.26	0.0015390674446274176
25.27	0.0015353229978805898
25.28	0.0015315891371983743
25.29	0.001527865828482737
25.3	0.0015241530377588927
25.310000000000002	0.0015204507311748045
25.32	0.0015167588750007116
25.330000000000002	0.0015130774356286228
25.34	0.001509406379571839
25.35	0.0015057456734644634
25.36	0.0015020952840609138
25.37	0.0014984551782354515
25.38	0.0014948253229817028
25.39	0.0014912056854121617
25.400000000000002	0.001487596232757745
25.41	0.0014839969323673001
25.42	0.0014804077517071336
25.43	0.0014768286583605563
25.44	0.0014732596200274033
25.45	0.0014697006045235764
25.46	0.0014661515797805829
25.47	0.0014626125138450677
25.48	0.0014590833748783622
25.490000000000002	0.0014555641311560258
25.5	0.0014520547510673894
25.51	0.0014485552031151038
25.52	0.0014450654559146933
25.53	0.0014415854781941039
25.54	0.0014381152387932512
25.55	0.0014346547066635884
25.560000000000002	0.0014312038508676533
25.57	0.0014277626405786287
25.580000000000002	0.001424331045079912
25.59	0.0014209090337646702
25.6	0.001417496576135401
25.61	0.0014140936418035152
25.62	0.0014107002004888885
25.63	0.0014073162220194432
25.64	0.0014039416763307186
25.650000000000002	0.0014004858222833251
25.66	0.0013969997554810728
25.67	0.0013935237193682555
25.68	0.001390057681192203
25.69	0.001386601608319896
25.7	0.001383155468237461
25.71	0.0013797192285497058
25.72	0.0013762928569796345
25.73	0.0013728763213679675
25.740000000000002	0.0013694695896726671
25.75	0.0013660726299684761
25.76	0.0013626854104464286
25.77	0.001359307899413395
25.78	0.001355940065291614
25.79	0.0013525818766182197
25.8	0.0013492333020447883
25.810000000000002	0.0013458943103368747
25.82	0.0013425648703735546
25.830000000000002	0.001339244951146962
25.84	0.0013359345217618499
25.85	0.0013326335514351197
25.86	0.0013293420094953811
25.87	0.001326059865382509
25.88	0.0013227870886471807
25.89	0.0013195236489504485
25.900000000000002	0.0013162695160632873
25.91	0.0013130246598661544
25.92	0.0013097890503485571
25.93	0.0013065626576086115
25.94	0.0013033454518526046
25.95	0.0013001374033945706
25.96	0.001296938482655852
25.97	0.0012937486601646724
25.98	0.0012905679065557138
25.990000000000002	0.0012873961925696804
26.	0.0012842334890528894
26.01	0.0012810797669568436
26.02	0.0012779349973378006
26.03	0.0012747991513563763
26.04	0.0012716722002771115
26.05	0.0012685541154680631
26.060000000000002	0.0012654448684003903
26.07	0.0012623444306479555
26.080000000000002	0.0012592527738868944
26.09	0.001256169869895224
26.1	0.0012530956905524354
26.11	0.0012500302078390893
26.12	0.001246973393836406
26.13	0.0012439252207258817
26.14	0.001240885660788876
26.150000000000002	0.0012378546864062192
26.16	0.001234832270057827
26.17	0.001231818384322288
26.18	0.0012288130018764905
26.19	0.001225816095495227
26.2	0.0012228276380508
26.21	0.0012198476025126427
26.22	0.0012168759619469347
26.23	0.0012139126895162147
26.240000000000002	0.0012109577584790009
26.25	0.0012080111421894114
26.26	0.0012050728140967897
26.27	0.0012021427477453212
26.28	0.0011992209167736635
26.29	0.0011963072949145743
26.3	0.001193401855994534
26.310000000000002	0.0011905045739333822
26.32	0.001187615422743946
26.330000000000002	0.0011847343765316752
26.34	0.001181861409494276
26.35	0.001178996495921343
26.36	0.001176139610194007
26.37	0.0011732907267845694
26.38	0.0011704498202561372
26.39	0.0011676168652622809
26.400000000000002	0.0011647918365466615
26.41	0.0011619747089426874
26.42	0.0011591654573731625
26.43	0.0011563640568499226
26.44	0.001153570482473501
26.45	0.0011507847094327742
26.46	0.0011480067130046105
26.47	0.0011452364685535287
26.48	0.0011424739515313602
26.490000000000002	0.0011397191374768964
26.5	0.0011369720020155542
26.51	0.0011342325208590351
26.52	0.0011315006698049868
26.53	0.0011287764247366718
26.54	0.0011260597616226215
26.55	0.0011233506565163152
26.560000000000002	0.0011206490855558404
26.57	0.0011179550249635626
26.580000000000002	0.0011152684510457981
26.59	0.0011125893401924896
26.6	0.0011099176688768695
26.61	0.001107253413655142
26.62	0.0011045965511661646
26.63	0.0011019470581311148
26.64	0.0010993049113531728
26.650000000000002	0.0010966700877172073
26.66	0.001094042564189455
26.67	0.001091422317817194
26.68	0.0010888093257284466
26.69	0.0010862035651316479
26.7	0.0010836050133153437
26.71	0.001081013647647877
26.72	0.0010784294455770743
26.73	0.0010758523846299398
26.740000000000002	0.0010732824424123488
26.75	0.0010707195966087387
26.76	0.0010681638249818049
26.77	0.0010656151053722012
26.78	0.001063073415698232
26.79	0.001060538733955551
26.8	0.0010580110382168704
26.810000000000002	0.001055490306631651
26.82	0.0010529765174258155
26.830000000000002	0.001050469648901439
26.84	0.0010479696794364712
26.85	0.0010454765874844305
26.86	0.0010429903515741165
26.87	0.0010405109503093177
26.88	0.0010380383623685243
26.89	0.0010355725665046375
26.900000000000002	0.00103311354154468
26.91	0.001030661266389519
26.92	0.0010282157200135699
26.93	0.001025776881464518
26.94	0.0010233447298630394
26.95	0.001020919244402515
26.96	0.0010185004043487486
26.97	0.0010160881890396989
26.98	0.0010136825778851873
26.990000000000002	0.0010112835503666298
27.	0.0010088910860367656
27.01	0.0010065051645193695
27.02	0.0010041257655089926
27.03	0.0010017528687706835
27.04	0.0009993864541397183
27.05	0.0009970265015213306
27.060000000000002	0.000994672990890449
27.07	0.0009923259022914192
27.080000000000002	0.0009899852158377451
27.09	0.0009876509117118244
27.1	0.0009853229701646798
27.11	0.0009830013715157
27.12	0.000980686096152376
27.13	0.0009783771245300385
27.14	0.0009760744371716077
27.150000000000002	0.0009737780146673234
27.16	0.0009714878376744904
27.17	0.0009692038869172279
27.18	0.0009669261431862088
27.19	0.0009646545873384069
27.2	0.0009623892002968468
27.21	0.0009601299630503434
27.22	0.0009578768566532601
27.23	0.0009556298622252573
27.240000000000002	0.0009533889609510377
27.25	0.0009511541340801041
27.26	0.0009489253629265122
27.27	0.0009467026288686192
27.28	0.0009444859133488473
27.29	0.000942275197873434
27.3	0.0009400704640121909
27.310000000000002	0.0009378716933982637
27.32	0.000935678867727889
27.330000000000002	0.0009334919687601562
27.34	0.0009313109783167664
27.35	0.000929135878281799
27.36	0.0009269666506014732
27.37	0.0009248032772839073
27.38	0.0009226457403988928
27.39	0.000920494022077653
27.400000000000002	0.0009183481045126149
27.41	0.0009162079699571753
27.42	0.0009140736007254686
27.43	0.0009119449791921398
27.44	0.0009098220877921168
27.45	0.0009077049090203739
27.46	0.0009055934254317172
27.47	0.0009034876196405469
27.48	0.00090141519941388
27.490000000000002	0.0008994141820674516
27.5	0.0008974183320565468
27.51	0.0008954276341655199
27.52	0.0008934420732290331
27.53	0.0008914616341318762
27.54	0.0008894863018087798
27.55	0.0008875160612442387
27.560000000000002	0.0008855508974723203
27.57	0.0008835907955764919
27.580000000000002	0.0008816357406894321
27.59	0.0008796857179928597
27.6	0.000877740712717342
27.61	0.0008758007101421298
27.62	0.0008738656955949695
27.63	0.0008719356544519274
27.64	0.000870010572137218
27.650000000000002	0.0008680904341230245
27.66	0.0008661752259293222
27.67	0.0008642649331237084
27.68	0.0008623595413212222
27.69	0.0008604590361841816
27.7	0.0008585634034220006
27.71	0.0008566726287910214
27.72	0.0008547866980943495
27.73	0.0008529055971816716
27.740000000000002	0.0008510293119490946
27.75	0.0008491578283389782
27.76	0.0008472911323397557
27.77	0.0008454292099857799
27.78	0.0008435720473571476
27.79	0.000841719630579534
27.8	0.0008398719458240317
27.810000000000002	0.0008380289793069816
27.82	0.0008361907172898091
27.830000000000002	0.0008343571460788632
27.84	0.0008325282520252491
27.85	0.000830704021524672
27.86	0.000828884441017267
27.87	0.0008270694969874483
27.88	0.0008252591759637397
27.89	0.0008234534645186201
27.900000000000002	0.0008216523492683638
27.91	0.0008198558168728807
27.92	0.0008180638540355563
27.93	0.0008162764475031021
27.94	0.0008144935840653895
27.95	0.0008127152505553023
27.96	0.0008109414338485748
27.97	0.0008091721208636398
27.98	0.0008074072985614775
27.990000000000002	0.0008056469539454562
28.	0.0008038910740611803
28.01	0.0008021396459963457
28.02	0.0008003926568805765
28.03	0.0007986500938852833
28.04	0.0007969119442235089
28.05	0.0007951781951497755
28.060000000000002	0.0007934488339599418
28.07	0.0007917238479910519
28.080000000000002	0.0007900032246211823
28.09	0.0007882869512693001
28.1	0.0007865750153951165
28.11	0.0007848674044989355
28.12	0.0007831641061215117
28.13	0.0007814651078439059
28.14	0.0007797703972873363
28.150000000000002	0.0007780799621130374
28.16	0.0007763937900221175
28.17	0.0007747118687554144
28.18	0.0007730341860933484
28.19	0.0007713607298557933
28.2	0.0007696914879019182
28.21	0.0007680264481300617
28.22	0.0007663655984775817
28.23	0.0007647089269207209
28.240000000000002	0.0007630564214744673
28.25	0.0007614080701924134
28.26	0.0007597638611666199
28.27	0.0007581237825274795
28.28	0.0007564878224435758
28.29	0.0007548559691215517
28.3	0.0007532282108059723
28.310000000000002	0.0007516045357791867
28.32	0.0007499849323611969
28.330000000000002	0.0007483693889095222
28.34	0.0007467578938190647
28.35	0.000745150435521977
28.36	0.00074354700248753
28.37	0.0007419475832219809
28.38	0.0007403521662684389
28.39	0.0007387607402067378
28.400000000000002	0.0007371732936533027
28.41	0.0007355898152610214
28.42	0.0007340102937191145
28.43	0.0007324347177530065
28.44	0.0007308630761241949
28.45	0.000729295357630128
28.46	0.0007277315511040708
28.47	0.00072617164541498
28.48	0.0007246156294673808
28.490000000000002	0.000723063492201235
28.5	0.0007215152225918222
28.51	0.0007199708096496081
28.52	0.000718430242420124
28.53	0.0007168935099838419
28.54	0.00071536060145605
28.55	0.0007138315059867295
28.560000000000002	0.0007123062127604338
28.57	0.000710784710996164
28.580000000000002	0.0007092669899472476
28.59	0.0007077530389012207
28.6	0.0007062428471796994
28.61	0.0007047364041382685
28.62	0.0007032336991663577
28.63	0.0007017347216871184
28.64	0.0007002394611573113
28.650000000000002	0.0006987479070671845
28.66	0.0006972600489403554
28.67	0.0006957758763336949
28.68	0.0006942953788372086
28.69	0.0006928185460739205
28.7	0.0006913453676997575
28.71	0.0006898758334034328
28.72	0.0006884099329063328
28.73	0.0006869476559623972
28.740000000000002	0.0006854889923580115
28.75	0.0006840339319118874
28.76	0.0006825824644749508
28.77	0.0006811345799302324
28.78	0.0006796902681927472
28.79	0.0006782495192093907
28.8	0.0006768123229588236
28.810000000000002	0.0006753786694513565
28.82	0.0006739485487288467
28.830000000000002	0.0006725219508645819
28.84	0.0006710988659631714
28.85	0.0006696792841604395
28.86	0.0006682631956233112
28.87	0.0006668505905497071
28.88	0.0006654414591684345
28.89	0.0006640357917390773
28.900000000000002	0.0006626335785518915
28.91	0.0006612348099276954
28.92	0.0006598394762177658
28.93	0.0006584475678037273
28.94	0.000657059075097451
28.95	0.0006556739885409472
28.96	0.0006542922986062579
28.97	0.0006529139957953562
28.98	0.0006515390706400401
28.990000000000002	0.0006501675137018262
29.	0.000648799315571853
29.01	0.0006474344668707692
29.02	0.0006460729582486357
29.03	0.0006447147803848262
29.04	0.0006433599239879176
29.05	0.000642008379795595
29.060000000000002	0.0006406601385745481
29.07	0.0006393151911203689
29.080000000000002	0.0006379735282574556
29.09	0.0006366351408389074
29.1	0.0006353000197464293
29.11	0.0006339681558902305
29.12	0.0006326395402089254
29.13	0.0006313141636694364
29.14	0.0006299920172668963
29.150000000000002	0.000628673092024546
29.16	0.0006273573789936452
29.17	0.000626044869253366
29.18	0.0006247355539107057
29.19	0.0006234294241003818
29.2	0.0006221264709847435
29.21	0.0006208266857536719
29.22	0.0006195300596244832
29.23	0.000618236583841841
29.240000000000002	0.0006169462496776552
29.25	0.0006156590484309888
29.26	0.0006143749714279677
29.27	0.0006130940100216843
29.28	0.0006118161555921053
29.29	0.0006105413995459787
29.3	0.0006092697333167428
29.310000000000002	0.0006080011483644316
29.32	0.0006067356361755869
29.330000000000002	0.0006054731882631634
29.34	0.0006042137961664409
29.35	0.0006029574514509298
29.36	0.0006017041457082856
29.37	0.0006004538705562163
29.38	0.0005992066176383921
29.39	0.0005979623786243571
29.400000000000002	0.0005967211452094427
29.41	0.0005954829091146749
29.42	0.0005942476620866886
29.43	0.0005930153958976404
29.44	0.0005917861023451181
29.45	0.0005908329420670314
29.46	0.0005899578022011572
29.47	0.0005890842549400251
29.48	0.0005882122968464239
29.490000000000002	0.0005873419244917281
29.5	0.0005864731344558631
29.51	0.0005856059233272893
29.52	0.0005847402877029751
29.53	0.0005838762241883713
29.54	0.0005830137293973899
29.55	0.0005821527999523791
29.560000000000002	0.0005812934324840963
29.57	0.0005804356236316905
29.580000000000002	0.000579579370042674
29.59	0.0005787246683729
29.6	0.0005778715152865372
29.61	0.000577019907456052
29.62	0.0005761698415621775
29.63	0.0005753213142938972
29.64	0.0005744743223484156
29.650000000000002	0.0005736288624311386
29.66	0.0005727849312556508
29.67	0.0005719425255436898
29.68	0.0005711016420251261
29.69	0.0005702622774379376
29.7	0.0005694244285281891
29.71	0.0005685880920500072
29.72	0.0005677532647655592
29.73	0.000566919943445031
29.740000000000002	0.0005660881248666027
29.75	0.0005652578058164271
29.76	0.0005644289830886085
29.77	0.0005636016534851778
29.78	0.0005627758138160725
29.79	0.0005619514608991126
29.8	0.0005611285915599807
29.810000000000002	0.0005603072026321983
29.82	0.0005594872909571043
29.830000000000002	0.0005586688533838325
29.84	0.0005578518867692916
29.85	0.0005570363879781412
29.86	0.0005562223538827705
29.87	0.0005554097813632796
29.88	0.0005545986673074517
29.89	0.0005537890086107398
29.900000000000002	0.0005529808021762371
29.91	0.0005521740449146612
29.92	0.0005513687337443315
29.93	0.0005505648655911475
29.94	0.0005497624373885652
29.95	0.0005489614460775817
29.96	0.0005481618886067083
29.97	0.0005473637619319539
29.98	0.0005465670630168008
29.990000000000002	0.0005457717888321878
30.	0.0005449779363564834
30.01	0.0005441855025754717
30.02	0.0005433944844823272
30.03	0.000542604879077596
30.04	0.0005418166833691764
30.05	0.0005410298943722946
30.060000000000002	0.0005402445091094887
30.07	0.0005394605246105858
30.080000000000002	0.0005386779379126823
30.09	0.0005378967460601238
30.1	0.0005371169461044858
30.11	0.000536338535104551
30.12	0.0005355615101262931
30.13	0.0005347858682428538
30.14	0.000534011606534523
30.150000000000002	0.0005332387220887228
30.16	0.000532467211999981
30.17	0.0005316970733699179
30.18	0.0005309283033072241
30.19	0.0005301608989276393
30.2	0.0005293948573539346
30.21	0.000528630175715894
30.22	0.0005278668511502928
30.23	0.0005271048808008785
30.240000000000002	0.0005263442618183533
30.25	0.0005255849913603546
30.26	0.0005248270665914323
30.27	0.0005240704846830346
30.28	0.0005233152428134871
30.29	0.000522561338167971
30.3	0.0005218087679385096
30.310000000000002	0.0005210575293239448
30.32	0.0005203076195299202
30.330000000000002	0.0005195590357688626
30.34	0.0005188117752599629
30.35	0.0005180658352291566
30.36	0.000517321212909107
30.37	0.0005165779055391849
30.38	0.0005158359103654517
30.39	0.0005150952246406402
30.400000000000002	0.0005143558456241359
30.41	0.0005136177705819582
30.42	0.0005128809967867461
30.43	0.0005121455215177336
30.44	0.0005114113420607369
30.45	0.0005106784557081331
30.46	0.0005099468597588458
30.47	0.0005092165515183222
30.48	0.0005084875282985191
30.490000000000002	0.0005077597874178837
30.5	0.0005070333262013362
30.51	0.0005063081419802506
30.52	0.0005055842320924396
30.53	0.0005048615938821348
30.54	0.0005041402246999696
30.55	0.0005034201219029618
30.560000000000002	0.0005027012828544972
30.57	0.0005019837049243112
30.580000000000002	0.0005012673854884701
30.59	0.0005005523219293569
30.6	0.0004998385116356517
30.61	0.0004991259520023136
30.62	0.0004984146404305672
30.63	0.0004977045743278832
30.64	0.0004969957511079598
30.650000000000002	0.0004962881681907094
30.66	0.0004955818230022384
30.67	0.0004948767129748316
30.68	0.0004941728355469373
30.69	0.0004934701881631452
30.7	0.0004927687682741767
30.71	0.0004920685733368611
30.72	0.0004913696008141255
30.73	0.0004906718481749723
30.740000000000002	0.0004899753128944677
30.75	0.0004892799924537223
30.76	0.0004885858843398752
30.77	0.00048789298604607777
30.78	0.00048720129507147765
30.79	0.00048651080892120183
30.8	0.0004858215251063413
30.810000000000002	0.0004851334411439335
30.82	0.00048444655455694743
30.830000000000002	0.0004837608628742678
30.84	0.00048307636363067736
30.85	0.0004823930543668417
30.86	0.00048171093262929513
30.87	0.0004810299959704211
30.88	0.00048035024194843974
30.89	0.0004796716681273901
30.900000000000002	0.0004789942720771157
30.91	0.0004783180513732475
30.92	0.0004776430035971892
30.93	0.00047696912633610113
30.94	0.00047629641718288494
30.95	0.00047562487373616893
30.96	0.0004749544936002901
30.970000000000002	0.00047428527438528204
30.98	0.00047361721370685664
30.990000000000002	0.00047295030918638985
31.	0.0004722845584509084
31.01	0.00047161995913307017
31.02	0.00047095650887115384
31.03	0.0004702942053090395
31.04	0.000469633046096197
31.05	0.0004689730288876685
31.060000000000002	0.0004683141513440551
31.07	0.0004676564111315003
31.080000000000002	0.0004669998059216769
31.09	0.00046634433339177035
31.1	0.00046568999122446485
31.11	0.00046503677710792976
31.12	0.00046438468873580177
31.13	0.0004637337238071728
31.14	0.000463083880026575
31.150000000000002	0.000462435155103965
31.16	0.0004617875467547103
31.17	0.000461141052699575
31.18	0.00046049567066470433
31.19	0.0004598513983816103
31.2	0.00045920823358715977
31.21	0.00045856617402355564
31.220000000000002	0.00045792521743832616
31.23	0.0004572853615843099
31.240000000000002	0.0004566466042196404
31.25	0.0004560089431077331
31.26	0.0004553723760172712
31.27	0.0004547369007221911
31.28	0.0004541025150016676
31.29	0.00045346921664010187
31.3	0.0004528370034271069
31.310000000000002	0.0004522058731574917
31.32	0.0004515758236312496
31.330000000000002	0.000450946852653544
31.34	0.0004503189580346934
31.35	0.000449692137590159
31.36	0.0004490663891405305
31.37	0.00044844171051151204
31.38	0.00044781809953390965
31.39	0.000447195554043616
31.400000000000002	0.00044657407188159826
31.41	0.00044595365089388487
31.42	0.0004453342889315498
31.43	0.000444715983850702
31.44	0.0004440987335124697
31.45	0.00044348253578298876
31.46	0.0004428673885333883
31.470000000000002	0.0004422532896397783
31.48	0.00044386116834281813
31.490000000000002	0.0004480103017422561
31.5	0.0004521968845825975
31.51	0.0004564212428267745
31.52	0.00046068370517010897
31.53	0.0004649846030623415
31.54	0.0004693242707298285