0.01	3.0826264838463957
0.02	2.789828948566285
0.03	2.7394173742481875
0.04	2.7152273923432393
0.05	2.6885106395280447
0.06	2.65446858961424
0.07	2.6170949969741324
0.08	2.576132803100291
0.09	2.532368193805745
0.1	2.486394901035841
0.11	2.4412722885501794
0.12	2.397820318394644
0.13	2.3546379282574064
0.14	2.3145751480312344
0.15	2.2749965752673447
0.16	2.23818119135307
0.17	2.198742886740781
0.18	2.1621961460823536
0.19	2.1260765261690606
0.2	2.091527087121238
0.21	2.0591848213107613
0.22	2.0249055187120626
0.23	1.9926682078416187
0.24	1.9622841562889566
0.25	1.9305305959316432
0.26	1.9001216518402142
0.27	1.8713127943560415
0.28	1.8431434512844131
0.29	1.8146054593244807
0.3	1.78745476424656
0.31	1.761580954686864
0.32	1.7364003141697484
0.33	1.7105564291485926
0.34	1.6858517700958653
0.35000000000000003	1.662204768854188
0.36	1.6395418166848985
0.37	1.6168526279081363
0.38	1.5941488082272326
0.39	1.5723412945484447
0.4	1.5513730493339273
0.41000000000000003	1.5311919750678584
0.42	1.5115635995294054
0.43	1.4908287346433997
0.44	1.470845301519849
0.45	1.4515698992495674
0.46	1.4329625267803292
0.47000000000000003	1.4149862496100676
0.48	1.3976069054473441
0.49	1.3792559809132696
0.5	1.3613096285945248
0.51	1.3439453130229135
0.52	1.3271332901588657
0.53	1.3108458703280157
0.54	1.2950572407945753
0.55	1.2797433066154165
0.56	1.2638994679061557
0.5700000000000001	1.2482129510555138
0.58	1.2329889097054367
0.59	1.2182060821906724
0.6	1.203844523240563
0.61	1.1898855021813726
0.62	1.1763114105293477
0.63	1.1631056779725903
0.64	1.1495612817623322
0.65	1.135866972675177
0.66	1.1225411731988977
0.67	1.1095686055050056
0.68	1.0969348408861257
0.6900000000000001	1.0846262409212237
0.7000000000000001	1.0726299035010063
0.71	1.0609336132491063
0.72	1.0495257959248758
0.73	1.038224039926221
0.74	1.0263799462723076
0.75	1.0148272547303205
0.76	1.003555052074942
0.77	0.9925529703528947
0.78	0.9818111529905832
0.79	0.9713202234111323
0.8	0.9610712559459593
0.81	0.951055748846827
0.8200000000000001	0.9412655992229213
0.8300000000000001	0.9316930797440746
0.84	0.9219870720084199
0.85	0.9119467974034823
0.86	0.9021313862207588
0.87	0.892533274537069
0.88	0.8831452359616037
0.89	0.8739603629490745
0.9	0.8649720493436419
0.91	0.8561739740599268
0.92	0.8475600858154703
0.93	0.8391245888363185
0.9400000000000001	0.8308619294640088
0.9500000000000001	0.8227667835982214
0.96	0.8148340449147915
0.97	0.8062619714646291
0.98	0.7978610125853811
0.99	0.7896315535785569
1.	0.7815684135826885
1.01	0.7736666179863719
1.02	0.7659213882760969
1.03	0.7583281324774989
1.04	0.7508824361499681
1.05	0.7435800538976236
1.06	0.7364169013624499
1.07	0.7293890476679589
1.08	0.7224927082840936
1.09	0.7157242382862415
1.1	0.7090801259831995
1.11	0.7020246977593861
1.12	0.6949443707258975
1.1300000000000001	0.6879974427745631
1.1400000000000001	0.6811802530999902
1.1500000000000001	0.6744892723002422
1.16	0.6679210965686484
1.17	0.6614724421897603
1.18	0.6551401403210975
1.19	0.6489211320435543
1.2	0.6428124636645267
1.21	0.6368112822588617
1.22	0.6309148314337486
1.23	0.6251204473045714
1.24	0.6194255546695983
1.25	0.6138276633721742
1.26	0.6083243648398107
1.27	0.6026439733712525
1.28	0.5967196566381502
1.29	0.5908990066399628
1.3	0.5851794266685786
1.31	0.579558404366167
1.32	0.5740335083675389
1.33	0.5686023851003764
1.34	0.5632627557347893
1.35	0.5580124132741755
1.36	0.5528492197798489
1.37	0.5477711037223549
1.3800000000000001	0.542776057452814
1.3900000000000001	0.5378621347880327
1.4000000000000001	0.5330274487034841
1.41	0.5282701691286135
1.42	0.5235885208392408
1.43	0.5189807814421352
1.44	0.5144452794471185
1.45	0.5099803924223214
1.46	0.5052402913584467
1.47	0.5004216374483607
1.48	0.4956811444964875
1.49	0.4910170293358221
1.5	0.4864275610813935
1.51	0.481911059261737
1.52	0.47746589202898077
1.53	0.47309047444375374
1.54	0.46878326683131816
1.55	0.46454277320553067
1.56	0.4603675397574166
1.57	0.45625615340531517
1.58	0.45220724040371163
1.59	0.4482194650080317
1.6	0.44429152819280554
1.61	0.44042216642075627
1.62	0.43661015046048485
1.6300000000000001	0.43285428425054695
1.6400000000000001	0.4291534038078324
1.6500000000000001	0.42550637617825854
1.6600000000000001	0.4219120984278947
1.67	0.4183039053352635
1.68	0.4144045010820216
1.69	0.41056426655928735
1.7	0.4067819617236618
1.71	0.4030563796076697
1.72	0.3993863452506592
1.73	0.39577071467022634
1.74	0.3922083738724071
1.75	0.38869823789896213
1.76	0.385239249910159
1.77	0.38183038030154215
1.78	0.37847062585324154
1.79	0.37515900891045095
1.8	0.37189457659376485
1.81	0.3686764000381277
1.82	0.36550357365920866
1.83	0.3623752144460683
1.84	0.3592904612790368
1.85	0.35624847427177586
1.86	0.3532484341365402
1.87	0.35028954157170034
1.8800000000000001	0.34737101667063436
1.8900000000000001	0.34449209835113215
1.9000000000000001	0.34165204380449626
1.9100000000000001	0.33885012796356123
1.92	0.33593660563236394
1.93	0.33287609553835534
1.94	0.32985906917802865
1.95	0.32688468934051873
1.96	0.32395213911518983
1.97	0.32106062129905416
1.98	0.31820935782438897
1.99	0.31539758920576394
2.	0.31262457400572996
2.0100000000000002	0.3098895883184464
2.02	0.3071919252705628
2.0300000000000002	0.30453089453869253
2.04	0.3019058218828513
2.05	0.29931604869525663
2.06	0.2967609315639085
2.07	0.2942398418504012
2.08	0.2917521652814338
2.09	0.2892973015535126
2.1	0.28687466395035827
2.11	0.28448367897255183
2.12	0.2821237859789713
2.13	0.2797944368395916
2.14	0.2774950955992343
2.15	0.2752252381518744
2.16	0.27298435192512394
2.17	0.27077193557453166
2.18	0.2685874986873451
2.19	0.26643056149540634
2.2	0.26428370863169204
2.21	0.26190321925250337
2.22	0.2595547741859026
2.23	0.25723780063141694
2.24	0.2549517385333588
2.25	0.25269604024199593
2.2600000000000002	0.25047017018518436
2.27	0.2482736045500982
2.2800000000000002	0.24610583097470343
2.29	0.24396634824863428
2.3000000000000003	0.24185466602314823
2.31	0.23977030452984482
2.32	0.23771279430784675
2.33	0.23568167593915498
2.34	0.2336764997918968
2.35	0.23169682577120182
2.36	0.22974222307744488
2.37	0.22781226997161086
2.38	0.22590655354754002
2.39	0.22402466951082614
2.4	0.22216622196414562
2.41	0.2203308231988037
2.42	0.2185180934922948
2.43	0.21672766091167772
2.44	0.21495916112257663
2.45	0.21321223720362337
2.46	0.2114865394661672
2.47	0.20978172527907785
2.48	0.20809745889848255
2.49	0.2064334113022743
2.5	0.2047892600292439
2.5100000000000002	0.20316468902268395
2.52	0.20155938847832724
2.5300000000000002	0.19987100052353501
2.54	0.1980920279023539
2.5500000000000003	0.1963357862813578
2.56	0.19460189777200795
2.57	0.19288999221028444
2.58	0.1911997069695325
2.59	0.18953068677854595
2.6	0.18788258354472157
2.61	0.1862550561821263
2.62	0.1846477704443204
2.63	0.18306039876178878
2.64	0.18149262008383565
2.65	0.179944119724805
2.66	0.17841458921449116
2.67	0.1769037261526106
2.68	0.175411234067211
2.69	0.17393682227689541
2.7	0.17248020575674544
2.71	0.17104110500783165
2.72	0.16961924593020136
2.73	0.16821435969923942
2.74	0.16682618264530047
2.75	0.16545445613651347
2.7600000000000002	0.16409892646466606
2.77	0.1627593447340743
2.7800000000000002	0.1614354667533511
2.79	0.1601270529299872
2.8000000000000003	0.15883386816766115
2.81	0.15755568176619936
2.82	0.1562922673241078
2.83	0.15504340264360073
2.84	0.15380886963805396
2.85	0.1525884542418127
2.86	0.15138194632228513
2.87	0.1501891395942576
2.88	0.14900983153636624
2.89	0.14784382330966442
2.9	0.1466802123717793
2.91	0.14537261880970317
2.92	0.14408110785880118
2.93	0.14280542764683674
2.94	0.14154533108716916
2.95	0.1403005757719562
2.96	0.13907092386809178
2.97	0.13785614201579957
2.98	0.13665600122980665
2.99	0.13547027680302234
3.	0.13429874821265173
3.0100000000000002	0.13314119902867308
3.02	0.1319974168246131
3.0300000000000002	0.13086719309055492
3.04	0.12975032314831494
3.0500000000000003	0.12864660606872852
3.06	0.12755584459098487
3.0700000000000003	0.1264778450439538
3.08	0.12541241726944916
3.09	0.12435937454737543
3.1	0.12331853352270426
3.11	0.12228971413423184
3.12	0.12127273954506701
3.13	0.1202674360748037
3.14	0.11927363313333081
3.15	0.11829116315623497
3.16	0.11731986154175392
3.17	0.11635956658923743
3.18	0.11541011943907532
3.19	0.11447136401405388
3.2	0.11354314696210123
3.21	0.11262531760038548
3.22	0.11171772786072898
3.23	0.1108202322363044
3.24	0.10993268772957747
3.25	0.10905495380146525
3.2600000000000002	0.10818689232167628
3.27	0.10732836752020222
3.2800000000000002	0.10647924593993156
3.29	0.1056393963903547
3.3000000000000003	0.10480868990233341
3.31	0.10398699968390603
3.3200000000000003	0.10317420107710241
3.33	0.10235613605832032
3.34	0.1014322392573726
3.35	0.100519406565835
3.36	0.09961747304929082
3.37	0.09872627671269807
3.38	0.0978456584394902
3.39	0.09697546193211329
3.4	0.09611553365396251
3.41	0.09526572277268112
3.42	0.09442588110478559
3.43	0.0935958630615819
3.44	0.09277552559634063
3.45	0.09196472815269603
3.46	0.09116333261423894
3.47	0.09037120325527134
3.48	0.08958820669269373
3.49	0.08881421183899472
3.5	0.0880490898563158
3.5100000000000002	0.08729271411156292
3.52	0.08654496013253855
3.5300000000000002	0.08580570556506752
3.54	0.08507483013109282
3.5500000000000003	0.08435221558771479
3.56	0.08363774568715167
3.5700000000000003	0.08293130613759708
3.58	0.0822327845649527
3.59	0.08154207047541341
3.6	0.0808590552188844
3.61	0.08018363195320898
3.62	0.07951569560918675
3.63	0.07885514285636369
3.64	0.07820187206957331
3.65	0.0775557832962121
3.66	0.07691677822422963
3.67	0.07628476015081749
3.68	0.07565963395177824
3.69	0.07504130605155906
3.7	0.07442968439393337
3.71	0.07382467841331493
3.72	0.07322619900668847
3.73	0.07263415850614345
3.74	0.07204847065199453
3.75	0.0714690505664763
3.7600000000000002	0.07089581472799747
3.77	0.07032868094594183
3.7800000000000002	0.06976756833600242
3.79	0.06921239729603679
3.8000000000000003	0.0686630894824304
3.81	0.06811956778695692
3.8200000000000003	0.06758175631412278
3.83	0.06697024062583011
3.84	0.06634483099145064
3.85	0.06572686565719324
3.86	0.06511623702100475
3.87	0.06451283930924355
3.88	0.06391656854099377
3.89	0.06332732249316574
3.9	0.06274500066636328
3.91	0.0621695042514987
3.92	0.061600736097138294
3.93	0.06103860067755952
3.94	0.060483004061502664
3.95	0.059933853881601225
3.96	0.059391059304473144
3.97	0.058854531001458085
3.98	0.05832418111998472
3.99	0.05779992325555296
4.	0.05728167242431663
4.01	0.05676934503625181
4.0200000000000005	0.056262858868897696
4.03	0.055762133041655455
4.04	0.05526708799063237
4.05	0.054777645444018835
4.0600000000000005	0.05429372839798436
4.07	0.05381526109308165
4.08	0.05334216899114646
4.09	0.05287437875268108
4.1	0.052411818214710935
4.11	0.051954416369103015
4.12	0.051502103341335086
4.13	0.05105481036970563
4.14	0.050612469784974495
4.15	0.050175014990423435
4.16	0.04974238044232815
4.17	0.049314501630831106
4.18	0.048891315061207107
4.19	0.04847275823551177
4.2	0.04805876963460465
4.21	0.04764928870053838
4.22	0.04724425581930551
4.23	0.04684361230393497
4.24	0.046447300377930184
4.25	0.046055263159041564
4.26	0.0456674446433648
4.2700000000000005	0.04528378968975933
4.28	0.044904244004578195
4.29	0.04452875412670308
4.3	0.044157267412878044
4.3100000000000005	0.04378973202333473
4.32	0.043426096907702494
4.33	0.04306631179119833
4.34	0.04271032716108857
4.3500000000000005	0.04235809425341817
4.36	0.04200956504000041
4.37	0.041664692215662165
4.38	0.04132342918573869
4.39	0.04097746766777319
4.4	0.0405931497851379
4.41	0.04021329654815527
4.42	0.03983784614260112
4.43	0.03946673774720079
4.44	0.0390999115154862
4.45	0.038737308558024396
4.46	0.03837887092500909
4.47	0.03802454158920687
4.48	0.03767426442925034
4.49	0.03732798421327006
4.5	0.03698564658285796
4.51	0.03664719803735441
4.5200000000000005	0.0363125859184524
4.53	0.03598175839511092
4.54	0.03565466444877127
4.55	0.03533125385886926
4.5600000000000005	0.03501147718863707
4.57	0.034695285771187724
4.58	0.03438263169587685
4.59	0.03407346779493473
4.6000000000000005	0.0337677476303633
4.61	0.033465425481092034
4.62	0.03316645633038715
4.63	0.032870795853508536
4.64	0.032578400405608915
4.65	0.032289227009870344
4.66	0.03200323334587243
4.67	0.03172037773818753
4.68	0.03144061914519808
4.69	0.031163917148130955
4.7	0.03089023194030467
4.71	0.03059872195130211
4.72	0.030304686783471656
4.73	0.030014090468085876
4.74	0.02972688564324606
4.75	0.029443025697317195
4.76	0.029162464755497466
4.7700000000000005	0.028885157666655736
4.78	0.02861105999043136
4.79	0.028340127984590107
4.8	0.02807231859263061
4.8100000000000005	0.02780758943163655
4.82	0.027545898780368252
4.83	0.027287205567589092
4.84	0.027031469360621514
4.8500000000000005	0.026778650354127645
4.86	0.02652870935910938
4.87	0.026281607792123844
4.88	0.026037307664708877
4.89	0.025795771573014437
4.9	0.02555696268763553
4.91	0.02532084474364203
4.92	0.02508738203080147
4.93	0.024856539383990774
4.94	0.02462828217379235
4.95	0.024402576297271442
4.96	0.024179388168930102
4.97	0.02395868471183471
4.98	0.023740433348912838
4.99	0.0235246019944163
5.	0.023311159045546658
5.01	0.02310007337423984
5.0200000000000005	0.02289131431910655
5.03	0.022684851677525195
5.04	0.022477219516587113
5.05	0.02225225934845333
5.0600000000000005	0.022029989026948672
5.07	0.021810371168699345
5.08	0.02159336898215932
5.09	0.02137894625710106
5.1000000000000005	0.021167067354313254
5.11	0.020957697195500793
5.12	0.020750801253382526
5.13	0.02054634554198297
5.14	0.020344296607113364
5.15	0.0201446215170383
5.16	0.019947287853323774
5.17	0.01975226370186304
5.18	0.019559517644076048
5.19	0.019369018748279346
5.2	0.01918073656122238
5.21	0.01899464109978668
5.22	0.018810702842844952
5.23	0.018628892723276145
5.24	0.01844918212013342
5.25	0.018271542850962025
5.26	0.0180959471642636
5.2700000000000005	0.0179223677321039
5.28	0.017750777642861343
5.29	0.017581150394112677
5.3	0.0174134598856538
5.3100000000000005	0.017247680412652223
5.32	0.01708378665892876
5.33	0.016921753690365707
5.34	0.01676155694843912
5.3500000000000005	0.016603172243872012
5.36	0.016446575750406783
5.37	0.016291743998693858
5.38	0.016138653870294336
5.39	0.015987282591794362
5.4	0.01583561940947008
5.41	0.01567014489518052
5.42	0.015506700318863989
5.43	0.015345257101905103
5.44	0.01518578711960599
5.45	0.01502826269316071
5.46	0.014872656581785737
5.47	0.01471894197500338
5.48	0.014567092485075048
5.49	0.01441708213958099
5.5	0.014268885374143453
5.51	0.014122477025290334
5.5200000000000005	0.013977832323456186
5.53	0.013834926886117854
5.54	0.013693736711061968
5.55	0.013554238169781116
5.5600000000000005	0.013416408000996619
5.57	0.01328022330430485
5.58	0.01314566153394448
5.59	0.013012700492682496
5.6000000000000005	0.012881318325816212
5.61	0.012751493515288918
5.62	0.012623204873916988
5.63	0.012496431539725898
5.64	0.012371152970393066
5.65	0.012247348937795331
5.66	0.012124999522658872
5.67	0.01200408510930932
5.68	0.011884586380520305
5.69	0.011766484312458306
5.7	0.011649760169721628
5.71	0.01153439550047191
5.72	0.011420372131656151
5.73	0.011307672164317327
5.74	0.011196277968991928
5.75	0.011086172181192648
5.76	0.0109773376969744
5.7700000000000005	0.010869757668582093
5.78	0.010763415500178555
5.79	0.010651817073078327
5.8	0.010535164894988914
5.8100000000000005	0.010419987880321077
5.82	0.01030626488339094
5.83	0.010193975097212215
5.84	0.010083098047503123
5.8500000000000005	0.00997361358680936
5.86	0.009865501888740741
5.87	0.009758743442318994
5.88	0.009653319046434529
5.89	0.009549209804409858
5.9	0.009446397118667267
5.91	0.009344862685498868
5.92	0.009244588489936685
5.93	0.009145556800720695
5.94	0.009047750165362918
5.95	0.008951151405305514
5.96	0.008855743611170816
5.97	0.008761510138101627
5.98	0.00866843460118975
5.99	0.008576500870990966
6.	0.00848569306912476
6.01	0.008395995563956999
6.0200000000000005	0.008307392966363783
6.03	0.008219870125575013
6.04	0.008133412125095892
6.05	0.008048004278704723
6.0600000000000005	0.007963632126525677
6.07	0.007880281431174797
6.08	0.00779793817397781
6.09	0.007716588551258358
6.1000000000000005	0.007636218970695169
6.11	0.007556816047746746
6.12	0.007478366602142273
6.13	0.007400857654437471
6.140000000000001	0.007324276422633843
6.15	0.007248610318860357
6.16	0.007173846946116158
6.17	0.007099974095072997
6.18	0.00702697974093641
6.19	0.006954852040364282
6.2	0.006882472516049234
6.21	0.006803382548745684
6.22	0.0067253265140613284
6.23	0.00664828926573809
6.24	0.006572255903197004
6.25	0.006497211767168368
6.26	0.00642314243540644
6.2700000000000005	0.006350033718487027
6.28	0.0062778716556859465
6.29	0.006206642510936993
6.3	0.006136332768867589
6.3100000000000005	0.006066929130910439
6.32	0.005998418511489859
6.33	0.005930788034280975
6.34	0.0058640250285403655
6.3500000000000005	0.005798117025506808
6.36	0.005733051754870513
6.37	0.00566881714130946
6.38	0.005605401301091528
6.390000000000001	0.005542792538741111
6.4	0.005480979343768666
6.41	0.005419950387462192
6.42	0.005359694519739232
6.43	0.005300200766058091
6.44	0.005241458324387286
6.45	0.005183456562231809
6.46	0.005126185013715173
6.47	0.005069633376716128
6.48	0.005013791510058915
6.49	0.00495864943075585
6.5	0.0049041973113014324
6.51	0.004850425477016783
6.5200000000000005	0.004797324403443328
6.53	0.004744884713784925
6.54	0.004693097176397378
6.55	0.0046419527023243016
6.5600000000000005	0.004591442342878579
6.57	0.004541557287268363
6.58	0.004492288860266794
6.59	0.004443628519924599
6.6000000000000005	0.004395567855324608
6.61	0.004348098584377463
6.62	0.00430121255165771
6.63	0.004254901726279346
6.640000000000001	0.004209158199810174
6.65	0.004160565027757661
6.66	0.004111726974589796
6.67	0.0040635341874729735
6.68	0.004015977192605961
6.69	0.0039690466691636415
6.7	0.00392273344660336
6.71	0.003877028502022683
6.72	0.003831922957567376
6.73	0.0037874080778887015
6.74	0.0037434752676490006
6.75	0.003700116069074494
6.76	0.0036573221595544085
6.7700000000000005	0.0036150853492855155
6.78	0.0035733975789610656
6.79	0.0035322509175032854
6.8	0.0034916375598385363
6.8100000000000005	0.003451549824714266
6.82	0.0034119801525569
6.83	0.0033729211033699004
6.84	0.0033343653546710752
6.8500000000000005	0.003296305699468463
6.86	0.003258735044273966
6.87	0.0032216464071539294
6.88	0.0031850329158160154
6.890000000000001	0.003148887805731622
6.9	0.003113204418293019
6.91	0.0030779761990047455
6.92	0.003043196695708325
6.93	0.003008859556839802
6.94	0.0029749585297194625
6.95	0.0029414874588729045
6.96	0.0029084402843831147
6.97	0.0028758110402727004
6.98	0.0028435938529158345
6.99	0.00281178293947921
7.	0.0027803726063915656
7.01	0.0027493572478410793
7.0200000000000005	0.0027187313443001932
7.03	0.0026884894610772737
7.04	0.0026586262468945954
7.05	0.002629136432492119
7.0600000000000005	0.0026000148292566272
7.07	0.0025712563278755952
7.08	0.0025428558970154534
7.09	0.0025148085820236796
7.1000000000000005	0.0024871095036542766
7.11	0.0024597538568162064
7.12	0.0024325894082127906
7.13	0.002405404827628715
7.140000000000001	0.002378561502690147
7.15	0.0023520546805391334
7.16	0.002325879681027007
7.17	0.002300031895502708
7.18	0.00227450678562297
7.19	0.002249299882183882
7.2	0.0022244067839734933
7.21	0.00219982315664502
7.22	0.002175544731610211
7.23	0.00215156730495257
7.24	0.0021278867363600036
7.25	0.0021044989480764804
7.26	0.00208139992387246
7.2700000000000005	0.0020585857080335705
7.28	0.002036052404367331
7.29	0.0020137961752274922
7.3	0.001991813240555647
7.3100000000000005	0.001970099876939869
7.32	0.0019486524166899576
7.33	0.001927467246929027
7.34	0.0019065408087011121
7.3500000000000005	0.0018858695960945067
7.36	0.0018654501553804948
7.37	0.0018452790841672368
7.38	0.0018253530305684849
7.390000000000001	0.0018056686923868495
7.4	0.001786222816311382
7.41	0.0017670121971291558
7.42	0.0017480336769505969
7.43	0.0017292841444483318
7.44	0.0017107605341092722
7.45	0.001692459825499693
7.46	0.0016743790425430578
7.47	0.0016565152528103826
7.48	0.0016388655668228532
7.49	0.0016214271373665259
7.5	0.001604197158818834
7.51	0.0015871728664867146
7.5200000000000005	0.0015703515359561254
7.53	0.0015537304824527719
7.54	0.0015373070602137577
7.55	0.0015210786618700624
7.5600000000000005	0.0015050427178395682
7.57	0.0014891966957304777
7.58	0.0014735380997549085
7.59	0.0014580644701525072
7.6000000000000005	0.0014427733826238732
7.61	0.0014276624477736247
7.62	0.001412729310562928
7.63	0.001399207118736983
7.640000000000001	0.0013877586077889535
7.65	0.0013764185619667437
7.66	0.0013651858138784057
7.67	0.0013540592101968945
7.68	0.001343037611472588
7.69	0.001332119891948536
7.7	0.0013213049393784079
7.71	0.0013105916548470933
7.72	0.0012999789525939137
7.73	0.001289465759838401
7.74	0.001279051016608609
7.75	0.0012687336755719063
7.76	0.0012585127018682324
7.7700000000000005	0.001248387072945745
7.78	0.0012383557783988584
7.79	0.001228417819808614
7.8	0.0012185722105853404
7.8100000000000005	0.001208817975813583
7.82	0.0011991541520992692
7.83	0.0011895797874190545
7.84	0.0011800939409718281
7.8500000000000005	0.001170695683032359
7.86	0.0011613840948070126
7.87	0.0011521582682915408
7.88	0.0011430173061308994
7.890000000000001	0.001133960321481054
7.9	0.0011249864378727562
7.91	0.001116094789077259
7.92	0.0011072845189739305
7.930000000000001	0.0010985547814197367
7.94	0.0010899047401205966
7.95	0.001081333568504519
7.96	0.0010728404495965686
7.97	0.0010644245758955617
7.98	0.0010560851492525144
7.99	0.001047821380750807
8.	0.0010396324905880057
8.01	0.0010315177079593721
8.02	0.0010234762709429852
8.03	0.0010155074263864781
8.040000000000001	0.0010076104297953518
8.05	0.0009997845452228587
8.06	0.000992029045161409
8.07	0.000984343210435495
8.08	0.0009767263300961074
8.09	0.0009691777013166132
8.1	0.0009616966292900727
8.11	0.0009542824271279984
8.120000000000001	0.0009469344157604927
8.13	0.0009396519238377735
8.14	0.0009324342876330704
8.15	0.0009252808509468437
8.16	0.000962341399265889
8.17	0.0010186814642887238