0.01	3.1977732214897956
0.02	2.2547632489397995
0.03	1.9444424999527687
0.04	1.768435263983191
0.05	1.6629300278698198
0.06	1.5911789565599888
0.07	1.5390052309037316
0.08	1.4999382642952397
0.09	1.4666729699507295
0.1	1.4402256854846032
0.11	1.4180519908373428
0.12	1.3986759057011489
0.13	1.3800081112166942
0.14	1.362976065532472
0.15	1.347364613458709
0.16	1.3326480948624906
0.17	1.3183818639088654
0.18	1.30507120648006
0.19	1.2907608969565123
0.2	1.2773026123582971
0.21	1.264378283064807
0.22	1.2516470504080712
0.23	1.2396016294290693
0.24	1.2278341771926622
0.25	1.215660334026913
0.26	1.2040777293622842
0.27	1.1930365099975144
0.28	1.1814388637621835
0.29	1.1699817792426992
0.3	1.1590186769402906
0.31	1.1485128260494977
0.32	1.137950813857418
0.33	1.1275991977094948
0.34	1.117646630474648
0.35000000000000003	1.1080666533596963
0.36	1.0987651043014688
0.37	1.088618226560867
0.38	1.078831961247039
0.39	1.0693844967267974
0.4	1.060255857350891
0.41000000000000003	1.051427707553769
0.42	1.042291829481491
0.43	1.0332330666279057
0.44	1.0244586120045398
0.45	1.015953379090817
0.46	1.0077033946750482
0.47000000000000003	0.9996956946056827
0.48	0.9914306614225292
0.49	0.9831033390384939
0.5	0.9750120990899682
0.51	0.9671457240869755
0.52	0.9594937362124338
0.53	0.9520463354375833
0.54	0.9447943438710921
0.55	0.9373096075480576
0.56	0.9297370484063247
0.5700000000000001	0.9223580910297862
0.58	0.9151645174130509
0.59	0.9081485924013971
0.6	0.9013030277103189
0.61	0.8946209491746548
0.62	0.8880958668897898
0.63	0.8814193535103308
0.64	0.8746383426600032
0.65	0.8680134312957242
0.66	0.86153870622361
0.67	0.8552085634904862
0.68	0.8490176878851949
0.6900000000000001	0.8429610340771466
0.7000000000000001	0.8370338092397491
0.71	0.8312314570224791
0.72	0.8253926716737268
0.73	0.81927781480258
0.74	0.813290538424258
0.75	0.8074265099217086
0.76	0.8016815990553277
0.77	0.7960518659966774
0.78	0.790533550214538
0.79	0.7851230601425242
0.8	0.7798169635642038
0.81	0.7746119786576192
0.8200000000000001	0.7695049656464817
0.8300000000000001	0.7641678717765668
0.84	0.758762166684745
0.85	0.7534580006624777
0.86	0.7482523051447695
0.87	0.7431421385866417
0.88	0.7381246798183446
0.89	0.7331972218190982
0.9	0.7283571658786324
0.91	0.7236020161183709
0.92	0.7189293743464208
0.93	0.7143369352226593
0.9400000000000001	0.7098224817121189
0.9500000000000001	0.7051882184720593
0.96	0.700401086200021
0.97	0.6956955569483251
0.98	0.691069419719981
0.99	0.686520545191063
1.	0.6820468819057898
1.01	0.6776464526848467
1.02	0.6733173512330193
1.03	0.6690577389332528
1.04	0.6648658418151886
1.05	0.6607399476871149
1.06	0.656678403421056
1.07	0.6526796123814705
1.08	0.6487420319886983
1.09	0.6447335732800545
1.1	0.640627172197324
1.11	0.6365837344129108
1.12	0.6326017402109965
1.1300000000000001	0.6286797196983002
1.1400000000000001	0.6248162507474161
1.1500000000000001	0.6210099570422132
1.16	0.6172595062194037
1.17	0.6135636081007592
1.18	0.6099210130108275
1.19	0.6063305101753251
1.2	0.6027909261956972
1.21	0.5993011235956249
1.22	0.5958599994355207
1.23	0.5924664839913047
1.24	0.5891195394939868
1.25	0.5857018176306433
1.26	0.5821313661347988
1.27	0.57861064833385
1.28	0.5751385879916007
1.29	0.5717141403313998
1.3	0.5683362908814089
1.31	0.5650040543707553
1.32	0.5617164736739542
1.33	0.5584726188011482
1.34	0.5552715859318439
1.35	0.5521124964899646
1.36	0.5489944962581615
1.37	0.5459167545294421
1.3800000000000001	0.5428784632942847
1.3900000000000001	0.5398788364615097
1.4000000000000001	0.5369171091112741
1.41	0.5339925367786474
1.42	0.5311043947663078
1.43	0.5282519774849826
1.44	0.5251839455348969
1.45	0.5221274925017175
1.46	0.5191096513308137
1.47	0.5161296747558219
1.48	0.513186834926461
1.49	0.5102804227770577
1.5	0.5074097474196834
1.51	0.5045741355607889
1.52	0.5017729309402756
1.53	0.49900549379200315
1.54	0.4962712003247761
1.55	0.49356944222290833
1.56	0.4908996261655042
1.57	0.4882611733636412
1.58	0.48565351911467597
1.59	0.4830761123729415
1.6	0.48052841533612695
1.61	0.47800990304668
1.62	0.4755200630075922
1.6300000000000001	0.47305839481196504
1.6400000000000001	0.4706244097857813
1.6500000000000001	0.4680567912704025
1.6600000000000001	0.4654503449112598
1.67	0.46287393703838653
1.68	0.4603270446875249
1.69	0.45780915704040076
1.7	0.4553197750728263
1.71	0.45285841121499704
1.72	0.45042458902349264
1.73	0.44801784286450985
1.74	0.44563771760788556
1.75	0.44328376833147787
1.76	0.4409555600355021
1.77	0.438652667366427
1.78	0.4363746743500658
1.79	0.4341211741335
1.8	0.4318917687354999
1.81	0.42968606880511606
1.82	0.4275036933881285
1.83	0.42534426970106193
1.84	0.4232074329124731
1.85	0.421092825931248
1.86	0.4190000992016417
1.87	0.4169289105048111
1.8800000000000001	0.4148789247666059
1.8900000000000001	0.41277857909796817
1.9000000000000001	0.41057354134219165
1.9100000000000001	0.4083917653388238
1.92	0.4062328858189604
1.93	0.40409654511214504
1.94	0.401982392949953
1.95	0.39989008627563316
1.96	0.39781928905959146
1.97	0.3957696721205081
1.98	0.39374091295188934
1.99	0.39173269555386026
2.	0.3897447102700184
2.0100000000000002	0.387776653629167
2.02	0.3858282281917632
2.0300000000000002	0.38389914240091366
2.04	0.3819891104377653
2.05	0.38009785208113783
2.06	0.3782250925712551
2.07	0.376370562477436
2.08	0.37453399756961137
2.09	0.37271513869353845
2.1	0.3709137316495893
2.11	0.36912952707499513
2.12	0.3673622803294305
2.13	0.36561175138382973
2.14	0.3638777047123263
2.15	0.36215990918721835
2.16	0.3604581379768559
2.17	0.3586958192959329
2.18	0.3568414940526679
2.19	0.355005175998205
2.2	0.3531866092338695
2.21	0.3513855426386677
2.22	0.34960172975897447
2.23	0.3478349287012501
2.24	0.3460849020276893
2.25	0.34435141665471475
2.2600000000000002	0.34263424375421764
2.27	0.3409331586574668
2.2800000000000002	0.3392479407615974
2.29	0.33757837343860203
2.3000000000000003	0.3359242439467442
2.31	0.3342853433443236
2.32	0.33266146640571514
2.33	0.33105241153961773
2.34	0.3294579807094421
2.35	0.3278779793557736
2.36	0.32631221632084867
2.37	0.32476050377498167
2.38	0.32322265714488746
2.39	0.3216984950438389
2.4	0.3201878392036086
2.41	0.31869051440813967
2.42	0.3172063484288963
2.43	0.3157351719618428
2.44	0.3142768185660063
2.45	0.312831124603574
2.46	0.31139792918148335
2.47	0.30997707409446035
2.48	0.3085684037694647
2.49	0.30712226362308337
2.5	0.30558533494945694
2.5100000000000002	0.3040621870285948
2.52	0.30255264212841315
2.5300000000000002	0.30105652550215245
2.54	0.29957366532668356
2.5500000000000003	0.2981038926423255
2.56	0.2966470412941326
2.57	0.29520294787460866
2.58	0.2937714516678088
2.59	0.2923523945947902
2.6	0.290945621160373
2.61	0.28955097840117716
2.62	0.2881683158348969
2.63	0.286797485410782
2.64	0.2854383414612899
2.65	0.28409074065487905
2.66	0.2827545419499102
2.67	0.28142960654962657
2.68	0.28011579785818463
2.69	0.2788129814377058
2.7	0.2775210249663212
2.71	0.2762397981971857
2.72	0.2749691729184317
2.73	0.2737090229140409
2.74	0.2724592239256077
2.75	0.2712196536149713
2.7600000000000002	0.2699901915276947
2.77	0.26877071905736716
2.7800000000000002	0.26756111941070787
2.79	0.26636127757345374
2.8000000000000003	0.26517108027700603
2.81	0.2639904159658201
2.82	0.2628191747655174
2.83	0.2616572484517013
2.84	0.26050453041945976
2.85	0.25936091565353575
2.86	0.25816431918099203
2.87	0.25691066250983924
2.88	0.25566742250979213
2.89	0.2544344769085458
2.9	0.2532117052854391
2.91	0.2519989890371513
2.92	0.2507962113441504
2.93	0.24960325713787254
2.94	0.24842001306861447
2.95	0.24724636747412218
2.96	0.24608221034885785
2.97	0.24492743331392697
2.98	0.24378192958765177
2.99	0.24264559395677207
3.	0.24151832274826113
3.0100000000000002	0.2404000138017385
3.02	0.23929056644246777
3.0300000000000002	0.23818988145492276
3.04	0.23709786105691044
3.0500000000000003	0.23601440887423492
3.06	0.2349394299158918
3.0700000000000003	0.23387283054977756
3.08	0.2328145184789042
3.09	0.2317644027181047
3.1	0.23072239357121932
3.11	0.22968840260875087
3.12	0.228662342645977
3.13	0.2276441277215098
3.14	0.22663367307629154
3.15	0.2256308951330171
3.16	0.2246357114759716
3.17	0.22364804083127549
3.18	0.22266780304752568
3.19	0.2216949190768257
3.2	0.2207293109561931
3.21	0.21977090178933872
3.22	0.2188196157288064
3.23	0.2178753779584663
3.24	0.21693811467635385
3.25	0.2160077530778462
3.2600000000000002	0.21508422133916766
3.27	0.2141674486012186
3.2800000000000002	0.21323798895205756
3.29	0.21222709097906636
3.3000000000000003	0.21122403158188072
3.31	0.2102287265017172
3.3200000000000003	0.20924109263636104
3.33	0.20826104802086867
3.34	0.20728851180864763
3.35	0.20632340425290815
3.36	0.20536564668847523
3.37	0.20441516151395597
3.38	0.20347187217425122
3.39	0.2025357031434069
3.4	0.20160657990779474
3.41	0.20068442894961727
3.42	0.1997691777307284
3.43	0.1988607546767636
3.44	0.1979590891615723
3.45	0.1970641114919462
3.46	0.19617575289263678
3.47	0.19529394549165616
3.48	0.19441862230585477
3.49	0.1935497172267696
3.5	0.192687165006738
3.5100000000000002	0.19183090124527055
3.52	0.1909808623756778
3.5300000000000002	0.1901369856519453
3.54	0.18929920913585196
3.5500000000000003	0.18846747168432607
3.56	0.18764171293703408
3.5700000000000003	0.18682187330419725
3.58	0.1860078939546321
3.59	0.18519971680400837
3.6	0.18439728450332105
3.61	0.18360054042757226
3.62	0.18280942866465744
3.63	0.1820238940044527
3.64	0.1812438819280985
3.65	0.18046933859747594
3.66	0.1797002108448714
3.67	0.17893644616282603
3.68	0.1781779926941658
3.69	0.17742479922220902
3.7	0.17667681516114686
3.71	0.1759339905465949
3.72	0.1751962760263095
3.73	0.17446362285106903
3.74	0.1737359828657139
3.75	0.1730133085003441
3.7600000000000002	0.17229555276166889
3.77	0.17153240850474463
3.7800000000000002	0.17074287386271478
3.79	0.16995904489961158
3.8000000000000003	0.16918086549071604
3.81	0.16840828020910548
3.8200000000000003	0.16764123431517558
3.83	0.16687967374634685
3.84	0.1661235451069514
3.85	0.16537279565829677
3.86	0.1646273733089033
3.87	0.16388722660491092
3.88	0.1631523047206532
3.89	0.16242255744939338
3.9	0.16169793519422224
3.91	0.1609783889591108
3.92	0.1602638703401179
3.93	0.15955433151674875
3.94	0.15884972524345964
3.95	0.15815000484130917
3.96	0.15745512418975102
3.97	0.156765037718565
3.98	0.1560797003999263
3.99	0.1553990677406069
4.	0.15472309577430987
4.01	0.15405174105413103
4.0200000000000005	0.15338496064514798
4.03	0.15272271211713256
4.04	0.1520649535373846
4.05	0.1514116434636851
4.0600000000000005	0.15076274093736647
4.07	0.15011820547649718
4.08	0.14947799706917886
4.09	0.14884207616695402
4.1	0.14821040367832208
4.11	0.14758294096236133
4.12	0.14695964982245577
4.13	0.14634049250012326
4.14	0.14572543166894528
4.15	0.14511443042859434
4.16	0.14450745229895837
4.17	0.14390446121436018
4.18	0.1433054215178697
4.19	0.14271029795570797
4.2	0.14211905567174093
4.21	0.1415316602020608
4.22	0.14094807746965457
4.23	0.14036827377915684
4.24	0.13979221581168672
4.25	0.13921987061976565
4.26	0.13865120562231625
4.2700000000000005	0.13808618859973995
4.28	0.13752478768907184
4.29	0.13696697137921182
4.3	0.13641270850623033
4.3100000000000005	0.13586196824874758
4.32	0.13531472012338464
4.33	0.13471212596341808
4.34	0.13410310505859782
4.3500000000000005	0.13349822965230393
4.36	0.13289746209401282
4.37	0.1323007651604325
4.38	0.13170810204969202
4.39	0.13111943637562187
4.4	0.1305347321621255
4.41	0.12995395383763947
4.42	0.12937706622968048
4.43	0.12880403455947856
4.44	0.1282348244366938
4.45	0.12766940185421624
4.46	0.12710773318304616
4.47	0.12654978516725499
4.48	0.12599552491902344
4.49	0.12544491991375736
4.5	0.12489793798527854
4.51	0.12435454732109004
4.5200000000000005	0.12381471645771411
4.53	0.12327841427610209
4.54	0.12274560999711427
4.55	0.12221627317706885
4.5600000000000005	0.12169037370335933
4.57	0.12116788179013796
4.58	0.12064876797406511
4.59	0.12013300311012308
4.6000000000000005	0.11962055836749298
4.61	0.11911140522549428
4.62	0.11860551546958487
4.63	0.11810286118742182
4.64	0.1176034147649809
4.65	0.117107148882734
4.66	0.11661403651188434
4.67	0.11612405091065664
4.68	0.11563716562064345
4.69	0.11515335446320521
4.7	0.11467259153592355
4.71	0.11419485120910723
4.72	0.11372010812234945
4.73	0.11324833718113567
4.74	0.11277951355350134
4.75	0.11231361266673891
4.76	0.11185061020415216
4.7700000000000005	0.11139048210185869
4.78	0.11093320454563858
4.79	0.11047875396782872
4.8	0.11002710704426238
4.8100000000000005	0.10957824069125312
4.82	0.1091321320626216
4.83	0.10868875854676632
4.84	0.1082480977637753
4.8500000000000005	0.10781012756257999
4.86	0.10737482601814968
4.87	0.10694217142872593
4.88	0.10651214231309634
4.89	0.10608471740790743
4.9	0.10565987566501539
4.91	0.10523759624887455
4.92	0.10481785853396258
4.93	0.10440064210224219
4.94	0.10398592674065849
4.95	0.1035736924386717
4.96	0.10316391938582423
4.97	0.10271041788875504
4.98	0.10224993879091741
4.99	0.10179244167605815
5.	0.10133790131535898
5.01	0.1008862927433174
5.0200000000000005	0.1004375912544794
5.03	0.0999917724002204
5.04	0.09954881198557114
5.05	0.09910868606608973
5.0600000000000005	0.09867137094477828
5.07	0.09823684316904312
5.08	0.09780507952769874
5.09	0.09737605704801403
5.1000000000000005	0.0969497529928001
5.11	0.09652614485754002
5.12	0.09610521036755822
5.13	0.09568692747523044
5.14	0.09527127435723244
5.15	0.0948582294118277
5.16	0.0944477712561927
5.17	0.09403987872378011
5.18	0.09363453086171805
5.19	0.09323170692824648
5.2	0.09283138639018829
5.21	0.09243354892045606
5.22	0.09203817439559328
5.23	0.09164524289334929
5.24	0.09125473469028776
5.25	0.09086663025942843
5.26	0.09048091026792064
5.2700000000000005	0.0900975555747494
5.28	0.08971654722847217
5.29	0.08933786646498734
5.3	0.08896149470533252
5.3100000000000005	0.08858741355351298
5.32	0.08821560479435975
5.33	0.08784605039141659
5.34	0.08747873248485558
5.3500000000000005	0.08711363338942084
5.36	0.08675073559240018
5.37	0.0863900217516238
5.38	0.08603147469348987
5.39	0.08567507741101688
5.4	0.08532081306192169
5.41	0.08496866496672356
5.42	0.08461861660687323
5.43	0.08427065162290709
5.44	0.0839247538126255
5.45	0.08358090712929608
5.46	0.08323909567987971
5.47	0.08289930372328078
5.48	0.08256151566862019
5.49	0.08222571607353117
5.5	0.08189188964247747
5.51	0.08156002122509345
5.5200000000000005	0.08123009581454627
5.53	0.08090209854591925
5.54	0.08057601469461603
5.55	0.08025182967478633
5.5600000000000005	0.07992952903777126
5.57	0.07960909847056935
5.58	0.07929052379432235
5.59	0.07897379096282053
5.6000000000000005	0.07865888606102726
5.61	0.07834579530362272
5.62	0.07803450503356621
5.63	0.07772500172067703
5.64	0.07741727196023337
5.65	0.07711130247158939
5.66	0.07680708009680973
5.67	0.07650459179932134
5.68	0.07620382466258305
5.69	0.07590476588877118
5.7	0.07559361319654374
5.71	0.07525410390557682
5.72	0.07491670950483413
5.73	0.0745814131572322
5.74	0.07424819818879089
5.75	0.07391704808677252
5.76	0.07358794649784575
5.7700000000000005	0.07326087722627382
5.78	0.07293582423212583
5.79	0.07261277162951194
5.8	0.0722917036848413
5.8100000000000005	0.0719726048151025
5.82	0.07165545958616687
5.83	0.07134025271111312
5.84	0.07102696904857421
5.8500000000000005	0.07071559360110519
5.86	0.07040611151357223
5.87	0.07009850807156262
5.88	0.06979276869981485
5.89	0.0694888789606689
5.9	0.06918682455253658
5.91	0.06888659130839137
5.92	0.06858816519427736
5.93	0.06829153230783733
5.94	0.06799667887685965
5.95	0.06770359125784346
5.96	0.06741225593458214
5.97	0.06712265951676463
5.98	0.06683478873859465
5.99	0.06654863045742701
6.	0.0662641716524214
6.01	0.06598139942321297
6.0200000000000005	0.06570030098859948
6.03	0.06542086368524525
6.04	0.065143074966401
6.05	0.06486692240063972
6.0600000000000005	0.06459239367060855
6.07	0.06431947657179604
6.08	0.0640481590113146
6.09	0.06377842900669818
6.1000000000000005	0.06351027468471508
6.11	0.06324368428019506
6.12	0.06297864613487113
6.13	0.06271514869623554
6.140000000000001	0.06245318051641006
6.15	0.06219273025102989
6.16	0.0619337866581413
6.17	0.06167633859711303
6.18	0.061420375027560634
6.19	0.06116588500828422
6.2	0.06091285769621906
6.21	0.06066128234539899
6.22	0.060411148305932305
6.23	0.0601624450229902
6.24	0.05991516203580761
6.25	0.05966928897669555
6.26	0.05942481557006616
6.2700000000000005	0.05918173163146893
6.28	0.058940027066638825
6.29	0.05869969187055561
6.3	0.05846071612651466
6.3100000000000005	0.05822309000520894
6.32	0.057986803763821655
6.33	0.05775184774513008
6.34	0.05751821237661987
6.3500000000000005	0.057285888169610034
6.36	0.057054865718388206
6.37	0.05682513569935619
6.38	0.056596688870185693
6.390000000000001	0.05636951606898406
6.4	0.05614360821346977
6.41	0.055918956300157585
6.42	0.05569555140355359
6.43	0.05547338467535944
6.44	0.055252447343685986
6.45	0.05503273071227616
6.46	0.05481422615973692
6.47	0.05459692513878028
6.48	0.054380819175473
6.49	0.054165899868495196
6.5	0.05395215888840742
6.51	0.053739587976926316
6.5200000000000005	0.05352817894620883
6.53	0.05331792367814438
6.54	0.05310881412365542
6.55	0.052869702202777966
6.5600000000000005	0.052629013695420994
6.57	0.05238978504293942
6.58	0.0521520051890056
6.59	0.05191566317765309
6.6000000000000005	0.05168074815221512
6.61	0.051447249354276005
6.62	0.05121515612263507
6.63	0.05098445789228315
6.640000000000001	0.05075514419339139
6.65	0.05052720465031204
6.66	0.05030062898059143
6.67	0.050075406993994535
6.68	0.049851528591541405
6.69	0.049628983764554886
6.7	0.049407762593719845
6.71	0.04918785524815346
6.72	0.04896925198448666
6.73	0.048751943145956336
6.74	0.048535919161508394
6.75	0.048321170544911404
6.76	0.048107687893880625
6.7700000000000005	0.04789546188921245
6.78	0.04768448329392899
6.79	0.04747474295243278
6.8	0.04726623178967118
6.8100000000000005	0.04705894081031097
6.82	0.046852861097922194
6.83	0.04664798381417169
6.84	0.04644430019802622
6.8500000000000005	0.04624180156496456
6.86	0.04604047930619892
6.87	0.04584032488790547
6.88	0.045641329850463624
6.890000000000001	0.04544348580770431
6.9	0.045246784446166706
6.91	0.04505121752436386
6.92	0.04485677687205658
6.93	0.04466345438953559
6.94	0.04447124204691223
6.95	0.04428013188341707
6.96	0.04409011600670662
6.97	0.04390118659217805
6.98	0.04371333588229166
6.99	0.04352655618590105
7.	0.0433408398775911
7.01	0.043156179397023334
7.0200000000000005	0.04297256724828865
7.03	0.04278999599926768
7.04	0.04260845828099818
7.05	0.04242794678704956
7.0600000000000005	0.04224845427290467
7.07	0.042069973555348285
7.08	0.04189249751186286
7.09	0.04171601908003069
7.1000000000000005	0.04154053125694307
7.11	0.04136602709861595
7.12	0.041192499719412204
7.13	0.04101994229147026
7.140000000000001	0.04084834804413935
7.15	0.04067771026342072
7.16	0.04050802229141538
7.17	0.040339277525777845
7.18	0.04017146941917594
7.19	0.040004591478756665
7.2	0.03983863726561799
7.21	0.03967360039428637
7.22	0.039509474532200224
7.23	0.03934625339919888
7.24	0.03918393076701748
7.25	0.039022500458787024
7.26	0.038861956348540325
7.2700000000000005	0.03870229236072307
7.28	0.03854350246971047
7.29	0.03838558069932903
7.3	0.038228521122383625
7.3100000000000005	0.0380723178601898
7.32	0.03791696508211093
7.33	0.037762457005100815
7.34	0.037608787893250874
7.3500000000000005	0.03745595205734238
7.36	0.0373039438544037
7.37	0.037152757687272095
7.38	0.037002388004160405
7.390000000000001	0.03685282929822834
7.4	0.03670407610715847
7.41	0.036556123012736766
7.42	0.03640896464043751
7.43	0.03626259565901289
7.44	0.03611701078008681
7.45	0.035972204757753215
7.46	0.035828172388178516
7.47	0.035684908509208434
7.48	0.03554240799997899
7.49	0.035400665780531554
7.5	0.03525967681143218
7.51	0.03511929712793342
7.5200000000000005	0.034955317260494126
7.53	0.0347923194413359
7.54	0.034630296496645736
7.55	0.034469241314431465
7.5600000000000005	0.034309146843908254
7.57	0.034150006094891716
7.58	0.033991812137197944
7.59	0.03383455810005019
7.6000000000000005	0.03367823717149239
7.61	0.033522842597808966
7.62	0.03336836768295126
7.63	0.0332148057879704
7.640000000000001	0.03306215033045629
7.65	0.03291039478398308
7.66	0.03275953267756063
7.67	0.032609557595091966
7.68	0.032460463174837105
7.69	0.032312243108882345
7.7	0.03216489114261585
7.71	0.03201840107420862
7.72	0.03187276675410148
7.73	0.03172798208449761
7.74	0.031584041018860594
7.75	0.03144093756141807
7.76	0.03129866576667071
7.7700000000000005	0.031157219738906696
7.78	0.031016593631721455
7.79	0.030876781647542595
7.8	0.030737778037160022
7.8100000000000005	0.03059957709926124
7.82	0.03046217317997173
7.83	0.030325560672400127
7.84	0.030189734016188522
7.8500000000000005	0.030054687697067584
7.86	0.0299204162464165
7.87	0.02978691424082764
7.88	0.029654176301675828
7.890000000000001	0.02952219709469258
7.9	0.0293909713295445
7.91	0.029260493759416552
7.92	0.029130759180599576
7.930000000000001	0.029001762432082367
7.94	0.028873498395148054
7.95	0.0287459619929749
7.96	0.02861914819024115
7.97	0.028493051992734286
7.98	0.028367668446964464
7.99	0.02824299263978191
8.	0.02811901969799843
8.01	0.02799574478801308
8.02	0.027873163115441642
8.03	0.027751269924750077
8.040000000000001	0.0276300604988918
8.05	0.02750953015894898
8.06	0.027389674263777385
8.07	0.027270488209655108
8.08	0.027151967429934913
8.09	0.02703410739470035
8.1	0.02691690361042535
8.11	0.026800351619637494
8.120000000000001	0.026684447000584664
8.13	0.026569185366905432
8.14	0.02645456236730261
8.15	0.02634057368522038
8.16	0.026227215038524748
8.17	0.026114482179187333
8.18	0.026002370892972394
8.19	0.02589087699912716
8.2	0.025779996350075378
8.21	0.025669724831113953
8.22	0.025560058360112884
8.23	0.0254509928872181
8.24	0.025342524394557482
8.25	0.02523464889594998
8.26	0.02512736243661757
8.27	0.02502066109290024
8.28	0.024914540971973934
8.290000000000001	0.024808998211571377
8.3	0.024704028979705746
8.31	0.024599629474397137
8.32	0.024495795923401866
8.33	0.024392524583944582
8.34	0.02428981174245301
8.35	0.02418765371429546
8.36	0.024086046843521006
8.370000000000001	0.023984987502602226
8.38	0.023884472092180732
8.39	0.023784497040815044
8.4	0.023685058804731225
8.41	0.02358615386757588
8.42	0.023487778740171796
8.43	0.023389929960275894
8.44	0.023292604092339717
8.45	0.02319579772727239
8.46	0.023099507482205746
8.47	0.023003730000262027
8.48	0.022908461950323825
8.49	0.022813700026806334
8.5	0.022719440949431843
8.51	0.022625681463006583
8.52	0.02253241833719971
8.53	0.022439648366324495
8.540000000000001	0.02234736836912178
8.55	0.022255575188545457
8.56	0.022164265691550247
8.57	0.022073436768881332
8.58	0.0219830853348664
8.59	0.021893208327209483
8.6	0.02180380270678692
8.61	0.02171486545744536
8.620000000000001	0.021626393585801738
8.63	0.021529141179163214
8.64	0.021429259919980553
8.65	0.021329956778684787
8.66	0.021231227746547277
8.67	0.02113306884721987
8.68	0.021035476136436554
8.69	0.02093844570171789
8.700000000000001	0.02084197366207882
8.71	0.020746056167739266
8.72	0.020650689399837805
8.73	0.020555869570148266
8.74	0.020461592920799278
8.75	0.020367855723996672
8.76	0.020274654281748804
8.77	0.02018198492559452
8.78	0.020089844016334162
8.790000000000001	0.019998227943763113
8.8	0.01990713312640818
8.81	0.01981655601126665
8.82	0.01972649307354798
8.83	0.019636940816418143
8.84	0.019547895770746573
8.85	0.019459354494855707
8.86	0.019371313574272988
8.870000000000001	0.019283769621485525
8.88	0.019196719275697112
8.89	0.01911015920258774
8.9	0.01902408609407558
8.91	0.01893849666808135
8.92	0.01885338766829503
8.93	0.018768755863944976
8.94	0.01868459804956931
8.950000000000001	0.01860091104478965
8.96	0.01851769169408711
8.97	0.01843493686658052
8.98	0.018352643455806852
8.99	0.01827080837950392
9.	0.01818942857939522
9.01	0.018108501020976848
9.02	0.01802802269330663
9.03	0.01794799060879536
9.040000000000001	0.017868401803000044
9.05	0.017789253334419282
9.06	0.01771054228429055
9.07	0.01763226575638971
9.08	0.01755442087683231
9.09	0.01747700479387689
9.1	0.017400014677730353
9.11	0.01732344772035513
9.120000000000001	0.017247301135278247
9.13	0.017171572157402414
9.14	0.017096258042818807
9.15	0.017021356068621755
9.16	0.01694686353272531
9.17	0.016872777753681546
9.18	0.016799096070500605
9.19	0.016725815842472635
9.200000000000001	0.016652934448991345
9.21	0.016580449289379337
9.22	0.016508357782715137
9.23	0.01643665736766192
9.24	0.016364821659141503
9.25	0.016286958792015013
9.26	0.016209549922900617
9.27	0.016132591918656278
9.28	0.016056081671109206
9.290000000000001	0.01598001609683031
9.3	0.01590439213691084
9.31	0.015829206756741328
9.32	0.01575445694579273
9.33	0.01568013971739981
9.34	0.01560625210854662
9.35	0.015532791179654263
9.36	0.015459754014370674
9.370000000000001	0.015387137719362532
9.38	0.015314939424109305
9.39	0.01524315628069929
9.4	0.01517178546362778
9.41	0.01510082416959708
9.42	0.015030269617318738
9.43	0.014960119047317574
9.44	0.0148903697217377
9.450000000000001	0.014821018924150536
9.46	0.014752063959364667
9.47	0.014683502153237556
9.48	0.014615330852489198
9.49	0.014547547424517629
9.5	0.014480149257216114
9.51	0.014413133758792364
9.52	0.014346498357589289
9.53	0.014280240501907784
9.540000000000001	0.014214357659830966
9.55	0.014148847319050424
9.56	0.014083706986693987
9.57	0.014018934189155252
9.58	0.013954526471924715
9.59	0.013890481399422736
9.6	0.013826796554833914
9.61	0.013763469539943209
9.620000000000001	0.013700497974973648
9.63	0.01363787949842559
9.64	0.013575611766917585
9.65	0.013513692455028748
9.66	0.013452119255142728
9.67	0.013390889877293057
9.68	0.013330002049010197
9.69	0.013269453515169902
9.700000000000001	0.013209242037843147
9.71	0.013149365396147417
9.72	0.01308982138609955
9.73	0.013030607820469926
9.74	0.012971722528638025
9.75	0.01291316335644949
9.76	0.012854928166074486
9.77	0.012797014835867392
9.78	0.012739421260227958
9.790000000000001	0.012682145349463662
9.8	0.012625185029653485
9.81	0.01256853824251292
9.82	0.012512202945260335
9.83	0.012456177110484542
9.84	0.012400458726013718
9.85	0.012345045794785478
9.86	0.012289936334718296
9.870000000000001	0.012235128378584006
9.88	0.012180619973881661
9.89	0.01212640918271253
9.9	0.01207249408165624
9.91	0.012013127499049632
9.92	0.011954092994934402
9.93	0.011895407638977229
9.94	0.011837069017713123
9.950000000000001	0.011779074736764102
9.96	0.01172142242066935
9.97	0.01166410971271691
9.98	0.011607134274777105
9.99	0.011550493787137638
10.	0.011494185948340258
10.01	0.011438208475019045
10.02	0.011382559101740353
10.03	0.011327235580844199
10.040000000000001	0.011272235682287376
10.05	0.011217557193487958
10.06	0.011163197919171393
10.07	0.01110915568121813
10.08	0.01105542831851269
10.09	0.011002013686794218
10.1	0.010948909658508534
10.11	0.0108961141226616
10.120000000000001	0.010843624984674364
10.13	0.010791440166239157
10.14	0.010739557605177336
10.15	0.01068797525529838
10.16	0.010636691086260372
10.17	0.01058570308343182
10.18	0.010535009247754771
10.19	0.01048460759560929
10.200000000000001	0.0104344961586793
10.21	0.010384672983819628
10.22	0.010335136132924356
10.23	0.01028588368279648
10.24	0.010236913725018814
10.25	0.010188224365826108
10.26	0.010139813725978409
10.27	0.010091679940635671
10.28	0.010043821159233485
10.290000000000001	0.009996235545360124
10.3	0.009948921276634654
10.31	0.009901876544586252
10.32	0.009855099554534705
10.33	0.00980858852547202
10.34	0.009762341689945135
10.35	0.009716357293939831
10.36	0.009670633596765673
10.370000000000001	0.0096251688709421
10.38	0.009579961402085503
10.39	0.00953500948879754
10.4	0.00949031144255434
10.41	0.009445865587596853
10.42	0.00940167026082223
10.43	0.009357723811676202
10.44	0.009314024602046484
10.450000000000001	0.009270571006157231
10.46	0.009227361410464386
10.47	0.009184394213552128
10.48	0.009141667826030245
10.49	0.00909918067043244
10.5	0.009056931181115639
10.51	0.009014917804160277
10.52	0.008973138997271368
10.53	0.00893159322968075
10.540000000000001	0.008890278982049946
10.55	0.0088491947463742
10.56	0.008808339025887272
10.57	0.008767710334967139
10.58	0.008727307199042545
10.59	0.008687128154500566
10.6	0.008647171748594815
10.61	0.008606641791371784
10.620000000000001	0.008563019206603201
10.63	0.008519658466861913
10.64	0.008476557756307844
10.65	0.008433715273383047
10.66	0.008391129230686127
10.67	0.00834879785484794
10.68	0.008306719386408284
10.69	0.008264892079694046
10.700000000000001	0.008223314202698357
10.71	0.00818198403696095
10.72	0.008140899877449752
10.73	0.008100060032443518
10.74	0.008059462823415657
10.75	0.008019106584919168
10.76	0.007978989664472691
10.77	0.00793911042244764
10.78	0.007899467231956413
10.790000000000001	0.007860058478741725
10.8	0.007820882561066967
10.81	0.00778193788960759
10.82	0.007743222887343607
10.83	0.00770473598945306
10.84	0.0076664756432065
10.85	0.007628440307862572
10.86	0.00759062845456445
10.870000000000001	0.00755303856623738
10.88	0.007515669137487178
10.89	0.007478518674499611
10.9	0.007441585694940874
10.91	0.007404868727858876
10.92	0.0073683663135855415
10.93	0.007332077003640081
10.94	0.007295999360633033
10.950000000000001	0.007260131958171347
10.96	0.007224473380764364
10.97	0.007189022223730543
10.98	0.007153777093105271
10.99	0.007118736605549369
11.	0.007083899388258574
11.01	0.0070492640788738115
11.02	0.007014829325392363
11.03	0.006980593786079791
11.040000000000001	0.006946556129382787
11.05	0.006912715033842777
11.06	0.006879069188010343
11.07	0.006845617290360448
11.08	0.006812358049208491
11.09	0.006779290182627104
11.1	0.00674641241836371
11.11	0.006713723493758936
11.120000000000001	0.006681222155665701
11.13	0.006648907160369073
11.14	0.0066167772735069375
11.15	0.006584831269991306
11.16	0.006553067933930424
11.17	0.006521486058551605
11.18	0.00649008444612472
11.19	0.006458861907886452
11.200000000000001	0.006427817263965261
11.21	0.00639694934330697
11.22	0.006366256983601132
11.23	0.006335739031207993
11.24	0.0063053943410861886
11.25	0.0062752217767211025
11.26	0.006245220210053823
11.27	0.006215388521410845
11.28	0.006185725599434359
11.290000000000001	0.006156230341013178
11.3	0.0061269016512143365
11.31	0.00609773844321529
11.32	0.006068739638236733
11.33	0.006039904165476044
11.34	0.00601123096204135
11.35	0.005982718972886157
11.36	0.0059543671507446185
11.370000000000001	0.005925162569587666
11.38	0.0058940278014828935
11.39	0.005863083768229984
11.4	0.005832329135445158
11.41	0.005801762579238757
11.42	0.005771382786123611
11.43	0.005741188452924324
11.44	0.005711178286687368
11.450000000000001	0.005681351004592074
11.46	0.005651705333862493
11.47	0.005622240011680022
11.48	0.005592953785096953
11.49	0.00556384541095083
11.5	0.005534913655779547
11.51	0.005506157295737349
11.52	0.005477575116511618
11.53	0.005449165913240376
11.540000000000001	0.005420928490430667
11.55	0.005392861661877648
11.56	0.005364964250584478
11.57	0.0053372350886829924
11.58	0.005309673017355023
11.59	0.005282276886754617
11.6	0.005255045555930868
11.61	0.005227977892751515
11.620000000000001	0.00520107277382729
11.63	0.005174329084436949
11.64	0.005147745718453
11.65	0.005121321578268164
11.66	0.005095055574722514
11.67	0.00506894662703128
11.68	0.0050429936627133555
11.69	0.005017195617520462
11.700000000000001	0.004991551435367001
11.71	0.004966060068260512
11.72	0.004940720476232848
11.73	0.004915531627271944
11.74	0.004890492497254224
11.75	0.004865602069877699
11.76	0.004840859336595601
11.77	0.004816263296550687
11.78	0.0047918129565101865
11.790000000000001	0.0047675073308012525
11.8	0.004743345441247117
11.81	0.004719326317103804
11.82	0.004695448994997383
11.83	0.0046717125188618916
11.84	0.0046481159398777385
11.85	0.004624658316410765
11.86	0.004601338713951813
11.870000000000001	0.004578156205056867
11.88	0.004555109869287744
11.89	0.004532198793153368
11.9	0.004509422070051492
11.91	0.0044867788002111
11.92	0.00446426809063519
11.93	0.004441889055044185
11.94	0.004419640813819826
11.950000000000001	0.004397522493949579
11.96	0.004375533228971554
11.97	0.004353672158919954
11.98	0.004331938430270968
11.99	0.004310331195889225
12.	0.004288849614974679
12.01	0.004267492853010023
12.02	0.004246260081708559
12.030000000000001	0.004225150478962542
12.040000000000001	0.004204163228792019
12.05	0.004183297521294109
12.06	0.004162552552592735
12.07	0.0041419275247888765
12.08	0.004121421645911169
12.09	0.00410103412986705
12.1	0.004080764196394302
12.11	0.004060611071013029
12.120000000000001	0.004040573984978085
12.13	0.0040206521752319405
12.14	0.0040008448843579306
12.15	0.003981151360534
12.16	0.003961570857486776
12.17	0.00394210263444612
12.18	0.0039226895646893006
12.19	0.0039015607016279815
12.200000000000001	0.003880562831459009
12.21	0.00385969503568953
12.22	0.0038389564030116108
12.23	0.003818346029240232
12.24	0.0037978630172518335
12.25	0.003777506476923462
12.26	0.0037572755250725163
12.27	0.003737169285396994
12.280000000000001	0.0037171868884163677
12.290000000000001	0.003697327471412986
12.3	0.003677590178374009
12.31	0.0036579741599339364
12.32	0.0036384785733176296
12.33	0.00361910258228388
12.34	0.0035998453570695262
12.35	0.0035807060743340657
12.36	0.003561683917104806
12.370000000000001	0.0035427780747225015
12.38	0.0035239877427875373
12.39	0.0035053121231065857
12.4	0.0034867504236397477
12.41	0.0034683018584482383
12.42	0.003449965647642504
12.43	0.0034317410173308398
12.44	0.0034136271995685143
12.450000000000001	0.0033956234323073197
12.46	0.0033777289593456042
12.47	0.0033599430302788057
12.48	0.0033422649004503824
12.49	0.0033246938309032257
12.5	0.003307229088331559
12.51	0.003289869945033197
12.52	0.003272615678862334
12.530000000000001	0.003255465573182704
12.540000000000001	0.003238418916821196
12.55	0.003221475004021918
12.56	0.003204633134400636
12.57	0.0031878926128996628
12.58	0.003171252749743182
12.59	0.003154712860392917
12.6	0.0031382722655042667
12.61	0.0031219302908828315
12.620000000000001	0.0031056862674413003
12.63	0.0030895395311567857
12.64	0.0030734894230285137
12.65	0.003057535289035897
12.66	0.0030416764800970226
12.67	0.003025912352027493
12.68	0.003010242265499643
12.69	0.002994665586002137
12.700000000000001	0.002979181683799925
12.71	0.002963789933894576
12.72	0.0029484897159849565
12.73	0.0029332804144282776
12.74	0.002918161418201492
12.75	0.002903132120863022
12.76	0.0028881919205148844
12.77	0.002873340219765093
12.780000000000001	0.002858576425690448
12.790000000000001	0.0028438999497996617
12.8	0.002829310207996761
12.81	0.0028148066205449036
12.82	0.0028003886120304697
12.83	0.00278605561132745
12.84	0.002771807051562253
12.85	0.002757642370078701
12.86	0.0027435610084034427
12.870000000000001	0.002729562412211645
12.88	0.0027156460312929543
12.89	0.0027018113195178186
12.9	0.002688057734804086
12.91	0.0026743847390838984
12.92	0.0026607917982708882
12.93	0.00264727838222767
12.94	0.0026338439647336123
12.950000000000001	0.0026204880234529165
12.96	0.0026072100399029533
12.97	0.002594009499422913
12.98	0.0025808858911426976
12.99	0.0025678387079521286
13.	0.002554867446470399
13.01	0.002541971607015809
13.02	0.0025291506935757714
13.030000000000001	0.002516404213777084
13.040000000000001	0.002503731678856448
13.05	0.002491132603631279
13.06	0.002477803248515455
13.07	0.0024644872107797153
13.08	0.0024512528375390664
13.09	0.002438099566100836
13.1	0.0024250268380750623
13.11	0.0024120340993383665
13.120000000000001	0.0023991207999980884
13.13	0.002386286394356839
13.14	0.0023735303408773
13.15	0.0023608521021473887
13.16	0.0023482511448457387
13.17	0.002335726939707474
13.18	0.0023232789614903073
13.19	0.002310906688940963
13.200000000000001	0.002298609604761872
13.21	0.002286387195578194
13.22	0.0022742389519051446
13.23	0.0022621643681155802
13.24	0.0022501629424079277
13.25	0.0022382341767743824
13.26	0.0022263775769693723
13.27	0.0022145926524783487
13.280000000000001	0.0022028789164868297
13.290000000000001	0.002191235885849737
13.3	0.002179663081061003
13.31	0.0021681600262234498
13.32	0.0021567262490189594
13.33	0.0021453612806788796
13.34	0.0021340646559547334
13.35	0.002122835913089159
13.36	0.002111674593787129
13.370000000000001	0.0021005802431874354
13.38	0.0020895524098344057
13.39	0.002078590645649889
13.4	0.0020676945059055073
13.41	0.0020568635491951164
13.42	0.0020460973374075474
13.43	0.002035395435699594
13.44	0.0020247574124691954
13.450000000000001	0.0020141828393289312
13.46	0.0020036712910796815
13.47	0.0019932223456845606
13.48	0.0019828355842430962
13.49	0.00197251059096559
13.5	0.0019622469531477564
13.51	0.001952044261145549
13.52	0.00194190210835024
13.530000000000001	0.0019318200911637004
13.540000000000001	0.0019217978089739094
13.55	0.0019118348641306755
13.56	0.0019019308619215782
13.57	0.0018920854105481243
13.58	0.0018822981211021029
13.59	0.001872568607542159
13.6	0.001862896486670582
13.61	0.0018532813781102725
13.620000000000001	0.0018437229042819478
13.63	0.0018342206903815164
13.64	0.0018247743643576726
13.65	0.001815383556889672
13.66	0.0018060479013653314
13.67	0.0017967670338591747
13.68	0.0017875405931108185
13.69	0.0017783682205035208
13.700000000000001	0.0017692495600429197
13.71	0.0017601842583359686
13.72	0.0017511719645700529
13.73	0.0017422123304922693
13.74	0.0017333050103889294
13.75	0.0017244496610651948
13.76	0.001715645941824916
13.77	0.001706893514450657
13.780000000000001	0.0016981920431838608
13.790000000000001	0.0016895411947052137
13.8	0.0016809406381151826
13.81	0.0016723900449146982
13.82	0.0016638890889860306
13.83	0.0016554374465738203
13.84	0.0016470347962662633
13.85	0.0016386808189764886
13.86	0.0016303751979240655
13.870000000000001	0.0016221176186166871
13.88	0.001613907768832015
13.89	0.0016057453385996754
13.9	0.0015976300201834082
13.91	0.0015895615080633667
13.92	0.0015815394989185923
13.93	0.0015735636916096199
13.94	0.0015656337871612278
13.950000000000001	0.001557749488745357
13.96	0.0015499105016641686
13.97	0.001542116533333234
13.98	0.0015343672932648991
13.99	0.0015266889320843652
14.	0.0015190732447195733
14.01	0.001511500944412647
14.02	0.0015039717532803224
14.030000000000001	0.0014964853954154897
14.040000000000001	0.001489041596871743
14.05	0.001481640085648049
14.06	0.0014742805916735835
14.07	0.0014669628467926584
14.08	0.0014596865847497917
14.09	0.0014524515411749252
14.1	0.0014452574535687222
14.11	0.001438104061288043
14.120000000000001	0.0014309911055314971
14.13	0.0014239183293251402
14.14	0.0014168854775083047
14.15	0.0014098922967195147
14.16	0.00140293853538255
14.17	0.0013960239436926264
14.18	0.0013891482736026692
14.19	0.001382311278809727
14.200000000000001	0.0013755127147414897
14.21	0.001368752338542921
14.22	0.0013620299090630027
14.23	0.0013553451868415943
14.24	0.0013486979340963984
14.25	0.0013420879147100374
14.26	0.0013355148942172407
14.27	0.0013289786397921372
14.280000000000001	0.0013224789202356526
14.290000000000001	0.0013160155059630187
14.3	0.0013095881689913808
14.31	0.001303196682927511
14.32	0.0012968408229556236
14.33	0.0012905203658252979
14.34	0.0012842350898394867
14.35	0.0012779847748426488
14.36	0.0012717692022089584
14.370000000000001	0.0012655881548306156
14.38	0.0012594414171062786
14.39	0.0012533287749295545
14.4	0.00124725001567761
14.41	0.0012412049281998812
14.42	0.0012351933028068502
14.43	0.0012292149312589508
14.44	0.001223269606755531
14.450000000000001	0.0012173571239239294
14.46	0.001211477278808644
14.47	0.0012056298688605696
14.48	0.0011998146929263422
14.49	0.0011940315512377752
14.5	0.0011882802454013567
14.51	0.0011825605783878654
14.52	0.0011768723545220539
14.530000000000001	0.0011712153794724166
14.540000000000001	0.0011655894602410502
14.55	0.0011599944051535924
14.56	0.0011544300238492428
14.57	0.001148896127270872
14.58	0.0011433925276552019
14.59	0.0011379190385230724
14.6	0.0011324754746697943
14.61	0.001127061652155564
14.620000000000001	0.0011216773882959793
14.63	0.0011163225016526076
14.64	0.0011109968120236564
14.65	0.0011057001404346986
14.66	0.0011004323091294895
14.67	0.001095193141560851
14.68	0.0010899824623816278
14.69	0.0010848000974357232
14.700000000000001	0.001079645873749209
14.71	0.0010745196195214998
14.72	0.0010694211641165997
14.73	0.0010643503380544411
14.74	0.0010593069730022537
14.75	0.0010542909017660484
14.76	0.001049301958282133
14.77	0.0010443399776087156
14.780000000000001	0.0010394047959175852
14.790000000000001	0.001034496250485829
14.8	0.0010296141796876442
14.81	0.0010247584229862113
14.82	0.001019928820925619
14.83	0.0010151252151228668
14.84	0.0010103474482599344
14.85	0.0010055953640759029
14.86	0.00100086880735915
14.870000000000001	0.000996167623939606
14.88	0.0009914916606810654
14.89	0.0009868407654735696
14.9	0.000982214787225845
14.91	0.0009776135758578052
14.92	0.0009730369822931108
14.93	0.0009684848584517877
14.94	0.0009639570572429122
14.950000000000001	0.0009594534325573401
14.96	0.0009549738392605149
14.97	0.0009505181331853112
14.98	0.0009460861711249497
14.99	0.0009423215617792005
15.	0.0009390597052751818
15.01	0.0009358113022940596
15.02	0.0009325762884391409
15.030000000000001	0.0009293545996645509
15.040000000000001	0.0009261461722731006
15.05	0.0009229509429141471
15.06	0.0009197688485814855
15.07	0.000916599826611251
15.08	0.000913443814679826
15.09	0.000910300750801776
15.1	0.0009071705733277897
15.11	0.0009040532209426336
15.120000000000001	0.0009009486326631254
15.13	0.0008978567478361147
15.14	0.0008947775061364812
15.15	0.0008917108475651482
15.16	0.0008886567124471042
15.17	0.0008856150414294379
15.18	0.0008825857754793978
15.19	0.000879568855882444
15.200000000000001	0.0008765642242403347
15.21	0.0008735718224692098
15.22	0.0008705915927976982
15.23	0.0008676234777650274
15.24	0.0008646674202191549
15.25	0.0008617233633149069
15.26	0.0008587912505121344
15.27	0.0008558710255738693
15.280000000000001	0.0008529626325645117
15.290000000000001	0.0008500660158480139
15.3	0.0008471811200860816
15.31	0.0008443078902363889
15.32	0.0008414462715508018
15.33	0.0008385962095736164
15.34	0.0008357576501398101
15.35	0.0008329305393732928
15.36	0.0008301148236851915
15.370000000000001	0.0008273104497721238
15.38	0.0008245173646144952
15.39	0.0008217355154748079
15.4	0.0008189648498959736
15.41	0.0008162053156996451
15.42	0.0008134568609845544
15.43	0.0008107194341248618
15.44	0.000807992983768519
15.450000000000001	0.0008052774588356413
15.46	0.0008025728085168861
15.47	0.0007998789822718532
15.48	0.0007971959298274823
15.49	0.0007945236011764713
15.5	0.0007918619465756974
15.51	0.0007892109165446582
15.52	0.0007865704618639113
15.530000000000001	0.000783940533573532
15.540000000000001	0.0007813210829715807
15.55	0.0007787120616125763
15.56	0.0007761134213059827
15.57	0.0007735251141147068
15.58	0.0007709470923535985
15.59	0.0007683793085879716
15.6	0.0007658217156321279
15.610000000000001	0.0007632742665478873
15.620000000000001	0.0007607369146431364
15.63	0.000758209613470383
15.64	0.0007556923168253143
15.65	0.0007531849787453734
15.66	0.0007506875535083407
15.67	0.0007481999956309212
15.68	0.0007457222598673494
15.69	0.0007432543012079957
15.700000000000001	0.0007407960748779836
15.71	0.0007383475363358229
15.72	0.0007359086412720358
15.73	0.0007334793456078111
15.74	0.0007310596054936526
15.75	0.0007286493773080411
15.76	0.0007262486176561113
15.77	0.0007238572833683242
15.780000000000001	0.0007214753314991573
15.790000000000001	0.0007191027193258058
15.8	0.0007167394043468803
15.81	0.0007143853442811264
15.82	0.0007120404970661424
15.83	0.0007097048208571087
15.84	0.0007073782740255303
15.85	0.0007050608151579785
15.860000000000001	0.0007027524030548461
15.870000000000001	0.0007004529967291115
15.88	0.0006981625554051061
15.89	0.0006958810385172949
15.9	0.0006936084057090584
15.91	0.0006913446168314915
15.92	0.0006890896319422003
15.93	0.0006868434113041126
15.94	0.0006846059153842958
15.950000000000001	0.0006823771048527794
15.96	0.0006801569405813859
15.97	0.000677945383642574
15.98	0.000675742395308279
15.99	0.0006735479370487701
16.	0.0006713619705315144
16.01	0.0006691844576200388
16.02	0.0006686841476938036
16.03	0.0006842157954533104
16.04	0.0007000981743840758
16.05	0.0007163389784940053