0.01	2.9971623915294816
0.02	2.9467727763056324
0.03	3.016168933510558
0.04	3.064733362049623
0.05	3.073979671499515
0.06	3.0593407996770186
0.07	3.026927156343234
0.08	2.983528202853427
0.09	2.934382479216128
0.1	2.883522407194186
0.11	2.826801516992475
0.12	2.7725580841570268
0.13	2.720412131474672
0.14	2.666156687225618
0.15	2.614426519723669
0.16	2.5622736968567095
0.17	2.5130070177999757
0.18	2.4644258438156106
0.19	2.4167938098720505
0.2	2.3724568142052025
0.21	2.326465281930775
0.22	2.2831708974244123
0.23	2.2425543179680183
0.24	2.200560090643549
0.25	2.1609050344160603
0.26	2.1234787495086893
0.27	2.086379011821041
0.28	2.0499413640755964
0.29	2.015385879911529
0.3	1.9825553083267637
0.31	1.9492408562532622
0.32	1.9163910436724798
0.33	1.8850805607348033
0.34	1.8551938174047247
0.35000000000000003	1.8262340634885719
0.36	1.7962184748466867
0.37	1.767498645316599
0.38	1.7399858286986525
0.39	1.7135994883097219
0.4	1.688266350301021
0.41000000000000003	1.6614127442347522
0.42	1.6355622688347837
0.43	1.6107082746261758
0.44	1.58679048648199
0.45	1.5637535386662111
0.46	1.5414599113791725
0.47000000000000003	1.5182837935524296
0.48	1.4959331956497406
0.49	1.4743624157789599
0.5	1.4535291482283321
0.51	1.4333941692626084
0.52	1.4139210574879202
0.53	1.394650399576168
0.54	1.3746802538772391
0.55	1.3553547100751009
0.56	1.336641799176427
0.5700000000000001	1.3185116718269771
0.58	1.3009364235815188
0.59	1.2838899373002846
0.6	1.2673477407352907
0.61	1.2506538319092824
0.62	1.2336031718933955
0.63	1.2170522596599096
0.64	1.2009788587365462
0.65	1.1853620493495365
0.66	1.1701821316659218
0.67	1.1554205374857303
0.68	1.1410597495325507
0.6900000000000001	1.1270832275879434
0.7000000000000001	1.1128785307033775
0.71	1.0983328376903032
0.72	1.0841767460502876
0.73	1.0703946237742326
0.74	1.0569716689262831
0.75	1.043893855081093
0.76	1.031147881018702
0.77	1.0187211242937868
0.78	1.0066015983350325
0.79	0.9947779127649151
0.8	0.98306139613117
0.81	0.9705946169297153
0.8200000000000001	0.9584360168736591
0.8300000000000001	0.9465743571539903
0.84	0.9349989377180781
0.85	0.9236995654097554
0.86	0.9126665243419674
0.87	0.9018905483216844
0.88	0.8913627951632183
0.89	0.8810748227408544
0.9	0.8710185666450181
0.91	0.8611863193181524
0.92	0.8512463990573643
0.93	0.8408303660542299
0.9400000000000001	0.8306511574577327
0.9500000000000001	0.8207009542933769
0.96	0.810972274438102
0.97	0.8014579547876244
0.98	0.7921511345400336
0.99	0.7830452395152111
1.	0.774133967436172
1.01	0.765411274104396
1.02	0.7568713604066122
1.03	0.7485086600954568
1.04	0.7403178282909154
1.05	0.7322937306535813
1.06	0.7238105238219139
1.07	0.7152784058028879
1.08	0.7069248367887366
1.09	0.6987444785054591
1.1	0.6907321993051355
1.11	0.6828830643808557
1.12	0.6751923265281613
1.1300000000000001	0.6676554174179206
1.1400000000000001	0.6602679393480888
1.1500000000000001	0.6530256574441452
1.16	0.6459244922801489
1.17	0.6389605128943286
1.18	0.6321299301749564
1.19	0.6254290905939254
1.2	0.6188544702670142
1.21	0.6123050612693887
1.22	0.6052579703046173
1.23	0.5983485251288249
1.24	0.5915729506377148
1.25	0.5849276045881376
1.26	0.578408971906491
1.27	0.5720136592837657
1.28	0.5657383900406806
1.29	0.5595799992474201
1.3	0.5535354290834971
1.31	0.5476017244241816
1.32	0.5417760286408051
1.33	0.5360555796030467
1.34	0.5304377058720574
1.35	0.5249198230739651
1.36	0.5194994304439531
1.37	0.514174107531705
1.3800000000000001	0.5089415110595681
1.3900000000000001	0.5036578826495667
1.4000000000000001	0.49799296356219
1.41	0.49243140405490865
1.42	0.4869706051348959
1.43	0.4816080508430558
1.44	0.4763413050441576
1.45	0.4711680083622948
1.46	0.4660858752541364
1.47	0.4610926912128887
1.48	0.45618631009627936
1.49	0.4513646515722769
1.5	0.4466256986766026
1.51	0.44196749547643915
1.52	0.4373881448350503
1.53	0.43288580627232376
1.54	0.4284586939165254
1.55	0.42410507454281404
1.56	0.4198232656943109
1.57	0.41561163388174505
1.58	0.41146859285791515
1.59	0.40739260196340593
1.6	0.4030485836122402
1.61	0.3986140073459994
1.62	0.3942552305929035
1.6300000000000001	0.3899705017382591
1.6400000000000001	0.38575812005350346
1.6500000000000001	0.38161643391918326
1.6600000000000001	0.3775438391202932
1.67	0.3735387772106181
1.68	0.3695997339428905
1.69	0.3657252377617416
1.7	0.36191385835658174
1.71	0.35816420527169013
1.72	0.35447492657093443
1.73	0.3508447075546698
1.74	0.34727226952649026
1.75	0.3437563686076246
1.76	0.34029579459687265
1.77	0.33688936987408946
1.78	0.3335359483453178
1.79	0.3302344144277622
1.8	0.3269836820728904
1.81	0.32378269382602487
1.82	0.32063041992087005
1.83	0.3175011583520702
1.84	0.314052001119101
1.85	0.31065870498462644
1.86	0.30732007058264516
1.87	0.3040349305572049
1.8800000000000001	0.30080214854280696
1.8900000000000001	0.29762061818249386
1.9000000000000001	0.2944892621820418
1.9100000000000001	0.2914070313987433
1.92	0.28837290396334736
1.93	0.28538588443378043
1.94	0.2824450029793443
1.95	0.2795493145941408
1.96	0.27669789833853425
1.97	0.2738898566075141
1.98	0.2711243144248734
1.99	0.2684004187621688
2.	0.2657173378814709
2.0100000000000002	0.26307426070095946
2.02	0.2604703961824646
2.0300000000000002	0.2579049727400847
2.04	0.25537723766906123
2.05	0.2528864565941189
2.06	0.2504319129365169
2.07	0.24801290739909101
2.08	0.24562875746859308
2.09	0.24327879693467
2.1	0.24096237542484736
2.11	0.23837869551890672
2.12	0.23582219655334621
2.13	0.2333049526886902
2.14	0.23082618108593259
2.15	0.22838511807553427
2.16	0.22598101860170214
2.17	0.2236131556852582
2.18	0.22128081990439305
2.19	0.218983318892632
2.2	0.21671997685336583
2.21	0.2144901340903281
2.22	0.21229314655342613
2.23	0.21012838539935635
2.24	0.20799523656646057
2.25	0.20589310036329914
2.2600000000000002	0.20382139107043984
2.27	0.2017795365549833
2.2800000000000002	0.199766977897362
2.29	0.19778316902997145
2.3000000000000003	0.19582757638720785
2.31	0.1938996785665051
2.32	0.19199896599997957
2.33	0.1901249406363067
2.34	0.18827711563246782
2.35	0.18645501505502143
2.36	0.18465817359056466
2.37	0.18288613626506464
2.38	0.18113845817175353
2.39	0.17941470420728906
2.4	0.17771444881589823
2.41	0.176037275741229
2.42	0.1741730775451595
2.43	0.1722970896229019
2.44	0.17044888791949114
2.45	0.16862794951758484
2.46	0.16683376341953465
2.47	0.16506583022868
2.48	0.16332366184041
2.49	0.16160678114265523
2.5	0.15991472172548782
2.5100000000000002	0.1582470275995139
2.52	0.15660325292276245
2.5300000000000002	0.15498296173577877
2.54	0.15338572770464637
2.5500000000000003	0.15181113387166967
2.56	0.1502587724134597
2.57	0.14872824440617569
2.58	0.14721915959768406
2.59	0.14573113618640438
2.6	0.1442638006066225
2.61	0.14281678732005595
2.62	0.1413897386134683
2.63	0.13998230440213322
2.64	0.13859414203895898
2.65	0.13722491612908813
2.66	0.13587429834979678
2.67	0.1345419672755224
2.68	0.1332276082078548
2.69	0.13193091301033275
2.7	0.13065157994789245
2.71	0.1293893135308206
2.72	0.12814382436306893
2.73	0.12691482899479406
2.74	0.1257020497789888
2.75	0.12450521473207779
2.7600000000000002	0.12332405739835318
2.77	0.12213663151182043
2.7800000000000002	0.1207958769093539
2.79	0.11947457566336728
2.8000000000000003	0.11817237730467993
2.81	0.11688893889835832
2.82	0.11562392485570129
2.83	0.1143770067515624
2.84	0.1131478631468395
2.85	0.1119361794159686
2.86	0.11074164757926325
2.87	0.1095639661399474
2.88	0.10840283992573468
2.89	0.10725797993481123
2.9	0.10612910318608622
2.91	0.10501593257357644
2.92	0.10391819672479784
2.93	0.10283562986304003
2.94	0.10176797167340525
2.95	0.10071496717249503
2.96	0.09967636658163523
2.97	0.09865192520353026
2.98	0.09764140330224333
2.99	0.096644565986402
3.	0.09566118309553218
3.0100000000000002	0.09469102908942614
3.02	0.09373388294045476
3.0300000000000002	0.09278952802873494
3.04	0.09185775204006902
3.0500000000000003	0.09093834686657197
3.06	0.09003110850990945
3.0700000000000003	0.08913583698706781
3.08	0.08825233623858289
3.09	0.08738041403915578
3.1	0.0865198819105854
3.11	0.08567055503695103
3.12	0.08483225218197933
3.13	0.08400479560853356
3.14	0.08318801100016295
3.15	0.08238172738465346
3.16	0.08158577705952345
3.17	0.08079999551940766
3.18	0.0800108649761765
3.19	0.07909949029672346
3.2	0.07820130069871248
3.21	0.07731606511685998
3.22	0.07644355723735488
3.23	0.0755835553858035
3.24	0.07473584241815404
3.25	0.07390020561451154
3.2600000000000002	0.0730764365757583
3.27	0.0722643311228978
3.2800000000000002	0.07146368919904197
3.29	0.07067431477396433
3.3000000000000003	0.06989601575114478
3.31	0.06912860387723378
3.3200000000000003	0.06837189465386492
3.33	0.06762570725174955
3.34	0.06688986442698655
3.35	0.06616419243952433
3.36	0.0654485209737134
3.37	0.06474268306088986
3.38	0.064046515003932
3.39	0.0633598563037341
3.4	0.0626825495875434
3.41	0.06201444053910739
3.42	0.06135537783058088
3.43	0.06070521305614322
3.44	0.06006380066727867
3.45	0.059430997909671726
3.46	0.05880666476167523
3.47	0.05819066387430528
3.48	0.0575828605127222
3.49	0.05698312249915594
3.5	0.056391320157236705
3.5100000000000002	0.05580732625769198
3.52	0.0552310159653727
3.5300000000000002	0.054662266787572765
3.54	0.05410095852360593
3.5500000000000003	0.05354697321560723
3.56	0.05300019510052442
3.5700000000000003	0.052460510563268774
3.58	0.05192780809099336
3.59	0.05140197822846844
3.6	0.050882913534525315
3.61	0.05037050853953986
3.62	0.04986465970392768
3.63	0.04936526537762537
3.64	0.048872225760529985
3.65	0.04838544286387338
3.66	0.047834989282341006
3.67	0.04729166246870185
3.68	0.046755960293642256
3.69	0.04622775547381125
3.7	0.04570692318749299
3.71	0.04519334102052045
3.72	0.04468688891351918
3.73	0.04418744911044463
3.74	0.04369490610837819
3.75	0.04320914660854814
3.7600000000000002	0.042730059468541914
3.77	0.042257535655678094
3.7800000000000002	0.0417914682015069
3.79	0.04133175215740856
3.8000000000000003	0.040878284551261086
3.81	0.04043096434514821
3.8200000000000003	0.039989692394080165
3.83	0.03955437140570061
3.84	0.03912490590095337
3.85	0.03870120217568385
3.86	0.03828316826315069
3.87	0.03787071389742347
3.88	0.03746375047764365
3.89	0.037062191033125906
3.9	0.03666595018927833
3.91	0.036274944134319954
3.92	0.035852436069845436
3.93	0.0354312549750338
3.94	0.03501607331032251
3.95	0.0346067907149655
3.96	0.03420330875513906
3.97	0.033805530882206475
3.98	0.033413362391988645
3.99	0.03302671038501408
4.	0.032645483727722115
4.01	0.032269593014594804
4.0200000000000005	0.03189895053119235
4.03	0.03153347021806863
4.04	0.03117306763554369
4.05	0.03081765992931096
4.0600000000000005	0.03046716579685722
4.07	0.030121505454674038
4.08	0.02978060060624063
4.09	0.029444374410757708
4.1	0.029112751452612957
4.11	0.02878565771155964
4.12	0.028463020533589553
4.13	0.02814476860248292
4.14	0.027830831912017448
4.15	0.027521141738820257
4.16	0.02721563061584596
4.17	0.02691423230646496
4.18	0.02661688177914684
4.19	0.026323515182723335
4.2	0.026003086109773418
4.21	0.025684424553379125
4.22	0.02537041028781233
4.23	0.02506096476530982
4.24	0.024756010946932982
4.25	0.02445547327011993
4.26	0.024159277617009565
4.2700000000000005	0.02386735128351774
4.28	0.023579622949145423
4.29	0.023296022647500286
4.3	0.023016481737513122
4.3100000000000005	0.022740932875331132
4.32	0.022469309986870672
4.33	0.022201548241012465
4.34	0.021937584023422777
4.3500000000000005	0.021677354910984784
4.36	0.02142079964682406
4.37	0.021167858115913697
4.38	0.020918471321243616
4.39	0.02067258136054039
4.4	0.020430131403523347
4.41	0.020191065669683306
4.42	0.01995532940657107
4.43	0.019722868868582738
4.44	0.01949363129622927
4.45	0.019267564895878383
4.46	0.019044618819956824
4.47	0.01882474314760167
4.48	0.018607888865749506
4.49	0.01839400785065245
4.5	0.01815904334765025
4.51	0.017926110237431677
4.5200000000000005	0.017696671069610162
4.53	0.017470665879061254
4.54	0.017248035858943325
4.55	0.017028723335840948
4.5600000000000005	0.01681267174549479
4.57	0.01659982560910289
4.58	0.016390130510178628
4.59	0.016183533071951313
4.6000000000000005	0.015979980935295162
4.61	0.015779422737173584
4.62	0.015581808089585437
4.63	0.015387087559000487
4.64	0.015195212646271921
4.65	0.015006135767013542
4.66	0.014819810232430073
4.67	0.0146361902305893
4.68	0.014455230808124601
4.69	0.01427688785235755
4.7	0.014101118073829553
4.71	0.01392787898923281
4.72	0.013757128904730229
4.73	0.01358882689965505
4.74	0.013422932810580306
4.75	0.013259407215749391
4.76	0.013098211419858482
4.7700000000000005	0.012939307439182344
4.78	0.012782657987035023
4.79	0.012628226459557228
4.8	0.012475976921822203
4.8100000000000005	0.012325874094252709
4.82	0.01216271750624964
4.83	0.011998876373600236
4.84	0.011837574349771713
4.8500000000000005	0.01167876696054093
4.86	0.01152241060007576
4.87	0.011368462512240754
4.88	0.011216880772342546
4.89	0.011067624269303763
4.9	0.010920652688254486
4.91	0.01077592649353071
4.92	0.010633406912069506
4.93	0.010493055917190722
4.94	0.01035483621275567
4.95	0.01021871121769307
4.96	0.010084645050883181
4.97	0.009952602516391046
4.98	0.00982254908904018
4.99	0.00969445090031809
5.	0.009568274724605441
5.01	0.009443987965720688
5.0200000000000005	0.00932155864377257
5.03	0.009200955382312552
5.04	0.009082147395779915
5.05	0.00896510447723238
5.0600000000000005	0.00884979698635495
5.07	0.00873619583774046
5.08	0.008624272489434835
5.09	0.008513998931740827
5.1000000000000005	0.008405347676273742
5.11	0.008298291745263114
5.12	0.008192804661094222
5.13	0.008088860436083766
5.14	0.007986433562483847
5.15	0.007885499002708858
5.16	0.007780758829965298
5.17	0.007670176133255574
5.18	0.007561374222465505
5.19	0.007454321065286517
5.2	0.007348985265719228
5.21	0.007245336050243727
5.22	0.007143343254316193
5.23	0.007042977309183465
5.24	0.006944209229007698
5.25	0.0068470105982929635
5.26	0.0067513535596064635
5.2700000000000005	0.006657210801586592
5.28	0.0065645555472309
5.29	0.00647336154245671
5.3	0.006383603044927675
5.3100000000000005	0.006295254813139465
5.32	0.006208292095758342
5.33	0.006122690621205957
5.34	0.006038426587484591
5.3500000000000005	0.005955476652236579
5.36	0.005873817923032262
5.37	0.005793427947880743
5.38	0.005714284705957943
5.39	0.005636366598546552
5.4	0.005559652440182727
5.41	0.005484121450004417
5.42	0.005409753243296268
5.43	0.005336527823226489
5.44	0.005264425572770761
5.45	0.0051934272468188054
5.46	0.005123513964458986
5.47	0.005054667201436779
5.48	0.004986868782782769
5.49	0.004920100875606084
5.5	0.004854345982049293
5.51	0.004789586932400855
5.5200000000000005	0.004725806878361299
5.53	0.00465963318673078
5.54	0.004591652420195835
5.55	0.004524783370933962
5.5600000000000005	0.004459005904399837
5.57	0.004394300285975236
5.58	0.004330647172327437
5.59	0.00426802760296931
5.6000000000000005	0.004206422992016171
5.61	0.004145815120134353
5.62	0.004086186126676801
5.63	0.004027518502000942
5.64	0.003969795079964381
5.65	0.003912999030593896
5.66	0.0038571138529235128
5.67	0.003802123367997465
5.68	0.003748011712033918
5.69	0.0036947633297454863
5.7	0.003642362967812792
5.71	0.003590795668507098
5.72	0.00354004676345859
5.73	0.003490101867566538
5.74	0.00344094687304795
5.75	0.0033925679436213906
5.76	0.0033449515088225215
5.7700000000000005	0.0032980842584483293
5.78	0.0032519531371267623
5.79	0.003206545339008813
5.8	0.0031618483025801004
5.8100000000000005	0.0031178497055889777
5.82	0.003074537460088431
5.83	0.003031899707589022
5.84	0.0029899248143201006
5.8500000000000005	0.0029486013665968726
5.86	0.002907918166290601
5.87	0.0028678642263995787
5.88	0.002828428766718441
5.89	0.002789601209603456
5.9	0.0027513711758315293
5.91	0.0027137284805506937
5.92	0.0026766652922264452
5.93	0.0026402525794114984
5.94	0.002604395321499827
5.95	0.002569084131545819
5.96	0.0025343097966304354
5.97	0.0025000632743505165
5.98	0.0024663356893845955
5.99	0.0024331183301334962
6.	0.002400402645433911
6.01	0.0023681802413432706
6.0200000000000005	0.0023364428779942695
6.03	0.0023051824665173753
6.04	0.002274391066029793
6.05	0.0022440608806893183
6.0600000000000005	0.0022141842568115565
6.07	0.002184753680049116
6.08	0.0021557617726312393
6.09	0.002127201290662564
6.1000000000000005	0.0020990651214796378
6.11	0.0020713462810638176
6.12	0.002044037911509305
6.13	0.002017133278545053
6.140000000000001	0.001990625769109266
6.15	0.001964508888975377
6.16	0.0019387762604282331
6.17	0.0019134216199894213
6.18	0.0018884388161905848
6.19	0.0018638218073936414
6.2	0.0018395646596568605
6.21	0.0018156615446457474
6.22	0.0017921067375877178
6.23	0.0017688946152695994
6.24	0.0017460196540769804
6.25	0.0017234764280744553
6.26	0.0017012596071258783
6.2700000000000005	0.001679363955053722
6.28	0.0016577843278366268
6.29	0.0016365156718443608
6.3	0.0016155530221092906
6.3100000000000005	0.0015948915006335918
6.32	0.0015745263147313852
6.33	0.0015544527554050371
6.34	0.0015346661957548469
6.3500000000000005	0.0015179843589404097
6.36	0.0015027799084736026
6.37	0.0014877512786701608
6.38	0.0014728961651397513
6.390000000000001	0.0014582122972384335
6.4	0.0014436974375227223
6.41	0.0014293493812133234
6.42	0.001415165955668343
6.43	0.001401145019865809
6.44	0.0013872844638952915
6.45	0.001373582208458492
6.46	0.001360036204378592
6.47	0.0013466444321182066
6.48	0.0013334049013057983
6.49	0.0013203156502703491
6.5	0.001307374745584186
6.51	0.0012945802816137508
6.5200000000000005	0.0012819303800782043
6.53	0.0012694231896157044
6.54	0.0012570568853572032
6.55	0.001244829668507637
6.5600000000000005	0.001232739765934359
6.57	0.0012207854297626819
6.58	0.0012089649369784006
6.59	0.0011972765890371601
6.6000000000000005	0.001185718711480534
6.61	0.0011742896535587204
6.62	0.001162987787859666
6.63	0.0011518115099445835
6.640000000000001	0.0011407592379896676
6.65	0.0011298294124339426
6.66	0.0011190204956331147
6.67	0.0011083309715192984
6.68	0.0010977593452665393
6.69	0.0010873041429620145
6.7	0.0010769639112827916
6.71	0.0010667372171780632
6.72	0.0010566226475567481
6.73	0.0010466188089803667
6.74	0.0010367243273610794
6.75	0.0010269378476648113
6.76	0.001017258033619358
6.7700000000000005	0.0010076835674273873
6.78	0.0009982131494842492
6.79	0.0010609654705218724