0.01	3.2034556744734854
0.02	2.2763684034866354
0.03	1.9730900468064125
0.04	1.8009196786175925
0.05	1.6957568039292252
0.06	1.625534939556462
0.07	1.5741488274316655
0.08	1.534760231039573
0.09	1.501566050128014
0.1	1.4745739225534158
0.11	1.4527711534350352
0.12	1.432644599809702
0.13	1.4136784989363722
0.14	1.3964124163785394
0.15	1.3805502447822116
0.16	1.3651810419254773
0.17	1.350716081587771
0.18	1.3361135974805562
0.19	1.321501292366449
0.2	1.3077864198177163
0.21	1.2940615807132145
0.22	1.281060554950222
0.23	1.2687596010341593
0.24	1.2557325343589476
0.25	1.2433215312290977
0.26	1.231512917232046
0.27	1.219370736097977
0.28	1.2071003906646958
0.29	1.1953777381236836
0.3	1.1841606721823636
0.31	1.172993883471353
0.32	1.1620528101180585
0.33	1.151545838548916
0.34	1.14144335256096
0.35000000000000003	1.131520794586742
0.36	1.1207922613938184
0.37	1.110455286417971
0.38	1.100485561791453
0.39	1.0908608784173914
0.4	1.0815608964045196
0.41000000000000003	1.0717378043204566
0.42	1.0622188462666216
0.43	1.053005474940382
0.44	1.0440811085407957
0.45	1.035430416042537
0.46	1.0269978128190043
0.47000000000000003	1.0180098609978068
0.48	1.0092873409340521
0.49	1.0008171244521824
0.5	0.9925869837897625
0.51	0.9845855132983521
0.52	0.9768020593361738
0.53	0.9690470564054641
0.54	0.9609385726229529
0.55	0.9530448717147633
0.56	0.9453565118350307
0.5700000000000001	0.9378646253503725
0.58	0.9305608745750772
0.59	0.9234374116143508
0.6	0.9164868418719418
0.61	0.9094429854199637
0.62	0.9022194311056166
0.63	0.8951674667730758
0.64	0.8882803884259423
0.65	0.8815518534981368
0.66	0.8749758561666893
0.67	0.8685467046954127
0.68	0.8622590006148809
0.6900000000000001	0.8561076195653226
0.7000000000000001	0.849820874689876
0.71	0.8433458528483372
0.72	0.8370097002312397
0.73	0.8308075710390832
0.74	0.8247348519644678
0.75	0.8187871480771189
0.76	0.8129602697408449
0.77	0.8072502204745285
0.78	0.8016531856777653
0.79	0.7961655221493652
0.8	0.7907075916731827
0.81	0.7849102692601929
0.8200000000000001	0.7792258084684196
0.8300000000000001	0.7736506754968245
0.84	0.7681814880433462
0.85	0.7628150070998195
0.86	0.7575481292817394
0.87	0.7523778796522389
0.88	0.7473014050031769
0.89	0.742315967559392
0.9	0.7374189390750597
0.91	0.7326077952936808
0.92	0.7277345054314576
0.93	0.7226314900801936
0.9400000000000001	0.7176182656650444
0.9500000000000001	0.7126923219926725
0.96	0.7078512445084088
0.97	0.703092709702268
0.98	0.6984144807803446
0.99	0.6938144035837245
1.	0.6892904027384245
1.01	0.6848404780211166
1.02	0.680462700926546
1.03	0.6761552114235925
1.04	0.6719162148878941
1.05	0.6677439791998295
1.06	0.6634123889288636
1.07	0.6590672312183827
1.08	0.6547905583683742
1.09	0.6505806717173491
1.1	0.6464359298166659
1.11	0.64235474600478
1.12	0.6383355861051145
1.1300000000000001	0.6343769662402048
1.1400000000000001	0.6304774507552806
1.1500000000000001	0.6266356502448974
1.16	0.6228502196766619
1.17	0.6191198566064766
1.18	0.6154432994801124
1.19	0.611819326016228
1.2	0.608246751666298
1.21	0.6046791824354285
1.22	0.6008727735752353
1.23	0.5971211066380032
1.24	0.5934229588219926
1.25	0.5897771442127894
1.26	0.5861825123863642
1.27	0.5826379470756243
1.28	0.5791423648971016
1.29	0.5756947141346201
1.3	0.5722939735769731
1.31	0.5689391514068154
1.32	0.5656292841381462
1.33	0.5623634355999051
1.34	0.5591406959633531
1.35	0.5559601808110389
1.36	0.552821030245281
1.37	0.5497224080342137
1.3800000000000001	0.5466635007935493
1.3900000000000001	0.5435759193778011
1.4000000000000001	0.5403003846933417
1.41	0.5370676917196114
1.42	0.5338769821951094
1.43	0.530727420937007
1.44	0.5276181950645172
1.45	0.5245485132535774
1.46	0.5215176050213749
1.47	0.5185247200393316
1.48	0.5155691274732235
1.49	0.5126501153491931
1.5	0.5097669899444713
1.51	0.5069190752016884
1.52	0.5041057121657119
1.53	0.501326258442002
1.54	0.498580087675531
1.55	0.495866589049354
1.56	0.4931851668019721
1.57	0.4905352397626671
1.58	0.4879162409040283
1.59	0.48532761691093285
1.6	0.48260541098985843
1.61	0.47983475381736196
1.62	0.47709701173464514
1.6300000000000001	0.4743915941333334
1.6400000000000001	0.4717179245400466
1.6500000000000001	0.4690754401944717
1.6600000000000001	0.4664635916424959
1.67	0.46388184234377594
1.68	0.46132966829314825
1.69	0.4588065576553152
1.7	0.45631201041226094
1.71	0.4538455380228884
1.72	0.45140666309437955
1.73	0.4489949190648122
1.74	0.4466098498965862
1.75	0.4442510097802282
1.76	0.4419179628481701
1.77	0.4396102828981077
1.78	0.4373275531255695
1.79	0.4350693658653381
1.8	0.4328353223413821
1.81	0.4306250324249768
1.82	0.42843811440069784
1.83	0.426261059288786
1.84	0.4239105429473094
1.85	0.4215856229049387
1.86	0.4192858843164058
1.87	0.41701092124232103
1.8800000000000001	0.4147603364116293
1.8900000000000001	0.4125337409916252
1.9000000000000001	0.4103307543652493
1.9100000000000001	0.4081510039153952
1.92	0.4059941248159757
1.93	0.4038597598294974
1.94	0.4017475591109129
1.95	0.39965718001752276
1.96	0.39758828692470805
1.97	0.3955405510472933
1.98	0.39351365026633156
1.99	0.391507268961126
2.	0.3895210978463044
2.0100000000000002	0.3875548338137668
2.02	0.38560817977933953
2.0300000000000002	0.3836808445339738
2.04	0.38177254259932936
2.05	0.37988299408759707
2.06	0.37801192456541266
2.07	0.37615906492172585
2.08	0.37432415123948815
2.09	0.372506924671036
2.1	0.37070713131703986
2.11	0.36873451491204967
2.12	0.3667736620277671
2.13	0.3648323907218244
2.14	0.36291041488579506
2.15	0.3610074539025138
2.16	0.35912323251575545
2.17	0.35725748070359314
2.18	0.35540993355531564
2.19	0.3535803311517874
2.2	0.35176841844913953
2.21	0.349973945165686
2.22	0.3481966656719584
2.23	0.3464363388837632
2.24	0.3446927281581628
2.25	0.3429656011922895
2.2600000000000002	0.3412547299249007
2.27	0.33955989044059254
2.2800000000000002	0.3378808628765858
2.29	0.3362174313320064
2.3000000000000003	0.33456938377958123
2.31	0.33293651197967705
2.32	0.33131861139660734
2.33	0.3297154811171417
2.34	0.328126923771147
2.35	0.32655274545429835
2.36	0.3249927556527955
2.37	0.3234467671700258
2.38	0.3219145960551147
2.39	0.3203960615333073
2.4	0.31889098593812754
2.41	0.31739919464526123
2.42	0.3157844056143536
2.43	0.3141589112025261
2.44	0.3125484081395261
2.45	0.3109526975719334
2.46	0.30937158408124305
2.47	0.3078048756108727
2.48	0.30625238339500865
2.49	0.30471392188923774
2.5	0.30318930870291355
2.5100000000000002	0.3016783645332045
2.52	0.30018091310077955
2.5300000000000002	0.2986967810870806
2.54	0.29722579807313837
2.5500000000000003	0.29576779647988777
2.56	0.2943226115099402
2.57	0.2928900810907707
2.58	0.291470045819282
2.59	0.2900623489077056
2.6	0.2886668361308022
2.61	0.28728335577432806
2.62	0.2859117585847283
2.63	0.2845518977200268
2.64	0.28320362870187776
2.65	0.28186680936874847
2.66	0.28054129983020115
2.67	0.2792269624222453
2.68	0.27792366166373045
2.69	0.2766312642137527
2.7	0.275349638830046
2.71	0.2740786563283336
2.72	0.2728181895426127
2.73	0.27156811328634894
2.74	0.2703283043145552
2.75	0.26909864128673155
2.7600000000000002	0.26787900473064585
2.77	0.26665374938166675
2.7800000000000002	0.26531680658324197
2.79	0.26399133142289705
2.8000000000000003	0.26267718496104303
2.81	0.2613742304295666
2.82	0.26008233319031726
2.83	0.25880136069453324
2.84	0.25753118244317874
2.85	0.25627166994817113
2.86	0.25502269669447547
2.87	0.25378413810304074
2.88	0.2525558714945614
2.89	0.2513377760540378
2.9	0.2501297327961186
2.91	0.2489316245312043
2.92	0.24774333583229285
2.93	0.24656475300254718
2.94	0.24539576404356914
2.95	0.24423625862435994
2.96	0.24308612805095087
2.97	0.24194526523668738
2.98	0.24081356467315074
2.99	0.23969092240170065
3.	0.2385772359856247
3.0100000000000002	0.23747240448287865
3.02	0.23637632841940365
3.0300000000000002	0.23528890976300654
3.04	0.23421005189778843
3.0500000000000003	0.23313965959911048
3.06	0.2320776390090809
3.0700000000000003	0.2310238976125534
3.08	0.2299783442136231
3.09	0.22894088891260878
3.1	0.22791144308350922
3.11	0.22688991935192396
3.12	0.22587623157342437
3.13	0.2248702948123684
3.14	0.2238720253211449
3.15	0.22288134051984013
3.16	0.2218981589763148
3.17	0.22092240038668315
3.18	0.21994353141909329
3.19	0.21886780304818063
3.2	0.21780067825816174
3.21	0.21674206167360793
3.22	0.2156918592690367
3.23	0.2146499783456879
3.24	0.2136163275087695
3.25	0.21259081664516352
3.2600000000000002	0.21157335690157858
3.27	0.210563860663142
3.2800000000000002	0.20956224153241876
3.29	0.20856841430884893
3.3000000000000003	0.20758229496859382
3.31	0.20660380064478112
3.3200000000000003	0.20563284960813968
3.33	0.20466936124801663
3.34	0.20371325605376592
3.35	0.20276445559650186
3.36	0.20182288251120867
3.37	0.20088846047919742
3.38	0.1999611142109042
3.39	0.19904076942901996
3.4	0.19812735285194663
3.41	0.19722079217757058
3.42	0.19632101606734756
3.43	0.1954279541306915
3.44	0.19454153690966142
3.45	0.19366169586393842
3.46	0.19278836335608832
3.47	0.19192147263710216
3.48	0.19106095783220928
3.49	0.19020675392695707
3.5	0.18935879675355072
3.5100000000000002	0.1885170229774496
3.52	0.1876813700842115
3.5300000000000002	0.1868517763665829
3.54	0.18602818091182713
3.5500000000000003	0.18521052358928705
3.56	0.1843987450381769
3.5700000000000003	0.1835927866555979
3.58	0.18279259058477396
3.59	0.1819980997035017
3.6	0.18120925761281104
3.61	0.18042600862583177
3.62	0.17964829775686172
3.63	0.1788760707106323
3.64	0.17810927387176756
3.65	0.17734785429443262
3.66	0.17650547945687226
3.67	0.1756686265111579
3.68	0.17483800226775306
3.69	0.17401354362894936
3.7	0.17319518830486463
3.71	0.17238287480095363
3.72	0.17157654240574385
3.73	0.17077613117879356
3.74	0.16998158193886637
3.75	0.1691928362523182
3.7600000000000002	0.16840983642169235
3.77	0.16763252547451798
3.7800000000000002	0.16686084715230876
3.79	0.16609474589975678
3.8000000000000003	0.16533416685411756
3.81	0.16457905583478344
3.8200000000000003	0.16382935933304027
3.83	0.1630850245020043
3.84	0.1623459991467361
3.85	0.1616122317145265
3.86	0.1608836712853529
3.87	0.1601602675625012
3.88	0.15944197086335052
3.89	0.15872873211031788
3.9	0.1580205028219588
3.91	0.1573172351042214
3.92	0.1566188816418509
3.93	0.15592539568994102
3.94	0.15523673106563038
3.95	0.1545528421399402
3.96	0.15387368382975047
3.97	0.153199211589913
3.98	0.1525293814054975
3.99	0.15186414978416823
4.	0.15120347374869006
4.01	0.15054731082955905
4.0200000000000005	0.14989561905775764
4.03	0.1492483569576305
4.04	0.14860548353987874
4.05	0.1479669582946715
4.0600000000000005	0.14733274118487097
4.07	0.14670279263937028
4.08	0.14607707354654068
4.09	0.14545554524778725
4.1	0.1448381695312098
4.11	0.14422490862536863
4.12	0.14361572519315105
4.13	0.1430105823257389
4.14	0.1424094435366738
4.15	0.14181227275601857
4.16	0.14121903432461352
4.17	0.14062969298842534
4.18	0.1400442138929872
4.19	0.13946256257792786
4.2	0.13881731482090934
4.21	0.1381702595471475
4.22	0.1375277447403826
4.23	0.13688972789312973
4.24	0.13625616699505716
4.25	0.13562702052601736
4.26	0.13500224744919095
4.2700000000000005	0.1343818072043436
4.28	0.13376565970119106
4.29	0.1331537653128731
4.3	0.13254608486953248
4.3100000000000005	0.13194257965199715
4.32	0.13134321138556498
4.33	0.1307479422338878
4.34	0.13015673479295378
4.3500000000000005	0.12956955208516585
4.36	0.12898635755351454
4.37	0.12840711505584404
4.38	0.12783178885920873
4.39	0.1272603436343195
4.4	0.12669274445007797
4.41	0.12612895676819658
4.42	0.12556894643790362
4.43	0.12501267969073143
4.44	0.12446012313538594
4.45	0.12391124375269714
4.46	0.12336600889064724
4.47	0.12282438625947727
4.48	0.12228634392686895
4.49	0.12175185031320167
4.5	0.12122087418688246
4.51	0.12069338465974826
4.5200000000000005	0.12016935118253856
4.53	0.11964874354043838
4.54	0.11913153184868855
4.55	0.11861768654826374
4.5600000000000005	0.11810717840161637
4.57	0.11759997848848512
4.58	0.11709605820176718
4.59	0.11659538924345325
4.6000000000000005	0.11609794362062363
4.61	0.11560369364150538
4.62	0.11511261191158793
4.63	0.11462467132979798
4.64	0.11413984508473116
4.65	0.11365810665094032
4.66	0.11317942978527935
4.67	0.11270378852330096
4.68	0.11223115717570856
4.69	0.1117615103248606
4.7	0.11129482282132673
4.71	0.1108310697804943
4.72	0.11037022657922578
4.73	0.10991226885256464
4.74	0.10945717249048986
4.75	0.10900491363471798
4.76	0.10855546867555178
4.7700000000000005	0.10810881424877507
4.78	0.10766492723259258
4.79	0.10722378474461423
4.8	0.10678536413888338
4.8100000000000005	0.10634964300294775
4.82	0.1058674783820854
4.83	0.10537811106422018
4.84	0.10489201095322846
4.8500000000000005	0.10440914955296789
4.86	0.10392949867388432
4.87	0.10345303042909108
4.88	0.10297971723050676
4.89	0.10250953178504951
4.9	0.10204244709088803
4.91	0.10157843643374723
4.92	0.10111747338326854
4.93	0.10065953178942345
4.94	0.10020458577897914
4.95	0.0997526097520167
4.96	0.09930357837849864
4.97	0.09885746659488774
4.98	0.09841424960081399
4.99	0.09797390285579026
5.	0.09753640207597515
5.01	0.09710172323098287
5.0200000000000005	0.09666984254073885
5.03	0.09624073647238032
5.04	0.09581438173720183
5.05	0.09539075528764415
5.0600000000000005	0.09496983431432601
5.07	0.09455159624311864
5.08	0.09413601873226152
5.09	0.09372307966951908
5.1000000000000005	0.09331275716937815
5.11	0.09290502957028444
5.12	0.09249987543191845
5.13	0.09209727353250952
5.14	0.09169720286618771
5.15	0.09129964264037305
5.16	0.09090457227320088
5.17	0.09051197139098377
5.18	0.09012181982570835
5.19	0.08973409761256715
5.2	0.08934878498752502
5.21	0.08896586238491881
5.22	0.0885853104350908
5.23	0.08820710996205426
5.24	0.08783124198119184
5.25	0.08745768769698514
5.26	0.08708642850077572
5.2700000000000005	0.08671744596855664
5.28	0.08635072185879464
5.29	0.08598623811028132
5.3	0.0856239768400145
5.3100000000000005	0.08526392034110782
5.32	0.08490605108072884
5.33	0.08455035169806527
5.34	0.0841968050023186
5.3500000000000005	0.08384539397072481
5.36	0.08349610174660183
5.37	0.0831489116374234
5.38	0.08280380711291839
5.39	0.08246077180319612
5.4	0.08211978949689644
5.41	0.08178084413936457
5.42	0.08144391983085045
5.43	0.08110900082473176
5.44	0.08077607152576091
5.45	0.08044511648833488
5.46	0.08011612041478833
5.47	0.07978906815370902
5.48	0.07946394469827546
5.49	0.07914073518461669
5.5	0.0788194248901933
5.51	0.07849999923219976
5.5200000000000005	0.07818244376598793
5.53	0.07784153570466165
5.54	0.07748109649300547
5.55	0.07712297178573872
5.5600000000000005	0.07676714259042729
5.57	0.07641359010425607
5.58	0.07606229571179962
5.59	0.07571324098282356
5.6000000000000005	0.07536640767011492
5.61	0.07502177770734259
5.62	0.07467933320694549
5.63	0.07433905645804999
5.64	0.07400092992441491
5.65	0.07366493624240388
5.66	0.07333105821898493
5.67	0.0729992788297567
5.68	0.072669581217001
5.69	0.07234194868776114
5.7	0.07201636471194578
5.71	0.0716928129204578
5.72	0.07137127710334806
5.73	0.07105174120799339
5.74	0.07073418933729858
5.75	0.07041860574792205
5.76	0.07010497484852485
5.7700000000000005	0.06979328119804239
5.78	0.06948350950397904
5.79	0.0691756446207248
5.8	0.06886967154789397
5.8100000000000005	0.0685655754286855
5.82	0.06826334154826447
5.83	0.06796295533216477
5.84	0.06766440234471227
5.8500000000000005	0.06736766828746842
5.86	0.06707273899769402
5.87	0.06677960044683258
5.88	0.06648823873901336
5.89	0.06619864010957359
5.9	0.06591079092359944
5.91	0.06562467767448601
5.92	0.06534028698251526
5.93	0.0650576055934524
5.94	0.06477662037716006
5.95	0.06449731832623004
5.96	0.06421968655463238
5.97	0.06394371229638157
5.98	0.06366938290421965
5.99	0.0633966858483159
6.	0.06312560871498286
6.01	0.06285613920540861
6.0200000000000005	0.06258826513440491
6.03	0.062321974429171006
6.04	0.06205725512807288
6.05	0.061794095379437884
6.0600000000000005	0.06153248344036435
6.07	0.061272407675545856
6.08	0.06101385655611054
6.09	0.06075681865847415
6.1000000000000005	0.06050128266320802
6.11	0.06024723735392063
6.12	0.05999467161615297
6.13	0.05974357443628781
6.140000000000001	0.05949393490047208
6.15	0.05924574219355267
6.16	0.05899898559802542
6.17	0.05875365449299647
6.18	0.05850973835315706
6.19	0.05826722674777015
6.2	0.058026109339669896
6.21	0.057786375884273045
6.22	0.05754801622860237
6.23	0.05731102031032209
6.24	0.05707537815678477
6.25	0.056841079884089964
6.26	0.05660811569615411
6.2700000000000005	0.056376475883791494
6.28	0.056146150823806716
6.29	0.05591713097809752
6.3	0.05568940689276878
6.3100000000000005	0.05546296919725696
6.32	0.05523780860346501
6.33	0.05501391590490771
6.34	0.05479128197586704
6.3500000000000005	0.05454489297728251
6.36	0.054288689724186344
6.37	0.05403408957289226
6.38	0.053781079999480105
6.390000000000001	0.053529648597286095
6.4	0.053279783075624025
6.41	0.05303147125852182
6.42	0.05278470108347439
6.43	0.05253946060021158
6.44	0.05229573796948144
6.45	0.05205352146184879
6.46	0.0518127994565082
6.47	0.05157356044011202
6.48	0.05133579300561272
6.49	0.05109948585111916
6.5	0.05086462777876746
6.51	0.05063120769360519
6.5200000000000005	0.0503992146024895
6.53	0.0501686376129988
6.54	0.049939465932357256
6.55	0.04971168886637305
6.5600000000000005	0.04948529581838891
6.57	0.04926027628824587
6.58	0.04903661987125939
6.59	0.04881431625720779
6.6000000000000005	0.04859335522933317
6.61	0.04837372666335413
6.62	0.048155420526490536
6.63	0.0479384268765
6.640000000000001	0.04772273586072592
6.65	0.04750833771515702
6.66	0.04729522276349795
6.67	0.04708338141625132
6.68	0.04687280416981038
6.69	0.04666348160556276
6.7	0.046455404389004806
6.71	0.04624856326886638
6.72	0.04604294907624613
6.73	0.04583855272375704
6.74	0.04563536520468202
6.75	0.04543337759213954
6.76	0.045232581038259036
6.7700000000000005	0.04503296677336611
6.78	0.04483452610517734
6.79	0.04463725041800445
6.8	0.044441131171967956
6.8100000000000005	0.04424615990221982
6.82	0.044052328218175514
6.83	0.043859627802754715
6.84	0.04366805041163107
6.8500000000000005	0.043477587872490724
6.86	0.04328823208429927
6.87	0.04309997501657747
6.88	0.04291280870868514
6.890000000000001	0.04272672526911353
6.9	0.042541716874785765
6.91	0.04235777577036534
6.92	0.042174894267572795
6.93	0.041993064744509964
6.94	0.04181227964499224
6.95	0.04163253147788835
6.96	0.04145381281646782
6.97	0.0412761162977558
6.98	0.041099434621895345
6.99	0.04092376055151699
7.	0.04074908691111541
7.01	0.04057540658643322
7.0200000000000005	0.04040271252385192
7.03	0.04023099772978952
7.04	0.04006025527010517
7.05	0.039890478269510414
7.0600000000000005	0.0397216599109872
7.07	0.039553793435212446
7.08	0.03938687213998894
7.09	0.03922088937968294
7.1000000000000005	0.03905583856466768
7.11	0.038891713160773646
7.12	0.03872850668874451
7.13	0.03856621272369947
7.140000000000001	0.03840482489460153
7.15	0.0382443368837316
7.16	0.03808474242616863
7.17	0.037926035309275435
7.18	0.037768209372190206
7.19	0.03761125850532378
7.2	0.03745517664986234
7.21	0.037299957797275705
7.22	0.03714559598883112
7.23	0.03699208531511221
7.24	0.03683941991554348
7.25	0.03668759397791982
7.26	0.03653660173794142
7.2700000000000005	0.03638643747875353
7.28	0.0362370955304915
7.29	0.03606997959287388
7.3	0.035896373265958584
7.3100000000000005	0.03572383845462795
7.32	0.035552367093102256
7.33	0.035381951187218666
7.34	0.035212582813698885
7.3500000000000005	0.03504425411942508
7.36	0.03487695732072447
7.37	0.03471068470266177
7.38	0.03454542861834016
7.390000000000001	0.034381181488210136
7.4	0.03421793579938623
7.41	0.03405568410497182
7.42	0.033894419023391326
7.43	0.03373413323773035
7.44	0.03357481949508331
7.45	0.03341647060590835
7.46	0.0332590794433898
7.47	0.03310263894280774
7.48	0.032947142100914865
7.49	0.03279258197532044
7.5	0.03263895168388094
7.51	0.03248624440409811
7.5200000000000005	0.03233445337252329
7.53	0.03218357188416892
7.54	0.032033593291926336
7.55	0.031884511005990344
7.5600000000000005	0.03173631849329025
7.57	0.031589009276927094
7.58	0.03144257693561748
7.59	0.03129701510314337
7.6000000000000005	0.031152317467808277
7.61	0.031008477771899325
7.62	0.030865489811155427
7.63	0.03072334743424145
7.640000000000001	0.030582044542228033
7.65	0.030441575088077395
7.66	0.030301933076134744
7.67	0.030163112561625356
7.68	0.03002510765015721
7.69	0.029887912497229142
7.7	0.0297515213077444
7.71	0.029615928335529673
7.72	0.029481127882859202
7.73	0.029347114299984337
7.74	0.029213881984668212
7.75	0.029081425381725434
7.76	0.028949738982566947
7.7700000000000005	0.028818817324749765
7.78	0.028688654991531715
7.79	0.028559246611431024
7.8	0.0284305868577906
7.8100000000000005	0.02830267044834728
7.82	0.028175492144805504
7.83	0.028049046752415836
7.84	0.02792332911955798
7.8500000000000005	0.02779833413732817
7.86	0.02767405673913137
7.87	0.02755049190027752
7.88	0.027427634637582275
7.890000000000001	0.027305480008972226
7.9	0.027184023113094036
7.91	0.027063259088928038
7.92	0.026943183115405896
7.930000000000001	0.026823790411032368
7.94	0.026705076233511083
7.95	0.026587035879374443
7.96	0.02646966468361731
7.97	0.02635295801933475
7.98	0.026236911297363563
7.99	0.026121519965927622
8.	0.026006779510287084
8.01	0.025892685452391147
8.02	0.025779233350534652
8.03	0.025666418799018268
8.040000000000001	0.025554237427812224
8.05	0.025442684902223706
8.06	0.02533175692256763
8.07	0.025221449223840925
8.08	0.025111757575400455
8.09	0.025002677780643863
8.1	0.024894205676694276
8.11	0.024786337134087996
8.120000000000001	0.02467906805646552
8.13	0.024572394380265976
8.14	0.024466312074424384
8.15	0.024360817140072467
8.16	0.024255905610242347
8.17	0.024151573549573438
8.18	0.02404781705402222
8.19	0.023944632250575297
8.2	0.02384201529696517
8.21	0.023739962381389118
8.22	0.023638469722230947
8.23	0.023537533567785523
8.24	0.023437150195986335
8.25	0.023337315914135705
8.26	0.023238027058637808
8.27	0.023139279994734543
8.28	0.02304107111624397
8.290000000000001	0.022943396845301504
8.3	0.022846253632103807
8.31	0.022749637954655184
8.32	0.022653546318516713
8.33	0.022557975256557776
8.34	0.02246292132871027
8.35	0.02236838112172529
8.36	0.02227435124893215
8.370000000000001	0.022170051342092184
8.38	0.022063900743863763
8.39	0.021958384084545753
8.4	0.021853496829377067
8.41	0.021749234481378967
8.42	0.021645592580996048
8.43	0.02154256670574075
8.44	0.02144015246984176
8.45	0.021338345523896338
8.46	0.021237141554525916
8.47	0.021136536284035865
8.48	0.021036525470078487
8.49	0.020937104905319758
8.5	0.0208382704171096
8.51	0.02074001786715557
8.52	0.020642343151200043
8.53	0.020545242198700818
8.540000000000001	0.02044871097251505
8.55	0.02035274546858652
8.56	0.020257341715636215
8.57	0.020162495774856175
8.58	0.02006820373960644
8.59	0.01997446173511539
8.6	0.019881265918182962
8.61	0.019788612476887176
8.620000000000001	0.01969649763029364
8.63	0.019604917628168017
8.64	0.019513868750691762
8.65	0.019423347308180357
8.66	0.019333349640804968
8.67	0.01924387211831666
8.68	0.019154911139773554
8.69	0.019066463133270935
8.700000000000001	0.01897852455567396
8.71	0.01889109189235326
8.72	0.01880416165692328
8.73	0.018717730390983178
8.74	0.01863179466386055
8.75	0.018546351072357744
8.76	0.018461396240500704
8.77	0.018376926819290523
8.78	0.018292939486457434
8.790000000000001	0.018209430946217398
8.8	0.01812639792903111
8.81	0.01804383719136557
8.82	0.017961745515457917
8.83	0.0178801197090819
8.84	0.01779895660531652
8.85	0.01771825306231718
8.86	0.017638005963089027
8.870000000000001	0.017558212215262693
8.88	0.0174788687508723
8.89	0.017399972526135687
8.9	0.01732152052123679
8.91	0.01724350974011041
8.92	0.017165937210228972
8.93	0.0170887999823915
8.94	0.017012095130514767
8.950000000000001	0.01693581975142643
8.96	0.01685989943932552
8.97	0.0167770931471855
8.98	0.016694785137300827
8.99	0.01661297186140481
9.	0.016531649800404905
9.01	0.016450815464110907
9.02	0.01637046539096579
9.03	0.01629059614777939
9.040000000000001	0.016211204329464993
9.05	0.0161322865587784
9.06	0.016053839486059925
9.07	0.01597585978897902
9.08	0.015898344172281382
9.09	0.01582128936753893
9.1	0.015744692132902152
9.11	0.015668549252855112
9.120000000000001	0.015592857537972989
9.13	0.015517613824681958
9.14	0.015442814975021845
9.15	0.01536845787641087
9.16	0.015294539441413055
9.17	0.015221056607507907
9.18	0.01514800633686247
9.19	0.015075385616105708
9.200000000000001	0.015003191456105234
9.21	0.014931420891746296
9.22	0.014860070981712895
9.23	0.014789138808271412
9.24	0.01471862147705609
9.25	0.014648516116857007
9.26	0.014578819879409973
9.27	0.014509529939188677
9.28	0.014440643493198914
9.290000000000001	0.014372157760774903
9.3	0.014304069983377564
9.31	0.014236377424395036
9.32	0.014169077368944977
9.33	0.01410216712367903
9.34	0.01403564401658917
9.35	0.013969505396815967
9.36	0.013903748634458927
9.370000000000001	0.013838371120388507
9.38	0.013773370266060254
9.39	0.013708743503330605
9.4	0.013644488284274621
9.41	0.01358060208100557
9.42	0.013517082385496244
9.43	0.013453926709402058
9.44	0.013391132583885997
9.450000000000001	0.013328697559445185
9.46	0.013266619205739238
9.47	0.01320489511142035
9.48	0.013143522883965017
9.49	0.01308250014950738
9.5	0.013021824552674397
9.51	0.01296149375642238
9.52	0.01290150544187539
9.53	0.012841857308165101
9.540000000000001	0.0127825470722722
9.55	0.012723572468869541
9.56	0.012664931250166558
9.57	0.012606621185755465
9.58	0.012548640062458845
9.59	0.012490985684178668
9.6	0.01243365587174698
9.61	0.012370967041987261
9.620000000000001	0.01230822749681538
9.63	0.012245870825002328
9.64	0.012183894296079844
9.65	0.012122295201855805
9.66	0.01206107085620951
9.67	0.012000218594889275
9.68	0.011939735775312014
9.69	0.01187961977636489
9.700000000000001	0.011819867998208911
9.71	0.01176047786208465
9.72	0.011701446810119785
9.73	0.011642772305138735
9.74	0.011584451830474123
9.75	0.011526482889780185
9.76	0.011468863006848103
9.77	0.011411589725423098
9.78	0.011354660609023504
9.790000000000001	0.011298073240761566
9.8	0.01124182522316606
9.81	0.01118591417800673
9.82	0.01113033774612049
9.83	0.011075093587239309
9.84	0.011020179379819889
9.85	0.010965592820875045
9.86	0.0109113316258067
9.870000000000001	0.010857393528240675
9.88	0.010803776279862986
9.89	0.010750477650257911
9.9	0.010697495426747555
9.91	0.010644827414233088
9.92	0.010592471435037536
9.93	0.010540425328750153
9.94	0.010488686952072274
9.950000000000001	0.010437254178664843
9.96	0.01038612489899721
9.97	0.010335297020197714
9.98	0.01028476846590551
9.99	0.01023453717612398
10.	0.010184601107075539
10.01	0.010134958231057933
10.02	0.010085606536301852
10.03	0.010036544026830088
10.040000000000001	0.009987768722317918
10.05	0.009939278657954949
10.06	0.009891071884308347
10.07	0.009843146467187303
10.08	0.009795500487508949
10.09	0.00974813204116548
10.1	0.009701039238892593
10.11	0.009654220206139322
10.120000000000001	0.009607673082938951
10.13	0.009561396023781388
10.14	0.009515387197486604
10.15	0.009469644787079413
10.16	0.009424166989665432
10.17	0.009378952016308244
10.18	0.00933399809190779
10.19	0.009289303455079848
10.200000000000001	0.009244866358036782
10.21	0.009200685066469363
10.22	0.009156757859429803
10.23	0.009113083029215872
10.24	0.009069658881256085
10.25	0.009026483733996154
10.26	0.0089835559187863
10.27	0.008940873779769902
10.28	0.008898435673773018
10.290000000000001	0.008855074106122298
10.3	0.008808757082601799
10.31	0.008762726917249358
10.32	0.008716981557795123
10.33	0.008671518968620113
10.34	0.00862633713060514
10.35	0.008581434040981327
10.36	0.008536807713182056
10.370000000000001	0.008492456176696465
10.38	0.00844837747692434
10.39	0.008404569675032517
10.4	0.008361030847812643
10.41	0.008317759087540457
10.42	0.008274752501836373
10.43	0.008232009213527527
10.44	0.008189527360511126
10.450000000000001	0.008147305095619202
10.46	0.008105340586484724
10.47	0.00806363201540895
10.48	0.008022177579230209
10.49	0.007980975489193893
10.5	0.007940023970823752
10.51	0.007899321263794503
10.52	0.007858865621805622
10.53	0.007818655312456483
10.540000000000001	0.0077786886171226
10.55	0.007738963830833188
10.56	0.007699479262149879
10.57	0.007660233233046638
10.58	0.007621224078790882
10.59	0.0075824501478257
10.6	0.0075439098016533
10.61	0.007505601414719545
10.620000000000001	0.007467523374299661
10.63	0.007429674080384999
10.64	0.00739205194557095
10.65	0.007354655394945966
10.66	0.007317482865981584
10.67	0.007280532808423631
10.68	0.0072438036841843785
10.69	0.0072072939672358045
10.700000000000001	0.007171002143503888
10.71	0.007134926710763891
10.72	0.00709906617853673
10.73	0.007063419067986251
10.74	0.007027983911817556
10.75	0.0069927592541763305
10.76	0.00695774365054906
10.77	0.006922935667664335
10.78	0.0068883338833949466
10.790000000000001	0.0068539368866610785
10.8	0.006819743277334329
10.81	0.006785751666142672
10.82	0.006751960674576391
10.83	0.006718368934794795
10.84	0.006684975089533976
10.85	0.006651777792015312
10.86	0.00661877570585492
10.870000000000001	0.006585967504973991
10.88	0.006553351873509886
10.89	0.006520927505728201
10.9	0.006488693105935556
10.91	0.006456647388393297
10.92	0.0064247890772319875
10.93	0.006393116906366696
10.94	0.0063616296194131065
10.950000000000001	0.0063303259696044145
10.96	0.006299204719709043
10.97	0.006268264641949071
10.98	0.0062375045179195
10.99	0.0062069231385082435
11.	0.006176519303816874
11.01	0.006146291823082138
11.02	0.006116239514598195
11.03	0.006084038599822496
11.040000000000001	0.00605100395770098
11.05	0.006018178350434967
11.06	0.005985560267925201
11.07	0.005953148212332865
11.08	0.0059209406979690415
11.09	0.005888936251185306
11.1	0.005857133410265455
11.11	0.005825530725318213
11.120000000000001	0.005794126758171095
11.13	0.005762920082265226
11.14	0.0057319092825512605
11.15	0.00570109295538632
11.16	0.005670469708431889
11.17	0.005640038160552816
11.18	0.0056097969417172044
11.19	0.00557974469289734
11.200000000000001	0.0055498800659715885
11.21	0.005520201723627247
11.22	0.00549070833926434
11.23	0.005461398596900346
11.24	0.0054322711910759144
11.25	0.005403324826761398
11.26	0.0053745582192644276
11.27	0.005345970094138265
11.28	0.005317559187091115
11.290000000000001	0.005289324243896321
11.3	0.005261264020303407
11.31	0.005233377281950001
11.32	0.005205662804274601
11.33	0.00517811937243019
11.34	0.0051507457811987125
11.35	0.005123540834906317
11.36	0.005096503347339513
11.370000000000001	0.005069632141662035
11.38	0.005042926050332571
11.39	0.005016383915023285
11.4	0.004990004586539082
11.41	0.004963786924737718
11.42	0.0049377297984505904
11.43	0.004911832085404385
11.44	0.00488609267214337
11.450000000000001	0.004860510453952561
11.46	0.004835084334781518
11.47	0.004809813227168891
11.48	0.004784696052167745
11.49	0.004759731739271528
11.5	0.004734919226340795
11.51	0.004710257459530623
11.52	0.00468574539321867
11.53	0.004661381989933997
11.540000000000001	0.004637166220286505
11.55	0.004613097062897084
11.56	0.004589173504328404
11.57	0.004565394539016344
11.58	0.004541759169202132
11.59	0.004518266404865062
11.6	0.004494915263655896
11.61	0.004471704770830863
11.620000000000001	0.004448633959186303
11.63	0.004425701868993924
11.64	0.0044029075479366615
11.65	0.004380250051045147
11.66	0.004357728440634785
11.67	0.004335341786243412
11.68	0.00431308916456953
11.69	0.004290969659411154
11.700000000000001	0.004268982361605196
11.71	0.004247126368967457
11.72	0.004225400786233131
11.73	0.004203804724997918
11.74	0.004182337303659656
11.75	0.004160997647360497
11.76	0.004139784887929665
11.77	0.004118698163826687
11.78	0.004097736620085179
11.790000000000001	0.004076899408257195
11.8	0.004056185686358016
11.81	0.004035594618811538
11.82	0.004013403291790411
11.83	0.003991061579337109
11.84	0.00396886295843817
11.85	0.003946806392942322
11.86	0.003924890855066542
11.870000000000001	0.003903115325321467
11.88	0.003881478792437573
11.89	0.0038599802532920556
11.9	0.003838618712836434
11.91	0.003817393184024848
11.92	0.0037963026877430284
11.93	0.003775346252738025
11.94	0.00375452291554853
11.950000000000001	0.0037338317204359613
11.96	0.0037132717193161316
11.97	0.003692841971691632
11.98	0.003672541544584864
11.99	0.0036523695124716783
12.	0.0036323249572157235
12.01	0.0036124069680033453
12.02	0.0035926146412791887
12.030000000000001	0.0035729470806823626
12.040000000000001	0.003553403396983237
12.05	0.003533982708020888
12.06	0.0035146841386410476
12.07	0.003495506820634766
12.08	0.003476449892677551
12.09	0.003457512500269178
12.1	0.0034386937956740354
12.11	0.0034199929378620165
12.120000000000001	0.003401409092450032
12.13	0.0033829414316440404
12.14	0.0033645891341816357
12.15	0.0033463513852752223
12.16	0.0033282273765556382
12.17	0.0033102163060164387
12.18	0.003292317377958587
12.19	0.0032745298029357764
12.200000000000001	0.0032568527977001834
12.21	0.003239285585148801
12.22	0.003221827394270243
12.23	0.003204477460092051
12.24	0.00318723502362853
12.25	0.003170099331829043
12.26	0.003153069637526827
12.27	0.0031361451993882376
12.280000000000001	0.003119325281862558
12.290000000000001	0.003102609155132171
12.3	0.003085996095063318
12.31	0.003069485383157226
12.32	0.0030530763065017294
12.33	0.003036768157723363
12.34	0.00302056023493988
12.35	0.0030044518417132247
12.36	0.002988442287002938
12.370000000000001	0.0029725308851200087
12.38	0.00295671695568116
12.39	0.002940999823563534
12.4	0.0029253788188598473
12.41	0.002909853276833916
12.42	0.0028944225378766306
12.43	0.00287908594746232
12.44	0.0028638428561055277
12.450000000000001	0.0028486926193182077
12.46	0.0028336345975672724
12.47	0.002818668156232595
12.48	0.002803792665565339
12.49	0.002789007500646739
12.5	0.0027743120413472066
12.51	0.0027597056722858285
12.52	0.0027451877827902775
12.530000000000001	0.0027307577668570318
12.540000000000001	0.0027164150231120295
12.55	0.002702158954771618
12.56	0.002687988969603909
12.57	0.0026739044798904754
12.58	0.0026599049023884012
12.59	0.0026459896582926804
12.6	0.0026321581731989676
12.61	0.0026184098770666467
12.620000000000001	0.0026047442041822718
12.63	0.002591160593123319
12.64	0.002577658486722291
12.65	0.0025642373320311144
12.66	0.0025505380809157864
12.67	0.002536341225487572
12.68	0.0025222345001745827
12.69	0.0025082172623721874
12.700000000000001	0.0024942888745585314
12.71	0.002480448704250395
12.72	0.0024666961239594326
12.73	0.002453030511148855
12.74	0.0024394512481905103
12.75	0.0024259577223223554
12.76	0.0024125493256063613
12.77	0.002399225454886777
12.780000000000001	0.0023859855117488267
12.790000000000001	0.0023728289024777683
12.8	0.0023597550380183314
12.81	0.0023467633339345666
12.82	0.0023338532103700485
12.83	0.0023210240920084548
12.84	0.0023082754080345266
12.85	0.002295606592095378
12.86	0.0022830170822621836
12.870000000000001	0.0022705063209922105
12.88	0.002258073755091216
12.89	0.0022457188356762034
12.9	0.002233441018138493
12.91	0.0022212397621071685
12.92	0.0022091145314128693
12.93	0.002197064794051879
12.94	0.0021850900221505967
12.950000000000001	0.0021731896919303085
12.96	0.002161363283672291
12.97	0.0021496102816832476
12.98	0.0021379301742610545
12.99	0.0021263224536608406
13.	0.0021147866160613573
13.01	0.0021033221615316755
13.02	0.002091928593998195
13.030000000000001	0.002080605421211948
13.040000000000001	0.002069352154716215
13.05	0.002058168309814407
13.06	0.002047053405538314
13.07	0.0020360069646165524
13.08	0.0020250285134433897
13.09	0.0020141175820478077
13.1	0.002003273704062846
13.11	0.001992496416695263
13.120000000000001	0.001981785260695437
13.13	0.0019711397803275775
13.14	0.0019605595233401804
13.15	0.0019500440409367637
13.16	0.001939592887746889
13.17	0.0019292056217974068
13.18	0.001918881804484017
13.19	0.0019086210005430481
13.200000000000001	0.0018984227780235016
13.21	0.0018882867082593712
13.22	0.0018782123658421892
13.23	0.0018681993285938412
13.24	0.001858247177539612
13.25	0.0018483554968814996
13.26	0.0018385238739717354
13.27	0.0018287518992865877
13.280000000000001	0.0018190391664003726
13.290000000000001	0.001809385271959701
13.3	0.0017997898156579817
13.31	0.001790252400210127
13.32	0.0017807726313275095
13.33	0.0017713501176931372
13.34	0.0017619844709370345
13.35	0.001752675305611889
13.36	0.0017434222391688667
13.370000000000001	0.0017342248919336796
13.38	0.0017250828870828691
13.39	0.001715995850620264
13.4	0.0017069634113537095
13.41	0.001697985200871949
13.42	0.0016890608535217546
13.43	0.001680190006385237
13.44	0.0016713722992573717
13.450000000000001	0.0016626073746237203
13.46	0.0016538948776383539
13.47	0.0016452344561019765
13.48	0.0016366257604402358
13.49	0.0016280684436822367
13.5	0.0016195621614392363
13.51	0.0016111065718835444
13.52	0.0016027013357275905
13.530000000000001	0.0015943461162031991
13.540000000000001	0.001586040579041036
13.55	0.0015777843924502353
13.56	0.001569577227098218
13.57	0.0015614476121778513
13.58	0.0015533705749256016
13.59	0.0015453412179614189
13.6	0.0015373592250448082
13.61	0.0015294242822630527
13.620000000000001	0.0015215360780123808
13.63	0.0015136943029793236
13.64	0.0015058986501221862
13.65	0.0014981488146527464
13.66	0.0014904444940180624
13.67	0.0014827853878824596
13.68	0.0014751711981096948
13.69	0.0014676016287452323
13.700000000000001	0.0014600763859987191
13.71	0.00145259517822659
13.72	0.0014451577159148284
13.73	0.001437763711661887
13.74	0.001430412880161742
13.75	0.001423104938187113
13.76	0.0014158396045728138
13.77	0.0014086166001992606
13.780000000000001	0.00140143564797612
13.790000000000001	0.001394296472826088
13.8	0.0013871988016688358
13.81	0.0013801423634050662
13.82	0.0013731268889007333
13.83	0.001366152110971379
13.84	0.0013592177643666247
13.85	0.0013523235857547794
13.86	0.0013454693137075911
13.870000000000001	0.0013386546886851344
13.88	0.0013318794530208166
13.89	0.0013251433509065243
13.9	0.0013184461283778886
13.91	0.00131178753329969
13.92	0.001305167315351383
13.93	0.0012985852260127325
13.94	0.001292041018549607
13.950000000000001	0.0012855344479998493
13.96	0.001279065271159316
13.97	0.0012726332465680015
13.98	0.0012662381344962933
13.99	0.0012598796969313531
14.	0.0012535576975636013
14.01	0.0012472719017733265
14.02	0.0012410220766174082
14.030000000000001	0.00123480799081615
14.040000000000001	0.001228629414740227
14.05	0.0012224861203977459
14.06	0.0012163778814214166
14.07	0.0012103044730558301
14.08	0.0012042656721448493
14.09	0.0011982612571190948
14.1	0.0011922910079835674
14.11	0.00118635470630533
14.120000000000001	0.001180452135201343
14.13	0.0011745830793263683
14.14	0.0011687473248609861
14.15	0.0011629446594997276
14.16	0.001157174872439278
14.17	0.001151437754366818
14.18	0.0011457330974484286
14.19	0.0011400606953176121
14.200000000000001	0.0011344203430639153
14.21	0.0011288118372216305
14.22	0.00112323497575861
14.23	0.0011176895580651638
14.24	0.0011121753849430537
14.25	0.001106692258594587
14.26	0.001101239982611788
14.27	0.0010958183619656752
14.280000000000001	0.00109042720299562
14.290000000000001	0.0010850663133987995
14.3	0.0010797355022197283
14.31	0.0010744345798398966
14.32	0.0010691633579674783
14.33	0.0010639216496271286
14.34	0.0010587092691498757
14.35	0.0010535260321630864
14.36	0.001048371755580525
14.370000000000001	0.0010432462575924882
14.38	0.0010381493576560247
14.39	0.0010330808764852366
14.4	0.0010280406360416634
14.41	0.001023028459524745
14.42	0.0010180441713623634
14.43	0.0010130875972014623
14.44	0.001008158563898748
14.450000000000001	0.0010032568995114602
14.46	0.0009983824332882383
14.47	0.0009935349956600341
14.48	0.0009887144182311272
14.49	0.0009839205337701979
14.5	0.0009791531762014828
14.51	0.0009744121805960025
14.52	0.0009696973831628535
14.530000000000001	0.0009650086212405854
14.540000000000001	0.0009613855379930686
14.55	0.0009579282078975362
14.56	0.0009544856735916467
14.57	0.0009510578616593982
14.58	0.0009476446990991133
14.59	0.0009442461133208058
14.6	0.0009408620321435891
14.61	0.0009374923837930909
14.620000000000001	0.0009341370968988795
14.63	0.0009307961004919286
14.64	0.0009274693240020773
14.65	0.0009241566972555246
14.66	0.0009208581504723311
14.67	0.0009175736142639436
14.68	0.0009143030196307333
14.69	0.0009110462979595552
14.700000000000001	0.0009078033810213214
14.71	0.0009045742009685911
14.72	0.0009013586903331797
14.73	0.0008981567820237823
14.74	0.0008949684093236158
14.75	0.0008917935058880727
14.76	0.0008886320057424014
14.77	0.0008854838432793874
14.780000000000001	0.0008823489532570639
14.790000000000001	0.000879227270796433
14.8	0.0008761187313792
14.81	0.0008730232708455313
14.82	0.0008699408253918166
14.83	0.0008668713315684542
14.84	0.0008638147262776558
14.85	0.000860770946771249
14.86	0.0008577399306485211
14.870000000000001	0.0008547216158540493
14.88	0.0008517159406755678
14.89	0.0008487228437418382
14.9	0.0008457422640205392
14.91	0.0008427741408161695
14.92	0.0008398184137679613
14.93	0.0008368750228478173
14.94	0.00083394390835825
14.950000000000001	0.0008310250109303456
14.96	0.0008281182715217376
14.97	0.0008252236314145894
14.98	0.0008223410322136
14.99	0.0008194704158440181
15.	0.0008166117245496661
15.01	0.000813764900890989
15.02	0.0008109298877431024
15.030000000000001	0.0008081066282938652
15.040000000000001	0.0008052950660419561
15.05	0.0008024951447949759
15.06	0.0007997068086675465
15.07	0.0007969300020794356
15.08	0.0007941646697536891
15.09	0.000791410756714774
15.1	0.000788668208286742
15.11	0.0007859369700913938
15.120000000000001	0.0007832169880464667
15.13	0.0007805082083638266
15.14	0.0007778105775476768
15.15	0.0007751240423927797
15.16	0.0007724485499826841
15.17	0.0007697840476879702
15.18	0.0007671304831645077
15.19	0.0007644878043517177
15.200000000000001	0.0007618559594708567
15.21	0.0007592348970233027
15.22	0.0007566245657888595
15.23	0.0007540249148240671
15.24	0.0007514358934605309
15.25	0.0007488574513032518
15.26	0.0007462895382289762
15.27	0.0007437321043845553
15.280000000000001	0.0007411851001853082
15.290000000000001	0.0007386484763134096
15.3	0.0007361221837162737
15.31	0.0007336061736049605
15.32	0.0007311003974525836
15.33	0.0007286048069927362
15.34	0.000726119354217923
15.35	0.0007236439913780031
15.36	0.0007211786709786457
15.370000000000001	0.0007187233457797923
15.38	0.0007162779687941326
15.39	0.0007138424932855887
15.4	0.0007114168727678102
15.41	0.0007090010610026782
15.42	0.0007065950119988194
15.43	0.0007041986800101328
15.44	0.0007018120195343192
15.450000000000001	0.0006994349853114326
15.46	0.0006970675323224262
15.47	0.0006947096157877189
15.48	0.0006923611911657686
15.49	0.0006900222141516523
15.5	0.0006876926406756595
15.51	0.0006853724269018896
15.52	0.0006830615292268659
15.530000000000001	0.0006807599042781512
15.540000000000001	0.0006883204759241935
15.55	0.0007049732599488362
15.56	0.0007220178345000306
15.57	0.0007394631565217577