0.01	3.231994993794523
0.02	2.190539380468311
0.03	1.8225313037207838
0.04	1.634082123103946
0.05	1.5166505483549941
0.06	1.438556965783558
0.07	1.384509656015038
0.08	1.3423487114261985
0.09	1.3095837809720767
0.1	1.2827032954681323
0.11	1.260412991455596
0.12	1.2416815875026224
0.13	1.225174029684042
0.14	1.2100369380291365
0.15	1.195483029145429
0.16	1.1820311859226007
0.17	1.1695856812087557
0.18	1.1579717851233893
0.19	1.146529145080845
0.2	1.135552048431561
0.21	1.1252081819506525
0.22	1.1142962543098993
0.23	1.1039638525790438
0.24	1.0941610525844006
0.25	1.0844242896201113
0.26	1.075098079493048
0.27	1.0661996180473747
0.28	1.0573619095390143
0.29	1.0481868000038597
0.3	1.0393983916281249
0.31	1.030968287280158
0.32	1.0226889544728184
0.33	1.0140552060327295
0.34	1.0057488823815726
0.35000000000000003	0.997748469800809
0.36	0.9900344323487151
0.37	0.9821706596094076
0.38	0.9741657417837202
0.39	0.9664314937910775
0.4	0.9589521672429046
0.41000000000000003	0.9517132949712477
0.42	0.9446312918489422
0.43	0.9370816095090476
0.44	0.9297637758225129
0.45	0.9226656393046623
0.46	0.915775937515911
0.47000000000000003	0.9090842143563033
0.48	0.9025807466279059
0.49	0.8957016903345457
0.5	0.8889398918726236
0.51	0.882361541338684
0.52	0.8759582085700283
0.53	0.8697220034738956
0.54	0.8636455320117945
0.55	0.8577218565105202
0.56	0.8515304976029809
0.5700000000000001	0.8453591338509661
0.58	0.8393386715997183
0.59	0.8334629132146086
0.6	0.8277260151522768
0.61	0.8221224622298673
0.62	0.8166470441507945
0.63	0.8112948340563049
0.64	0.805752652306093
0.65	0.8001028899684701
0.66	0.7945781005800646
0.67	0.7891736881677299
0.68	0.7838852911480334
0.6900000000000001	0.7787087671368221
0.7000000000000001	0.7736401789470135
0.71	0.7686757816661809
0.72	0.7638120107167695
0.73	0.7589805397465937
0.74	0.753934497804904
0.75	0.7489890668720205
0.76	0.7441409390570828
0.77	0.7393869569134661
0.78	0.7347241047493094
0.79	0.7301495005439188
0.8	0.7256603884207342
0.81	0.7212541316321227
0.8200000000000001	0.716928206015355
0.8300000000000001	0.7126801938828106
0.84	0.7083522977941001
0.85	0.7038522350278906
0.86	0.6994328951414477
0.87	0.6950919164617005
0.88	0.6908270325314564
0.89	0.6866360672411437
0.9	0.682516930260926
0.91	0.6784676127515448
0.92	0.674486183334033
0.93	0.6705707843000513
0.9400000000000001	0.6667196280460719
0.9500000000000001	0.6629309937159583
0.96	0.6592032240377208
0.97	0.6551544794250351
0.98	0.6511690605330863
0.99	0.6472479799804578
1.	0.6433895648325203
1.01	0.6395922018203588
1.02	0.6358543346475418
1.03	0.6321744614434783
1.04	0.6285511323540446
1.05	0.6249829472608484
1.06	0.6214685536211052
1.07	0.618006644420685
1.08	0.6145959562333987
1.09	0.6112352673800909
1.1	0.6079233961815385
1.11	0.6044348993412244
1.12	0.6009308004582743
1.1300000000000001	0.5974778941800031
1.1400000000000001	0.594074989429211
1.1500000000000001	0.5907209329728772
1.16	0.5874146079033714
1.17	0.5841549321930974
1.18	0.5809408573184243
1.19	0.5777713669490309
1.2	0.5746454756990321
1.21	0.5715622279364884
1.22	0.5685206966481124
1.23	0.5655199823561846
1.24	0.5625592120848742
1.25	0.5596375383733357
1.26	0.5567541383331074
1.27	0.5538118752250524
1.28	0.5507855968919042
1.29	0.5477992142462773
1.3	0.5448518981418282
1.31	0.5419428428692676
1.32	0.5390712653211435
1.33	0.5362364041924511
1.34	0.5334375192152773
1.35	0.5306738904257874
1.36	0.5279448174619635
1.37	0.5252496188905834
1.3800000000000001	0.5225876315620234
1.3900000000000001	0.5199582099915427
1.4000000000000001	0.5173607257657764
1.41	0.5147945669732453
1.42	0.5122591376577411
1.43	0.5097538572935204
1.44	0.507278160281286
1.45	0.5048314954640021
1.46	0.5022484686384894
1.47	0.49962183047436964
1.48	0.49702659762704937
1.49	0.4944621861828592
1.5	0.49192802690809684
1.51	0.4894235647851151
1.52	0.48694825856602886
1.53	0.4845015803432598
1.54	0.482083015136179
1.55	0.47969206049314406
1.56	0.47732822610826214
1.57	0.4749910334522425
1.58	0.4726800154167373
1.59	0.4703947159715932
1.6	0.468134689834469
1.61	0.46589950215229775
1.62	0.4636887281941002
1.6300000000000001	0.461501953054675
1.6400000000000001	0.45933877136871987
1.6500000000000001	0.45719878703495215
1.6600000000000001	0.4550816129498232
1.67	0.4529538372113311
1.68	0.45067499423305
1.69	0.4484210388982503
1.7	0.446191554539063
1.71	0.4439861338604108
1.72	0.44180437867587874
1.73	0.4396458996525131
1.74	0.43751031606419616
1.75	0.43539725555326203
1.76	0.43330635390003314
1.77	0.4312372547999681
1.78	0.4291896096481336
1.79	0.4271630773307143
1.8	0.4251573240232973
1.81	0.4231720229956717
1.82	0.42120685442290096
1.83	0.41926150520243144
1.84	0.41733566877701284
1.85	0.4154290449632156
1.86	0.4135413397853398
1.87	0.41167226531451656
1.8800000000000001	0.4098215395128151
1.8900000000000001	0.40798888608217093
1.9000000000000001	0.40617403431796545
1.9100000000000001	0.4043767189670859
1.92	0.40252279095396404
1.93	0.40059382653454123
1.94	0.39868400346622057
1.95	0.3967930346014484
1.96	0.39492063854363296
1.97	0.39306653950335246
1.98	0.3912304671588647
1.99	0.3894121565207706
2.	0.3876113478006892
2.0100000000000002	0.3858277862838022
2.02	0.3840612222051395
2.0300000000000002	0.3823114106294742
2.04	0.3805781113347082
2.05	0.37886108869862756
2.06	0.37716011158891544
2.07	0.37547495325631497
2.08	0.37380539123083373
2.09	0.3721512072208934
2.1	0.3705121870153227
2.11	0.36888812038810553
2.12	0.3672788010057896
2.13	0.36568402633747177
2.14	0.36410359756727506
2.15	0.36253731950924006
2.16	0.3609850005245484
2.17	0.3594464524410089
2.18	0.35792149047473115
2.19	0.3564099331539187
2.2	0.354902612082449
2.21	0.3532696536756737
2.22	0.35165153029203916
2.23	0.3500480412411314
2.24	0.3484589894312925
2.25	0.34688418128938003
2.2600000000000002	0.3453234266826644
2.27	0.3437765388427952
2.2800000000000002	0.34224333429177445
2.29	0.34072363276987533
2.3000000000000003	0.33921725716544554
2.31	0.3377240334465397
2.32	0.3362437905943241
2.33	0.3347763605382019
2.34	0.3333215780926068
2.35	0.3318792808954126
2.36	0.3304493093479161
2.37	0.32903150655634145
2.38	0.3276257182748243
2.39	0.32623179284983084
2.4	0.3248495811659701
2.41	0.32347893659316024
2.42	0.32211971493510627
2.43	0.32077177437905546
2.44	0.31943497544679145
2.45	0.3181091809468299
2.46	0.3167942559277861
2.47	0.3154900676328765
2.48	0.3141964854555253
2.49	0.3129133808960422
2.5	0.3116406275193452
2.5100000000000002	0.3103781009136939
2.52	0.3091256786504108
2.5300000000000002	0.30782055858074575
2.54	0.3064573939021655
2.5500000000000003	0.30510558667743626
2.56	0.3037649982952435
2.57	0.302435492368576
2.58	0.30111693469055184
2.59	0.2998091931912889
2.6	0.29851213789578984
2.61	0.2972256408828162
2.62	0.2959495762447242
2.63	0.29468382004823385
2.64	0.2934282502961101
2.65	0.29218274688972856
2.66	0.2909471915925025
2.67	0.28972146799414983
2.68	0.2885054614757754
2.69	0.287299059175749
2.7	0.2861021499563567
2.71	0.2849146243712066
2.72	0.28373637463336715
2.73	0.2825672945842212
2.74	0.2814072796630156
2.75	0.2802562268770891
2.7600000000000002	0.2791140347727607
2.77	0.27798060340686215
2.7800000000000002	0.27685583431889577
2.79	0.275739630503806
2.8000000000000003	0.27463189638534413
2.81	0.27353253779001485
2.82	0.27244146192158786
2.83	0.2713585773361614
2.84	0.2702837939177636
2.85	0.2692170228544772
2.86	0.2681581766150766
2.87	0.267107168926163
2.88	0.26606391474978525
2.89	0.2650283302615352
2.9	0.26399297949017025
2.91	0.2628568590429683
2.92	0.2617295004025244
2.93	0.26061080633712086
2.94	0.2595006810209505
2.95	0.25839903000909353
2.96	0.25730576021302254
2.97	0.2562207798766224
2.98	0.25514399855271425
2.99	0.25407532708006925
3.	0.2530146775609014
3.0100000000000002	0.2519619633388284
3.02	0.2509170989772877
3.0300000000000002	0.24988000023839824
3.04	0.2488505840622572
3.0500000000000003	0.24782876854666006
3.06	0.24681447292723574
3.0700000000000003	0.24580761755798558
3.08	0.244808123892218
3.09	0.24381591446386797
3.1	0.24283091286919326
3.11	0.24185304374883948
3.12	0.24088223277026297
3.13	0.23991840661050595
3.14	0.23896149293931376
3.15	0.23801142040258746
3.16	0.23706811860616345
3.17	0.2361315180999134
3.18	0.2352015503621562
3.19	0.23427814778437558
3.2	0.23336124365623595
3.21	0.23245077215089066
3.22	0.23154666831057477
3.23	0.2306488680324771
3.24	0.22975730805488398
3.25	0.22887192594359104
3.2600000000000002	0.22799266007857377
3.27	0.2271194496409142
3.2800000000000002	0.2262522345999761
3.29	0.22539095570082376
3.3000000000000003	0.22453555445187945
3.31	0.2236859731128135
3.3200000000000003	0.2228421546826631
3.33	0.2219939041197979
3.34	0.22106814681423076
3.35	0.22014900040546592
3.36	0.2192363981613235
3.37	0.21833027421914075
3.38	0.21743056357190474
3.39	0.21653720205464666
3.4	0.21565012633109146
3.41	0.21476927388055791
3.42	0.21389458298510347
3.43	0.21302599271690792
3.44	0.2121634429258929
3.45	0.2113068742275688
3.46	0.21045622799110764
3.47	0.20961144632763498
3.48	0.20877247207873692
3.49	0.20793924880517725
3.5	0.20711172077582088
3.5100000000000002	0.20628983295675915
3.52	0.2054735310006319
3.5300000000000002	0.20466276123614355
3.54	0.20385747065776788
3.5500000000000003	0.20305760691563832
3.56	0.20226311830561994
3.5700000000000003	0.2014739537595585
3.58	0.2006900628357046
3.59	0.19991139570930702
3.6	0.19913790316337412
3.61	0.19836953657959822
3.62	0.19760624792944012
3.63	0.19684798976537082
3.64	0.1960947152122671
3.65	0.1953463779589575
3.66	0.1946029322499155
3.67	0.19386433287709856
3.68	0.19313053517192744
3.69	0.1924014949974056
3.7	0.19167716874037374
3.71	0.1909575133038987
3.72	0.19024248609979214
3.73	0.18953204504125815
3.74	0.18882614853566612
3.75	0.188124755477447
3.7600000000000002	0.1874278252411097
3.77	0.1867353176743769
3.7800000000000002	0.1860471930914357
3.79	0.18536341226630326
3.8000000000000003	0.18468393642630296
3.81	0.18400872724565068
3.8200000000000003	0.18333774683914808
3.83	0.18260909116051618
3.84	0.18186875237733433
3.85	0.1811333288678764
3.86	0.18040277535838475
3.87	0.1796770471079357
3.88	0.1789560999008126
3.89	0.1782398900390068
3.9	0.17752837433484553
3.91	0.17682151010374214
3.92	0.17611925515706883
3.93	0.17542156779514723
3.94	0.17472840680035595
3.95	0.17403973143035276
3.96	0.17335550141140824
3.97	0.1726756769318501
3.98	0.17200021863561513
3.99	0.17132908761590743
4.	0.17066224540895977
4.01	0.16999965398789774
4.0200000000000005	0.16934127575670332
4.03	0.16868707354427728
4.04	0.168037010598597
4.05	0.16739105058096962
4.0600000000000005	0.16674915756037745
4.07	0.16611129600791485
4.08	0.16547743079131405
4.09	0.16484752716955875
4.1	0.1642215507875844
4.11	0.16359946767106184
4.12	0.16298124422126545
4.13	0.16236684721002098
4.14	0.16175624377473483
4.15	0.1611494014135012
4.16	0.1605462879802861
4.17	0.15994687168018767
4.18	0.15935112106477
4.19	0.15875900502747092
4.2	0.15817049279908052
4.21	0.15758555394329068
4.22	0.15700415835231327
4.23	0.1564262762425667
4.24	0.15585187815042872
4.25	0.155280934928055
4.26	0.15471341773926178
4.2700000000000005	0.1541492980554721
4.28	0.1535885476517236
4.29	0.15303113860273776
4.3	0.15247704327904876
4.3100000000000005	0.15192623434319139
4.32	0.15137868474594665
4.33	0.15083436772264414
4.34	0.1502932567895206
4.3500000000000005	0.14975532574013292
4.36	0.14922054864182527
4.37	0.14868889983224923
4.38	0.14816035391593588
4.39	0.14762488895665785
4.4	0.147041453624381
4.41	0.1464616407609929
4.42	0.14588541973717764
4.43	0.14531276025110013
4.44	0.1447436323241756
4.45	0.14417800629690344
4.46	0.14361585282476347
4.47	0.14305714287417445
4.48	0.14250184771851304
4.49	0.14194993893419294
4.5	0.1414013883968019
4.51	0.1408561682772975
4.5200000000000005	0.14031425103825834
4.53	0.13977560943019238
4.54	0.13924021648789858
4.55	0.13870804552688396
4.5600000000000005	0.13817907013983186
4.57	0.13765326419312368
4.58	0.1371306018234113
4.59	0.13661105743423926
4.6000000000000005	0.13609460569271717
4.61	0.13558122152624053
4.62	0.13507088011925894
4.63	0.13456355691009156
4.64	0.13405922758778935
4.65	0.1335578680890418
4.66	0.13305945459512902
4.67	0.13256396352891756
4.68	0.13207137155189938
4.69	0.13158165556127377
4.7	0.1310947926870705
4.71	0.13061076028931434
4.72	0.1301295359552304
4.73	0.12965109749648868
4.74	0.12917542294648818
4.75	0.1287024905576792
4.76	0.128232278798924
4.7700000000000005	0.12776476635289405
4.78	0.1272999321135048
4.79	0.1268377551833857
4.8	0.12637821487138612
4.8100000000000005	0.12592129069011634
4.82	0.1254669623535226
4.83	0.12501520977449598
4.84	0.12456601306251491
4.8500000000000005	0.12411935252131982
4.86	0.12367520864662068
4.87	0.12323356212383568
4.88	0.12279439382586156
4.89	0.12235768481087429
4.9	0.12192341632016018
4.91	0.12149156977597683
4.92	0.12106212677944315
4.93	0.12063506910845818
4.94	0.12021037871564857
4.95	0.11978803772634378
4.96	0.11936802843657873
4.97	0.11895033331112376
4.98	0.11853493498154095
4.99	0.11812181624426682
5.	0.1177109600587208
5.01	0.11730234954543933
5.0200000000000005	0.11689596798423463
5.03	0.11649179881237853
5.04	0.11608228212526994
5.05	0.11563165125565031
5.0600000000000005	0.11518365600618957
5.07	0.1147382757987014
5.08	0.11429549025582178
5.09	0.11385527919865922
5.1000000000000005	0.11341762264447641
5.11	0.11298250080440388
5.12	0.11254989408118445
5.13	0.11211978306694828
5.14	0.1116921485410181
5.15	0.1112669714677441
5.16	0.11084423299436799
5.17	0.1104239144489157
5.18	0.11000599733811846
5.19	0.10959046334536185
5.2	0.10917729432866209
5.21	0.1087664723186694
5.22	0.10835797951669801
5.23	0.10795179829278237
5.24	0.10754791118375932
5.25	0.10714630089137508
5.26	0.1067469502804182
5.2700000000000005	0.10634984237687622
5.28	0.1059549603661174
5.29	0.10556228759109564
5.3	0.1051718075505796
5.3100000000000005	0.10478350389740464
5.32	0.10439736043674763
5.33	0.10401336112442461
5.34	0.10363149006521007
5.3500000000000005	0.10325173151117853
5.36	0.10287406986006747
5.37	0.10249848965366169
5.38	0.10212497557619797
5.39	0.10175351245279107
5.4	0.10138408524787933
5.41	0.10101667906369104
5.42	0.1006512791387295
5.43	0.10028787084627833
5.44	0.09992643969292549
5.45	0.09956697131710623
5.46	0.0992094514876647
5.47	0.0988538661024335
5.48	0.09850020118683175
5.49	0.09814844289248055
5.5	0.09779857749583622
5.51	0.0974505913968405
5.5200000000000005	0.09710447111758794
5.53	0.09676020330101023
5.54	0.09641777470957665
5.55	0.09607717222401102
5.5600000000000005	0.09573838284202475
5.57	0.09540139367706571
5.58	0.09506619195708263
5.59	0.09473276502330465
5.6000000000000005	0.09440110032903669
5.61	0.09407118543846894
5.62	0.09374300802550173
5.63	0.09341655587258466
5.64	0.0930918168695699
5.65	0.0927687790125798
5.66	0.09244743040288865
5.67	0.09212775924581758
5.68	0.09180975384964349
5.69	0.09149340262452094
5.7	0.0911786940814177
5.71	0.09086561683106274
5.72	0.0905541595829073
5.73	0.09024431114409848
5.74	0.08993606041846537
5.75	0.08962939640551733
5.76	0.08932430819945442
5.7700000000000005	0.0890207849881898
5.78	0.0887188160523837
5.79	0.08839755020572643
5.8	0.08805725950088361
5.8100000000000005	0.08771886158476143
5.82	0.08738234269847013
5.83	0.08704768920653855
5.84	0.08671488759559785
5.8500000000000005	0.08638392447308157
5.86	0.08605478656594143
5.87	0.08572746071937937
5.88	0.08540193389559472
5.89	0.08507819317254724
5.9	0.08475622574273488
5.91	0.08443601891198653
5.92	0.08411756009826994
5.93	0.08380083683051369
5.94	0.08348583674744356
5.95	0.08317254759643333
5.96	0.0828609572323693
5.97	0.08255105361652842
5.98	0.08224282481547034
5.99	0.0819362589999425
6.	0.0816313444437986
6.01	0.08132806952293008
6.0200000000000005	0.08102642271421011
6.03	0.08072639259445083
6.04	0.08042796783937259
6.05	0.08013113722258546
6.0600000000000005	0.07983588961458338
6.07	0.07954221398174981
6.08	0.07925009938537543
6.09	0.07895953498068735
6.1000000000000005	0.07867051001588997
6.11	0.07838301383121725
6.12	0.07809703585799578
6.13	0.0778125656177194
6.140000000000001	0.07752959272113438
6.15	0.07724810686733546
6.16	0.07696809784287256
6.17	0.07668955552086772
6.18	0.07641246986014273
6.19	0.0761368309043566
6.2	0.07586262878115331
6.21	0.07558985370131936
6.22	0.0753184959579512
6.23	0.07504854592563223
6.24	0.07477999405961938
6.25	0.07451283089503911
6.26	0.07424704704609263
6.2700000000000005	0.0739826332052704
6.28	0.07371958014257562
6.29	0.0734578787047564
6.3	0.07319751981454722
6.3100000000000005	0.07293849446991876
6.32	0.07268079374333622
6.33	0.07242440878102646
6.34	0.07216933080225313
6.3500000000000005	0.07191555109860034
6.36	0.07166306103326422
6.37	0.0714118520403528
6.38	0.07116191562419351
6.390000000000001	0.0709132433586487
6.4	0.07066582688643902
6.41	0.07041965791847402
6.42	0.07017472823319071
6.43	0.06993102967589938
6.44	0.06968855415813657
6.45	0.06944729365702584
6.46	0.06920724021464489
6.47	0.06896838593740062
6.48	0.06873072299541047
6.49	0.06849424362189095
6.5	0.06825894011255317
6.51	0.06802480482500442
6.5200000000000005	0.06779183017815728
6.53	0.06756000865164445
6.54	0.06732933278524059
6.55	0.06709979517829036
6.5600000000000005	0.06687138848914259
6.57	0.06664410543459101
6.58	0.06641793878932094
6.59	0.06619288138536188
6.6000000000000005	0.06596892611154657
6.61	0.06574606591297541
6.62	0.0655242937904872
6.63	0.0653036028001352
6.640000000000001	0.06508398605266943
6.65	0.06484003799019313
6.66	0.0645907770691524
6.67	0.06434284619929108
6.68	0.06409623630533305
6.69	0.06385093838738232
6.7	0.06360694352018519
6.71	0.06336424285240135
6.72	0.06312282760588246
6.73	0.06288268907495946
6.74	0.06264381862573758
6.75	0.06240620769539909
6.76	0.062169847791514216
6.7700000000000005	0.06193473049135936
6.78	0.06170084744124323
6.79	0.06146819035584031
6.8	0.061236751017531676
6.8100000000000005	0.06100652127575335
6.82	0.06077749304635163
6.83	0.06054965831094565
6.84	0.06032300911629708
6.8500000000000005	0.06009753757368656
6.86	0.05987323585829721
6.87	0.05965009620860477
6.88	0.059428110925774526
6.890000000000001	0.059207272373064855
6.9	0.05898757297523718
6.91	0.058769005217972556
6.92	0.05855156164729449
6.93	0.058335234868998005
6.94	0.05812001754808517
6.95	0.057905902408206575
6.96	0.05769288223110872
6.97	0.0574809498560878
6.98	0.05727009817944901
6.99	0.05706032015397196
7.	0.05685160878838172
7.01	0.05664395714682558
7.0200000000000005	0.05643735834835547
7.03	0.056231805566415986
7.04	0.0560272920283378
7.05	0.05582381101483659
7.0600000000000005	0.055621355859517246
7.07	0.05541991994838352
7.08	0.0552194967193528
7.09	0.05502007966177592
7.1000000000000005	0.05482166231596249
7.11	0.05462423827271082
7.12	0.05442780117284301
7.13	0.05423234470674511
7.140000000000001	0.05403786261391195
7.15	0.053844348682496795
7.16	0.05365179674886592
7.17	0.05346020069715761
7.18	0.05326955445884607
7.19	0.05307985201230968
7.2	0.05289108738240409
7.21	0.052703254640039374
7.22	0.052516347901761996
7.23	0.05233036132934082
7.24	0.052145289129357834
7.25	0.05196112555280262
7.26	0.05177786489467155
7.2700000000000005	0.05159550149357084
7.28	0.05141402973132374
7.29	0.05123344403258207
7.3	0.0510537388644413
7.3100000000000005	0.05087490873606009
7.32	0.05069694819828343
7.33	0.05051985184326986
7.34	0.0503436143041224
7.3500000000000005	0.05016823025452325
7.36	0.049993694408372494
7.37	0.04982000151943017
7.38	0.049647146380962126
7.390000000000001	0.049475123825389766
7.4	0.04930392872394283
7.41	0.049133555986316226
7.42	0.0489640005603301
7.43	0.04879525743159338
7.44	0.048627321623170794
7.45	0.048460188195253204
7.46	0.048293852244831376
7.47	0.048128308905373
7.48	0.047963553346502784
7.49	0.04779958077368627
7.5	0.047636386427916164
7.51	0.047473965585402414
7.5200000000000005	0.04731231355726512
7.53	0.04715142568923044
7.54	0.04699129736132988
7.55	0.04683192398760219
7.5600000000000005	0.04667330101579854
7.57	0.046515423927090536
7.58	0.04635828823578104
7.59	0.04620188948901811
7.6000000000000005	0.04604622326651153
7.61	0.045891285180252366
7.62	0.045737070874235085
7.63	0.04557378454253179
7.640000000000001	0.04539595271286363
7.65	0.045219046046679166
7.66	0.04504305853090616
7.67	0.04486798419933286
7.68	0.044693817132182345
7.69	0.0445205514556912
7.7	0.04434818134169282
7.71	0.04417670100720465
7.72	0.04400610471402003
7.73	0.04383638676830402
7.74	0.04366754152019356
7.75	0.04349956336340154
7.76	0.04333244673482521
7.7700000000000005	0.043166186114158296
7.78	0.04300077602350741
7.79	0.04283621102701207
7.8	0.04267248573046898
7.8100000000000005	0.042509594780959704
7.82	0.042347532866482476
7.83	0.04218629471558773
7.84	0.04202587509701703
7.8500000000000005	0.04186626881934616
7.86	0.04170747073063141
7.87	0.0415494757180596
7.88	0.04139227870760176
7.890000000000001	0.0412358746636701
7.9	0.041080258588778604
7.91	0.040925425523206986
7.92	0.04077137054466797
7.930000000000001	0.040618088767978074
7.94	0.04046557534473153
7.95	0.04031382546297761
7.96	0.04016283434690104
7.97	0.040012597256505814
7.98	0.03986310948730191
7.99	0.039714366369995424
8.	0.03956636327018154
8.01	0.039419095588040645
8.02	0.039272558758037646
8.03	0.03912674824862384
8.040000000000001	0.03898165956194223
8.05	0.03883728823353548
8.06	0.03869362983205679
8.07	0.03855067995898366
8.08	0.03840843424833447
8.09	0.03826688836638795
8.1	0.03812603801140518
8.11	0.037985878913354594
8.120000000000001	0.03784640683363946
8.13	0.03770761756482823
8.14	0.03756950693038732
8.15	0.03743207078441673
8.16	0.03729530501138804
8.17	0.03715920552588513
8.18	0.03702376827234732
8.19	0.03688898922481505
8.2	0.03675486438667808
8.21	0.03662138979042598
8.22	0.03648856149740131
8.23	0.03635637559755489
8.24	0.03622482820920359
8.25	0.036093915478790595
8.26	0.03596363358064762
8.27	0.03583397871675984
8.28	0.0357049471165328
8.290000000000001	0.03557653503656161
8.3	0.03544873876040247
8.31	0.035321554598346246
8.32	0.035194978887194396
8.33	0.035069007990036816
8.34	0.03494363829603199
8.35	0.034818866220189156
8.36	0.03469468820315262
8.370000000000001	0.03457110071098792
8.38	0.034448100234970476
8.39	0.03432568329137559
8.4	0.03420384642127111
8.41	0.03408258619031159
8.42	0.03396189918853461
8.43	0.03384178203015897
8.44	0.03372223135338483
8.45	0.03360324382019563
8.46	0.03348481611616207
8.47	0.03336694495024766
8.48	0.03324962705461646
8.49	0.03313285918444221
8.5	0.0330166381177196
8.51	0.03290096065507715
8.52	0.03278582361959182
8.53	0.032671223856605466
8.540000000000001	0.032557158233542875
8.55	0.03244362363973162
8.56	0.0323306169862235
8.57	0.032218135205617664
8.58	0.03210617525188549
8.59	0.03199473410019689
8.6	0.031883808746748364
8.61	0.03177339620859262
8.620000000000001	0.03166349352346979
8.63	0.03155409774964015
8.64	0.0314452059657184
8.65	0.031336815270509515
8.66	0.031228922782846065
8.67	0.031121525641427086
8.68	0.03101462100465831
8.69	0.030908206050494016
8.700000000000001	0.0308022779762802
8.71	0.030696833998599328
8.72	0.030591871353116338
8.73	0.030487387294426117
8.74	0.030383379095902465
8.75	0.030279844049548307
8.76	0.030169545233905585
8.77	0.030049187388983968
8.78	0.02992944603772983
8.790000000000001	0.029810317325585
8.8	0.029691797426438175
8.81	0.029573882542382815
8.82	0.02945656890347767
8.83	0.029339852767509365
8.84	0.029223730419757454
8.85	0.029108198172761616
8.86	0.02899325236609104
8.870000000000001	0.02887888936611623
8.88	0.02876510556578272
8.89	0.028651897384387153
8.9	0.028539261267355398
8.91	0.028427193686022804
8.92	0.028315691137416582
8.93	0.028204750144040187
8.94	0.028094367253659797
8.950000000000001	0.027984539039092825
8.96	0.0278752620979984
8.97	0.027766533052669847
8.98	0.027658348549829116
8.99	0.02755070526042323
9.	0.027443599879422485
9.01	0.027337029125620797
9.02	0.02723098974143765
9.03	0.02712547849272212
9.040000000000001	0.027020492168558674
9.05	0.026916027581074774
9.06	0.02681208156525024
9.07	0.026708650978728536
9.08	0.026605732701629678
9.09	0.02650332363636496
9.1	0.02640142070745342
9.11	0.026300020861340003
9.120000000000001	0.026199121066215303
9.13	0.02609871831183724
9.14	0.02599880960935415
9.15	0.025899391991129606
9.16	0.025800462510568917
9.17	0.02570201824194711
9.18	0.025604056280238627
9.19	0.02550657374094855
9.200000000000001	0.02540956775994534
9.21	0.025313035493295187
9.22	0.0252169741170978
9.23	0.025121380827323837
9.24	0.02502625283965373
9.25	0.024931587389317954
9.26	0.024837381730938902
9.27	0.024743633138374112
9.28	0.02465033890456087
9.290000000000001	0.02455749634136243
9.3	0.0244651027794154
9.31	0.024373155567978724
9.32	0.02428165207478388
9.33	0.024190589685886558
9.34	0.024099965805519628
9.35	0.02400977785594749
9.36	0.023920023277321633
9.370000000000001	0.023830699527537684
9.38	0.02374180408209355
9.39	0.023653334433949052
9.4	0.02356528809338659
9.41	0.023477662587873288
9.42	0.023390455461924326
9.43	0.02330366427696729
9.44	0.023217286611208112
9.450000000000001	0.023131320059497917
9.46	0.023045762233201143
9.47	0.022960610760064996
9.48	0.022875863284089745
9.49	0.022791517465400618
9.5	0.022707570980120415
9.51	0.02262402152024351
9.52	0.02254086679351096
9.53	0.022458104523286636
9.540000000000001	0.022375732448434486
9.55	0.02229374832319698
9.56	0.022212149917074462
9.57	0.022130935014705755
9.58	0.02205010141574972
9.59	0.021969646934767845
9.6	0.02188956940110794
9.61	0.0218098666587889
9.620000000000001	0.02173053656638626
9.63	0.02165157699691909
9.64	0.021572985837737597
9.65	0.02149476099041188
9.66	0.021416900370621633
9.67	0.021339401908046715
9.68	0.021262263546258892
9.69	0.021185483242614274
9.700000000000001	0.02110905896814691
9.71	0.021032988707463205
9.72	0.02095727045863723
9.73	0.020881902233107066
9.74	0.020806882055571928
9.75	0.020732207963890234
9.76	0.020657878008978645
9.77	0.020583890254711766
9.78	0.02051024277782299
9.790000000000001	0.020436933667805968
9.8	0.020363961026817083
9.81	0.020291322969578696
9.82	0.020219017623283264
9.83	0.020147043127498238
9.84	0.02007539763407186
9.85	0.020004079307039693
9.86	0.019933086322532028
9.870000000000001	0.01986241686868199
9.88	0.019792069145534538
9.89	0.019722041364956217
9.9	0.019652331750545628
9.91	0.019582938537544715
9.92	0.019513859972750847
9.93	0.019445094314429538
9.94	0.019376639832228055
9.950000000000001	0.019308494807089634
9.96	0.019240657531168527
9.97	0.019173126307745703
9.98	0.019105899451145318
9.99	0.019038975286651813
10.	0.01897235215042789
10.01	0.01890602838943293
10.02	0.01884000236134236
10.03	0.01877427243446749
10.040000000000001	0.018708836987676183
10.05	0.01864369441031415
10.06	0.018572684200439567
10.07	0.01849915958772048
10.08	0.01842599858502979
10.09	0.01835319903611093
10.1	0.018280758799613328
10.11	0.0182086757489747
10.120000000000001	0.01813694777230453
10.13	0.018065572772268428
10.14	0.017994548665973487
10.15	0.017923873384854908
10.16	0.017853544874563282
10.17	0.01778356109485317
10.18	0.01771392001947242
10.19	0.017644619636052697
10.200000000000001	0.017575657946000734
10.21	0.01750703296439077
10.22	0.017438742719857694
10.23	0.017370785254491393
10.24	0.017303158623731777
10.25	0.0172358608962649
10.26	0.01716889015391991
10.27	0.017102244491566887
10.28	0.01703592201701563
10.290000000000001	0.016969920850915317
10.3	0.016904239126654955
10.31	0.01683887499026485
10.32	0.01677382660031874
10.33	0.01670909212783703
10.34	0.016644669756190573
10.35	0.01658055768100553
10.36	0.01651675411006895
10.370000000000001	0.016453257263235127
10.38	0.016390065372332906
10.39	0.016327176681073613
10.4	0.016264589444959923
10.41	0.016202301931195456
10.42	0.01614031241859513
10.43	0.016078619197496345
10.44	0.016017220569670892
10.450000000000001	0.015956114848237588
10.46	0.015895300357575765
10.47	0.015834775433239367
10.48	0.015774538421871903
10.49	0.01571458768112205
10.5	0.015654921579559975
10.51	0.015595538496594489
10.52	0.015536436822390722
10.53	0.01547761495778864
10.540000000000001	0.015419071314222228
10.55	0.015360804313639325
10.56	0.015302812388422161
10.57	0.01524509398130857
10.58	0.015187647545313902
10.59	0.015130471543653516
10.6	0.01507356444966603
10.61	0.015016924746737126
10.620000000000001	0.014960550928224087
10.63	0.014904441497380903
10.64	0.01484859496728403
10.65	0.014793009860758828
10.66	0.014737684710306473
10.67	0.0146826180580317
10.68	0.014627808455570959
10.69	0.014573254464021244
10.700000000000001	0.014518954653869593
10.71	0.014464907604923027
10.72	0.014411111906239261
10.73	0.014357566156057799
10.74	0.014304268961731733
10.75	0.014251218939660124
10.76	0.014198414715220833
10.77	0.014145854922704048
10.78	0.014089538099181292
10.790000000000001	0.014032391681240307
10.8	0.013975529662319916
10.81	0.013918950365689567
10.82	0.013862652126042298
10.83	0.013806633289406482
10.84	0.013750892213058278
10.85	0.013695427265434875
10.86	0.013640236826048447
10.870000000000001	0.01358531928540091
10.88	0.01353067304489934
10.89	0.013476296516772155
10.9	0.013422188123986054
10.91	0.013368346300163609
10.92	0.01331476948950156
10.93	0.013261456146689882
10.94	0.013208404736831493
10.950000000000001	0.013155613735362618
10.96	0.013103081627973915
10.97	0.013050806910532222
10.98	0.012998788089002948
10.99	0.012947023679373226
11.	0.012895512207575592
11.01	0.012844252209412394
11.02	0.012793242230480837
11.03	0.012742480826098655
11.040000000000001	0.012691966561230377
11.05	0.012641698010414289
11.06	0.012591673757689967
11.07	0.012541892396526415
11.08	0.012492352529750858
11.09	0.012443052769478104
11.1	0.012393991737040484
11.11	0.012345168062918441
11.120000000000001	0.012296580386671632
11.13	0.012248227356870667
11.14	0.012200107631029418
11.15	0.012152219875537806
11.16	0.012104562765595347
11.17	0.012057134985145025
11.18	0.012009935226807891
11.19	0.011962962191818109
11.200000000000001	0.011916214589958635
11.21	0.011869691139497316
11.22	0.01182339056712366
11.23	0.011777311607886004
11.24	0.011731453005129278
11.25	0.011685813510433313
11.26	0.01164039188355158
11.27	0.011595186892350482
11.28	0.011550197312749191
11.290000000000001	0.011505421928659876
11.3	0.011460859531928567
11.31	0.011416508922276376
11.32	0.01137236890724131
11.33	0.011328438302120467
11.34	0.011284715929912818
11.35	0.011241200621262368
11.36	0.011197891214401824
11.370000000000001	0.011154786555096744
11.38	0.01111188549659013
11.39	0.011069186899547424
11.4	0.0110266896320021
11.41	0.010984392569301497
11.42	0.010942294594053313
11.43	0.010900394596072378
11.44	0.010858691472327889
11.450000000000001	0.010817184126891189
11.46	0.010775871470883823
11.47	0.010734752422426105
11.48	0.010693825906586102
11.49	0.010653090855328985
11.5	0.010612546207466855
11.51	0.010572190908608926
11.52	0.010532023911112144
11.53	0.010492044174032197
11.540000000000001	0.010452250663074912
11.55	0.010409450828499839
11.56	0.01036575176431662
11.57	0.010322273697574314
11.58	0.010279015321069552
11.59	0.010235975336450464
11.6	0.01019315245414909
11.61	0.010150545393314545
11.620000000000001	0.01010815288174656
11.63	0.010065973655829783
11.64	0.010024006460468455
11.65	0.009982250049021747
11.66	0.009940703183239587
11.67	0.009899364633199131
11.68	0.009858233177241589
11.69	0.00981730760190977
11.700000000000001	0.009776586701886006
11.71	0.009736069279930728
11.72	0.00969575414682144
11.73	0.00965564012129226
11.74	0.009615726029973995
11.75	0.009576010707334657
11.76	0.009536492995620517
11.77	0.009497171744797665
11.78	0.00945804581249399
11.790000000000001	0.009419114063941737
11.8	0.009380375371920475
11.81	0.009341828616700536
11.82	0.009303472685987024
11.83	0.009265306474864132
11.84	0.009227328885740068
11.85	0.009189538828292348
11.86	0.009151935219413595
11.870000000000001	0.00911451698315773
11.88	0.009077283050686676
11.89	0.009040232360217471
11.9	0.009003363856969798
11.91	0.00896667649311399
11.92	0.00893016922771943
11.93	0.008893841026703405
11.94	0.008857690862780352
11.950000000000001	0.008821717715411544
11.96	0.008785920570755194
11.97	0.008750298421616953
11.98	0.008714850267400823
11.99	0.008679575114060444
12.	0.008644471974050865
12.01	0.008609539866280611
12.02	0.008574777816064184
12.030000000000001	0.008540184855074967
12.040000000000001	0.00850576002129852
12.05	0.008471502358986183
12.06	0.008437410918609166
12.07	0.008403484756812947
12.08	0.008369722936372007
12.09	0.008336124526145062
12.1	0.008302688601030506
12.11	0.008269414241922332
12.120000000000001	0.008236300535666373
12.13	0.00820334657501682
12.14	0.008170551458593274
12.15	0.008137914290837952
12.16	0.008105434181973355
12.17	0.008073110247960277
12.18	0.008040941610456057
12.19	0.008008927396773292
12.200000000000001	0.007977066739838818
12.21	0.007945358778153009
12.22	0.007913802655749463
12.23	0.007882397522154925
12.24	0.00785114253234961
12.25	0.00782003684672784
12.26	0.007789079631058935
12.27	0.007758270056448477
12.280000000000001	0.007727607299299871
12.290000000000001	0.007697090541276177
12.3	0.007666718969262323
12.31	0.00763649177532755
12.32	0.007606408156688182
12.33	0.007576467315670698
12.34	0.007546668459675086
12.35	0.007517010801138531
12.36	0.007487493557499315
12.370000000000001	0.007457540772668026
12.38	0.0074252752019930935
12.39	0.007393175113834223
12.4	0.007361239526935138
12.41	0.007329467466642715
12.42	0.007297857964857268
12.43	0.007266410059983253
12.44	0.007235122796880405
12.450000000000001	0.0072039952268152544
12.46	0.007173026407413041
12.47	0.0071422154026100654
12.48	0.007111561282606381
12.49	0.0070810631238189415
12.5	0.0070507200088350454
12.51	0.00702053102636629
12.52	0.0069904952712027905
12.530000000000001	0.006960611844167836
12.540000000000001	0.006930879852072919
12.55	0.006901298407673115
12.56	0.006871866629622817
12.57	0.00684258364243192
12.58	0.006813448576422228
12.59	0.006784460567684361
12.6	0.006755618758034877
12.61	0.006726922294973886
12.620000000000001	0.006698370331642914
12.63	0.006669962026783123
12.64	0.006641696544693933
12.65	0.006613573055191913
12.66	0.006585590733570014
12.67	0.006557748760557222
12.68	0.006530046322278426
12.69	0.006502482610214673
12.700000000000001	0.00647505682116372
12.71	0.006447768157200968
12.72	0.00642061582564063
12.73	0.006393599038997274
12.74	0.006366717014947634
12.75	0.006339968976292787
12.76	0.006313354150920592
12.77	0.006286871771768422
12.780000000000001	0.006260521076786269
12.790000000000001	0.006234301308900069
12.8	0.006208211715975371
12.81	0.0061822515507812415
12.82	0.00615642007095457
12.83	0.006130716538964557
12.84	0.006105140222077513
12.85	0.00607969039232199
12.86	0.006054366326454118
12.870000000000001	0.0060291673059233
12.88	0.006004092616838109
12.89	0.005979141549932514
12.9	0.005954313400532362
12.91	0.005929607468522061
12.92	0.005905023058311685
12.93	0.005880559478804182
12.94	0.005856216043362914
12.950000000000001	0.005831992069779501
12.96	0.005807886880241801
12.97	0.005783899801302278
12.98	0.005760030163846538
12.99	0.005736277303062136
13.	0.005712640558407651
13.01	0.005689119273581964
13.02	0.005665712796493835
13.030000000000001	0.0056424204792316825
13.040000000000001	0.005619241678033604
13.05	0.005596175753257672
13.06	0.0055732220693524145
13.07	0.005550379994827534
13.08	0.005527648902224936
13.09	0.0055050281680898705
13.1	0.005482517172942387
13.11	0.005460115301248978
13.120000000000001	0.005437821941394444
13.13	0.005415636485654014
13.14	0.005393558330165642
13.15	0.005371586874902544
13.16	0.005349721523645973
13.17	0.005327961683958126
13.18	0.005306306767155385
13.19	0.005284756188281671
13.200000000000001	0.005263309366082049
13.21	0.005241965722976514
13.22	0.005220724685034023
13.23	0.005199585681946692
13.24	0.005178548147004204
13.25	0.005157611517068438
13.26	0.005135228741675848
13.27	0.00511239971981902
13.280000000000001	0.0050896892684615435
13.290000000000001	0.005067096683175659
13.3	0.005044621264244123
13.31	0.005022262316625226
13.32	0.005000019149918054
13.33	0.004977891078328058
13.34	0.004955877420632908
13.35	0.0049339775001485875
13.36	0.0049121906446958135
13.370000000000001	0.004890516186566707
13.38	0.0048689534624917095
13.39	0.004847501813606828
13.4	0.004826160585421099
13.41	0.0048049291277843225
13.42	0.004783806794855073
13.43	0.004762792945068957
13.44	0.004741886941107153
13.450000000000001	0.004721088149865151
13.46	0.004700395942421817
13.47	0.0046798096940086475
13.48	0.004659328783979312
13.49	0.004638952595779393
13.5	0.0046186805169164515
13.51	0.004598511938930247
13.52	0.004578446257363244
13.530000000000001	0.004558482871731359
13.540000000000001	0.004538621185494916
13.55	0.004518860606029852
13.56	0.0044992005445991575
13.57	0.004479640416324544
13.58	0.004460179640158335
13.59	0.004440817638855553
13.6	0.004421553838946306
13.61	0.004402387670708323
13.620000000000001	0.004383318568139731
13.63	0.004364345968932075
13.64	0.004345469314443496
13.65	0.004326688049672193
13.66	0.004308001623230051
13.67	0.004289409487316476
13.68	0.00427091109769249
13.69	0.004252505913654936
13.700000000000001	0.004234193398010996
13.71	0.004215973017052855
13.72	0.004197844240532546
13.73	0.004179806541637055
13.74	0.004161859396963574
13.75	0.004144002286494953
13.76	0.0041262346935753876
13.77	0.004108556104886255
13.780000000000001	0.004090966010422157
13.790000000000001	0.0040734639034671494
13.8	0.004056049280571167
13.81	0.004038721641526633
13.82	0.004021480489345234
13.83	0.00400432533023491
13.84	0.0039872556735770035
13.85	0.003970271031903561
13.86	0.003953370920874912
13.870000000000001	0.003936554859257288
13.88	0.00391982236890073
13.89	0.0039031729747171103
13.9	0.0038866062046583254
13.91	0.0038701215896947143
13.92	0.0038537186637935678
13.93	0.003837396963897866
13.94	0.0038211560299051617
13.950000000000001	0.0038049954046466133
13.96	0.0037889146338662043
13.97	0.0037729132662001254
13.98	0.003756990853156293
13.99	0.0037411469490940498
14.	0.003725381111204017
14.01	0.003709692899488093
14.02	0.003694081876739628
14.030000000000001	0.0036785476085237287
14.040000000000001	0.003663089663157748
14.05	0.0036477076116918842
14.06	0.003632401027889956
14.07	0.00361716948821033
14.08	0.0036020125717869966
14.09	0.003586929860410756
14.1	0.0035719209385106036
14.11	0.003556985393135216
14.120000000000001	0.0035421228139346185
14.13	0.003527332793141933
14.14	0.003512614925555348
14.15	0.0034979688085201672
14.16	0.0034833940419109963
14.17	0.003468890228114118
14.18	0.0034544569720099424
14.19	0.003440093880955635
14.200000000000001	0.003425800564767843
14.21	0.0034102971952739694
14.22	0.0033948091958880666
14.23	0.0033794023496576064
14.24	0.003364076174778745
14.25	0.003348830192643551
14.26	0.003333663927816587
14.27	0.0033185769080116547
14.280000000000001	0.0033035686640687793
14.290000000000001	0.00328863872993133
14.3	0.0032737866426233394
14.31	0.0032590119422270117
14.32	0.0032443141718604025
14.33	0.0032296928776552715
14.34	0.003215147608735136
14.35	0.003200677917193471
14.36	0.003186283358072099
14.370000000000001	0.0031719634893397374
14.38	0.0031577178718707535
14.39	0.003143546069424031
14.4	0.003129447648622063
14.41	0.003115422178930164
14.42	0.0031014692326358758
14.43	0.003087588384828533
14.44	0.0030737792133789742
14.450000000000001	0.003060041298919434
14.46	0.003046374224823581
14.47	0.0030327775771867246
14.48	0.0030192509448061576
14.49	0.003005793919161684
14.5	0.002992406094396284
14.51	0.0029790870672969172
14.52	0.0029658364372755095
14.530000000000001	0.0029526538063500635
14.540000000000001	0.0029395387791259285
14.55	0.002926490962777225
14.56	0.00291350996702839
14.57	0.0029005954041359033
14.58	0.002887746888870112
14.59	0.002874964038497255
14.6	0.002862246472761575
14.61	0.002849593813867597
14.620000000000001	0.0028370056864625488
14.63	0.0028244817176189033
14.64	0.0028120215368170626
14.65	0.002799624775928199
14.66	0.002787291069197182
14.67	0.0027750200532257103
14.68	0.0027628113669554734
14.69	0.002750664651651563
14.700000000000001	0.002738579550885923
14.71	0.002726555710520963
14.72	0.0027145927786933048
14.73	0.002702690405797645
14.74	0.0026908482444707197
14.75	0.002679065949575467
14.76	0.0026673431781852244
14.77	0.002655679589568102
14.780000000000001	0.002644074845171461
14.790000000000001	0.0026325286086065153
14.8	0.0026210405456330555
14.81	0.002609610324144275
14.82	0.002598237614151738
14.83	0.002586922087770444
14.84	0.002575663419204011
14.85	0.0025644612847299858
14.86	0.0025533153626852477
14.870000000000001	0.0025422253334515467
14.88	0.0025311908794411237
14.89	0.0025202116850824696
14.9	0.0025092874368061926
14.91	0.0024984178230309565
14.92	0.002487602534149581
14.93	0.0024768412625152153
14.94	0.002466133702427615
14.950000000000001	0.002455479550119535
14.96	0.002444878503743242
14.97	0.002434330263357096
14.98	0.0024238345309122566
14.99	0.0024133910102394876
15.	0.0024029994070360553
15.01	0.0023926594288527477
15.02	0.002382370785080948
15.030000000000001	0.0023721331869398696
15.040000000000001	0.0023619463474638357
15.05	0.0023518099814896607
15.06	0.0023417238056441764
15.07	0.0023316875383317917
15.08	0.002321700899722176
15.09	0.0023117636117380375
15.1	0.002301875398042987
15.11	0.002292035984029503
15.120000000000001	0.0022822450968069644
15.13	0.002272502465189809
15.14	0.0022628078196857584
15.15	0.00225316089248412
15.16	0.0022435614174442183
15.17	0.002234009130083877
15.18	0.002224503767567994
15.19	0.002215045068697219
15.200000000000001	0.0022056327738967053
15.21	0.0021962666252049365
15.22	0.00218671645263331
15.23	0.0021768562444205854
15.24	0.0021670469256111977
15.25	0.0021572882004265875
15.26	0.0021475797749996393
15.27	0.0021379213573610974
15.280000000000001	0.0021283126574260696
15.290000000000001	0.002118753386980643
15.3	0.002109243259668609
15.31	0.002099781990978279
15.32	0.002090369298229415
15.33	0.0020810049005602544
15.34	0.0020716885189146395
15.35	0.0020624198760292403
15.36	0.002053198696420862
15.370000000000001	0.0020440247063739005
15.38	0.0020348976339278424
15.39	0.0020258172088648703
15.4	0.002016783162697597
15.41	0.0020077952286568536
15.42	0.001998853141679591
15.43	0.001989956638396881
15.44	0.0019811054571219856
15.450000000000001	0.0019722993378385486
15.46	0.0019635380221888514
15.47	0.0019548212534621677
15.48	0.0019461487765832194
15.49	0.0019375203381006999
15.5	0.0019289356861759016
15.51	0.0019203945705714277
15.52	0.0019118967426399727
15.530000000000001	0.0019034419553132194
15.540000000000001	0.0018950299630907982
15.55	0.001886660522029332
15.56	0.00187833338973158
15.57	0.0018700483253356317
15.58	0.0018618050895042337
15.59	0.0018536034444141486
15.6	0.0018454431537456208
15.610000000000001	0.001837323982671916
15.620000000000001	0.0018292456978489442
15.63	0.0018212080674049483
15.64	0.001813210860930293
15.65	0.0018052538494673063
15.66	0.0017973368055002248
15.67	0.0017894595029451764
15.68	0.0017816217171402928
15.69	0.0017738232248358454
15.700000000000001	0.0017660638041844818
15.71	0.0017583432347315323
15.72	0.0017506612974053936
15.73	0.0017430177745079694
15.74	0.0017354124497052017
15.75	0.0017278451080176584
15.76	0.0017203155358112116
15.77	0.0017128235207877506
15.780000000000001	0.0017053688519760096
15.790000000000001	0.001697951319722427
15.8	0.0016905707156820906
15.81	0.001683226832809759
15.82	0.001675919465350922
15.83	0.0016686484088329547
15.84	0.0016614134600563288
15.85	0.0016542144170858901
15.860000000000001	0.0016470510792421938
15.870000000000001	0.0016399232470929181
15.88	0.0016328307224443292
15.89	0.001625773308332823
15.9	0.0016187508090165167
15.91	0.0016117630299669085
15.92	0.001604809777860605
15.93	0.001597890860571105
15.94	0.0015910060871606332
15.950000000000001	0.001584155267872059
15.96	0.001577338214120863
15.97	0.0015705547384871489
15.98	0.0015638046547077427
15.99	0.0015570877776683255
16.	0.0015504039233956452
16.01	0.0015437529090497636
16.02	0.001537134552916384
16.03	0.0015305486743992242
16.04	0.0015239950940124322
16.05	0.0015174736333730897
16.06	0.0015109841151937473
16.07	0.001504526363275016
16.080000000000002	0.0014981002024982248
16.09	0.00149170545881812
16.1	0.001485341959255628
16.11	0.0014790095318906688
16.12	0.001472708005855018
16.13	0.0014664372113252252
16.14	0.0014601969795155797
16.15	0.0014539871426711367
16.16	0.0014478075340607942
16.17	0.0014416579879704037
16.18	0.0014355383396959518
16.19	0.0014294484255367858
16.2	0.0014233880827888795
16.21	0.0014173571497381587
16.22	0.0014113554656538805
16.23	0.0014053828707820371
16.240000000000002	0.0013994392063388396
16.25	0.0013935243145042206
16.26	0.0013876380384154046
16.27	0.0013817802221605174
16.28	0.0013759507107722355
16.29	0.0013701493502214978
16.3	0.001364375987411246
16.31	0.0013586824130206385
16.32	0.0013530557874584233
16.330000000000002	0.001347455888330452
16.34	0.00134188257243633
16.35	0.0013363356974298874
16.36	0.0013308151218135794
16.37	0.0013253207049328981
16.38	0.0013198523069708442
16.39	0.001314409788942438
16.4	0.0013089930126892546
16.41	0.001303601840874017
16.42	0.0012982361369752173
16.43	0.001292895765281778
16.44	0.0012875805908877495
16.45	0.0012822904796870509
16.46	0.0012770252983682422
16.47	0.0012717849144093436
16.48	0.001266569196072674
16.490000000000002	0.0012613780123997523
16.5	0.0012562112332062056
16.51	0.0012510687290767308
16.52	0.0012459503713601002
16.53	0.0012408560321641802
16.54	0.0012357855843509993
16.55	0.0012307389015318532
16.56	0.0012257158580624313
16.57	0.0012207163290379993
16.580000000000002	0.001215740190288591
16.59	0.0012107873183742532
16.6	0.0012058575905803158
16.61	0.0012009508849126957
16.62	0.0011960670800932386
16.63	0.0011912060555550861
16.64	0.0011863676914380843
16.65	0.001181551868584214
16.66	0.001176758468533065
16.67	0.0011719873735173349
16.68	0.0011672384664583608
16.69	0.0011625116309616824
16.7	0.0011578067513126416
16.71	0.0011531237124720014
16.72	0.0011484624000716037
16.73	0.0011438227004100623
16.740000000000002	0.0011392045004484776
16.75	0.0011346076878061804
16.76	0.0011300321507565125
16.77	0.0011254777782226317
16.78	0.0011209444597733548
16.79	0.0011164320856190085
16.8	0.00111194054660734
16.81	0.0011074697342194327
16.82	0.0011030195405656502
16.830000000000002	0.0010985898583816302
16.84	0.0010941805810242861
16.85	0.0010897916024678374
16.86	0.0010854228172998805
16.87	0.0010810741207174768
16.88	0.001076745408523268
16.89	0.0010724365771216258
16.9	0.0010681475235148207
16.91	0.001063878145299218
16.92	0.0010596283406615098
16.93	0.0010553980083749571
16.94	0.001051187047795673
16.95	0.0010469953588589241
16.96	0.001042822842075456
16.97	0.0010386693985278512
16.98	0.0010345349298669048
16.990000000000002	0.0010304193383080286
17.	0.0010263225266276847
17.01	0.0010222443981598324
17.02	0.0010181848567924136
17.03	0.0010141438069638427
17.04	0.0010101211536595507
17.05	0.0010061168024085207
17.06	0.001002130659279871
17.07	0.0009981626308794443
17.080000000000002	0.0009942126243464406
17.09	0.0009902805473500492
17.1	0.0009863663080861252
17.11	0.0009824698152738768
17.12	0.0009785909781525773
17.13	0.0009747297064782999
17.14	0.0009708859105206802
17.150000000000002	0.000967059501059692
17.16	0.0009632503893824511
17.17	0.0009594584872800399
17.18	0.0009556837070443544
17.19	0.0009519259614649638
17.2	0.0009481851638260119
17.21	0.0009444612279031183
17.22	0.0009407540679603129
17.23	0.0009370635987469865
17.240000000000002	0.0009333897354948606
17.25	0.0009297323939149924
17.26	0.0009260914901947723
17.27	0.0009224669409949715
17.28	0.0009188586634467927
17.29	0.0009152665751489378
17.3	0.0009116905941647113
17.31	0.0009081306390191319
17.32	0.0009045866286960631
17.330000000000002	0.0009010584826353694
17.34	0.0008975461207300859
17.35	0.000894049463323612
17.36	0.0008905684312069211
17.37	0.0008871029456157906
17.38	0.0008836529282280497
17.39	0.0008802183011608452
17.400000000000002	0.0008767989869679264
17.41	0.0008733949086369515
17.42	0.0008700059895868062
17.43	0.0008666321536649455
17.44	0.000863273325144749
17.45	0.0008599294287228991
17.46	0.0008566003895167716
17.47	0.0008532861330618476
17.48	0.0008508227167265149
17.490000000000002	0.000848404344842013
17.5	0.0008459942233519888
17.51	0.0008435923194194073
17.52	0.0008411986003565705
17.53	0.0008388130336243596
17.54	0.0008364355868314715
17.55	0.0008340662277336622
17.56	0.0008317049242330015
17.57	0.00082935164437712
17.580000000000002	0.0008270063563584718
17.59	0.0008246690285135946
17.6	0.0008223396293223714
17.61	0.0008200181274073062
17.62	0.0008177044915327992
17.63	0.0008153986906044176
17.64	0.0008131006936681841
17.650000000000002	0.0008108104699098626
17.66	0.000808527988654247
17.67	0.0008062532193644568
17.68	0.0008039861316412356
17.69	0.0008017266952222512
17.7	0.0007994748799814078
17.71	0.0007972306559281485
17.72	0.0007949939932067743
17.73	0.0007927648620957621
17.740000000000002	0.0007905432330070835
17.75	0.0007883290764855345
17.76	0.0007861223632080607
17.77	0.000783923063983093
17.78	0.0007817311497498837
17.79	0.0007795465915778484
17.8	0.0007773693606659085
17.81	0.0007751994283418387
17.82	0.0007730367660616209
17.830000000000002	0.0007708813454087985
17.84	0.0007687331380938344
17.85	0.0007665921159534754
17.86	0.0007644582509501136
17.87	0.0007623315151711618
17.88	0.0007602118808284226
17.89	0.0007580993202574678
17.900000000000002	0.0007559938059170151
17.91	0.0007538953103883143
17.92	0.0007518038063745312
17.93	0.0007497192667001406
17.94	0.0007476416643103208
17.95	0.0007455709722703456
17.96	0.0007435071637649903
17.97	0.000741450212097933
17.98	0.0007394000906911599
17.990000000000002	0.000737356773084379
18.	0.0007353202329344316
18.01	0.0007332904440147094
18.02	0.0007312673802145748
18.03	0.0007292510155387824
18.04	0.0007272413241069096
18.05	0.0007252382801527804
18.06	0.0007232418580239056
18.07	0.0007212520321809092
18.080000000000002	0.0007192687771969755
18.09	0.0007172920677572875
18.1	0.000715321878658474
18.11	0.0007133581848080548
18.12	0.0007114009612238925
18.13	0.0007094501830336509
18.14	0.0007075058254742469
18.150000000000002	0.0007055678638913135
18.16	0.0007036362737386622
18.17	0.0007017110305777516
18.18	0.0006997921100771494
18.19	0.0006978794880120137
18.2	0.0006959731402635615
18.21	0.000694073042818548
18.22	0.0006921791717687483
18.23	0.0006902915033104384
18.240000000000002	0.0006884100137438856
18.25	0.0006865346794728311
18.26	0.0006846654770039904
18.27	0.0006828023829465389
18.28	0.0006809453740116149
18.29	0.0006790944270118197
18.3	0.0006772495188607173
18.31	0.000675410626572343
18.32	0.0006735777272607093
18.330000000000002	0.0006717507981393176
18.34	0.0006699298165206733
18.35	0.0006681147598157995
18.36	0.0006663056055337575
18.37	0.0006645023312811684
18.38	0.0006627049147617333
18.39	0.0006609133337757665
18.400000000000002	0.0006591275662197197
18.41	0.0006573475900857157
18.42	0.0006555733834610826
18.43	0.0006538049245278882
18.44	0.0006520421915624824
18.45	0.000650285162935039
18.46	0.0006485338171090962
18.47	0.0006467881326411072
18.48	0.0006450480881799894
18.490000000000002	0.0006433136624666716
18.5	0.0006415848343336524
18.51	0.000639861582704555
18.52	0.0006381438865936864
18.53	0.0006364317251055972
18.54	0.0006347250774346471
18.55	0.0006330239228645702
18.56	0.0006313282407680404
18.57	0.0006296380106062467
18.580000000000002	0.0006279532119284633
18.59	0.0006262738243716229
18.6	0.0006245998276598987
18.61	0.0006229312016042803
18.62	0.0006212679261021561
18.63	0.0006196099811368993
18.64	0.0006179573467774529
18.650000000000002	0.000616310003177917
18.66	0.0006146679305771429
18.67	0.0006130311092983217
18.68	0.0006155304595566137
18.69	0.0006270995174113731
18.7	0.0006388796552925848
18.71	0.0006508746084241902