0.01	3.3733456113467133
0.02	2.072310179202066
0.03	1.6299300931151712
0.04	1.4047774603792567
0.05	1.2688263007377134
0.06	1.177624359158861
0.07	1.1119053824164506
0.08	1.0648521214018027
0.09	1.02873537633375
0.1	0.9987626861940352
0.11	0.9742890831217618
0.12	0.9533923454974401
0.13	0.9354850360557686
0.14	0.9200733699513659
0.15	0.9062331050055488
0.16	0.8941805670201398
0.17	0.8831914679600336
0.18	0.8731312579949098
0.19	0.8638719063137291
0.2	0.8551783893157463
0.21	0.8475172587482767
0.22	0.8403083758002494
0.23	0.8334772921483679
0.24	0.8267608609147367
0.25	0.8203625290637372
0.26	0.8142618240559312
0.27	0.8082156397504416
0.28	0.8022626984557442
0.29	0.7965602449396699
0.3	0.791089630442699
0.31	0.7855982893253834
0.32	0.7801878879599637
0.33	0.7749795486417401
0.34	0.7699599357853545
0.35000000000000003	0.7650784319219359
0.36	0.7601359323825952
0.37	0.7553594915912972
0.38	0.7507392630212008
0.39	0.7462662239425615
0.4	0.7419320874383977
0.41000000000000003	0.7372398737693441
0.42	0.7326783327609047
0.43	0.7282513687931313
0.44	0.7239520174571077
0.45	0.7197738227622582
0.46	0.715689378032472
0.47000000000000003	0.7112986025649681
0.48	0.7070263652882725
0.49	0.7028670946257325
0.5	0.69881558785332
0.51	0.6948669798780017
0.52	0.6910167152124128
0.53	0.6871812560392617
0.54	0.6831911655292352
0.55	0.6792968271432966
0.56	0.6754942637751586
0.5700000000000001	0.6717797307997074
0.58	0.6681496986862316
0.59	0.6646008371862697
0.6	0.66113000092947
0.61	0.657580621857072
0.62	0.6539014123573358
0.63	0.650301167339895
0.64	0.6467769784140961
0.65	0.6433260876286568
0.66	0.6399458775175323
0.67	0.6366338619438539
0.68	0.633387677667115
0.6900000000000001	0.6302050765667592
0.7000000000000001	0.6269392127103415
0.71	0.6235608678748799
0.72	0.6202475991273139
0.73	0.6169972748794799
0.74	0.613807861344679
0.75	0.6106774168009033
0.76	0.6076040862619202
0.77	0.6045860965222749
0.78	0.6016217515455033
0.79	0.5987094281677195
0.8	0.5958104304360721
0.81	0.5927442659453791
0.8200000000000001	0.589731214269162
0.8300000000000001	0.586769724301448
0.84	0.5838583082245064
0.85	0.5809955382098635
0.86	0.5781800433277707
0.87	0.5754105066496987
0.88	0.5726856625297404
0.89	0.5700042940519818
0.9	0.5673652306319747
0.91	0.5647673457614062
0.92	0.5621403089124071
0.93	0.5594039046271759
0.9400000000000001	0.5567098749037945
0.9500000000000001	0.5540571231277578
0.96	0.551444592223661
0.97	0.5488712628355394
0.98	0.5463361516087153
0.99	0.5438383095665197
1.	0.5413768205757523
1.01	0.5389507998951933
1.02	0.536559392801902
1.03	0.5342017732904152
1.04	0.5318771428403124
1.05	0.529584729247937
1.06	0.5271499704191694
1.07	0.5246855298923148
1.08	0.5222553759510222
1.09	0.5198587206828383
1.1	0.5174948012960748
1.11	0.5151628790992905
1.12	0.5128622385309933
1.1300000000000001	0.5105921862366678
1.1400000000000001	0.5083520501904212
1.1500000000000001	0.5061411788587248
1.16	0.5039589404038854
1.17	0.5018047219250337
1.18	0.4996779287345609
1.19	0.49757798366806405
1.2	0.49550432642597786
1.21	0.49343217282075796
1.22	0.4912305978449952
1.23	0.48905669816873104
1.24	0.4869099051028879
1.25	0.48478966610842184
1.26	0.4826954442129181
1.27	0.48062671745269825
1.28	0.4785829783391317
1.29	0.4765637333479212
1.3	0.4745685024302039
1.31	0.47259681854437885
1.32	0.4706482272076263
1.33	0.46872228606615457
1.34	0.4668185644832544
1.35	0.4649366431442976
1.36	0.46307611367786267
1.37	0.46123657829221626
1.3800000000000001	0.45941764942642205
1.3900000000000001	0.45758522111338507
1.4000000000000001	0.45565952666832604
1.41	0.4537555561763305
1.42	0.45187291308661287
1.43	0.4500112108134783
1.44	0.4481700724183441
1.45	0.4463491303040366
1.46	0.44454802592080095
1.47	0.4427664094835085
1.48	0.4410039396995525
1.49	0.4392602835069661
1.5	0.43753511582231003
1.51	0.4358281192979018
1.52	0.4341389840879845
1.53	0.4324674076234473
1.54	0.4308130943947316
1.55	0.42917575574257383
1.56	0.42755510965625665
1.57	0.4259508805790485
1.58	0.4243627992205347
1.59	0.4227906023755528
1.6	0.42112819728750583
1.61	0.4194303744877698
1.62	0.4177498461539023
1.6300000000000001	0.41608633098569986
1.6400000000000001	0.4144395539475697
1.6500000000000001	0.41280924609185515
1.6600000000000001	0.41119514438817734
1.67	0.40959699155855456
1.68	0.40801453591807313
1.69	0.40644753122088784
1.7	0.4048957365113436
1.71	0.4033589159800214
1.72	0.40183683882451554
1.73	0.4003292791147618
1.74	0.39883601566274085
1.75	0.39735683189639215
1.76	0.3958915157375779
1.77	0.39443985948394616
1.78	0.3930016596945455
1.79	0.3915767170790524
1.8	0.39016483639048055
1.81	0.38876582632123724
1.82	0.3873794994024138
1.83	0.3859981734348257
1.84	0.3845170225851455
1.85	0.3830495370749831
1.86	0.38159551797600116
1.87	0.3801547703048243
1.8800000000000001	0.3787271029242236
1.8900000000000001	0.3773123284472845
1.9000000000000001	0.375910263144455
1.9100000000000001	0.3745207268533741
1.92	0.3731435428913792
1.93	0.37177853797060456
1.94	0.37042554211557727
1.95	0.36908438858322606
1.96	0.36775491378522096
1.97	0.3664369572125634
1.98	0.3651303613623509
1.99	0.36383497166664325
2.	0.3625506364233596
2.0100000000000002	0.3612772067291378
2.02	0.3600145364140929
2.0300000000000002	0.35876248197840843
2.04	0.35752090253070523
2.05	0.35628965972812393
2.06	0.35506861771807036
2.07	0.3538576430815668
2.08	0.352656604778158
2.09	0.35146537409232287
2.1	0.3502838245813425
2.11	0.3489990309387355
2.12	0.34772024187095885
2.13	0.34645212335002146
2.14	0.34519453686585627
2.15	0.343947346342543
2.16	0.3427104180844531
2.17	0.3414836207238314
2.18	0.3402668251697647
2.19	0.3390599045584989
2.2	0.3378627342050609
2.21	0.33667519155614495
2.22	0.3354971561442265
2.23	0.33432850954286447
2.24	0.33316913532315723
2.25	0.3320189190113168
2.2600000000000002	0.33087774804732767
2.27	0.32974551174465905
2.2800000000000002	0.32862210125099733
2.29	0.32750740950997
2.3000000000000003	0.3264013312238313
2.31	0.32530376281708157
2.32	0.32421460240099226
2.33	0.3231337497390113
2.34	0.3220611062130233
2.35	0.32099657479043836
2.36	0.31994005999208763
2.37	0.31889146786090183
2.38	0.3178507059313497
2.39	0.31681768319961545
2.4	0.3157923100944956
2.41	0.3147744984489913
2.42	0.3136868295578931
2.43	0.3125928513083056
2.44	0.3115071575761653
2.45	0.31042965205538786
2.46	0.3093602399464882
2.47	0.30829882792700614
2.48	0.3072453241226281
2.49	0.3061996380789885
2.5	0.30516168073412997
2.5100000000000002	0.30413136439160526
2.52	0.30310860269420464
2.5300000000000002	0.30209331059828926
2.54	0.3010854043487161
2.5500000000000003	0.3000848014543385
2.56	0.2990914206640656
2.57	0.2981051819434675
2.58	0.2971260064519099
2.59	0.2961538165202061
2.6	0.2951885356287707
2.61	0.2942300883862637
2.62	0.29327840050871073
2.63	0.29233339879908854
2.64	0.2913950111273612
2.65	0.29046316641095876
2.66	0.2895377945956835
2.67	0.2886188266370362
2.68	0.28770619448194773
2.69	0.28679983105091017
2.7	0.2858996702204932
2.71	0.28500564680623897
2.72	0.2841176965459242
2.73	0.2832357560831811
2.74	0.28235976295146764
2.75	0.28148965555837946
2.7600000000000002	0.28062537317029296
2.77	0.2797577578708299
2.7800000000000002	0.2788245296657518
2.79	0.2778977487459006
2.8000000000000003	0.2769773476997433
2.81	0.27606326005800935
2.82	0.2751554202772253
2.83	0.2742537637235938
2.84	0.2733582266572092
2.85	0.2724687462166016
2.86	0.2715852604036012
2.87	0.27070770806851424
2.88	0.2698360288956067
2.89	0.26897016338888247
2.9	0.26811005285815503
2.91	0.2672556394054008
2.92	0.26640686591139084
2.93	0.26556367602259306
2.94	0.26472601413833696
2.95	0.26389382539823825
2.96	0.26306705566987426
2.97	0.2622456515367053
2.98	0.261429560286237
2.99	0.26061872989841617
3.	0.2598131090342574
3.0100000000000002	0.2590126470246927
3.02	0.2582172938596399
3.0300000000000002	0.25742700017728537
3.04	0.25664171725357593
3.0500000000000003	0.2558613969919144
3.06	0.25508599191305503
3.0700000000000003	0.2543154551451941
3.08	0.25354974041425116
3.09	0.2527888020343366
3.1	0.25203259489840213
3.11	0.2512810744690684
3.12	0.25053419676962774
3.13	0.2497919183752174
3.14	0.24905419640415818
3.15	0.24832098850945794
3.16	0.24759225287047296
3.17	0.2468679481847256
3.18	0.24614189200412803
3.19	0.2453588966501326
3.2	0.2445808310819753
3.21	0.24380764900088453
3.22	0.24303930468534155
3.23	0.24227575298211826
3.24	0.24151694929748152
3.25	0.2407628495885606
3.2600000000000002	0.24001341035487306
3.27	0.23926858863000733
3.2800000000000002	0.23852834197345768
3.29	0.23779262846260799
3.3000000000000003	0.23706140668486173
3.31	0.2363346357299157
3.3200000000000003	0.23561227518217265
3.33	0.23489428511329177
3.34	0.23418062607487283
3.35	0.2334712590912718
3.36	0.23276614565254578
3.37	0.2320652477075221
3.38	0.23136852765699298
3.39	0.23067594834702887
3.4	0.2299874730624118
3.41	0.2293030655201832
3.42	0.22862268986330636
3.43	0.2279463106544385
3.44	0.22727389286981378
3.45	0.22660540189323086
3.46	0.2259408035101467
3.47	0.2252800639018714
3.48	0.2246231496398644
3.49	0.2239700276801284
3.5	0.22332066535769943
3.5100000000000002	0.2226750303812322
3.52	0.22203309082767717
3.5300000000000002	0.2213948151370484
3.54	0.22076017210728086
3.5500000000000003	0.22012913088917416
3.56	0.21950166098142243
3.5700000000000003	0.21887773222572673
3.58	0.21825731480199156
3.59	0.21764037922359966
3.6	0.21702689633276726
3.61	0.21641683729597608
3.62	0.21581017359948146
3.63	0.2152068770448948
3.64	0.21460691974483886
3.65	0.21401027411867524
3.66	0.2133527349063293
3.67	0.21269843449127876
3.68	0.21204791288919062
3.69	0.21140113809629965
3.7	0.21075807846563824
3.71	0.21011870270210822
3.72	0.20948297985763278
3.73	0.20885087932638927
3.74	0.20822237084011863
3.75	0.20759742446351295
3.7600000000000002	0.20697601058967663
3.77	0.20635809993566262
3.7800000000000002	0.20574366353808016
3.79	0.2051326727487737
3.8000000000000003	0.20452509923057152
3.81	0.20392091495310288
3.8200000000000003	0.2033200921886818
3.83	0.2027226035082567
3.84	0.20212842177742563
3.85	0.20153752015251292
3.86	0.20094987207671053
3.87	0.20036545127627806
3.88	0.19978423175680474
3.89	0.19920618779952892
3.9	0.19863129395771603
3.91	0.19805952505309293
3.92	0.1974908561723385
3.93	0.19692526266362823
3.94	0.196362720133233
3.95	0.19580320444217042
3.96	0.19524669170290812
3.97	0.19469315827611736
3.98	0.19414258076747756
3.99	0.19359493602452912
4.	0.1930502011335746
4.01	0.1925083534166272
4.0200000000000005	0.19196937042840598
4.03	0.19143322995337647
4.04	0.19089991000283632
4.05	0.190369388812045
4.0600000000000005	0.18984164483739638
4.07	0.18931665675363488
4.08	0.18879440345111217
4.09	0.18827486403308585
4.1	0.18775801781305804
4.11	0.1872438443121539
4.12	0.18673232325653888
4.13	0.18622343457487434
4.14	0.18571715839581104
4.15	0.18521347504551922
4.16	0.18471236504525543
4.17	0.18421380910896484
4.18	0.18371778814091866
4.19	0.1832242832333863
4.2	0.18268303755388665
4.21	0.1821399547389231
4.22	0.18159976912526304
4.23	0.18106245844650995
4.24	0.18052800065949146
4.25	0.17999637394150145
4.26	0.1794675566875828
4.2700000000000005	0.17894152750785028
4.28	0.17841826522485194
4.29	0.17789774887096935
4.3	0.17737995768585524
4.3100000000000005	0.1768648711139089
4.32	0.17635246880178757
4.33	0.17584273059595387
4.34	0.17533563654025885
4.3500000000000005	0.17483116687355912
4.36	0.17432930202736918
4.37	0.17383002262354594
4.38	0.17333330947200762
4.39	0.17283914356848432
4.4	0.17234750609230076
4.41	0.1718583784041906
4.42	0.17137174204414127
4.43	0.1708875787292697
4.44	0.17040587035172752
4.45	0.169926598976636
4.46	0.16944974684004976
4.47	0.16897529634694888
4.48	0.16850323006925938
4.49	0.1680335307439008
4.5	0.16756618127086123
4.51	0.16710116471129882
4.5200000000000005	0.16663846428566956
4.53	0.16617806337188118
4.54	0.16571994550347194
4.55	0.16526409436781506
4.5600000000000005	0.164810493804347
4.57	0.16435912780282097
4.58	0.16390998050158306
4.59	0.16346303618587307
4.6000000000000005	0.16301827928614743
4.61	0.1625756943764257
4.62	0.16213526617265842
4.63	0.16169697953111825
4.64	0.16126081944681162
4.65	0.16082677105191243
4.66	0.16039481961421675
4.67	0.1599649505356175
4.68	0.15953714935060054
4.69	0.15911140172475993
4.7	0.15868769345333356
4.71	0.15826601045975758
4.72	0.1578463387942407
4.73	0.15742866463235658
4.74	0.15701297427365551
4.75	0.15659925414029383
4.76	0.15618749077568142
4.7700000000000005	0.15577767084314714
4.78	0.15536978112462163
4.79	0.15496380851933725
4.8	0.15455974004254472
4.8100000000000005	0.15415756282424697
4.82	0.15371927101089447
4.83	0.1532750856616523
4.84	0.15283309853642055
4.8500000000000005	0.15239329424828807
4.86	0.15195565754947346
4.87	0.151520173329784
4.88	0.15108682661509468
4.89	0.1506556025658473
4.9	0.15022648647556927
4.91	0.14979946376941147
4.92	0.14937452000270512
4.93	0.14895164085953752
4.94	0.148530812151346
4.95	0.1481120198155304
4.96	0.14769524991408306
4.97	0.14728048863223658
4.98	0.14686772227712894
4.99	0.14645693727648584
5.	0.14604812017731958
5.01	0.14564125764464494
5.0200000000000005	0.14523633646021095
5.03	0.14483334352124946
5.04	0.1444322658392387
5.05	0.1440330905386834
5.0600000000000005	0.14363580485590946
5.07	0.14324039613787468
5.08	0.14284685184099366
5.09	0.14245515952997806
5.1000000000000005	0.14206530687669108
5.11	0.14167728165901647
5.12	0.14129107175974126
5.13	0.14090666516545314
5.14	0.14052404996545068
5.15	0.14014321435066796
5.16	0.13976414661261174
5.17	0.13938683514231234
5.18	0.1390112684292871
5.19	0.13863743506051687
5.2	0.13826532371943498
5.21	0.13789492318492866
5.22	0.1375262223303523
5.23	0.13715921012255367
5.24	0.13679387562091103
5.25	0.13643020797638275
5.26	0.13606819643056786
5.2700000000000005	0.1357078303147783
5.28	0.13534909904912262
5.29	0.13499199214160035
5.3	0.13463649918720735
5.3100000000000005	0.13428260986705245
5.32	0.13393031394748378
5.33	0.13357960127922652
5.34	0.1332304617965303
5.3500000000000005	0.13288288551632726
5.36	0.1325368625373997
5.37	0.13219238303955821
5.38	0.13184943728282889
5.39	0.13150801560665074
5.4	0.13116810842908233
5.41	0.13082970624601806
5.42	0.13049279963041316
5.43	0.13015737923151854
5.44	0.1298234357741238
5.45	0.1294909600578101
5.46	0.12915994295621075
5.47	0.1288303754162812
5.48	0.12850224845757738
5.49	0.1281755531715419
5.5	0.12785028072079963
5.51	0.12752642233846034
5.5200000000000005	0.12720396932743008
5.53	0.12686318114183295
5.54	0.12650695747229787
5.55	0.1261523737770047
5.5600000000000005	0.12579941957133495
5.57	0.12544808445639363
5.58	0.12509835811815603
5.59	0.12475023032662468
5.6000000000000005	0.12440369093499583
5.61	0.12405872987883615
5.62	0.1237153371752685
5.63	0.1233735029221676
5.64	0.12303321729736477
5.65	0.12269447055786212
5.66	0.12235725303905555
5.67	0.12202155515396698
5.68	0.12168736739248559
5.69	0.12135468032061703
5.7	0.12102348457974234
5.71	0.12069377088588454
5.72	0.12036553002898392
5.73	0.12003875287218178
5.74	0.11971343035111201
5.75	0.11938955347320107
5.76	0.11906711331697549
5.7700000000000005	0.11874610103137793
5.78	0.11842650783509028
5.79	0.11810832501586482
5.8	0.11779154392986294
5.8100000000000005	0.11747615600100098
5.82	0.11716215272030404
5.83	0.11684952564526636
5.84	0.11653826639921935
5.8500000000000005	0.1162283666707066
5.86	0.1159198182128658
5.87	0.11561261284281757
5.88	0.11530674244106119
5.89	0.11500219895087693
5.9	0.11469897437773505
5.91	0.11439706078871166
5.92	0.11409645031191039
5.93	0.11379713513589108
5.94	0.11349910750910441
5.95	0.113202359739333
5.96	0.11290688419313838
5.97	0.11261267329531434
5.98	0.11231971952834588
5.99	0.11202801543187463
6.	0.11173755360216953
6.01	0.11144832669160357
6.0200000000000005	0.11116032740813633
6.03	0.11087354851480193
6.04	0.11058798282920257
6.05	0.1103036232230077
6.0600000000000005	0.11002046262145843
6.07	0.10973849400287737
6.08	0.1094577103981839
6.09	0.10917810489041423
6.1000000000000005	0.10889967061424717
6.11	0.10862240075553456
6.12	0.10834628855083688
6.13	0.10807132728696388
6.140000000000001	0.10779751030052005
6.15	0.10752483097745494
6.16	0.10725328275261815
6.17	0.10698285910931941
6.18	0.1067135535788928
6.19	0.106445359740266
6.2	0.10617827121953398
6.21	0.10591228168953713
6.22	0.10564738486944382
6.23	0.10538357452433739
6.24	0.10512084446480759
6.25	0.10485918854654613
6.26	0.10459860066994651
6.2700000000000005	0.10433907477970814
6.28	0.10408060486444434
6.29	0.10382318495629486
6.3	0.10356680913054184
6.3100000000000005	0.1033114715052303
6.32	0.10305716624079239
6.33	0.10280388753967527
6.34	0.10255162964597317
6.3500000000000005	0.10228014177094459
6.36	0.10200062444922199
6.37	0.10172230835866826
6.38	0.10144518646334019
6.390000000000001	0.10116925177944618
6.4	0.1008944973748786
6.41	0.10062091636875156
6.42	0.10034850193094312
6.43	0.10007724728164247
6.44	0.09980714569090186
6.45	0.0995381904781933
6.46	0.09927037501196956
6.47	0.09900369270922997
6.48	0.09873813703509085
6.49	0.09847370150236016
6.5	0.09821037967111665
6.51	0.09794816514829337
6.5200000000000005	0.09768705158726543
6.53	0.09742703268744222
6.54	0.09716810219386351
6.55	0.09691025389679991
6.5600000000000005	0.09665348163135734
6.57	0.09639777927708577
6.58	0.09614314075759156
6.59	0.09588956004015418
6.6000000000000005	0.09563703113534652
6.61	0.09538554809665935
6.62	0.09513510502012933
6.63	0.09488569604397103
6.640000000000001	0.09463731534821242
6.65	0.09438995715433446
6.66	0.09414361572491386
6.67	0.09389828536326976
6.68	0.09365396041311393
6.69	0.09341063525820432
6.7	0.09316830432200242
6.71	0.0929269620673337
6.72	0.09268660299605157
6.73	0.09244722164870495
6.74	0.09220881260420874
6.75	0.09197137047951805
6.76	0.0917348899293051
6.7700000000000005	0.0914993656456399
6.78	0.09126479235767383
6.79	0.09103116483132628
6.8	0.09079847786897458
6.8100000000000005	0.09056672630914689
6.82	0.09033590502621823
6.83	0.09010600893010938
6.84	0.0898770329659886
6.8500000000000005	0.08964897211397685
6.86	0.0894218213888553
6.87	0.08919557583977593
6.88	0.08897023054997504
6.890000000000001	0.08874578063648945
6.9	0.08852222124987556
6.91	0.08829954757393112
6.92	0.08807775482541957
6.93	0.08785683825379734
6.94	0.08763679314094341
6.95	0.08741761480089204
6.96	0.08719929857956747
6.97	0.08698183985452158
6.98	0.0867652340346741
6.99	0.08654947656005493
7.	0.08633456290154952
7.01	0.08612048856064612
7.0200000000000005	0.08590724906918591
7.03	0.08569483998911523
7.04	0.08548325691224039
7.05	0.08527249545998458
7.0600000000000005	0.08506255128314734
7.07	0.08485342006166623
7.08	0.08464509750438064
7.09	0.08443757934879816
7.1000000000000005	0.08423086136086269
7.11	0.08402493933472542
7.12	0.08381980909251716
7.13	0.08361546648412345
7.140000000000001	0.08341190738696168
7.15	0.08320912770575994
7.16	0.08300712337233858
7.17	0.08280589034539307
7.18	0.08260542461027964
7.19	0.08240572217880233
7.2	0.0822067790890025
7.21	0.08200859140494983
7.22	0.08181115521653583
7.23	0.08161446663926869
7.24	0.08141852181407057
7.25	0.0812233169070763
7.26	0.08102884810943435
7.2700000000000005	0.08083511163710938
7.28	0.08064210373068668
7.29	0.08043234968317944
7.3	0.08021637440207925
7.3100000000000005	0.08000127351790054
7.32	0.07978704230164937
7.33	0.07957367605632022
7.34	0.079361170116636
7.3500000000000005	0.07914951984879112
7.36	0.07893872065019666
7.37	0.07872876794922803
7.38	0.07851965720497504
7.390000000000001	0.07831138390699412
7.4	0.07810394357506337
7.41	0.07789733175893926
7.42	0.07769154403811615
7.43	0.07748657602158766
7.44	0.07728242334761057
7.45	0.07707908168347083
7.46	0.07687654672525163
7.47	0.07667481419760377
7.48	0.07647387985351822
7.49	0.07627373947410059
7.5	0.07607438886834769
7.51	0.07587582387292663
7.5200000000000005	0.07567804035195519
7.53	0.07548103419678492
7.54	0.07528480132578588
7.55	0.07508933768413338
7.5600000000000005	0.07489463924359671
7.57	0.07470070200233005
7.58	0.07450752198466488
7.59	0.0743150952409045
7.6000000000000005	0.07412341784712069
7.61	0.07393248590495163
7.62	0.07374229554140221
7.63	0.07355284290864601
7.640000000000001	0.07336412418382884
7.65	0.07317613556887441
7.66	0.07298887329029158
7.67	0.07280233359898337
7.68	0.07261651277005769
7.69	0.07243140710263996
7.7	0.07224701291968713
7.71	0.07206332656780358
7.72	0.07188034441705855
7.73	0.07169806286080548
7.74	0.07151647831550256
7.75	0.07133558722053536
7.76	0.07115538603804052
7.7700000000000005	0.07097587125273142
7.78	0.07079703937172545
7.79	0.07061888692437247
7.8	0.07044141046208505
7.8100000000000005	0.07026460655817009
7.82	0.07008847180766226
7.83	0.06991300282715836
7.84	0.06973819625465368
7.8500000000000005	0.0695640487493795
7.86	0.06939055699164218
7.87	0.06921771768266356
7.88	0.06904552754442282
7.890000000000001	0.06887398331949986
7.9	0.06870308177091976
7.91	0.06853281968199883
7.92	0.06836319385619219
7.930000000000001	0.06819420111694209
7.94	0.06802583830752824
7.95	0.06785810229091897
7.96	0.06769098994962403
7.97	0.06752449818554827
7.98	0.06735862391984711
7.99	0.0671933640927828
8.	0.06702871566358216
8.01	0.06686467561029556
8.02	0.06670124092965717
8.03	0.06653840863694607
8.040000000000001	0.06637617576584912
8.05	0.06621453936832451
8.06	0.06605349651446682
8.07	0.0658930442923731
8.08	0.06573317980801009
8.09	0.0655739001850826
8.1	0.06541520256490314
8.11	0.06525708410626249
8.120000000000001	0.06509954198530139
8.13	0.06494257339538359
8.14	0.0647861755469696
8.15	0.0646303456674918
8.16	0.06447508100123045
8.17	0.06432037880919095
8.18	0.06416623636898192
8.19	0.06401265097469439
8.2	0.06385961993678214
8.21	0.06370714058194292
8.22	0.0635552102530007
8.23	0.06340382630878891
8.24	0.0632529861240347
8.25	0.06310268708924416
8.26	0.06295292661058852
8.27	0.06280370210979123
8.28	0.06265501102401619
8.290000000000001	0.06250685080575663
8.3	0.06235921892272508
8.31	0.0622121128577444
8.32	0.06206553010863943
8.33	0.061919468188129705
8.34	0.06177392462372313
8.35	0.06162889695761037
8.36	0.061484382746560255
8.370000000000001	0.06132437720074299
8.38	0.061161313387451365
8.39	0.06099887686295081
8.4	0.06083706447077487
8.41	0.06067587307407188
8.42	0.0605152995554598
8.43	0.060355340816882506
8.44	0.06019599377946717
8.45	0.06003725538338304
8.46	0.059879122587701235
8.47	0.05972159237025578
8.48	0.05956466172750604
8.49	0.059408327674399915
8.5	0.05925258724423858
8.51	0.05909743748854221
8.52	0.05894287547691684
8.53	0.05878889829692231
8.540000000000001	0.05863550305394145
8.55	0.05848268687105036
8.56	0.058330446888889616
8.57	0.058178780265536766
8.58	0.05802768417637969
8.59	0.05787715581399135
8.6	0.0577271923880052
8.61	0.05757779112499193
8.620000000000001	0.0574289492683371
8.63	0.057280664078119894
8.64	0.05713293283099273
8.65	0.05698575282006212
8.66	0.05683912135477029
8.67	0.05669303576077786
8.68	0.05654749337984765
8.69	0.056402491569729214
8.700000000000001	0.05625802770404445
8.71	0.056114099172174185
8.72	0.055970703379145656
8.73	0.055827837745520956
8.74	0.05568549970728631
8.75	0.05554368671574239
8.76	0.05540239623739553
8.77	0.05526162575384963
8.78	0.05512137276169925
8.790000000000001	0.05498163477242337
8.8	0.05484240931228014
8.81	0.05470369392220237
8.82	0.05456548615769402
8.83	0.0544277835887274
8.84	0.054290583799641384
8.85	0.05415388438904016
8.86	0.05401768296969323
8.870000000000001	0.0538819771684358
8.88	0.05374676462607024
8.89	0.05361204299726831
8.9	0.053477809950474076
8.91	0.05334406316780768
8.92	0.05321080034496995
8.93	0.053078019191147664
8.94	0.052945717428919695
8.950000000000001	0.052813892794163764
8.96	0.05268254303596416
8.97	0.052551665916519955
8.98	0.05242125921105415
8.99	0.05229132070772349
9.	0.052161848207529
9.01	0.05203283952422714
9.02	0.051904292484241873
9.03	0.05177620492657736
9.040000000000001	0.051648574702731154
9.05	0.05152139967660841
9.06	0.051394677724436615
9.07	0.051268406734680895
9.08	0.05114258460796021
9.09	0.051017209256964104
9.1	0.05089227860637009
9.11	0.0507677905927617
9.120000000000001	0.05064374316454729
9.13	0.050520134281879375
9.14	0.05039696191657459
9.15	0.05027422405203438
9.16	0.05015191868316627
9.17	0.050030043816305644
9.18	0.049908597469138394
9.19	0.04978757767062392
9.200000000000001	0.04966698246091884
9.21	0.04954680989130144
9.22	0.049427058024096325
9.23	0.049307724932600175
9.24	0.04918880870100762
9.25	0.04907030742433797
9.26	0.04895221920836248
9.27	0.04883454216953204
9.28	0.04871727443490563
9.290000000000001	0.048600414142079114
9.3	0.04848395943911485
9.31	0.048367908484471554
9.32	0.048252259446934884
9.33	0.04813701050554865
9.34	0.04802215984954631
9.35	0.04790770567828307
9.36	0.0477936462011688
9.370000000000001	0.04767997963760091
9.38	0.047566704216898355
9.39	0.047453818178235616
9.4	0.04734131977057758
9.41	0.047229207252614744
9.42	0.047117478892698766
9.43	0.047006132968779
9.44	0.04689516776833889
9.450000000000001	0.0467845815883333
9.46	0.04667437273512621
9.47	0.046564539524428794
9.48	0.046455080281238036
9.49	0.04634599333977579
9.5	0.04623727704342844
9.51	0.046128929744686784
9.52	0.04602094980508651
9.53	0.04591333559514916
9.540000000000001	0.04580608549432344
9.55	0.04569919789092702
9.56	0.04559267118208886
9.57	0.045486503773691726
9.58	0.04538069408031549
9.59	0.04527524052518046
9.6	0.04517014154009156
9.61	0.045051239695499685
9.620000000000001	0.04493169622200446
9.63	0.04481259366428496
9.64	0.04469392994077153
9.65	0.04457570298186681
9.66	0.04445791072986449
9.67	0.044340551138868894
9.68	0.04422362217471492
9.69	0.04410712181488888
9.700000000000001	0.043991048048449756
9.71	0.0438753988759512
9.72	0.043760172309364014
9.73	0.04364536637199937
9.74	0.043530979098432454
9.75	0.0434170085344269
9.76	0.04330345273685967
9.77	0.043190309773646546
9.78	0.04307757772366822
9.790000000000001	0.042965254676696915
9.8	0.04285333873332368
9.81	0.04274182800488597
9.82	0.04263072061339618
9.83	0.042520014691470424
9.84	0.04240970838225794
9.85	0.04229979983937111
9.86	0.042190287226815865
9.870000000000001	0.04208116871892283
9.88	0.041972442500278845
9.89	0.041864106765658916
9.9	0.041756159719959066
9.91	0.04164859957812919
9.92	0.041541424565106844
9.93	0.04143463291575123
9.94	0.041328222874778026
9.950000000000001	0.04122219269669427
9.96	0.041116540645734126
9.97	0.04101126499579497
9.98	0.040906364030373905
9.99	0.04080183604250483
10.	0.04069767933469609
10.01	0.040593892218868326
10.02	0.04049047301629308
10.03	0.040387420057531646
10.040000000000001	0.04028473168237453
10.05	0.040182406239781254
10.06	0.040080442087820696
10.07	0.03997883759361182
10.08	0.039877591133264875
10.09	0.039776701091823026
10.1	0.039676165863204466
10.11	0.03957598385014484
10.120000000000001	0.039476153464140254
10.13	0.0393766731253906
10.14	0.03927754126274333
10.15	0.03917875631363767
10.16	0.03908031672404923
10.17	0.03898222094843503
10.18	0.038884467449678904
10.19	0.038787054699037336
10.200000000000001	0.03868998117608578
10.21	0.038593245368665215
10.22	0.03849684577282915
10.23	0.0384007808927911
10.24	0.0383050492408724
10.25	0.03820964933745036
10.26	0.0381145797109068
10.27	0.03801983889757714
10.28	0.03792542544169955
10.290000000000001	0.037831337895364775
10.3	0.03773757481846615
10.31	0.03764413477865006
10.32	0.037551016351266654
10.33	0.0374582181193211
10.34	0.03736573867342506
10.35	0.03727357661174851
10.36	0.03718173053997201
10.370000000000001	0.03709019907123924
10.38	0.03699898082610995
10.39	0.03690807443251312
10.4	0.0368174785257006
10.41	0.0367271917482011
10.42	0.03663721274977432
10.43	0.036547540187365654
10.44	0.03645817272506105
10.450000000000001	0.03636910903404223
10.46	0.03628034779254234
10.47	0.03619188768580178
10.48	0.036103727406024404
10.49	0.03601586565233409
10.5	0.03592830113073147
10.51	0.035841032554051265
10.52	0.035754058641919474
10.53	0.03566737812071137
10.540000000000001	0.03558098972350944
10.55	0.03549489219006175
10.56	0.035409084266740595
10.57	0.03532356470650152
10.58	0.03523833226884246
10.59	0.035153385719763355
10.6	0.03506872383172595
10.61	0.0349843453836139
10.620000000000001	0.03490024916069316
10.63	0.03481643395457265
10.64	0.034732898563165276
10.65	0.034649641790649006
10.66	0.03456666244742857
10.67	0.03448395935009707
10.68	0.03440153132139814
10.69	0.03431937719018821
10.700000000000001	0.034237495791399036
10.71	0.0341558859660007
10.72	0.03407454656096455
10.73	0.033993476429226635
10.74	0.03391267442965137
10.75	0.033832139426995325
10.76	0.03375187029187144
10.77	0.03367186590071332
10.78	0.03359212513573997
10.790000000000001	0.03351264688492062
10.8	0.03343343004193985
10.81	0.033354473506162934
10.82	0.033275776182601545
10.83	0.03319733698187947
10.84	0.033119154820198844
10.85	0.03304122861930635
10.86	0.03296355730645984
10.870000000000001	0.03288613981439514
10.88	0.032808975081293046
10.89	0.03273206205074653
10.9	0.0326553996717283
10.91	0.032578986898558475
10.92	0.03250282269087246
10.93	0.03242690601358916
10.94	0.0323512358368793
10.950000000000001	0.032275811136134064
10.96	0.03220063089193379
10.97	0.03212569409001713
10.98	0.03205099972125016
10.99	0.03197654678159588
11.	0.031902334272083825
11.01	0.03182836119877999
11.02	0.031754626572756815
11.03	0.03167297845421986
11.040000000000001	0.03158798140969618
11.05	0.0315032891074759
11.06	0.03141890018065421
11.07	0.0313348132696857
11.08	0.03125102702233805
11.09	0.031167540093646137
11.1	0.03108435114586651
11.11	0.031001458848432136
11.120000000000001	0.030918861877907492
11.13	0.030836558917943957
11.14	0.030754548659235527
11.15	0.030672829799474943
11.16	0.03059140104330997
11.17	0.03051026110230004
11.18	0.03042940869487336
11.19	0.030348842546284033
11.200000000000001	0.03026856138856976
11.21	0.030188563960509663
11.22	0.03010884900758253
11.23	0.030029415281925247
11.24	0.029950261542291575
11.25	0.02987138655401126
11.26	0.029792789088949365
11.27	0.029714467925465872
11.28	0.0296364218483757
11.290000000000001	0.029558649648908863
11.3	0.029481150124670955
11.31	0.029403922079603923
11.32	0.02932696432394715
11.33	0.029250275674198745
11.34	0.029173854953077095
11.35	0.02909770098948281
11.36	0.029021812618460794
11.370000000000001	0.02894618868116263
11.38	0.028870828024809295
11.39	0.02879572950265399
11.4	0.028720891973945385
11.41	0.02864631430389102
11.42	0.02857199536362099
11.43	0.028497934030151915
11.44	0.028424129186351087
11.450000000000001	0.028350579720900947
11.46	0.028277284528263738
11.47	0.028204242508646456
11.48	0.028131452567966043
11.49	0.028058913617814752
11.5	0.027986624575425854
11.51	0.02791458436363948
11.52	0.027842791910868823
11.53	0.02777124615106641
11.540000000000001	0.027699946023690723
11.55	0.027628890473673135
11.56	0.02755807845138477
11.57	0.027487508912603913
11.58	0.027417180818483485
11.59	0.027347093135518762
11.6	0.02727724483551534
11.61	0.027207634895557244
11.620000000000001	0.027138262297975422
11.63	0.02706912603031626
11.64	0.0270002250853104
11.65	0.026931558460841838
11.66	0.02686312515991711
11.67	0.026794924190634735
11.68	0.02672695456615492
11.69	0.026659215304669404
11.700000000000001	0.02659170542937151
11.71	0.026524423968426455
11.72	0.02645736995494181
11.73	0.026390542426938154
11.74	0.026323940427319985
11.75	0.026257563003846792
11.76	0.02619140920910429
11.77	0.026125478100475923
11.78	0.026059768740114463
11.790000000000001	0.025994280194913934
11.8	0.0259290115364816
11.81	0.02586396184111019
11.82	0.025799130189750327
11.83	0.025734515667983095
11.84	0.025670117365992885
11.85	0.025605934378540304
11.86	0.025541965804935306
11.870000000000001	0.02547821074901058
11.88	0.025414668319095033
11.89	0.02535133762798744
11.9	0.02528821779293034
11.91	0.025225307935584043
11.92	0.025162607182000845
11.93	0.025100114662599447
11.94	0.025037829512139412
11.950000000000001	0.024975750869695983
11.96	0.02491387787863492
11.97	0.02485220968658754
11.98	0.024790745445425956
11.99	0.024729484311238503
12.	0.0246684254443052
12.01	0.024607568009073523
12.02	0.024546911174134274
12.030000000000001	0.024486454112197548
12.040000000000001	0.024426196000069022
12.05	0.02436613601862619
12.06	0.024306273352794967
12.07	0.024246607191526295
12.08	0.024187136727772927
12.09	0.02412786115846645
12.1	0.024068779684494373
12.11	0.02400989151067736
12.120000000000001	0.02395119584574671
12.13	0.023892691902321878
12.14	0.02383437889688816
12.15	0.023776256049774624
12.16	0.023718322585132057
12.17	0.023660577730911098
12.18	0.023603020718840538
12.19	0.023545650784405823
12.200000000000001	0.023488467166827492
12.21	0.023431469109039985
12.22	0.023374655857670432
12.23	0.023318026663017723
12.24	0.023261580779031524
12.25	0.023205317463291582
12.26	0.023149235976987172
12.27	0.02309333558489652
12.280000000000001	0.02303761555536653
12.290000000000001	0.0229820751602926
12.3	0.022926713675098437
12.31	0.022871530378716205
12.32	0.022816524553566697
12.33	0.022761695485539583
12.34	0.022707042463973936
12.35	0.022652564781638664
12.36	0.02259826173471336
12.370000000000001	0.022544132622768956
12.38	0.02249017674874877
12.39	0.02243639341894951
12.4	0.02238278194300245
12.41	0.02232934163385478
12.42	0.02227607180775092
12.43	0.022222971784214184
12.44	0.02217004088602837
12.450000000000001	0.022117278439219498
12.46	0.02206468377303778
12.47	0.02201225621993959
12.48	0.021959995115569543
12.49	0.0219078997987428
12.5	0.021855969611427356
12.51	0.021804203898726556
12.52	0.021752602008861602
12.530000000000001	0.021701163293154288
12.540000000000001	0.02164988710600977
12.55	0.021598772804899444
12.56	0.021547819750343995
12.57	0.021497027305896504
12.58	0.021446394838125646
12.59	0.021395921716599046
12.6	0.021345607313866706
12.61	0.021295451005444548
12.620000000000001	0.021245452169798024
12.63	0.02119561018832594
12.64	0.0211459244453442
12.65	0.02109639432806985
12.66	0.021043796576745207
12.67	0.020986129003374113
12.68	0.020928664770150023
12.69	0.02087140300056477
12.700000000000001	0.020814342822574945
12.71	0.02075748336857564
12.72	0.020700823775374407
12.73	0.02064436318416539
12.74	0.020588100740503584
12.75	0.020532035594279265
12.76	0.020476166899692717
12.77	0.020420493815228896
12.780000000000001	0.0203650155036325
12.790000000000001	0.020309731131883033
12.8	0.02025463987117012
12.81	0.020199740896868965
12.82	0.02014503338851593
12.83	0.020090516529784375
12.84	0.02003618950846056
12.85	0.019982051516419762
12.86	0.019928101749602467
12.870000000000001	0.01987433940799087
12.88	0.019820763695585376
12.89	0.019767373820381334
12.9	0.01971416899434595
12.91	0.019661148433395226
12.92	0.019608311357371226
12.93	0.019555656990019335
12.94	0.019503184558965735
12.950000000000001	0.019450893295695083
12.96	0.019398782435528197
12.97	0.019346851217600037
12.98	0.019295098884837714
12.99	0.019243524683938674
13.	0.019192127865349146
13.01	0.01914090768324243
13.02	0.019089863395497727
13.030000000000001	0.01903899426367875
13.040000000000001	0.018988299553012684
13.05	0.018937778532369217
13.06	0.018887430474239703
13.07	0.018837254654716456
13.08	0.0187872503534722
13.09	0.01873741685373966
13.1	0.018687753442291243
13.11	0.018638259409418878
13.120000000000001	0.01858893404891395
13.13	0.0185397766580475
13.14	0.01849078653755031
13.15	0.01844196299159333
13.16	0.018393305327768165
13.17	0.01834481285706766
13.18	0.018296484893866604
13.19	0.018248320755902596
13.200000000000001	0.01820031976425703
13.21	0.018152481243336203
13.22	0.018104804520852485
13.23	0.01805728892780569
13.24	0.018009933798464526
13.25	0.017962738470348176
13.26	0.01791570228420796
13.27	0.017868824584009197
13.280000000000001	0.017822104716913083
13.290000000000001	0.017775542033258727
13.3	0.017729135886545382
13.31	0.01768288563341462
13.32	0.017636790633632753
13.33	0.017590850250073307
13.34	0.0175450638486997
13.35	0.017499430798547842
13.36	0.017453950471709025
13.370000000000001	0.017408622243312882
13.38	0.017363445491510365
13.39	0.01731841959745691
13.4	0.017273543945295722
13.41	0.01722881792214111
13.42	0.01718424091806196
13.43	0.017139812326065266
13.44	0.017095531542079913
13.450000000000001	0.01705139796494029
13.46	0.017007410996370317
13.47	0.016963570040967338
13.48	0.016919874506186233
13.49	0.016876323802323588
13.5	0.01683291734250196
13.51	0.016789654542654298
13.52	0.01674653482150836
13.530000000000001	0.016703557600571343
13.540000000000001	0.01666072230411452
13.55	0.01661802835915799
13.56	0.016575475195455578
13.57	0.016533062245479763
13.58	0.016490788944406715
13.59	0.016448654730101476
13.6	0.01640665904310317
13.61	0.016364801326610303
13.620000000000001	0.016323081026466242
13.63	0.01628149759114466
13.64	0.016240050471735174
13.65	0.01619873912192903
13.66	0.016157562998004815
13.67	0.01611652155881444
13.68	0.01607561426576898
13.69	0.016034840582824773
13.700000000000001	0.015994199976469513
13.71	0.015953691915708494
13.72	0.015913315872050863
13.73	0.015873071319496057
13.74	0.015832957734520182
13.75	0.015792974596062662
13.76	0.015753121385512773
13.77	0.015713397586696407
13.780000000000001	0.015673802685862902
13.790000000000001	0.0156343361716718
13.8	0.015594997535179924
13.81	0.015555786269828356
13.82	0.015516701871429554
13.83	0.015477743838154546
13.84	0.015438911670520215
13.85	0.01540020487137663
13.86	0.015361622945894497
13.870000000000001	0.015323165401552636
13.88	0.015284831748125595
13.89	0.015246621497671257
13.9	0.015208534164518617
13.91	0.015170569265255594
13.92	0.015132726318716828
13.93	0.015095004845971727
13.94	0.01505740437031248
13.950000000000001	0.015019924417242102
13.96	0.014982564514462646
13.97	0.014945324191863452
13.98	0.01490820298150943
13.99	0.014871200417629496
14.	0.014834316036604938
14.01	0.014797549376958073
14.02	0.014760899979340707
14.030000000000001	0.014724367386522882
14.040000000000001	0.014687951143381613
14.05	0.014651650796889595
14.06	0.014615465896104192
14.07	0.01457939599215628
14.08	0.0145434406382393
14.09	0.0145075993895983
14.1	0.014471871803519068
14.11	0.014436257439317344
14.120000000000001	0.014400755858328076
14.13	0.014365366623894728
14.14	0.0143300893013587
14.15	0.014294923458048779
14.16	0.014259868663270621
14.17	0.014224924488296374
14.18	0.014190090506354306
14.19	0.014155366292618491
14.200000000000001	0.014120751424198597
14.21	0.01408624548012972
14.22	0.014051848041362239
14.23	0.014017558690751785
14.24	0.013983377013049211
14.25	0.013949302594890746
14.26	0.013915335024788034
14.27	0.013881473893118342
14.280000000000001	0.013847718792114827
14.290000000000001	0.0138140693158568
14.3	0.013780525060260108
14.31	0.013747085623067553
14.32	0.013713750603839323
14.33	0.013680519603943567
14.34	0.013647392226546949
14.35	0.01361436807660532
14.36	0.013581446760854368
14.370000000000001	0.013548627887800367
14.38	0.013515911067711057
14.39	0.013483295912606396
14.4	0.013450782036249546
14.41	0.013418369054137801
14.42	0.013386056583493629
14.43	0.013353844243255714
14.44	0.013321731654070107
14.450000000000001	0.01328971843828138
14.46	0.013257804219923884
14.47	0.013225988624712973
14.48	0.013194271280036383
14.49	0.0131626518149456
14.5	0.013131129860147249
14.51	0.01309970504799464
14.52	0.013068377012479265
14.530000000000001	0.013037145389222357
14.540000000000001	0.013002238119087567
14.55	0.012966905144710234
14.56	0.012931692362661484
14.57	0.012896599281953636
14.58	0.012861625413939743
14.59	0.012826770272300836
14.6	0.012792033373033253
14.61	0.012757414234436026
14.620000000000001	0.012722912377098392
14.63	0.012688527323887281
14.64	0.012654258599935013
14.65	0.012620105732626997
14.66	0.012586068251589488
14.67	0.012552145688677439
14.68	0.012518337577962455
14.69	0.012484643455720807
14.700000000000001	0.01245106286042146
14.71	0.012417595332714278
14.72	0.012384240415418201
14.73	0.012350997653509577
14.74	0.012317866594110482
14.75	0.01228484678647723
14.76	0.012251937781988749
14.77	0.012219139134135304
14.780000000000001	0.012186450398507034
14.790000000000001	0.012153871132782722
14.8	0.012121400896718556
14.81	0.012089039252136936
14.82	0.012056785762915497
14.83	0.012024639994975979
14.84	0.011992601516273328
14.85	0.011960669896784827
14.86	0.011928844708499238
14.870000000000001	0.011897125525406057
14.88	0.011865511923484867
14.89	0.01183400348069465
14.9	0.011802599776963263
14.91	0.01177130039417692
14.92	0.011740104916169806
14.93	0.011709012928713632
14.94	0.01167802401950735
14.950000000000001	0.01164713777816696
14.96	0.011616353796215244
14.97	0.01158567166707167
14.98	0.011555090986042342
14.99	0.01152461135030998
15.	0.011494232358923965
15.01	0.011463953612790465
15.02	0.011433774714662604
15.030000000000001	0.011403695269130699
15.040000000000001	0.011373714882612537
15.05	0.011343833163343715
15.06	0.011314049721368083
15.07	0.01128436416852814
15.08	0.011254776118455621
15.09	0.011225285186562016
15.1	0.011195890990029241
15.11	0.01116659314780028
15.120000000000001	0.01113739128056997
15.13	0.011108285010775763
15.14	0.011079273962588588
15.15	0.01105035776190376
15.16	0.011021536036331915
15.17	0.010992808415190057
15.18	0.010964174529492571
15.19	0.010935634011942417
15.200000000000001	0.010907186496922187
15.21	0.01087883162048543
15.22	0.010850569020347882
15.23	0.010822398335878763
15.24	0.010794319208092207
15.25	0.01076633127963863
15.26	0.010738434194796247
15.27	0.010710627599462586
15.280000000000001	0.010682911141146051
15.290000000000001	0.010655284468957558
15.3	0.010627747233602191
15.31	0.010600299087370958
15.32	0.010572939684132534
15.33	0.010545668679325071
15.34	0.010518485729948098
15.35	0.010491390494554376
15.36	0.010464382633241957
15.370000000000001	0.010437461807646074
15.38	0.010410627680931293
15.39	0.010383879917783532
15.4	0.010357218184402274
15.41	0.010330642148492719
15.42	0.010304151479258042
15.43	0.010277745847391648
15.44	0.010251424925069528
15.450000000000001	0.01022518838594261
15.46	0.010199035905129192
15.47	0.01017296715920737
15.48	0.010146981826207586
15.49	0.010121079585605128
15.5	0.010095260118312759
15.51	0.01006952310667331
15.52	0.010043868234452373
15.530000000000001	0.01001829518683104
15.540000000000001	0.009992803650398617
15.55	0.009967393313145462
15.56	0.009942063864455798
15.57	0.009916814995100613
15.58	0.009889353825795323
15.59	0.009861858882337093
15.6	0.0098344579390335
15.610000000000001	0.009807150614567486
15.620000000000001	0.009779936529411677
15.63	0.009752815305818884
15.64	0.009725786567812594
15.65	0.009698849941177541
15.66	0.009672005053450375
15.67	0.009645251533910316
15.68	0.009618589013569897
15.69	0.009592017125165784
15.700000000000001	0.009565535503149595
15.71	0.009539143783678842
15.72	0.009512841604607868
15.73	0.009486628605478864
15.74	0.009460504427512948
15.75	0.009434468713601258
15.76	0.009408521108296168
15.77	0.009382661257802483
15.780000000000001	0.009356888809968695
15.790000000000001	0.009331203414278363
15.8	0.009305604721841469
15.81	0.00928009238538584
15.82	0.009254666059248625
15.83	0.009229325399367846
15.84	0.009204070063273978
15.85	0.009178899710081546
15.860000000000001	0.009153814000480869
15.870000000000001	0.0091288125967297
15.88	0.009103895162645101
15.89	0.009079061363595183
15.9	0.009054310866491054
15.91	0.009029643339778666
15.92	0.009005058453430836
15.93	0.008980555878939265
15.94	0.008956135289306546
15.950000000000001	0.008931796359038346
15.96	0.008907538764135494
15.97	0.008883362182086229
15.98	0.008859266291858422
15.99	0.008835250773891865
16.	0.008811315310090636
16.01	0.00878745958381544
16.02	0.008763683279876073
16.03	0.008739986084523872
16.04	0.008716367685444213
16.05	0.008692827771749095
16.06	0.00866936603396973
16.07	0.008645982164049186
16.080000000000002	0.008622675855335086
16.09	0.008599446802572283
16.1	0.008576294701895712
16.11	0.008553219250823148
16.12	0.008530220148248058
16.13	0.008507297094432525
16.14	0.008484449791000161
16.15	0.008461677940929096
16.16	0.00843898124854499
16.17	0.008416359419514099
16.18	0.00839381216083635
16.19	0.008371339180838508
16.2	0.008348940189167346
16.21	0.008326614896782842
16.22	0.00830436301595144
16.23	0.00828218426023938
16.240000000000002	0.008260078344505982
16.25	0.00823804498489704
16.26	0.008216083898838223
16.27	0.00819419480502855
16.28	0.008172377423433828
16.29	0.008150631475280203
16.3	0.008128956683047727
16.31	0.008107352770463917
16.32	0.008085819462497425
16.330000000000002	0.008064356485351682
16.34	0.00804296356645864
16.35	0.008021640434472446
16.36	0.008000386819263273
16.37	0.007979202451911123
16.38	0.007958087064699668
16.39	0.007937040391110109
16.4	0.007916062165815144
16.41	0.007895152124672877
16.42	0.00787431000472081
16.43	0.007853535544169883
16.44	0.007832828482398517
16.45	0.007812188559946687
16.46	0.007791615518510058
16.47	0.007771109100934163
16.48	0.007750669051208521
16.490000000000002	0.007730295114460936
16.5	0.007709987036951709
16.51	0.007689744566067925
16.52	0.007669567450317784
16.53	0.00764945543932492
16.54	0.00762940828382284
16.55	0.007609425735649281
16.56	0.007589507547740686
16.57	0.007569653474126668
16.580000000000002	0.007549863269924519
16.59	0.007530136691333758
16.6	0.007510473495630693
16.61	0.007490873441163
16.62	0.007471336287344398
16.63	0.007451861794649265
16.64	0.007432449724607354
16.65	0.007413099839798512
16.66	0.007393811903847394
16.67	0.007374585681418304
16.68	0.00735542093820995
16.69	0.007335245109150212
16.7	0.007314387282829247
16.71	0.007293601198666183
16.72	0.0072728865671857585
16.73	0.007252243100252847
16.740000000000002	0.007231670511065496
16.75	0.007211168514147928
16.76	0.007190736825343633
16.77	0.007170375161808525
16.78	0.007150083242004035
16.79	0.007129860785690374
16.8	0.007109707513919719
16.81	0.007089623149029571
16.82	0.007069607414635971
16.830000000000002	0.007049660035626946
16.84	0.007029780738155851
16.85	0.007009969249634816
16.86	0.006990225298728236
16.87	0.006970548615346253
16.88	0.006950938930638321
16.89	0.006931395976986772
16.9	0.006911919488000465
16.91	0.00689250919850843
16.92	0.006873164844553531
16.93	0.006853886163386247
16.94	0.0068346728934584175
16.95	0.0068155247744170365
16.96	0.006796441547098099
16.97	0.00677742295352047
16.98	0.006758468736879797
16.990000000000002	0.006739578641542457
17.	0.006720752413039529
17.01	0.006701989798060796
17.02	0.006683290544448819
17.03	0.006664654401192985
17.04	0.006646081118423667
17.05	0.006627570447406308
17.06	0.006609122140535669
17.07	0.006590735951329994
17.080000000000002	0.006572411634425294
17.09	0.0065541489455696045
17.1	0.006535947641617303
17.11	0.006517807480523471
17.12	0.006499728221338244
17.13	0.0064817096242012415
17.14	0.0064637514503360135
17.150000000000002	0.006445853462044496
17.16	0.006428015422701521
17.17	0.006410237096749364
17.18	0.006392518249692294
17.19	0.006374858648091188
17.2	0.00635725805955814
17.21	0.006339716252751149
17.22	0.006322232997368765
17.23	0.006304808064144855
17.240000000000002	0.006287441224843308
17.25	0.006270132252252852
17.26	0.006252880920181835
17.27	0.006235687003453076
17.28	0.006218550277898723
17.29	0.006201470520355158
17.3	0.0061844475086579075
17.31	0.006167481021636606
17.32	0.00615057083910998
17.330000000000002	0.006133716741880839
17.34	0.006116918511731138
17.35	0.006100175931417018
17.36	0.006083488784663917
17.37	0.006066856856161681
17.38	0.0060502799315597135
17.39	0.0060337577974621534
17.400000000000002	0.006017290241423066
17.41	0.006000877051941703
17.42	0.00598451801845769
17.43	0.005968212931346413
17.44	0.00595196158191422
17.45	0.005935763762393825
17.46	0.005919619265939641
17.47	0.0059035278866231685
17.48	0.005887489419428414
17.490000000000002	0.005871503660247323
17.5	0.005855570405875252
17.51	0.005839689454006443
17.52	0.005823860603229544
17.53	0.00580808365302314
17.54	0.005792358403751343
17.55	0.0057766846566593205
17.56	0.005761062213869008
17.57	0.005745490878374626
17.580000000000002	0.00572997045403843
17.59	0.005714500745586357
17.6	0.005699081558603742
17.61	0.005683712699531053
17.62	0.005668393975659636
17.63	0.005653125195127521
17.64	0.005637906166915185
17.650000000000002	0.005622736700841411
17.66	0.0056076166075591325
17.67	0.005592545698551283
17.68	0.005577523786126716
17.69	0.0055625506834161035
17.7	0.005547626204367903
17.71	0.005532750163744288
17.72	0.005517922377117144
17.73	0.005503142660864084
17.740000000000002	0.00548841083216446
17.75	0.005473726708995436
17.76	0.005459090110128032
17.77	0.005444500855123245
17.78	0.005429958764328139
17.79	0.005415463658871998
17.8	0.005401015360662476
17.81	0.005386613692381776
17.82	0.0053722584774828445
17.830000000000002	0.005357949540185608
17.84	0.005343686705473197
17.85	0.005329469799088208
17.86	0.0053152986475289935
17.87	0.005301173078045956
17.88	0.005286710203991315
17.89	0.005271232313691205
17.900000000000002	0.005255808349308437
17.91	0.005240438092992888
17.92	0.005225121327895423
17.93	0.005209857838162776
17.94	0.0051946474089323924
17.95	0.005179489826327357
17.96	0.0051643848774513106
17.97	0.00514933235038343
17.98	0.005134332034173392
17.990000000000002	0.005119383718836417
18.	0.0051044871953483065
18.01	0.005089642255640513
18.02	0.005074848692595257
18.03	0.005060106300040642
18.04	0.005045414872745833
18.05	0.005030774206416223
18.06	0.005016184097688665
18.07	0.005001644344126683
18.080000000000002	0.004987154744215785
18.09	0.004972715097358711
18.1	0.004958325203870797
18.11	0.004943984864975279
18.12	0.004929693882798697
18.13	0.004915452060366289
18.14	0.004901259201597412
18.150000000000002	0.004887115111300989
18.16	0.004873019595170999
18.17	0.004858972459781978
18.18	0.0048449735125845285
18.19	0.0048310225619009025
18.2	0.004817119416920538
18.21	0.004803263887695716
18.22	0.004789455785137142
18.23	0.004775694921009614
18.240000000000002	0.004761981107927715
18.25	0.004748314159351484
18.26	0.004734693889582168
18.27	0.00472112011375795
18.28	0.004707592647849733
18.29	0.004694111308656938
18.3	0.004680675913803306
18.31	0.004667286281732787
18.32	0.004653942231705337
18.330000000000002	0.004640643583792863
18.34	0.004627390158875114
18.35	0.0046141817786356214
18.36	0.004601018265557649
18.37	0.004587899442920186
18.38	0.004574825134793944
18.39	0.004561795166037365
18.400000000000002	0.004548809362292704
18.41	0.004535867549982065
18.42	0.00452296955630351
18.43	0.004510115209227159
18.44	0.004497304337491347
18.45	0.004484536770598757
18.46	0.00447181233881259
18.47	0.0044591308731528004
18.48	0.0044464922053922724
18.490000000000002	0.004433896168053092
18.5	0.004421342594402789
18.51	0.00440883131845063
18.52	0.00439636217494391
18.53	0.004383934999364282
18.54	0.004371549627924096
18.55	0.004359205897562771
18.56	0.0043469036459431575
18.57	0.004334642711447969
18.580000000000002	0.004322422933176181
18.59	0.004310244150939481
18.6	0.004298106205258733
18.61	0.004286008937360457
18.62	0.0042739521891733325
18.63	0.0042619358033247085
18.64	0.0042499596231371645
18.650000000000002	0.004238023492625039
18.66	0.004226127256491031
18.67	0.004214270760122782
18.68	0.004202453849589495
18.69	0.0041906763716385706
18.7	0.004178938173692244
18.71	0.004167239103844287
18.72	0.004155579010856655
18.73	0.004143957744156217
18.740000000000002	0.004132375153831478
18.75	0.004120831090629313
18.76	0.004109325405951736
18.77	0.0040978579518526695
18.78	0.004086428581034746
18.79	0.004075037146846113
18.8	0.004063683503277264
18.81	0.004052367504957891
18.82	0.004041089007153742
18.830000000000002	0.004029847865763505
18.84	0.0040186439373157195
18.85	0.004007477078965651
18.86	0.0039963471484922705
18.87	0.003985254004295175
18.88	0.003974197505391557
18.89	0.003963177511413188
18.900000000000002	0.003952193882603419
18.91	0.003941246479814183
18.92	0.003930335164503044
18.93	0.003919459798730221
18.94	0.003908620245155661
18.95	0.0038978163670361273
18.96	0.003887048028222265
18.97	0.0038763150931557335
18.98	0.0038656174268663383
18.990000000000002	0.0038549548949691394
19.	0.003844327363661637
19.01	0.0038337346997209276
19.02	0.003823176770500887
19.03	0.0038126534439293916
19.04	0.003802164588505511
19.05	0.003791710073296756
19.06	0.0037812897679363167
19.07	0.003770903542620325
19.080000000000002	0.0037605512681051353
19.09	0.0037502328157046
19.1	0.003739948057287394
19.11	0.003729696865274323
19.12	0.0037194791126356585
19.13	0.003709294672888486
19.14	0.0036991434200940635
19.150000000000002	0.003689025228855204
19.16	0.0036785484165871313
19.17	0.0036675371415251326
19.18	0.0036565645440931748
19.19	0.0036456304683747656
19.2	0.0036347347591627233
19.21	0.0036238772619555768
19.22	0.0036130578229539947
19.23	0.0036022762890572262
19.240000000000002	0.0035915325078595753
19.25	0.0035808263276468915
19.26	0.0035701575973930513
19.27	0.0035595261667565013
19.28	0.0035489318860768026
19.29	0.0035383746063711876
19.3	0.0035278541793311415
19.31	0.0035173704573190105
19.32	0.003506923293364618
19.330000000000002	0.003496512541161905
19.34	0.003486138055065583
19.35	0.0034757996900878106
19.36	0.0034654973018948963
19.37	0.0034552307468040063
19.38	0.003444999881779899
19.39	0.0034348045644316603
19.400000000000002	0.0034246446530094895
19.41	0.0034145200064014743
19.42	0.0034044304841303946
19.43	0.0033943759463505446
19.44	0.003384356253844563
19.45	0.003374371268020313
19.46	0.003364420850907723
19.47	0.0033545048651556944
19.48	0.0033446231740290027
19.490000000000002	0.0033347756414052318
19.5	0.003324962131771705
19.51	0.003315182510222442
19.52	0.00330543664245515
19.53	0.0032957243947681876
19.54	0.003286045634057599
19.55	0.0032764002278141214
19.56	0.00326678804412023
19.57	0.0032572089516472048
19.580000000000002	0.0032476628196521796
19.59	0.0032381495179752665
19.6	0.0032286689170366277
19.61	0.00321922088783361
19.62	0.00320980530193788
19.63	0.003200422031492584
19.64	0.0031910709492095025
19.650000000000002	0.003181751928366242
19.66	0.003172464842803431
19.67	0.003163209566921933
19.68	0.0031539859756800777
19.69	0.0031447939445909093
19.7	0.0031356333497194327
19.71	0.0031265040676798908
19.72	0.0031174059756330797
19.73	0.00310833895128361
19.740000000000002	0.003099302872877256
19.75	0.003090297619198275
19.76	0.003081323069566761
19.77	0.003072379103836004
19.78	0.003063465602389864
19.79	0.003054582446140168
19.8	0.003045729516524104
19.81	0.0030369066955016517
19.82	0.003028113865553003
19.830000000000002	0.0030193509096760264
19.84	0.003010617711383696
19.85	0.0030019141547015984
19.86	0.0029932401241654113
19.87	0.0029845955048183877
19.88	0.002975980182208891
19.89	0.0029673940423879117
19.900000000000002	0.0029588369719066145
19.91	0.002950308857813889
19.92	0.0029418095876539247
19.93	0.0029333390494637834
19.94	0.002924897131770991
19.95	0.002916483723591163
19.96	0.0029080987144256016
19.97	0.0028997419942589377
19.98	0.0028914134535567757
19.990000000000002	0.002883112983263372
20.	0.0028748404747992564
20.01	0.0028665958200589617
20.02	0.002858378911408702
20.03	0.0028501896416840743
20.04	0.0028420279041877898
20.05	0.0028338935926873984
20.06	0.002825786601413039
20.07	0.0028177068250551927
20.080000000000002	0.002809654158762446
20.09	0.002801628498139286
20.1	0.0027936297392438716
20.11	0.0027856577785858546
20.12	0.0027777125131242036
20.13	0.0027697938402649947
20.14	0.002761901657859287
20.150000000000002	0.0027540358642009575
20.16	0.0027461963580245664
20.17	0.0027383830385032237
20.18	0.0027305958052464842
20.19	0.0027228345582982426
20.2	0.0027150991981346297
20.21	0.0027073896256619347
20.22	0.002699705742214544
20.23	0.0026920474495528706
20.240000000000002	0.002684414649861308
20.25	0.002676807245746197
20.26	0.002669225140233794
20.27	0.0026616682367682494
20.28	0.002654136439209612
20.29	0.002646629651831831
20.3	0.0026391477793207617
20.31	0.00263169072677221
20.32	0.0026242583996899443
20.330000000000002	0.0026168507039837714
20.34	0.0026094675459675653
20.35	0.002602108832357349
20.36	0.002594774470269376
20.37	0.0025874643672181975
20.38	0.0025801784311147873
20.39	0.0025729165702646304
20.400000000000002	0.002565678693365846
20.41	0.0025584647095073156
20.42	0.002551274528166818
20.43	0.002544108059209177
20.44	0.0025369652128844223
20.45	0.0025298458998259505
20.46	0.0025227500310487016
20.47	0.002515677517947353
20.48	0.0025086282722944974
20.490000000000002	0.0025016022062388688
20.5	0.0024945992323035376
20.51	0.002487619263384146
20.52	0.002480662212747134
20.53	0.0024734920067900337
20.54	0.0024659999499534136
20.55	0.0024585342162039853
20.56	0.0024510947003146297
20.57	0.002443681297529759
20.580000000000002	0.002436293903562977
20.59	0.0024289324145947556
20.6	0.0024215967272701176
20.61	0.002414286738696327
20.62	0.002407002346440614
20.63	0.002399743448527878
20.64	0.0023925099434384373
20.650000000000002	0.002385301730105767
20.66	0.002378118707914271
20.67	0.0023709607766970336
20.68	0.002363827836733618
20.69	0.002356719788747856
20.7	0.002349636533905656
20.71	0.002342577973812824
20.72	0.0023355440105128924
20.73	0.0023285345464849638
20.740000000000002	0.002321549484641562
20.75	0.0023145887283265096
20.76	0.0023076521813127815
20.77	0.002300739747800426
20.78	0.0022938513324144354
20.79	0.0022869868402026804
20.8	0.002280146176633818
20.81	0.0022733292475952327
20.82	0.0022665359593909812
20.830000000000002	0.002259766218739743
20.84	0.002253019932772799
20.85	0.002246297009032001
20.86	0.0022395973554677553
20.87	0.002232920880437046
20.88	0.002226267492701419
20.89	0.002219637101425015
20.900000000000002	0.002213029616172602
20.91	0.0022064449469076223
20.92	0.0021998830039902297
20.93	0.002193343698175375
20.94	0.0021868269406108594
20.95	0.002180332642835431
20.96	0.002173860716776876
20.97	0.0021674110747501203
20.98	0.0021609836294553524
20.990000000000002	0.0021545782939761324
21.	0.0021481949817775516
21.01	0.0021418336067043535
21.02	0.0021354940829790958
21.03	0.0021291763252003215
21.04	0.0021228802483407297
21.05	0.002116605767745355
21.06	0.0021103527991297643
21.07	0.002104121258578268
21.080000000000002	0.002097911062542115
21.09	0.002091722127837734
21.1	0.0020855543716449517
21.11	0.002079407711505243
21.12	0.0020732820653199674
21.13	0.002067177351348658
21.14	0.002061093488207258
21.150000000000002	0.0020550303948664115
21.16	0.0020489879906497614
21.17	0.0020429661952322295
21.18	0.002036964928638331
21.19	0.002030984111240487
21.2	0.0020250236637573485
21.21	0.0020190835072521284
21.22	0.002013163563130941
21.23	0.00200726375314115
21.240000000000002	0.00200138399936974
21.25	0.001995524224241659
21.26	0.0019896843505182184
21.27	0.001983864301295472
21.28	0.001978064000002593
21.29	0.001972283370400294
21.3	0.001966522336579227
21.31	0.0019607808229584077
21.32	0.0019550587542836373
21.330000000000002	0.0019493560556259363
21.34	0.0019436726523799925
21.35	0.0019380084702626057
21.36	0.0019323634353111574
21.37	0.0019267374738820653
21.38	0.001921130512649263
21.39	0.0019155424786026888
21.400000000000002	0.0019099732990467777
21.41	0.0019044229015989472
21.42	0.0018988912141881195
21.43	0.0018933781650532278
21.44	0.0018878836827417402
21.45	0.0018824076961082006
21.46	0.0018769501343127411
21.47	0.0018715109268196612
21.48	0.0018660900033959564
21.490000000000002	0.0018606872941098827
21.5	0.0018553027293295382
21.51	0.0018499362397214223
21.52	0.0018445877562490312
21.53	0.0018392572101714392
21.54	0.0018339445330419091
21.55	0.0018286496567064816
21.56	0.0018233725133026013
21.57	0.0018181130352577276
21.580000000000002	0.0018128711552879671
21.59	0.001807646806396705
21.6	0.0018024399218732451
21.61	0.0017972504352914652
21.62	0.001792078280508463
21.63	0.0017869233916632235
21.64	0.0017817857031752794
21.650000000000002	0.0017766651497434056
21.66	0.0017715616663442862
21.67	0.0017664751882312125
21.68	0.0017614056509327666
21.69	0.0017563529902515432
21.7	0.0017513171422628474
21.71	0.0017462980433134109
21.72	0.0017412956300201224
21.73	0.0017363098392687531
21.740000000000002	0.0017313406082126914
21.75	0.0017263878742716917
21.76	0.001721451575130613
21.77	0.0017165316487381872
21.78	0.0017116280333057704
21.79	0.001706740667306123
21.8	0.0017018694894721728
21.81	0.0016970144387958035
21.82	0.0016921754545266429
21.830000000000002	0.0016873524761708474
21.84	0.001682545443489916
21.85	0.001677754296499481
21.86	0.001672978975468135
21.87	0.0016682194209162368
21.88	0.001663475573614745
21.89	0.0016587473745840414
21.900000000000002	0.0016540347650927708
21.91	0.0016493376866566854
21.92	0.0016446560810374842
21.93	0.0016399898902416793
21.94	0.0016353390565194503
21.95	0.001630703522363505
21.96	0.0016260832305079556
21.97	0.0016214781239272027
21.98	0.001616888145834805
21.990000000000002	0.001612313239682378
22.	0.0016076337086478158
22.01	0.0016028918411938788
22.02	0.0015981661047295016
22.03	0.0015934564370916576
22.04	0.0015887627763849453
22.05	0.0015840850609802988
22.06	0.001579423229513728
22.07	0.0015747772208850618
22.080000000000002	0.0015701469742566928
22.09	0.001565532429052329
22.1	0.001560933524955752
22.11	0.0015563502019095914
22.12	0.0015517824001140914
22.13	0.0015472300600258906
22.14	0.001542693122356802
22.150000000000002	0.0015381715280726282
22.16	0.001533665218391924
22.17	0.0015291741347848277
22.18	0.001524698218971864
22.19	0.001520237412922753
22.2	0.0015157916588552497
22.21	0.001511360899233952
22.22	0.001506945076769156
22.23	0.0015025441344156782
22.240000000000002	0.001498158015371721
22.25	0.0014937866630777093
22.26	0.0014894300212151565
22.27	0.0014850880337055324
22.28	0.0014807606447091286
22.29	0.0014764477986239342
22.3	0.0014721494400845249
22.31	0.0014678655139609407
22.32	0.0014635959653575901
22.330000000000002	0.0014593407396121417
22.34	0.0014550997822944292
22.35	0.0014508730392053706
22.36	0.0014466604563758757
22.37	0.0014424619800657674
22.38	0.0014382775567627173
22.39	0.001434107133181171
22.400000000000002	0.0014299506562612861
22.41	0.0014258080731678838
22.42	0.0014216793312893895
22.43	0.001417564378236791
22.44	0.0014134631618425988
22.45	0.0014093756301598091
22.46	0.0014053017314608783
22.47	0.0014012414142366904
22.48	0.001397194627195551
22.490000000000002	0.001393161319262161
22.5	0.0013891414395766136
22.51	0.001385134937493393
22.52	0.00138114176258037
22.53	0.001377161864617814
22.54	0.0013731951935973988
22.55	0.0013692416997212306
22.56	0.0013653013334008566
22.57	0.0013613740452563003
22.580000000000002	0.0013574597861150878
22.59	0.0013535585070112912
22.6	0.0013496701591845627
22.61	0.0013457946940791867
22.62	0.0013419320633431303
22.63	0.0013380822188270942
22.64	0.0013342451125835787
22.650000000000002	0.0013304206968659514
22.66	0.0013266089241275088
22.67	0.001322809747020558
22.68	0.0013190231183954995
22.69	0.0013152489912999043
22.7	0.0013114873189776046
22.71	0.0013077380548677893
22.72	0.001304001152604106
22.73	0.0013002765660137536
22.740000000000002	0.0012965642491165978
22.75	0.001292864156124285
22.76	0.0012891762414393478
22.77	0.0012855004596543358
22.78	0.001281836765550939
22.79	0.00127818511409911
22.8	0.0012745454604562094
22.81	0.0012709177599661344
22.82	0.0012673019681584724
22.830000000000002	0.0012636980407476333
22.84	0.0012601059336320123
22.85	0.0012565256028931428
22.86	0.0012529570047948562
22.87	0.001249400095782441
22.88	0.0012458548324818161
22.89	0.0012423211716987065
22.900000000000002	0.0012387990704178131
22.91	0.001235288485801995
22.92	0.001231789375191453
22.93	0.0012283016961029275
22.94	0.0012248254062288768
22.95	0.0012213604634366887
22.96	0.0012179068257678707
22.97	0.0012144644514372584
22.98	0.0012110332988322294
22.990000000000002	0.001207613326511905
23.	0.001204204493206382
23.01	0.0012008067578159363
23.02	0.0011974200794102662
23.03	0.001194044417227704
23.04	0.0011906797306744583
23.05	0.001187325979323848
23.06	0.0011839831229155389
23.07	0.0011806511213547958
23.080000000000002	0.0011773299347117181
23.09	0.0011740195232205054
23.1	0.0011707198472786962
23.11	0.0011674308674464414
23.12	0.0011641525444457562
23.13	0.0011608848391597947
23.14	0.0011576277126321107
23.150000000000002	0.0011543811260659388
23.16	0.001151145040823467
23.17	0.001147919418425118
23.18	0.0011447042205488336
23.19	0.001141499409029363
23.2	0.0011383049458575517
23.21	0.0011351207931796377
23.22	0.0011319469132965519
23.23	0.0011287832686632168
23.240000000000002	0.0011256298218878503
23.25	0.0011224865357312766
23.26	0.0011193533731062386
23.27	0.001116230297076712
23.28	0.0011131172708572239
23.29	0.001110014257812174
23.3	0.0011069212214551653
23.31	0.0011038381254483217
23.32	0.0011007649336016317
23.330000000000002	0.0010977016098722796
23.34	0.0010946481183639809
23.35	0.0010916044233263266
23.36	0.0010885704891541318
23.37	0.0010855462803867771
23.38	0.0010825317617075632
23.39	0.001079526897943069
23.400000000000002	0.0010765316540625033
23.41	0.0010735459951770727
23.42	0.0010705698865393334
23.43	0.0010676032935425803
23.44	0.0010646461817201906
23.45	0.0010616985167450188
23.46	0.0010587602644287636
23.47	0.0010558313907213458
23.48	0.0010529118617102955
23.490000000000002	0.001050001643620139
23.5	0.0010471007028117806
23.51	0.0010442090057819003
23.52	0.0010413265191623452
23.53	0.001038453209719529
23.54	0.0010355890443538302
23.55	0.001032733990098995
23.56	0.0010298880141215523
23.57	0.0010270816460489344
23.580000000000002	0.0010243534757351169
23.59	0.0010216337042171658
23.6	0.0010189223020951146
23.61	0.001016219240084306
23.62	0.001013524489014888
23.63	0.0010108380198313245
23.64	0.0010081598035918873
23.650000000000002	0.0010054898114681729
23.66	0.0010028280147446058
23.67	0.0010001743848179502
23.68	0.0009975288931968207
23.69	0.0009948915115012083
23.7	0.000992262211461983
23.71	0.000989640964920426
23.72	0.000987027743827747
23.73	0.0009844225202446102
23.740000000000002	0.0009818252663406604
23.75	0.000979235954394054
23.76	0.0009766545567909892
23.77	0.0009740810460252393
23.78	0.0009715153946976905
23.79	0.0009689575755158757
23.8	0.000966407561293522
23.81	0.0009638653249500857
23.82	0.0009613308395102998
23.830000000000002	0.0009588040781037254
23.84	0.000956285013964293
23.85	0.0009537736204298562
23.86	0.0009512698709417475
23.87	0.0009487737390443308
23.88	0.0009462851983845611
23.89	0.0009438042227115377
23.900000000000002	0.0009413307858760779
23.91	0.0009388648618302668
23.92	0.0009364064246270321
23.93	0.0009339554484197092
23.94	0.0009315119074616088
23.95	0.0009290757761055918
23.96	0.0009266470288036428
23.97	0.0009242256401064427
23.98	0.0009218115846629498
23.990000000000002	0.000919404837219979
24.	0.0009170053726217824
24.01	0.0009146131658096316
24.02	0.0009122281918214069
24.03	0.0009098504257911842
24.04	0.0009074798429488207
24.05	0.0009051164186195496
24.060000000000002	0.000902760128223575
24.07	0.0009004109472756621
24.080000000000002	0.0008980688513847388
24.09	0.0008957338162534911
24.1	0.0008934058176779696
24.11	0.0008910848315471843
24.12	0.0008887708338427159
24.13	0.0008864638006383202
24.14	0.0008841637080995332
24.150000000000002	0.0008818705324832865
24.16	0.0008795842501375162
24.17	0.0008773048375007752
24.18	0.0008750322711018532
24.19	0.0008727665275593904
24.2	0.000870507583581496
24.21	0.0008682554159653717
24.22	0.0008660100015969339
24.23	0.0008637713174504383
24.240000000000002	0.0008615393405881025
24.25	0.0008593140481597377
24.26	0.0008570954174023771
24.27	0.0008548834256399077
24.28	0.0008526780502827012
24.29	0.0008504792688272534
24.3	0.0008482870588558131
24.310000000000002	0.0008461013980360295
24.32	0.0008439222641205837
24.330000000000002	0.0008417496349468332
24.34	0.0008395834884364572
24.35	0.0008374238025950984
24.36	0.0008352705555120098
24.37	0.0008331237253597057
24.38	0.0008309832903936068
24.39	0.0008288492289516933
24.400000000000002	0.0008267215194541604
24.41	0.000824600140403068
24.42	0.0008224850703820005
24.43	0.0008203762880557203
24.44	0.0008182737721698366
24.45	0.0008161775015504534
24.46	0.0008140874551038381
24.47	0.0008120036118160888
24.48	0.0008099259507527934
24.490000000000002	0.000807854451058699
24.5	0.0008057890919573833
24.51	0.0008037298527509204
24.52	0.0008016767128195553
24.53	0.000799629651621373
24.54	0.0007975886486919779
24.55	0.0007955536836441693
24.560000000000002	0.0007935247361676118
24.57	0.0007915017860285274
24.580000000000002	0.0007894848130693638
24.59	0.0007874737972084809
24.6	0.0007854687184398364
24.61	0.0007834695568326672
24.62	0.000781476292531178
24.63	0.0007794889057542269
24.64	0.0007775073767950188
24.650000000000002	0.0007755316860207892
24.66	0.0007735618138725018
24.67	0.00077159774086454
24.68	0.0007696394475844033
24.69	0.0007676869146923981
24.7	0.0007657401229213416
24.71	0.0007637990530762604
24.72	0.0007618636860340841
24.73	0.0007599340027433542
24.740000000000002	0.0007580099842239257
24.75	0.0007560916115666674
24.76	0.0007541788659331718
24.77	0.0007522717285554624
24.78	0.0007503701807356984
24.79	0.0007484742038458884
24.8	0.0007465837793275977
24.810000000000002	0.0007446988886916656
24.82	0.000742819513517913
24.830000000000002	0.0007409456354548625
24.84	0.0007390772362194528
24.85	0.0007372142975967541
24.86	0.0007353568014396918
24.87	0.0007335047296687603
24.88	0.0007316580642717507
24.89	0.0007298167873034703
24.900000000000002	0.0007279808808854631
24.91	0.0007261503272057426
24.92	0.0007243251085185136
24.93	0.0007225052071438974
24.94	0.0007206906054676666
24.95	0.0007188812859409701
24.96	0.0007170772310800666
24.97	0.0007152784234660561
24.98	0.0007134848457446168
24.990000000000002	0.0007116964806257356
25.	0.0007099133108834455
25.01	0.0007081353193555642
25.02	0.0007063624889434315
25.03	0.0007045948026116494
25.04	0.0007028322433878225
25.05	0.0007010747943623008
25.060000000000002	0.0006993224386879209
25.07	0.0006975751595797531
25.080000000000002	0.0006958329403148426
25.09	0.0006940957642319612
25.1	0.000692363614731351
25.11	0.0006906364752744773
25.12	0.0006889143293837721
25.13	0.0006871971606423928
25.14	0.0006854849526939674
25.150000000000002	0.0006837776892423539
25.16	0.0006820753540513916
25.17	0.0006803779309446531
25.18	0.0006786854038052099
25.19	0.0006769977565753813
25.2	0.0006753149732564997
25.21	0.0006736370379086644
25.22	0.0006719639346505073
25.23	0.0006702956476589521
25.240000000000002	0.0006686321611689819
25.25	0.0006669734594733948
25.26	0.0006656701547095225
25.27	0.0006644828361549059
25.28	0.0006632981038577745
25.29	0.0006621159511649502
25.3	0.0006609363714429918
25.310000000000002	0.000659759358078128
25.32	0.000658584904476191
25.330000000000002	0.0006574130040625522
25.34	0.0006562436502820553
25.35	0.0006550768365989509
25.36	0.0006539125564968322
25.37	0.0006527508034785711
25.38	0.0006515915710662508
25.39	0.0006504348528011042
25.400000000000002	0.0006492806422434475
25.41	0.000648128932972618
25.42	0.0006469797185869097
25.43	0.0006458329927035112
25.44	0.0006446887489584394
25.45	0.00064354698100648
25.46	0.0006424076825211248
25.47	0.0006412708471945043
25.48	0.0006401364687373312
25.490000000000002	0.000639004540878837
25.5	0.0006378750573667078
25.51	0.0006367480119670256
25.52	0.000635623398464206
25.53	0.0006345012106609357
25.54	0.0006333814423781153
25.55	0.0006322640874547927
25.560000000000002	0.0006311491397481103
25.57	0.0006300365931332377
25.580000000000002	0.0006289264415033171
25.59	0.0006278186787694012
25.6	0.0006267132988603915
25.61	0.0006256102957229847
25.62	0.0006245096633216081
25.63	0.0006234113956383646
25.64	0.0006223154866729709
25.650000000000002	0.0006212219304427015
25.66	0.0006201307209823302
25.67	0.0006190418523440714
25.68	0.000617955318597522
25.69	0.0006168711138296039
25.7	0.0006157892321445096
25.71	0.0006147096676636395
25.72	0.0006136324145255504
25.73	0.0006125574668858964
25.740000000000002	0.0006114848189173718
25.75	0.0006104144648096553
25.76	0.0006093463987693555
25.77	0.0006082806150199525
25.78	0.0006072171078017442
25.79	0.00060615587137179
25.8	0.0006050969000038556
25.810000000000002	0.0006040401879883584
25.82	0.0006029857296323106
25.830000000000002	0.0006019335192592697
25.84	0.0006008835512092757
25.85	0.0005998358198388069
25.86	0.0005987903195207174
25.87	0.0005977470446441868
25.88	0.0005967059896146679
25.89	0.0005956671488538295
25.900000000000002	0.0005946305167995081
25.91	0.000593596087905649
25.92	0.000592563856642259
25.93	0.0005915338174953498
25.94	0.0005905059649668867
25.95	0.0005894802935747382
25.96	0.0005884567978526201
25.97	0.0005874354723500478
25.98	0.0005864163116322805
25.990000000000002	0.0005853993102802738
26.	0.0005843844628906242
26.01	0.0005833717640755216
26.02	0.0005823612084626969
26.03	0.0005813527906953687
26.04	0.0005803465054321985
26.05	0.0005793423473472343
26.060000000000002	0.0005783403111298636
26.07	0.000577340391484764
26.080000000000002	0.0005763425831318501
26.09	0.0005753468808062282
26.1	0.0005743532792581408
26.11	0.0005733617732529235
26.12	0.0005723723575709539
26.13	0.0005713850270076011
26.14	0.0005703997763731761
26.150000000000002	0.0005694166004928872
26.16	0.0005684354942067884
26.17	0.0005674564523697322
26.18	0.0005664794698513217
26.19	0.0005655045415358614
26.2	0.0005645316623223117
26.21	0.0005635608271242383
26.22	0.0005625920308697694
26.23	0.000561625268501543
26.240000000000002	0.0005606605349766632
26.25	0.0005596978252666547
26.26	0.0005587371343574112
26.27	0.0005577784572491536
26.28	0.0005568217889563817
26.29	0.0005558671245078273
26.3	0.0005549144589464094
26.310000000000002	0.0005539637873291882
26.32	0.0005530151047273193
26.330000000000002	0.000552068406226008
26.34	0.0005511236869244627
26.35	0.0005501809419358529
26.36	0.0005492401663872608
26.37	0.0005483013554196381
26.38	0.0005473645041877617
26.39	0.0005464296078601874
26.400000000000002	0.0005454966616192076
26.41	0.0005445656606608063
26.42	0.000543636600194613
26.43	0.0005427094754438624
26.44	0.0005417842816453478
26.45	0.0005408610140493793
26.46	0.0005399396679197384
26.47	0.0005390202385336373
26.48	0.0005381027211816729
26.490000000000002	0.0005371871111677873
26.5	0.0005362734038092201
26.51	0.0005353615944364704
26.52	0.0005344516783932536
26.53	0.0005335436510364549
26.54	0.0005326375077360926
26.55	0.000531733243875272
26.560000000000002	0.0005308308548501465
26.57	0.0005299303360698726
26.580000000000002	0.000529031682956571
26.59	0.000528134890945285
26.6	0.000527239955483936
26.61	0.000526346872033288
26.62	0.0005254556360669
26.63	0.0005245662430710901
26.64	0.0005236786885448932
26.650000000000002	0.0005227929680000194
26.66	0.0005219090769608164
26.67	0.0005210270109642235
26.68	0.0005201467655597398
26.69	0.0005192683363093763
26.7	0.0005183917187876203
26.71	0.0005175169085813948
26.72	0.000516643901290019
26.73	0.0005157726925251691
26.740000000000002	0.0005149032779108377
26.75	0.0005140356530832949
26.76	0.0005131698136910524
26.77	0.0005123057553948196
26.78	0.0005114434738674687
26.79	0.0005105829647939945
26.8	0.0005097242238714753
26.810000000000002	0.0005088672468090382
26.82	0.0005080120293278149
26.830000000000002	0.0005071585671609085
26.84	0.000506306856053354
26.85	0.0005054568917620796
26.86	0.0005046086700558714
26.87	0.0005037621867153333
26.88	0.0005029174375328508
26.89	0.0005020744183125538
26.900000000000002	0.0005012331248702792
26.91	0.0005003935530335341
26.92	0.0004995556986414595
26.93	0.0004987195575447909
26.94	0.0004978851256058264
26.95	0.0004970523986983855
26.96	0.0004962213727077744
26.97	0.0004953920435307529
26.98	0.000494564407075493
26.990000000000002	0.0004937384592615448
27.	0.0004953276111712459
27.01	0.0005009710173735539
27.02	0.000506676595707003
27.03	0.0005124450077171407
27.04	0.0005182769217400142
27.05	0.0005241730129693267