0.01	3.268747188978125
0.02	2.176940484850109
0.03	1.789332480938339
0.04	1.5920514542097994
0.05	1.4685231912510623
0.06	1.3866486239849805
0.07	1.3308106346899617
0.08	1.2882704101630793
0.09	1.254230439482859
0.1	1.226509939751172
0.11	1.2038447879549672
0.12	1.185468089766503
0.13	1.1692687491401645
0.14	1.1545442494298312
0.15	1.1408581731003717
0.16	1.1277736197579795
0.17	1.115622143384532
0.18	1.1043300304070307
0.19	1.0937538189014016
0.2	1.0833917107155084
0.21	1.073289408492779
0.22	1.0637448954580422
0.23	1.0540881456086812
0.24	1.0446247453350062
0.25	1.0356275538974733
0.26	1.0269211807445444
0.27	1.0183756540259514
0.28	1.0102082293010723
0.29	1.0023895418554885
0.3	0.9943550287060923
0.31	0.9862288686266671
0.32	0.9784240113612381
0.33	0.9709182912723954
0.34	0.9635564949308295
0.35000000000000003	0.9559186703846142
0.36	0.9485540373160308
0.37	0.941445632670499
0.38	0.9345779695056103
0.39	0.9277725072773552
0.4	0.9204897418565621
0.41000000000000003	0.9134418875187714
0.42	0.9066159087071592
0.43	0.8999997819322406
0.44	0.8935823958069578
0.45	0.8870863862975281
0.46	0.8804416735226942
0.47000000000000003	0.8739880495205601
0.48	0.8677161252909826
0.49	0.8616171566138688
0.5	0.8556829876775274
0.51	0.8499060006509532
0.52	0.8438029289782245
0.53	0.8377664223397056
0.54	0.8318847375380227
0.55	0.8261511451617438
0.56	0.8205593238983635
0.5700000000000001	0.8151033290221114
0.58	0.8097775638191939
0.59	0.8044551623017608
0.6	0.7989066656790768
0.61	0.7934872108887313
0.62	0.7881917540605863
0.63	0.7830155257744412
0.64	0.77795401205239
0.65	0.7730029369410335
0.66	0.768158246528407
0.67	0.7634160942576903
0.68	0.7585028569338644
0.6900000000000001	0.7534760908415563
0.7000000000000001	0.7485542537883063
0.71	0.7437337028175117
0.72	0.7390109704782547
0.73	0.7343827540729057
0.74	0.7298459057003887
0.75	0.7253974230263733
0.76	0.721034440718426
0.77	0.7167542224901632
0.78	0.7123759493875017
0.79	0.7079409624947606
0.8	0.703588855579686
0.81	0.6993170725100022
0.8200000000000001	0.6951231662945936
0.8300000000000001	0.6910047931606592
0.84	0.6869597070191804
0.85	0.6829857542889595
0.86	0.6790808690520833
0.87	0.6752430685160196
0.88	0.6714704487596606
0.89	0.6677301627165546
0.9	0.6637263522486101
0.91	0.6597903952015525
0.92	0.6559204147699761
0.93	0.6521146057323366
0.9400000000000001	0.6483712309863291
0.9500000000000001	0.6446886182867424
0.96	0.6410651571719668
0.97	0.6374992960664077
0.98	0.6339895395470412
0.99	0.6305344457632472
1.	0.6271326239998709
1.01	0.623782732374224
1.02	0.6204834756584163
1.03	0.6169170711739554
1.04	0.6133755290945848
1.05	0.6098879183181664
1.06	0.6064529155652625
1.07	0.6030692421116787
1.08	0.5997356618888533
1.09	0.5964509796819613
1.1	0.593214039419848
1.11	0.590023722551335
1.12	0.586878946502798
1.1300000000000001	0.5837786632122641
1.1400000000000001	0.5807218577355965
1.1500000000000001	0.5777075469206203
1.16	0.5747347781453226
1.17	0.5718026281165065
1.18	0.5687141009747932
1.19	0.5656160411984944
1.2	0.5625605725385975
1.21	0.5595467618022225
1.22	0.5565737037356842
1.23	0.5536405199673424
1.24	0.5507463579986672
1.25	0.547890390240951
1.26	0.5450718130952574
1.27	0.5422898460733365
1.28	0.5395437309573813
1.29	0.5368327309966174
1.3	0.5341561301388413
1.31	0.5315132322951323
1.32	0.5289033606360624
1.33	0.5263258569178326
1.34	0.5237800808368429
1.35	0.5211821285365965
1.36	0.5185036092881632
1.37	0.5158583280894169
1.3800000000000001	0.513245634356856
1.3900000000000001	0.5106648948350243
1.4000000000000001	0.5081154930143761
1.41	0.5055968285726974
1.42	0.5031083168389603
1.43	0.5006493882785686
1.44	0.49821948799899235
1.45	0.4958180752748485
1.46	0.49344462309153947
1.47	0.49109861770659874
1.48	0.48877955822794067
1.49	0.48648695620825877
1.5	0.48422033525484565
1.51	0.48197923065415194
1.52	0.4797631890104339
1.53	0.4775717678978729
1.54	0.47540453552557854
1.55	0.47315670053330494
1.56	0.47082402173447974
1.57	0.46851763864826035
1.58	0.4662370901757678
1.59	0.46398192615478784
1.6	0.4617517070335857
1.61	0.45954600355641617
1.62	0.4573643964602414
1.6300000000000001	0.4552064761821872
1.6400000000000001	0.45307184257729777
1.6500000000000001	0.4509601046461665
1.6600000000000001	0.4488708802720345
1.67	0.4468037959669804
1.68	0.4447584866268288
1.69	0.44273459529443104
1.7	0.4407317729309836
1.71	0.4387496781950672
1.72	0.43678797722909984
1.73	0.4348463434529158
1.74	0.4329244573641937
1.75	0.43102200634546567
1.76	0.42913868447745707
1.77	0.42727419235851316
1.78	0.4253189568431505
1.79	0.42330920440375147
1.8	0.4213200659344141
1.81	0.41935121722869495
1.82	0.41740234093319883
1.83	0.415473126366048
1.84	0.4135632693411189
1.85	0.41167247199783646
1.86	0.40980044263631976
1.87	0.4079468955576812
1.8800000000000001	0.4061115509092967
1.8900000000000001	0.404294134534859
1.9000000000000001	0.4024943778290504
1.9100000000000001	0.4007120175966618
1.92	0.398946795916004
1.93	0.3971984600064577
1.94	0.39546676210001547
1.95	0.3937514593166756
1.96	0.39205231354355524
1.97	0.3903690913175903
1.98	0.38870156371170067
1.99	0.38704950622429946
2.	0.38541269867203504
2.0100000000000002	0.38379092508565044
2.02	0.3821839736088607
2.0300000000000002	0.38059163640014054
2.04	0.3789679180901245
2.05	0.37725772797712087
2.06	0.37556352147632244
2.07	0.37388507269546056
2.08	0.3722221600056098
2.09	0.37057456594070787
2.1	0.36894207709990917
2.11	0.36732448405268264
2.12	0.3657215812465608
2.13	0.3641331669174566
2.14	0.3625590430024625
2.15	0.3609990150550544
2.16	0.35945289216262055
2.17	0.357920486866244
2.18	0.35640161508266466
2.19	0.3548960960283533
2.2	0.3534037521456308
2.21	0.3519244090307684
2.22	0.3504578953640071
2.23	0.3490040428414373
2.24	0.347562686108679
2.25	0.3461336626963111
2.2600000000000002	0.34471681295699114
2.27	0.3433119800042193
2.2800000000000002	0.34191900965269123
2.29	0.34053775036019684
2.3000000000000003	0.3391680531710138
2.31	0.33780977166075593
2.32	0.33646276188262697
2.33	0.3351268823150442
2.34	0.33378446127308864
2.35	0.33233897326176814
2.36	0.3309058432800096
2.37	0.32948491397844676
2.38	0.32807603066386376
2.39	0.32667904124343133
2.4	0.3252937961703425
2.41	0.32392014839080446
2.42	0.3225579532923506
2.43	0.3212070686534295
2.44	0.31986735459424037
2.45	0.31853867352877324
2.46	0.31722089011802496
2.47	0.31591387122435166
2.48	0.3146174858669326
2.49	0.31333160517830755
2.5	0.3120561023619612
2.5100000000000002	0.3107908526509244
2.52	0.30953573326736455
2.5300000000000002	0.3082906233831363
2.54	0.3070554040812667
2.5500000000000003	0.3058299583183501
2.56	0.3046141708878269
2.57	0.3034079283841209
2.58	0.30221111916761456
2.59	0.3010236333304375
2.6	0.2998453626630461
2.61	0.29867620062157496
2.62	0.29751604229593703
2.63	0.29636478437865454
2.64	0.29522232513439917
2.65	0.2940885643702256
2.66	0.29296340340647714
2.67	0.29184674504834696
2.68	0.290738493558079
2.69	0.2895830558611436
2.7	0.2883776828951853
2.71	0.28718175556546116
2.72	0.28599516540676395
2.73	0.28481780559205994
2.74	0.2836495709018601
2.75	0.2824903576942732
2.7600000000000002	0.28134006387572336
2.77	0.28019858887231486
2.7800000000000002	0.27906583360182724
2.79	0.2779417004463258
2.8000000000000003	0.2768260932253699
2.81	0.2757189171698062
2.82	0.2746200788961298
2.83	0.27352948638140134
2.84	0.2724470489387034
2.85	0.2713726771931252
2.86	0.27030628305826143
2.87	0.26924777971321173
2.88	0.26819708158007005
2.89	0.26715410430189007
2.9	0.2661187647211164
2.91	0.26509098085846944
2.92	0.26407067189227296
2.93	0.26305775813821386
2.94	0.26205216102952306
2.95	0.2610538030975682
2.96	0.26006260795284736
2.97	0.2590785002663748
2.98	0.2581014057514496
2.99	0.2571312511457965
3.	0.2561679641940725
3.0100000000000002	0.25521147363072844
3.02	0.25426170916321866
3.0300000000000002	0.25331860145554924
3.04	0.25238208211215835
3.0500000000000003	0.2514520836621195
3.06	0.25052853954366183
3.0700000000000003	0.24961138408899766
3.08	0.24870055250945328
3.09	0.24772306477832784
3.1	0.24672185649798437
3.11	0.24572789974334655
3.12	0.24474111892891676
3.13	0.24376143949592796
3.14	0.24278878789517208
3.15	0.24182309157017057
3.16	0.2408642789406765
3.17	0.2399122793865031
3.18	0.23896702323166966
3.19	0.23802844172885793
3.2	0.23709646704417242
3.21	0.23617103224219763
3.22	0.2352520712713451
3.23	0.23433951894948388
3.24	0.2334333109498485
3.25	0.23253338378721838
3.2600000000000002	0.231639674804361
3.27	0.23075212215873572
3.2800000000000002	0.22987066480944987
3.29	0.22899524250446332
3.3000000000000003	0.2281257957680352
3.31	0.22726226588840756
3.3200000000000003	0.22640459490572104
3.33	0.22555272560015788
3.34	0.2247066014803055
3.35	0.22386616677173898
3.36	0.2230313664058146
3.37	0.2222021460086718
3.38	0.2213784518904383
3.39	0.2205602310346348
3.4	0.21974743108777375
3.41	0.21894000034914932
3.42	0.2181378877608139
3.43	0.21734104289773695
3.44	0.2165494159581431
3.45	0.21576295775402515
3.46	0.21498161970182844
3.47	0.21420535381330297
3.48	0.21343411268652007
3.49	0.21266784949704998
3.5	0.21190651798929627
3.5100000000000002	0.21115007246798603
3.52	0.2103984677898096
3.5300000000000002	0.2096516593552095
3.54	0.20890736644593144
3.5500000000000003	0.20808794402685193
3.56	0.20727402717815557
3.5700000000000003	0.2064655635990898
3.58	0.20566250163036276
3.59	0.20486479024451157
3.6	0.20407237903644226
3.61	0.20328521821413675
3.62	0.20250325858952384
3.63	0.2017264515695111
3.64	0.20095474914717418
3.65	0.20018810389310018
3.66	0.19942646894688218
3.67	0.19866979800876214
3.68	0.19791804533141852
3.69	0.1971711657118964
3.7	0.19642911448367667
3.71	0.19569184750888238
3.72	0.19495932117061807
3.73	0.19423149236544132
3.74	0.19350831849596217
3.75	0.19278975746356897
3.7600000000000002	0.1920757676612778
3.77	0.19136630796670326
3.7800000000000002	0.19066133773514768
3.79	0.18996081679280716
3.8000000000000003	0.18926470543009186
3.81	0.18857296439505813
3.8200000000000003	0.18788555488695063
3.83	0.18720243854985225
3.84	0.18652357746643947
3.85	0.18584893415184175
3.86	0.18517847154760209
3.87	0.1845121530157375
3.88	0.18384994233289795
3.89	0.18319180368461968
3.9	0.1825377016596746
3.91	0.18188760124451045
3.92	0.1812414678177826
3.93	0.1805992671449742
3.94	0.17996096537310383
3.95	0.1793265290255186
3.96	0.17869592499677178
3.97	0.17806912054758187
3.98	0.17744608329987366
3.99	0.1768267812318982
4.	0.17621118267343056
4.01	0.17559925630104464
4.0200000000000005	0.1749909711334626
4.03	0.1743862965269784
4.04	0.17378520217095342
4.05	0.17318765808338318
4.0600000000000005	0.17259363460653424
4.07	0.17196270887827284
4.08	0.17130708901438063
4.09	0.17065556453009123
4.1	0.17000809992372004
4.11	0.16936466008690848
4.12	0.16872521029932275
4.13	0.1680897162234366
4.14	0.16745814389939714
4.15	0.16683045973997124
4.16	0.16620663052557166
4.17	0.16558662339936156
4.18	0.1649704058624356
4.19	0.164357945769076
4.2	0.16374921132208353
4.21	0.16314417106818024
4.22	0.16254279389348392
4.23	0.16194504901905296
4.24	0.1613509059964995
4.25	0.1607603347036709
4.26	0.16017330534039653
4.2700000000000005	0.15958978842430127
4.28	0.15900975478668197
4.29	0.15843317556844727
4.3	0.1578600222161195
4.3100000000000005	0.15729026647789685
4.32	0.15672388039977594
4.33	0.15616083632173242
4.34	0.1556011068739597
4.3500000000000005	0.15504466497316385
4.36	0.154491483818915
4.37	0.15394153689005238
4.38	0.1533947979411441
4.39	0.15285124099899902
4.4	0.1523108403592313
4.41	0.15177357058287513
4.42	0.15123940649305062
4.43	0.1507083231716781
4.44	0.15018029595624136
4.45	0.14965530043659891
4.46	0.14913331245184103
4.47	0.14861430808719414
4.48	0.14809826367096932
4.49	0.14758515577155631
4.5	0.14707496119446073
4.51	0.14656765697938437
4.5200000000000005	0.14606322039734798
4.53	0.14556162894785568
4.54	0.14506286035610014
4.55	0.14456689257020808
4.5600000000000005	0.1440737037585254
4.57	0.1435832723069414
4.58	0.1430955768162506
4.59	0.1426105960995532
4.6000000000000005	0.1421283091796918
4.61	0.14164869528672502
4.62	0.14117173385543655
4.63	0.1406974045228798
4.64	0.14022568712595715
4.65	0.13975656169903294
4.66	0.13929000847158096
4.67	0.13880568484872038
4.68	0.1382900532916738
4.69	0.1377774316671138
4.7	0.1372677960432412
4.71	0.13676112272890428
4.72	0.13625738827067427
4.73	0.13575656944996292
4.74	0.13525864328018122
4.75	0.13476358700393776
4.76	0.13427137809027714
4.7700000000000005	0.13378199423195755
4.78	0.13329541334276623
4.79	0.13281161355487298
4.8	0.13233057321622066
4.8100000000000005	0.1318522708879526
4.82	0.13137668534187524
4.83	0.13090379555795675
4.84	0.13043358072186056
4.8500000000000005	0.12996602022251227
4.86	0.1295010936497013
4.87	0.12903878079171527
4.88	0.12857906163300656
4.89	0.1281219163518921
4.9	0.1276673253182837
4.91	0.12721526909145017
4.92	0.12676572841780978
4.93	0.12631868422875295
4.94	0.12587411763849463
4.95	0.125432009941956
4.96	0.1249923426126747
4.97	0.12455509730074359
4.98	0.12412025583077728
4.99	0.12368780019990623
5.	0.12325771257579761
5.01	0.12282997529470299
5.0200000000000005	0.12240457085953223
5.03	0.12198148193795315
5.04	0.12156069136051621
5.05	0.12114218211880486
5.0600000000000005	0.12072593736361008
5.07	0.12031194040312924
5.08	0.1199001747011888
5.09	0.11949062387549073
5.1000000000000005	0.11908327169588179
5.11	0.11867810208264602
5.12	0.11827509910481915
5.13	0.11787424697852558
5.14	0.1174755300653371
5.15	0.11707893287065287
5.16	0.11668444004210062
5.17	0.11629203636795883
5.18	0.11590170677559936
5.19	0.11551343632994995
5.2	0.11512721023197732
5.21	0.11474301381718913
5.22	0.11436083255415591
5.23	0.11398065204305154
5.24	0.11360245801421273
5.25	0.11322623632671713
5.26	0.1128519729669791
5.2700000000000005	0.11247965404736407
5.28	0.11210926580482018
5.29	0.11174079459952746
5.3	0.11137422691356418
5.3100000000000005	0.11100954934958998
5.32	0.11064674862954604
5.33	0.11028581159337122
5.34	0.10992672519773462
5.3500000000000005	0.10956947651478417
5.36	0.10920320303097213
5.37	0.10880469449963695
5.38	0.1084083775800405
5.39	0.10801423617924018
5.4	0.1076222543520197
5.41	0.1072324162992632
5.42	0.10684470636634917
5.43	0.1064591090415661
5.44	0.10607560895454726
5.45	0.10569419087472634
5.46	0.10531483970981226
5.47	0.10493754050428361
5.48	0.10456227843790195
5.49	0.10418903882424428
5.5	0.10381780710925388
5.51	0.10344856886980933
5.5200000000000005	0.10308130981231184
5.53	0.10271601577129015
5.54	0.10235267270802288
5.55	0.1019912667091784
5.5600000000000005	0.10163178398547155
5.57	0.10127421087033714
5.58	0.10091853381861997
5.59	0.10056473940528118
5.6000000000000005	0.10021281432412069
5.61	0.09986274538651557
5.62	0.09951451952017368
5.63	0.09916812376790307
5.64	0.0988235452863965
5.65	0.09848077134503076
5.66	0.0981397893246807
5.67	0.09780058671654825
5.68	0.09746315112100529
5.69	0.09712747024645069
5.7	0.09679353190818189
5.71	0.09646132402727933
5.72	0.09613083462950521
5.73	0.09580205184421511
5.74	0.0954749639032832
5.75	0.0951495591400401
5.76	0.09482582598822377
5.7700000000000005	0.094503752980943
5.78	0.09418332874965339
5.79	0.09386454202314554
5.8	0.0935473816265455
5.8100000000000005	0.09323183648032712
5.82	0.0929178955993363
5.83	0.09260554809182654
5.84	0.09229478315850656
5.8500000000000005	0.09198559009159869
5.86	0.09167795827390879
5.87	0.09137187717790698
5.88	0.09106733636481931
5.89	0.09076432548373028
5.9	0.09046283427069576
5.91	0.09016285254786655
5.92	0.08986437022262182
5.93	0.08956737728671339
5.94	0.08927186381541936
5.95	0.08897781996670809
5.96	0.08868523598041167
5.97	0.08839410217740915
5.98	0.08810440895881928
5.99	0.08781614680520258
6.	0.0875293062757726
6.01	0.08724387800761649
6.0200000000000005	0.08695985271492429
6.03	0.0866772211882275
6.04	0.08639597429364597
6.05	0.08611610297214387
6.0600000000000005	0.08583759823879396
6.07	0.08556045118205019
6.08	0.08528465296302905
6.09	0.08501019481479855
6.1000000000000005	0.08473706804167587
6.11	0.08446526401853262
6.12	0.08419477419010801
6.13	0.0839255900703302
6.140000000000001	0.08365770324164483
6.15	0.08339110535435144
6.16	0.0830938153940583
6.17	0.08279312397627613
6.18	0.0824940049801449
6.19	0.08219644765846319
6.2	0.081900441354683
6.21	0.08160597550200085
6.22	0.08131303962245882
6.23	0.08102162332605632
6.24	0.08073171630987214
6.25	0.08044330835719654
6.26	0.08015638933667346
6.2700000000000005	0.07987094920145266
6.28	0.0795869779883514
6.29	0.07930446581702602
6.3	0.07902340288915291
6.3100000000000005	0.07874377948761874
6.32	0.07846558597572016
6.33	0.07818881279637252
6.34	0.07791345047132761
6.3500000000000005	0.07763948960040044
6.36	0.07736692086070453
6.37	0.07709573500589617
6.38	0.0768259228654271
6.390000000000001	0.07655747534380555
6.4	0.07629038341986588
6.41	0.07602463814604626
6.42	0.07576023064767448
6.43	0.07549715212226196
6.44	0.07523539383880534
6.45	0.07497494713709649
6.46	0.07471580342703944
6.47	0.07445795418797571
6.48	0.07420139096801667
6.49	0.07394610538338353
6.5	0.07369208911775461
6.51	0.07343933392161994
6.5200000000000005	0.07318783161164293
6.53	0.07293757407002903
6.54	0.07268855324390167
6.55	0.07244076114468471
6.5600000000000005	0.07219418984749197
6.57	0.07194883149052327
6.58	0.07170467827446735
6.59	0.07146172246191117
6.6000000000000005	0.07121995637675554
6.61	0.07097937240363757
6.62	0.07073996298735899
6.63	0.07050172063232094
6.640000000000001	0.07026463790196479
6.65	0.0700287074182192
6.66	0.06979392186095301
6.67	0.06956027396743412
6.68	0.06932775653179431
6.69	0.06909636240449969
6.7	0.068866084491827
6.71	0.0686369157553454
6.72	0.06840884921140405
6.73	0.06818187793062498
6.74	0.06795599503740149
6.75	0.06773119370940194
6.76	0.06750746717707896
6.7700000000000005	0.06728480872318346
6.78	0.06706321168228441
6.79	0.06684266944029331
6.8	0.06662317543399388
6.8100000000000005	0.06640472315057667
6.82	0.0661873061271789
6.83	0.06597091795042843
6.84	0.06575555225599361
6.8500000000000005	0.06554120272813684
6.86	0.06532786309927355
6.87	0.06511552714953554
6.88	0.06490418870633885
6.890000000000001	0.06469384164395638
6.9	0.06448447988309473
6.91	0.06427609739047581
6.92	0.06406868817842228
6.93	0.06386224630444791
6.94	0.06365676587085192
6.95	0.06345224102431742
6.96	0.06324866595551425
6.97	0.06304603489870583
6.98	0.06284434213136018
6.99	0.06264358197376466
7.	0.06244374878864517
7.01	0.0622448369807889
7.0200000000000005	0.062046840996671015
7.03	0.061849755324085376
7.04	0.06165357449177888
7.05	0.061458293069089516
7.0600000000000005	0.061263905665588266
7.07	0.06104979675371488
7.08	0.0608291951372464
7.09	0.06060970033703363
7.1000000000000005	0.06039130525052103
7.11	0.06017400283064537
7.12	0.059957786085324975
7.13	0.059742648076954286
7.140000000000001	0.059528581921903884
7.15	0.059315580790025677
7.16	0.05910363790416338
7.17	0.05889274653966803
7.18	0.05868290002391881
7.19	0.058474091735848784
7.2	0.05826631510547543
7.21	0.058059563613436546
7.22	0.05785383079053053
7.23	0.057649110217261726
7.24	0.057445395523390494
7.25	0.05724268038748791
7.26	0.05704095853649506
7.2700000000000005	0.05684022374528705
7.28	0.05664046983624143
7.29	0.056441690678811156
7.3	0.05624388018910181
7.3100000000000005	0.05604703232945346
7.32	0.05585114110802662
7.33	0.05565620057839257
7.34	0.05546220483912779
7.3500000000000005	0.055269148033412735
7.36	0.055077024348634596
7.37	0.05488582801599412
7.38	0.05469555331011657
7.390000000000001	0.054506194548666516
7.4	0.05431774609196674
7.41	0.05413020234262075
7.42	0.05394355774513953
7.43	0.05375780678557166
7.44	0.05357294399113749
7.45	0.05338896392986687
7.46	0.05320586121024065
7.47	0.05302363048083579
7.48	0.052842266429973875
7.49	0.05266176378537348
7.5	0.052482117313805816
7.51	0.05230332182075383
7.5200000000000005	0.052125372150074886
7.53	0.05194826318366677
7.54	0.05177198984113687
7.55	0.05159654707947495
7.5600000000000005	0.051421929892728965
7.57	0.05124813331168425
7.58	0.05107515240354588
7.59	0.05090298227162402
7.6000000000000005	0.05073161805502272
7.61	0.05056105492833151
7.62	0.05039128810132021
7.63	0.050222312818636726
7.640000000000001	0.050054124359507825
7.65	0.04988671803744285
7.66	0.04972008919994033
7.67	0.04955423322819768
7.68	0.04938914553682339
7.69	0.04922482157355237
7.7	0.049061256818963984
7.71	0.048898446786202754
7.72	0.04873638702070192
7.73	0.04857507309990961
7.74	0.04841450063301782
7.75	0.04825466526069383
7.76	0.048095562654814406
7.7700000000000005	0.04793718851820249
7.78	0.04777953858436654
7.79	0.04762260861724226
7.8	0.047466394410936995
7.8100000000000005	0.047310891789476416
7.82	0.04715609660655385
7.83	0.047002004745281885
7.84	0.046848612117946366
7.8500000000000005	0.046695914665762846
7.86	0.046543908358635394
7.87	0.04639258919491751
7.88	0.046241953201175585
7.890000000000001	0.04609199643195457
7.9	0.04594271496954571
7.91	0.04579410492375666
7.92	0.04564616243168382
7.930000000000001	0.04549888365748672
7.94	0.04535226479216459
7.95	0.04520630205333514
7.96	0.04506099168501526
7.97	0.04491632995740406
7.98	0.04477231316666761
7.99	0.04462893763472609
8.	0.044486199709042745
8.01	0.044344095762414736
8.02	0.04420262219276624
8.03	0.044061775422943254
8.040000000000001	0.043921551900510426
8.05	0.0437819480975498
8.06	0.043642960510461445
8.07	0.043504585659765886
8.08	0.04336682008990843
8.09	0.04322966036906537
8.1	0.04309310308895191
8.11	0.042955026100592354
8.120000000000001	0.04279744766841392
8.13	0.0426406401819171
8.14	0.04248459892795798
8.15	0.04232931922794689
8.16	0.04217479643755308
8.17	0.04202102594641232
8.18	0.041868003177837336
8.19	0.04171572358853088
8.2	0.041564182668301974
8.21	0.04141337593978457
8.22	0.04126329895815907
8.23	0.0411139473108765
8.24	0.040965316617385485
8.25	0.04081740252886166
8.26	0.040670200727939816
8.27	0.040523706928448644
8.28	0.04037791687514799
8.290000000000001	0.040232826343468586
8.3	0.04008843113925441
8.31	0.03994472709850736
8.32	0.03980171008713463
8.33	0.039659376000698056
8.34	0.039517720764166445
8.35	0.039376740331669706
8.36	0.039236430686255784
8.370000000000001	0.03909678783964951
8.38	0.038957807832014135
8.39	0.038819486731714765
8.4	0.03868182063508433
8.41	0.038544805666191624
8.42	0.038408437976611524
8.43	0.0382727137451975
8.44	0.03813762917785614
8.45	0.03800318050732392
8.46	0.03786936399294602
8.47	0.03773617592045716
8.48	0.037603612601764626
8.49	0.037471670374733305
8.5	0.03734034560297262
8.51	0.037209634675625526
8.52	0.037079534007159624
8.53	0.036950040037159994
8.540000000000001	0.0368211492301241
8.55	0.03669285807525856
8.56	0.03656516308627789
8.57	0.03643806080120499
8.58	0.03631154778217355
8.59	0.03618562061523233
8.6	0.03606027591015123
8.61	0.03593551030022902
8.620000000000001	0.035811320442103126
8.63	0.03568770301556096
8.64	0.035564654723353
8.65	0.03544217229100765
8.66	0.03532025246664789
8.67	0.03519889202080944
8.68	0.035078087746260624
8.69	0.03495783645782405
8.700000000000001	0.034838134992199704
8.71	0.03471898020778989
8.72	0.034600368984525495
8.73	0.03448229822369412
8.74	0.034364764847769604
8.75	0.034247765800243156
8.76	0.034131298045455984
8.77	0.034015358568433594
8.78	0.03389994437472136
8.790000000000001	0.03378505249022169
8.8	0.03367067996103286
8.81	0.03355682385328893
8.82	0.033443481253001436
8.83	0.03333064926590232
8.84	0.03321832501728836
8.85	0.03310650565186697
8.86	0.032995188333603445
8.870000000000001	0.032884370245569436
8.88	0.03277404858979304
8.89	0.03266422058710987
8.9	0.032554883477015836
8.91	0.032446034517521066
8.92	0.03233767098500501
8.93	0.03222979017407304
8.94	0.03212238939741438
8.950000000000001	0.03201546598566094
8.96	0.03190901728724786
8.97	0.03180304066827497
8.98	0.031697533512369556
8.99	0.03159249322055054
9.	0.03148791721109351
9.01	0.031383802919397234
9.02	0.031280147797851265
9.03	0.031176949315704635
9.040000000000001	0.031074204958935845
9.05	0.030971912230123907
9.06	0.030870068648320544
9.07	0.030768671748923476
9.08	0.03066771908355098
9.09	0.03056720821991728
9.1	0.030467136741709283
9.11	0.030367502248464212
9.120000000000001	0.030268302355448452
9.13	0.03016953469353737
9.14	0.030071196909096144
9.15	0.029973286663861783
9.16	0.02987580163482601
9.17	0.02977873951411926
9.18	0.02968209800889562
9.19	0.02958587484121886
9.200000000000001	0.029490067747949364
9.21	0.029394674480632082
9.22	0.029299692805385434
9.23	0.02920512050279115
9.24	0.029110955367785227
9.25	0.029017195209549467
9.26	0.028923837851404382
9.27	0.028830881130702705
9.28	0.028738322898723915
9.290000000000001	0.028646161020569733
9.3	0.028554393375060435
9.31	0.028463017854632046
9.32	0.028357025903441628
9.33	0.028250861187118746
9.34	0.028145207026273142
9.35	0.028040060422902118
9.36	0.02793541839978741
9.370000000000001	0.027831278000328915
9.38	0.027727636288380233
9.39	0.02762449034808545
9.4	0.027521837283717633
9.41	0.027419674219518554
9.42	0.02731799829954004
9.43	0.027216806687486626
9.44	0.027116096566559694
9.450000000000001	0.02701586513930297
9.46	0.026916109627449437
9.47	0.026816827271769615
9.48	0.026718015331921186
9.49	0.02661967108629996
9.5	0.026521791831892176
9.51	0.026424374884128164
9.52	0.02632741757673725
9.53	0.026230917261603943
9.540000000000001	0.02613487130862553
9.55	0.02603927710557073
9.56	0.025944132057939828
9.57	0.02584943358882583
9.58	0.02575517913877702
9.59	0.025661366165660678
9.6	0.025567992144527915
9.61	0.02547505456747987
9.620000000000001	0.02538255094353496
9.63	0.025290478798497308
9.64	0.025198835674826406
9.65	0.025107619131507865
9.66	0.025016826743925275
9.67	0.024926456103733275
9.68	0.02483650481873163
9.69	0.024746970512740572
9.700000000000001	0.02465785082547699
9.71	0.024569143412431958
9.72	0.024480845944749138
9.73	0.02439295610910437
9.74	0.024305471607586202
9.75	0.0242183901575776
9.76	0.024131709491638523
9.77	0.024045427357389685
9.78	0.02395954151739715
9.790000000000001	0.023874049749058067
9.8	0.023788949844487397
9.81	0.02370423961040543
9.82	0.023619916868026575
9.83	0.023535979452948837
9.84	0.023452425215044394
9.85	0.023369252018351074
9.86	0.023286457740964807
9.870000000000001	0.023204040274932915
9.88	0.023121997526148436
9.89	0.023040327414245197
9.9	0.022959027872493987
9.91	0.022878096847699456
9.92	0.02279753230009794
9.93	0.022717332203256186
9.94	0.022637494543970984
9.950000000000001	0.02255801732216948
9.96	0.02247889855081059
9.97	0.022400136255786976
9.98	0.02232172847582819
9.99	0.022243673262404232
10.	0.02216596867963031
10.01	0.022088612804172188
10.02	0.022011603725152384
10.03	0.021934939544057154
10.040000000000001	0.0218586183746443
10.05	0.021782638342851768
10.06	0.0217069975867069
10.07	0.02163169425623658
10.08	0.021556726513378123
10.09	0.021482092531890803
10.1	0.02140779049726826
10.11	0.021333818606651563
10.120000000000001	0.02126017506874305
10.13	0.021186858103720802
10.14	0.02111386594315394
10.15	0.021041196829918604
10.16	0.020968849018114546
10.17	0.020896820772982536
10.18	0.02082511037082243
10.19	0.020753716098911832
10.200000000000001	0.020682636255425563
10.21	0.020611869149355647
10.22	0.020541413100432178
10.23	0.020471266439044622
10.24	0.020401427506163833
10.25	0.020331894653264914
10.26	0.020262666242250323
10.27	0.020193740645374002
10.28	0.02012511624516595
10.290000000000001	0.020056791434357357
10.3	0.01998876461580652
10.31	0.019921034202425233
10.32	0.019853598617105877
10.33	0.019786456292649038
10.34	0.01971960567169174
10.35	0.01965304520663631
10.36	0.019586773359579788
10.370000000000001	0.019520788602243818
10.38	0.019455089415905392
10.39	0.019389674291327822
10.4	0.019324541728692485
10.41	0.019259690237531095
10.42	0.019195118336658493
10.43	0.019130824554105946
10.44	0.019066807427055125
10.450000000000001	0.019003065501772432
10.46	0.018939597333544056
10.47	0.018876401486611377
10.48	0.018813476534106994
10.49	0.01875082105799134
10.5	0.018688433648989547
10.51	0.018626312906529167
10.52	0.018564457438678083
10.53	0.018502865862083204
10.540000000000001	0.01844153680190935
10.55	0.01838046889177893
10.56	0.018319660773711867
10.57	0.01825911109806615
10.58	0.0181988185234788
10.59	0.018138781716807325
10.6	0.018078999353071636
10.61	0.018019470115396438
10.620000000000001	0.01796019269495412
10.63	0.01790116579090797
10.64	0.017842388110355996
10.65	0.017783858368275136
10.66	0.017725575287465854
10.67	0.01766753759849727
10.68	0.017609744039652687
10.69	0.017552042580696835
10.700000000000001	0.017486811272664434
10.71	0.017421882989663667
10.72	0.017357256043056386
10.73	0.01729292875517734
10.74	0.017228899459252718
10.75	0.017165166499319512
10.76	0.01710172823014531
10.77	0.017038583017148876
10.78	0.01697572923632146
10.790000000000001	0.01691316527414868
10.8	0.016850889527533015
10.81	0.016788900403717024
10.82	0.01672719632020721
10.83	0.016665775704698394
10.84	0.016604636994998853
10.85	0.016543778638956005
10.86	0.01648319909438274
10.870000000000001	0.0164228968289843
10.88	0.016362870320285806
10.89	0.01630311805556046
10.9	0.016243638531758118
10.91	0.016184430255434732
10.92	0.016125491742682116
10.93	0.016066821519058496
10.94	0.016008418119519436
10.950000000000001	0.015950280088349488
10.96	0.015892405979094373
10.97	0.01583479435449358
10.98	0.01577744378641373
10.99	0.015720352855782316
11.	0.015663520152522058
11.01	0.015606944275485752
11.02	0.015550623832391725
11.03	0.015494557439759735
11.040000000000001	0.015438743722847386
11.05	0.01538318131558716
11.06	0.015327868860523855
11.07	0.015272805008752572
11.08	0.015217988419857198
11.09	0.015163417761849395
11.1	0.015109091711108108
11.11	0.015055008952319463
11.120000000000001	0.01500116817841724
11.13	0.014947568090523883
11.14	0.014894207397891742
11.15	0.014841084817845117
11.16	0.014788199075722494
11.17	0.014735548904819375
11.18	0.01468313304633159
11.19	0.014630950249298934
11.200000000000001	0.014578999270549411
11.21	0.014527278874643829
11.22	0.014475787833820844
11.23	0.014424524927942467
11.24	0.014373488944440004
11.25	0.01432267867826042
11.26	0.01427209293181314
11.27	0.014221730514917236
11.28	0.014171590244749097
11.290000000000001	0.014121670945790461
11.3	0.01407197144977689
11.31	0.014022490595646616
11.32	0.013973227229489871
11.33	0.013924180204498517
11.34	0.01387534838091612
11.35	0.0138267306259885
11.36	0.013778325813914503
11.370000000000001	0.013730132825797294
11.38	0.013682150549595963
11.39	0.013634377880077621
11.4	0.013586813718769688
11.41	0.013539456973912716
11.42	0.013492306560413541
11.43	0.01344536139979877
11.44	0.013398620420168645
11.450000000000001	0.013352082556151269
11.46	0.013303185786620049
11.47	0.013252556543065785
11.48	0.013202163853968432
11.49	0.01315200640946136
11.5	0.013102082908062085
11.51	0.013052392056611321
11.52	0.013002932570212651
11.53	0.012953703172172626
11.540000000000001	0.012904702593941273
11.55	0.012855929575053207
11.56	0.012807382863069181
11.57	0.012759061213518061
11.58	0.012710963389839293
11.59	0.012663088163325915
11.6	0.01261543431306789
11.61	0.012568000625896006
11.620000000000001	0.012520785896326153
11.63	0.012473788926504139
11.64	0.012427008526150826
11.65	0.012380443512507822
11.66	0.012334092710283556
11.67	0.012287954951599782
11.68	0.012242029075938504
11.69	0.012196313930089363
11.700000000000001	0.01215080836809745
11.71	0.012105511251211447
11.72	0.01206042144783228
11.73	0.012015537833462183
11.74	0.01197085929065404
11.75	0.011926384708961329
11.76	0.011882112984888267
11.77	0.011838043021840518
11.78	0.011794173730076159
11.790000000000001	0.011750504026657093
11.8	0.01170703283540092
11.81	0.01166375908683302
11.82	0.01162068171813919
11.83	0.011577799673118516
11.84	0.011535111902136729
11.85	0.011492617362079856
11.86	0.01145031501630825
11.870000000000001	0.011408203834611013
11.88	0.011366282793160773
11.89	0.011324550874468741
11.9	0.011283007067340254
11.91	0.011241650366830523
11.92	0.01120047977420089
11.93	0.011159494296875244
11.94	0.01111869294839695
11.950000000000001	0.011078074748385978
11.96	0.011037638722496506
11.97	0.010997383902374673
11.98	0.010957309325616843
11.99	0.010917414035728117
12.	0.010877697082081122
12.01	0.010838157519875213
12.02	0.010798794410095907
12.030000000000001	0.010759606819474727
12.040000000000001	0.010720593820449254
12.05	0.010681754491123553
12.06	0.010643087915228925
12.07	0.010604593182084895
12.08	0.010566269386560525
12.09	0.010528115629036112
12.1	0.010490131015365034
12.11	0.010452314656836008
12.120000000000001	0.01041466567013557
12.13	0.010377183177310916
12.14	0.010339866305732933
12.15	0.010302714188059614
12.16	0.010265725962199688
12.17	0.010228900771276563
12.18	0.0101922377635925
12.19	0.010155736092593128
12.200000000000001	0.010119394916832215
12.21	0.010083213399936638
12.22	0.01004719071057171
12.23	0.010011326022406761
12.24	0.0099756185140809
12.25	0.009940067369169137
12.26	0.009904671776148751
12.27	0.009869430928365829
12.280000000000001	0.009831867665798837
12.290000000000001	0.009793124025767918
12.3	0.0097545643853009
12.31	0.009716187722026249
12.32	0.009677993020077066
12.33	0.009639979270044466
12.34	0.009602145468931336
12.35	0.00956449062010644
12.36	0.009527013733258921
12.370000000000001	0.009489713824353149
12.38	0.009452589915583924
12.39	0.009415641035332017
12.4	0.009378866218120153
12.41	0.009342264504569191
12.42	0.0093058349413548
12.43	0.009269576581164372
12.44	0.009233488482654347
12.450000000000001	0.00919756971040782
12.46	0.009161819334892522
12.47	0.009126236432419126
12.48	0.009090820085099838
12.49	0.009055569380807416
12.5	0.00902048341313436
12.51	0.008985561281352587
12.52	0.008950802090373279
12.530000000000001	0.00891620495070716
12.540000000000001	0.008881768978425028
12.55	0.00884749329511856
12.56	0.008813377027861528
12.57	0.008779419309171222
12.58	0.008745619276970207
12.59	0.008711976074548421
12.6	0.008678488850525481
12.61	0.008645156758813378
12.620000000000001	0.008611978958579377
12.63	0.008578954614209282
12.64	0.008546082895270922
12.65	0.008513362976477958
12.66	0.008480794037653987
12.67	0.008448375263696857
12.68	0.008416105844543352
12.69	0.008383984975134056
12.700000000000001	0.00835201185537857
12.71	0.008320185690120925
12.72	0.008288505689105347
12.73	0.008256971066942202
12.74	0.008225581043074257
12.75	0.008194334841743187
12.76	0.008163231691956319
12.77	0.00813227082745369
12.780000000000001	0.008101451486675291
12.790000000000001	0.008070772912728591
12.8	0.008040234353356334
12.81	0.008009835060904538
12.82	0.00797957429229079
12.83	0.007949451308972717
12.84	0.007919465376916776
12.85	0.007889615766567238
12.86	0.007859901752815385
12.870000000000001	0.007830322614969038
12.88	0.007800877636722171
12.89	0.007771566106124922
12.9	0.007742387315553675
12.91	0.007713340561681505
12.92	0.007684425145448761
12.93	0.007655640372033893
12.94	0.007626985550824541
12.950000000000001	0.007598459995388746
12.96	0.0075700630234465435
12.97	0.007541793956841551
12.98	0.007513652121513
12.99	0.007485636847467811
13.	0.007457747468752954
13.01	0.0074299833234280225
13.02	0.007402343753537973
13.030000000000001	0.007374828105086116
13.040000000000001	0.007347435728007252
13.05	0.007320165976141103
13.06	0.007293018207205843
13.07	0.007265991782771891
13.08	0.007239086068235888
13.09	0.0072123004327948464
13.1	0.007185634249420528
13.11	0.007159086894833992
13.120000000000001	0.00713265774948034
13.13	0.007106346197503644
13.14	0.007080151626722086
13.15	0.007054073428603239
13.16	0.007025786063977837
13.17	0.0069972754026628925
13.18	0.0069689019461008795
13.19	0.00694066493065708
13.200000000000001	0.00691256359752125
13.21	0.006884597192673526
13.22	0.006856764966850555
13.23	0.006829066175511962
13.24	0.006801500078807024
13.25	0.006774065941541608
13.26	0.006746763033145377
13.27	0.006719590627639293
13.280000000000001	0.006692548003603297
13.290000000000001	0.006665634444144274
13.3	0.006638849236864288
13.31	0.006612191673829032
13.32	0.006585661051536552
13.33	0.006559256670886163
13.34	0.00653297783714769
13.35	0.006506823859930855
13.36	0.006480794053154959
13.370000000000001	0.006454887735018795
13.38	0.006429104227970754
13.39	0.006403442858679214
13.4	0.006377902958003106
13.41	0.006352483860962765
13.42	0.006327184906710957
13.43	0.006302005438504128
13.44	0.006276944803673935
13.450000000000001	0.0062520023535989075
13.46	0.006227177443676408
13.47	0.006202469433294729
13.48	0.006177877685805493
13.49	0.006153401568496196
13.5	0.006129040452562968
13.51	0.006104793713083591
13.52	0.006080660728990642
13.530000000000001	0.006056640883044952
13.540000000000001	0.00603273356180912
13.55	0.006008938155621396
13.56	0.005985254058569624
13.57	0.005961680668465459
13.58	0.005938217386818768
13.59	0.005914863618812188
13.6	0.00589161877327596
13.61	0.005868482262662832
13.620000000000001	0.0058454535030232815
13.63	0.005822531913980847
13.64	0.00579971691870765
13.65	0.0057770079439001375
13.66	0.00575440441975499
13.67	0.005731905779945195
13.68	0.005709511461596317
13.69	0.005687220905262974
13.700000000000001	0.005665033554905423
13.71	0.005642948857866406
13.72	0.005620966264848089
13.73	0.0055990852298892346
13.74	0.005577305210342529
13.75	0.005555625666852049
13.76	0.005534046063330951
13.77	0.005512565866939288
13.780000000000001	0.005491184548062017
13.790000000000001	0.005469901580287146
13.8	0.0054487164403840644
13.81	0.0054276286082820405
13.82	0.005406637567048852
13.83	0.005385742802869593
13.84	0.005364943805025669
13.85	0.005344240065873886
13.86	0.005323631080825746
13.870000000000001	0.005303116348326882
13.88	0.005282695369836627
13.89	0.005262367649807774
13.9	0.005242132695666444
13.91	0.005221990017792147
13.92	0.005201939129497957
13.93	0.005181979547010822
13.94	0.005162110789452102
13.950000000000001	0.005142332378818128
13.96	0.005122643839961009
13.97	0.005103044700569529
13.98	0.005083534491150207
13.99	0.005064112745008472
14.	0.0050447789982300114
14.01	0.005025532789662225
14.02	0.0050063736608958265
14.030000000000001	0.0049873011562466
14.040000000000001	0.004968314822737267
14.05	0.0049494142100794765
14.06	0.00493059887065597
14.07	0.004911868359502842
14.08	0.004893222234291947
14.09	0.004874660055313414
14.1	0.0048547327601988445
14.11	0.004834559510427563
14.120000000000001	0.004814484291220946
14.13	0.004794506557284576
14.14	0.004774625766740076
14.15	0.004754841381101321
14.16	0.004735152865250786
14.17	0.0047155596874161355
14.18	0.004696061319146991
14.19	0.004676657235291833
14.200000000000001	0.0046573469139751
14.21	0.0046381298365744915
14.22	0.004619005487698381
14.23	0.004599973355163471
14.24	0.004581032929972584
14.25	0.00456218370629258
14.26	0.0045434251814325585
14.27	0.004524756855822095
14.280000000000001	0.004506178232989736
14.290000000000001	0.004487688819541601
14.3	0.004469288125140193
14.31	0.004450975662483333
14.32	0.0044327509472832614
14.33	0.004414613498245914
14.34	0.004396562837050344
14.35	0.0043785984883283075
14.36	0.004360719979643969
14.370000000000001	0.0043429268414738285
14.38	0.004325218607186725
14.39	0.004307594813024034
14.4	0.004290054998080006
14.41	0.004272598704282272
14.42	0.004255225476372447
14.43	0.0042379348618869165
14.44	0.004220726411137772
14.450000000000001	0.004203599677193861
14.46	0.004186554215862008
14.47	0.00416958958566835
14.48	0.004152705347839846
14.49	0.004135901066285893
14.5	0.004119176307580075
14.51	0.004102530640942103
14.52	0.004085963638219815
14.530000000000001	0.004069474873871366
14.540000000000001	0.004053063924947529
14.55	0.0040367303710741355
14.56	0.0040204737944346345
14.57	0.004004293779752795
14.58	0.0039881899142755325
14.59	0.003972161787755862
14.6	0.003956208992435972
14.61	0.00394033112303044
14.620000000000001	0.003924527776709564
14.63	0.003908798553082805
14.64	0.003893143054182386
14.65	0.003877560884446964
14.66	0.0038620516507054717
14.67	0.0038466149621610374
14.68	0.0038312504303750685
14.69	0.0038159576692514134
14.700000000000001	0.003800736295020637
14.71	0.0037855859262244714
14.72	0.0037705061837002905
14.73	0.0037554966905657947
14.74	0.0037405570722037207
14.75	0.0037256869562467395
14.76	0.003710885972562409
14.77	0.003696153753238256
14.780000000000001	0.0036814899325669967
14.790000000000001	0.003666894147031808
14.8	0.003652366035291769
14.81	0.00363790523816734
14.82	0.003623511398626032
14.83	0.003609184161768105
14.84	0.0035949231748124057
14.85	0.003580728087082322
14.86	0.00356659854999179
14.870000000000001	0.003552534217031481
14.88	0.003538534743754992
14.89	0.00352459978776524
14.9	0.003510729008700865
14.91	0.0034969220682227937
14.92	0.0034831786300008735
14.93	0.0034694983597006062
14.94	0.0034558809249699836
14.950000000000001	0.003442325995426405
14.96	0.0034288332426437268
14.97	0.0034154023401393482
14.98	0.003402032963361451
14.99	0.0033887247896762806
15.	0.0033754774983555474
15.01	0.0033622907705639286
15.02	0.003349164289346612
15.030000000000001	0.0033360977396170006
15.040000000000001	0.003323090808144443
15.05	0.0033101431835420836
15.06	0.003297254556254804
15.07	0.0032844246185472197
15.08	0.003271653064491807
15.09	0.0032589395899570786
15.1	0.0032462554543835707
15.11	0.003232484468159928
15.120000000000001	0.0032187809529343435
15.13	0.003205144533836217
15.14	0.003191574838323542
15.15	0.0031780714961668973
15.16	0.0031646341394335666
15.17	0.003151262402471814
15.18	0.0031379559218952407
15.19	0.0031247143365672695
15.200000000000001	0.0031115372875857505
15.21	0.0030984244182676746
15.22	0.003085375374134024
15.23	0.0030723898028946757
15.24	0.003059467354433506
15.25	0.003046607680793539
15.26	0.0030338104361622353
15.27	0.0030210752768568623
15.280000000000001	0.003008401861310025
15.290000000000001	0.0029957898500552528
15.3	0.0029832389057127162
15.31	0.0029707486929750598
15.32	0.0029583188785933163
15.33	0.002945949131362952
15.34	0.0029336391221099845
15.35	0.002921388523677242
15.36	0.002909197010910682
15.370000000000001	0.0028970642606458543
15.38	0.0028849899516944265
15.39	0.002872973764830838
15.4	0.0028610153827790374
15.41	0.0028491144901993163
15.42	0.002837270773675256
15.43	0.0028254839217007493
15.44	0.0028137536246671453
15.450000000000001	0.0028020795748504414
15.46	0.002790461466398653
15.47	0.0027788989953191645
15.48	0.0027673918594662878
15.49	0.0027559397585288233
15.5	0.0027445423940177546
15.51	0.002733199469254046
15.52	0.0027219106893564726
15.530000000000001	0.0027106757612296163
15.540000000000001	0.002699494393551886
15.55	0.0026883662967636555
15.56	0.002677291183055498
15.57	0.0026662687663564625
15.58	0.0026552987623224998
15.59	0.0026443808883249028
15.6	0.0026335148634389067
15.610000000000001	0.0026227004084322923
15.620000000000001	0.002611937245754151
15.63	0.002601225099523668
15.64	0.0025905636955190197
15.65	0.0025799527611663643
15.66	0.002569392025528845
15.67	0.0025588812192957893
15.68	0.002548420074771862
15.69	0.002538008325866389
15.700000000000001	0.0025276457080827077
15.71	0.0025173319585076134
15.72	0.0025070668158008957
15.73	0.0024968500201849025
15.74	0.0024866813134342513
15.75	0.0024765604388655416
15.76	0.002466487141327204
15.77	0.0024564611671893687
15.780000000000001	0.0024464822643338554
15.790000000000001	0.0024365501821442103
15.8	0.0024266646714957937
15.81	0.002416825484745996
15.82	0.0024070323757244697
15.83	0.0023972850997234707
15.84	0.002387583413488231
15.85	0.0023779270752074433
15.860000000000001	0.002368315844503777
15.870000000000001	0.002358749482424485
15.88	0.0023492277514320687
15.89	0.0023397504153950116
15.9	0.002330317239578584
15.91	0.0023209279906357028
15.92	0.0023115824365978668
15.93	0.0023022803468661563
15.94	0.002293021492202286
15.950000000000001	0.002283805644719736
15.96	0.0022746325778749436
15.97	0.0022655020664585444
15.98	0.002256413886586699
15.99	0.0022473678156924577
16.	0.002238363632517198
16.01	0.002229401117102132
16.02	0.0022204800507798564
16.03	0.0022116002161659755
16.04	0.002202761397150776
16.05	0.0021939633788909674
16.06	0.002185205947801483
16.07	0.0021764888915473167
16.080000000000002	0.0021678119990354567
16.09	0.0021591750604068377
16.1	0.0021505778670283826
16.11	0.0021420202114850644
16.12	0.0021335018875720687
16.13	0.0021250226902869715
16.14	0.0021165824158219946
16.15	0.0021081808615563027
16.16	0.002099817826048376
16.17	0.0020914931090284103
16.18	0.0020831906535388935
16.19	0.0020744442347393984
16.2	0.002065739905096112
16.21	0.0020570774362756576
16.22	0.002048456601323109
16.23	0.0020398771746528528
16.240000000000002	0.0020313389320394783
16.25	0.0020228416506087405
16.26	0.0020143851088285977
16.27	0.0020059690865003137
16.28	0.00199759336474962
16.29	0.00198925772601793
16.3	0.001980961954053653
16.31	0.0019727058339035213
16.32	0.0019644891519040256
16.330000000000002	0.001956311695672888
16.34	0.0019481732541005875
16.35	0.0019400736173419853
16.36	0.0019320125768079567
16.37	0.0019239899251571372
16.38	0.0019160054562876888
16.39	0.00190805896532914
16.4	0.0019001502486342922
16.41	0.0018922791037711605
16.42	0.0018844453295150112
16.43	0.0018766487258404072
16.44	0.0018688890939133546
16.45	0.0018611662360834779
16.46	0.0018534799558762674
16.47	0.001845830057985372
16.48	0.0018382163482649422
16.490000000000002	0.0018306386337220556
16.5	0.0018230967225091555
16.51	0.0018155904239165787
16.52	0.0018081195483651215
16.53	0.0018006839073986544
16.54	0.0017932833136768
16.55	0.0017859175809676524
16.56	0.001778586524140567
16.57	0.001771289959158973
16.580000000000002	0.0017640277030732615
16.59	0.0017567995740137147
16.6	0.0017496053911834866
16.61	0.0017424449748516323
16.62	0.0017353181463461817
16.63	0.001728224728047284
16.64	0.0017211645433803633
16.65	0.0017141374168093593
16.66	0.0017071431738299992
16.67	0.0017001816409631127
16.68	0.0016932526457480062
16.69	0.0016863560167358735
16.7	0.0016794915834832593
16.71	0.00167265917654557
16.72	0.0016658586274706148
16.73	0.0016590897687922268
16.740000000000002	0.0016523524340238838
16.75	0.0016456464576524114
16.76	0.0016389716751317124
16.77	0.0016323279228765406
16.78	0.0016257150382563291
16.79	0.0016191328595890407
16.8	0.001612581226135095
16.81	0.0016060599780913045
16.82	0.0015995689565848669
16.830000000000002	0.0015931080036674073
16.84	0.001586676962309049
16.85	0.0015802756763925337
16.86	0.001573903990707376
16.87	0.001567561750944071
16.88	0.0015612488036883258
16.89	0.0015549649964153487
16.9	0.001548710177484164
16.91	0.0015424841961319664
16.92	0.0015362869024685385
16.93	0.0015301181474706642
16.94	0.0015239777829766266
16.95	0.001517865661680714
16.96	0.0015117816371277742
16.97	0.0015057255637078066
16.98	0.0014996972966505886
16.990000000000002	0.001493696692020352
17.	0.0014877236067104636
17.01	0.0014817778984381916
17.02	0.0014758594257394664
17.03	0.001469968047963695
17.04	0.0014641036252686108
17.05	0.0014582660186151584
17.06	0.0014524550897624144
17.07	0.0014466707012625291
17.080000000000002	0.001440912716455741
17.09	0.0014351809994653732
17.1	0.0014294754151929097
17.11	0.0014237958293130798
17.12	0.001418142108268987
17.13	0.0014125141192672683
17.14	0.0014069117302732788
17.150000000000002	0.0014013348100063374
17.16	0.00139578322793496
17.17	0.001390256854272173
17.18	0.0013847555599708202
17.19	0.001379279216718931
17.2	0.001373827696935103
17.21	0.0013684008737639144
17.22	0.0013629986210713816
17.23	0.001357620813440442
17.240000000000002	0.0013522673261664648
17.25	0.001346938035252791
17.26	0.0013416328174063084
17.27	0.001336351550033056
17.28	0.0013310941112338595
17.29	0.0013258603797999884
17.3	0.0013206502352088605
17.31	0.0013154635576197546
17.32	0.0013103002278695597
17.330000000000002	0.0013051601274685683
17.34	0.0013000764731290369
17.35	0.001295087473381792
17.36	0.00129012047689929
17.37	0.001285175374048357
17.38	0.001280252055804733
17.39	0.0012753504137493548
17.400000000000002	0.0012704703400646434
17.41	0.0012656117275308227
17.42	0.0012607744695222703
17.43	0.0012559584600038802
17.44	0.0012511635935274637
17.45	0.0012463897652281607
17.46	0.001241636870820882
17.47	0.0012369048065967757
17.48	0.001232193469419718
17.490000000000002	0.0012275027567228204
17.5	0.0012228325665049665
17.51	0.0012181827973273718
17.52	0.0012135533483101663
17.53	0.0012089441191289946
17.54	0.0012043550100116452
17.55	0.0011997859217346967
17.56	0.0011952367556201894
17.57	0.0011907074135323224
17.580000000000002	0.0011861977978741664
17.59	0.0011817078115843945
17.6	0.0011772373581340556
17.61	0.001172786341523333
17.62	0.0011683546662783675
17.63	0.0011639422374480643
17.64	0.0011595489606009404
17.650000000000002	0.001155174741821997
17.66	0.0011508194877095888
17.67	0.0011464831053723428
17.68	0.0011421655024260785
17.69	0.0011378665869907528
17.7	0.0011335862676874308
17.71	0.0011293244536352651
17.72	0.0011250810544485065
17.73	0.00112085598023353
17.740000000000002	0.0011166491415858782
17.75	0.0011124604495873242
17.76	0.0011082898158029592
17.77	0.001104137152278292
17.78	0.0011000023715363719
17.79	0.0010958853865749283
17.8	0.0010917861108635347
17.81	0.0010877044583407827
17.82	0.0010836403434114753
17.830000000000002	0.0010795936809438501
17.84	0.0010755643862668052
17.85	0.0010715523751671531
17.86	0.001067557563886888
17.87	0.0010635798691204742
17.88	0.001059619208012154
17.89	0.001055675498153257
17.900000000000002	0.0010517486575795578
17.91	0.0010478386047686162
17.92	0.0010439452586371615
17.93	0.001040068538538476
17.94	0.0010362083642598116
17.95	0.0010323646560198077
17.96	0.001028537334465934
17.97	0.001024726320671951
17.98	0.0010209315361353786
17.990000000000002	0.001017152902774998
18.	0.0010133903429283449
18.01	0.0010096437793492426
18.02	0.001005913135205338
18.03	0.0010021983340756592
18.04	0.0009984992999481817
18.05	0.0009948159572174171
18.06	0.0009911482306820157
18.07	0.0009874960455423852
18.080000000000002	0.000983859327398325
18.09	0.000980238002246666
18.1	0.0009766319964789457
18.11	0.0009730412368790772
18.12	0.0009694656506210494
18.13	0.0009659051652666261
18.14	0.0009623597087630812
18.150000000000002	0.0009588292094409274
18.16	0.0009553135960116685
18.17	0.0009518127975655708
18.18	0.0009483267435694373
18.19	0.0009448553638644098
18.2	0.000941398588663772
18.21	0.0009379563485507746
18.22	0.000934528574476475
18.23	0.0009311151977575828
18.240000000000002	0.0009277161500743283
18.25	0.0009243313634683403
18.26	0.0009209607703405363
18.27	0.0009176043034490279
18.28	0.0009142618959070422
18.29	0.0009109334811808465
18.3	0.0009076189930877028
18.31	0.0009043183657938213
18.32	0.0009010315338123244
18.330000000000002	0.0008977584320012462
18.34	0.0008944989955615127
18.35	0.0008912531600349629
18.36	0.000888020861302366
18.37	0.0008848020355814563
18.38	0.0008815966194249822
18.39	0.0008784045497187605
18.400000000000002	0.0008752257636797564
18.41	0.0008720601988541594
18.42	0.0008689077931154836
18.43	0.0008657684846626756
18.44	0.0008626422120182335
18.45	0.0008595289140263382
18.46	0.0008564285298509992
18.47	0.0008533409989742093
18.48	0.0008502662611941093
18.490000000000002	0.0008472042566231695
18.5	0.000844154925686379
18.51	0.000841118209119447
18.52	0.000838094047967013
18.53	0.0008350823835808767
18.54	0.0008320831576182285
18.55	0.0008290963120398948
18.56	0.0008261217891086008
18.57	0.0008231595313872319
18.580000000000002	0.0008204655828445649
18.59	0.0008183149472153877
18.6	0.0008161711009369017
18.61	0.0008140340189428586
18.62	0.0008119036762729483
18.63	0.0008097800480723048
18.64	0.0008076631095909943
18.650000000000002	0.0008055528361835233
18.66	0.0008034492033083396
18.67	0.0008013521865273379
18.68	0.0007992617615053686
18.69	0.0007971779040097527
18.7	0.0007951005899097895
18.71	0.0007930297951762802
18.72	0.0007909654958810443
18.73	0.0007889076681964358
18.740000000000002	0.0007868562883948778
18.75	0.0007848113328483797
18.76	0.0007827727780280741
18.77	0.0007807406005037406
18.78	0.0007787147769433475
18.79	0.0007766952841125835
18.8	0.000774682098874398
18.81	0.0007726751981885427
18.82	0.0007706745591111165
18.830000000000002	0.0007686801587941096
18.84	0.0007666919744849531
18.85	0.0007647099835260702
18.86	0.0007627341633544289
18.87	0.0007607644915010981
18.88	0.0007588009455908071
18.89	0.0007568435033415006
18.900000000000002	0.0007548921425639099
18.91	0.0007529468411611069
18.92	0.0007510075771280828
18.93	0.0007490743285513072
18.94	0.0007471470736083069
18.95	0.0007452257905672368
18.96	0.000743310457786455
18.97	0.000741401053714104
18.98	0.0007394975568876884
18.990000000000002	0.0007375999459336585
19.	0.000735708199566997
19.01	0.000733822296590803
19.02	0.0007319422158958812
19.03	0.000730067936460336
19.04	0.0007281994373491651
19.05	0.0007263366977138472
19.06	0.0007244796967919519
19.07	0.0007226284139067272
19.080000000000002	0.0007207828284667118
19.09	0.0007189429199653303
19.1	0.000717108667980504
19.11	0.0007152800521742605
19.12	0.0007134570522923332
19.13	0.0007116396481637872
19.14	0.0007098278197006235
19.150000000000002	0.0007080215468973987
19.16	0.0007062208098308405
19.17	0.0007044255886594728
19.18	0.0007026358636232297
19.19	0.0007008516150430851
19.2	0.0006990728233206767
19.21	0.000697299468937932
19.22	0.0006955315324567006
19.23	0.0006937689945183852
19.240000000000002	0.0006920118358435713
19.25	0.0006902600372316666
19.26	0.000688513579560536
19.27	0.0006867724437861414
19.28	0.0006850366109421812
19.29	0.0006833060621397343
19.3	0.0006815807785669035
19.31	0.0006798607414884627
19.32	0.0006781459322455039
19.330000000000002	0.0006764363322550863
19.34	0.0006747319230098912
19.35	0.0006730326860778713
19.36	0.0006713386031019103
19.37	0.0006696496557994743
19.38	0.0006679658259622764
19.39	0.0006662870954559324
19.400000000000002	0.000664613446219625
19.41	0.0006629448602657679
19.42	0.0006612813196796708
19.43	0.0006596228066192065
19.44	0.00065796930331448
19.45	0.0006563207920674999
19.46	0.0006546772552518487
19.47	0.0006530386753123593
19.48	0.0006514050347647879
19.490000000000002	0.0006497763161954946
19.5	0.0006481525022611187
19.51	0.0006465335756882614
19.52	0.0006449195192731692
19.53	0.0006433103158814126
19.54	0.000641705948447576
19.55	0.0006401063999749444
19.56	0.0006385116535351898
19.57	0.0006369216922680614
19.580000000000002	0.0006353364993810801
19.59	0.0006337560581492281
19.6	0.000632180351914646
19.61	0.0006306093640863266
19.62	0.0006290430781398162
19.63	0.0006274814776169115
19.64	0.0006259245461253604
19.650000000000002	0.0006243722673385651
19.66	0.0006228246249952863
19.67	0.0006212816028993471
19.68	0.0006197431849193403
19.69	0.000618209354988338
19.7	0.0006166800971035991
19.71	0.0006151553953262822
19.72	0.0006136352337811579
19.73	0.000612119596656321
19.740000000000002	0.0006106084682029098
19.75	0.0006091018327348187
19.76	0.0006075996746284194
19.77	0.0006061019783222796
19.78	0.0006046087283168839
19.79	0.0006031199091743578
19.8	0.0006016355055181893
19.81	0.0006001555020329554
19.82	0.0005986798834640483
19.830000000000002	0.0005972086346174054
19.84	0.0005957417403592347
19.85	0.0005942791856157494
19.86	0.0005933102677057852
19.87	0.0006035226229099577
19.88	0.0006139054868772186
19.89	0.0006244616185521677
19.900000000000002	0.0006351938200997018