0.01	3.0812625589801206
0.02	2.4879678702001966
0.03	2.297579791410551
0.04	2.195461385079973
0.05	2.1294715992114703
0.06	2.077156535421344
0.07	2.0345224968187785
0.08	1.9970004422995034
0.09	1.9645798170891478
0.1	1.9350362045969594
0.11	1.9072916092286127
0.12	1.8794440308831908
0.13	1.8528526299149475
0.14	1.8274740285859437
0.15	1.8020597804297576
0.16	1.7777058704807125
0.17	1.7536446877047291
0.18	1.730184308931435
0.19	1.70799481650768
0.2	1.6854519151021565
0.21	1.664285280842789
0.22	1.6433073066470416
0.23	1.6215625821625412
0.24	1.6010131231424798
0.25	1.581284960807048
0.26	1.5608921984752522
0.27	1.5415174901186008
0.28	1.5230750379160585
0.29	1.50454377995165
0.3	1.4857241035920818
0.31	1.4677455630962755
0.32	1.4505451979223134
0.33	1.4337445963798763
0.34	1.4165065734747329
0.35000000000000003	1.399966626394435
0.36	1.3840777212716902
0.37	1.3687971886781873
0.38	1.3534951984644796
0.39	1.3377349364077233
0.4	1.3225503324820485
0.41000000000000003	1.307906739527276
0.42	1.2937723762268165
0.43	1.2801180285166764
0.44	1.2660152835977032
0.45	1.2521379408288618
0.46	1.2387127683982517
0.47000000000000003	1.2257156742433788
0.48	1.2131243277258608
0.49	1.200917997350675
0.5	1.1886759954468153
0.51	1.176162041705466
0.52	1.1640190313664833
0.53	1.152229146859293
0.54	1.140775741944357
0.55	1.1296432447256963
0.56	1.1188170702894582
0.5700000000000001	1.1082540529959506
0.58	1.0970745289913266
0.59	1.0861960219510705
0.6	1.075605527627738
0.61	1.0652908082595816
0.62	1.0552403357186888
0.63	1.0454432397142848
0.64	1.0358892605294898
0.65	1.0265687058308999
0.66	1.0169324275911702
0.67	1.0071623799345844
0.68	0.9976288722500338
0.6900000000000001	0.9883228237982669
0.7000000000000001	0.9792356275187962
0.71	0.9703591189815091
0.72	0.9616855477774091
0.73	0.9532075511260168
0.74	0.9449181294999636
0.75	0.9368106240877149
0.76	0.9282423017003534
0.77	0.9197936748291875
0.78	0.9115294837953366
0.79	0.9034434142457191
0.8	0.8955294443786389
0.81	0.887781827938595
0.8200000000000001	0.8801950783952494
0.8300000000000001	0.8727639542107958
0.84	0.8654834451087628
0.85	0.8583487592651822
0.86	0.8513553113501385
0.87	0.8439610803415133
0.88	0.8365600731442597
0.89	0.8293065033044514
0.9	0.822195826057319
0.91	0.8152236851956424
0.92	0.8083859032796932
0.93	0.8016784724554157
0.9400000000000001	0.7950975458369798
0.9500000000000001	0.7886394294134333
0.96	0.7823005744424465
0.97	0.7760775702971058
0.98	0.7699671377344235
0.99	0.7639661225566835
1.	0.7574885096615241
1.01	0.7511292657978735
1.02	0.7448852775893852
1.03	0.7387533566003663
1.04	0.732730432432193
1.05	0.7268135472701867
1.06	0.720999850731523
1.07	0.7152865949948897
1.08	0.7096711301940225
1.09	0.7041509000585257
1.1	0.6987234377865783
1.11	0.693386362135209
1.12	0.6881373737148297
1.1300000000000001	0.6829742514756418
1.1400000000000001	0.6777314118305977
1.1500000000000001	0.6722498739780872
1.16	0.6668595578732675
1.17	0.661558178507271
1.18	0.6563435269934003
1.19	0.6512134674126565
1.2	0.6461659338151954
1.21	0.6411989273687747
1.22	0.6363105136458426
1.23	0.6314988200414532
1.24	0.626762033314697
1.25	0.6220983972467944
1.26	0.6175062104094369
1.27	0.6129838240373569
1.28	0.6085296399994811
1.29	0.6041421088633727
1.3	0.599819728047985
1.31	0.5953680235739387
1.32	0.5907859364540586
1.33	0.5862732986863344
1.34	0.5818285472545649
1.35	0.5774501656361987
1.36	0.5731366820876502
1.37	0.5688866680049117
1.3800000000000001	0.5646987363556246
1.3900000000000001	0.5605715401790099
1.4000000000000001	0.5565037711502525
1.41	0.5524941582061371
1.42	0.5485414662289043
1.43	0.5446444947854758
1.44	0.5408020769193468
1.45	0.5370130779926002
1.46	0.5332763945756337
1.47	0.5295909533823205
1.48	0.5259557102484542
1.49	0.5223696491514346
1.5	0.5187708647790643
1.51	0.5148967117380744
1.52	0.5110767774627736
1.53	0.5073099538972928
1.54	0.5035951626759988
1.55	0.4999313541416078
1.56	0.496317506401854
1.57	0.49275262442296663
1.58	0.4892357391582888
1.59	0.48576590671047
1.6	0.482342207525734
1.61	0.47896374561880223
1.62	0.4756296478271251
1.6300000000000001	0.47233906309314155
1.6400000000000001	0.4690911617733458
1.6500000000000001	0.4658851349730067
1.6600000000000001	0.46272019390543684
1.67	0.4595955692747648
1.68	0.4565105106812128
1.69	0.4534642860479325
1.7	0.4504561810684931
1.71	0.4474854986741633
1.72	0.44455155852016615
1.73	0.4413466074623616
1.74	0.43816942484650995
1.75	0.43503312578220965
1.76	0.4319369550477704
1.77	0.4288801755572892
1.78	0.4258620678257724
1.79	0.42288192945292946
1.8	0.41993907462488955
1.81	0.4170328336331195
1.82	0.41416255240986294
1.83	0.41132759207944064
1.84	0.40852732852479196
1.85	0.40576115196865714
1.86	0.4030284665688319
1.87	0.400328690026947
1.8800000000000001	0.39766125321025386
1.8900000000000001	0.39502559978591334
1.9000000000000001	0.39242118586731617
1.9100000000000001	0.3898474796719734
1.92	0.38730396119054206
1.93	0.3847901218665695
1.94	0.3823054642865521
1.95	0.37984950187992933
1.96	0.37742175862864097
1.97	0.3750217687859009
1.98	0.37251963198347526
1.99	0.3699011311777591
2.	0.36731402366618315
2.0100000000000002	0.3647577789148078
2.02	0.36223187793494815
2.0300000000000002	0.3597358129763508
2.04	0.3572690872299877
2.05	0.3548312145401191
2.06	0.35242171912529385
2.07	0.35004013530796835
2.08	0.3476860072524365
2.09	0.3453588887107774
2.1	0.34305834277653835
2.11	0.3407839416458832
2.12	0.33853526638594233
2.13	0.3363119067101198
2.14	0.33411346076011167
2.15	0.33193953489440875
2.16	0.32978974348305884
2.17	0.3276637087084788
2.18	0.3255610603721065
2.19	0.32348143570670096
2.2	0.3214244791940953
2.21	0.3193898423882249
2.22	0.3173771837432517
2.23	0.315386168446618
2.24	0.3134164682568649
2.25	0.3114677613460611
2.2600000000000002	0.30953973214668884
2.27	0.30758753058720606
2.2800000000000002	0.3054831657211606
2.29	0.30340231317414895
2.3000000000000003	0.30134460927890366
2.31	0.2993096975411056
2.32	0.2972972284676335
2.33	0.295306859399646
2.34	0.29333825435033717
2.35	0.2913910838472178
2.36	0.2894650247787767
2.37	0.28755976024538166
2.38	0.28567497941428727
2.39	0.2838103773786176
2.4	0.28196565502020193
2.41	0.28014051887613795
2.42	0.2783346810089713
2.43	0.27654785888037514
2.44	0.27477977522822383
2.45	0.2730301579469542
2.46	0.27129873997111514
2.47	0.2695852591620071
2.48	0.26788945819731735
2.49	0.2662110844636602
2.5	0.2645498899519356
2.5100000000000002	0.26290563115541854
2.52	0.2612780689705007
2.5300000000000002	0.2596669686000029
2.54	0.25807209945898235
2.5500000000000003	0.25649323508296135
2.56	0.25493015303850614
2.57	0.25338263483608525
2.58	0.25185046584514287
2.59	0.2503334352113205
2.6	0.24883133577576652
2.61	0.24723417524746652
2.62	0.24558153425623278
2.63	0.24394617320896425
2.64	0.24232784675014174
2.65	0.24072631391943428
2.66	0.23914133805676166
2.67	0.23757268670975495
2.68	0.23602013154354548
2.69	0.2344834482528162
2.7	0.23296241647604957
2.71	0.23145681971190973
2.72	0.229966445237698
2.73	0.22849108402982266
2.74	0.22703053068622708
2.75	0.2255845833507195
2.7600000000000002	0.22415304363915284
2.77	0.2227357165674012
2.7800000000000002	0.22133241048108387
2.79	0.21994293698698908
2.8000000000000003	0.21856711088614816
2.81	0.2172047501085177
2.82	0.2158556756492225
2.83	0.21451971150631938
2.84	0.213196684620038
2.85	0.21188642481346015
2.86	0.21058876473459834
2.87	0.2093035397998345
2.88	0.20803058813868522
2.89	0.2067697505398538
2.9	0.20552087039853933
2.91	0.20428379366496535
2.92	0.20305836879409858
2.93	0.2018444466965246
2.94	0.20064188069045089
2.95	0.19945052645480704
2.96	0.19827024198341403
2.97	0.19710088754019411
2.98	0.1959423256153947
2.99	0.19479097164691475
3.	0.19350961019598503
3.0100000000000002	0.19224089985366244
3.02	0.1909846743030765
3.0300000000000002	0.1897407699546368
3.04	0.18850902589250185
3.0500000000000003	0.18728928382226864
3.06	0.18608138801985452
3.0700000000000003	0.184885185281537
3.08	0.18370052487512567
3.09	0.18252725849223303
3.1	0.1813652402016185
3.11	0.18021432640357796
3.12	0.17907437578535002
3.13	0.17794524927751657
3.14	0.17682681001136907
3.15	0.17571892327721864
3.16	0.17462145648362445
3.17	0.17353427911751834
3.18	0.17245726270520315
3.19	0.17139028077420215
3.2	0.17033320881593955
3.21	0.1692859242492305
3.22	0.1682483063845611
3.23	0.16722023638913877
3.24	0.16620159725269387
3.25	0.1651922737540146
3.2600000000000002	0.16419215242819704
3.27	0.16320112153459218
3.2800000000000002	0.1622190710254349
3.29	0.16124589251513627
3.3000000000000003	0.16028147925022418
3.31	0.1593257260799172
3.3200000000000003	0.15837852942731515
3.33	0.1574397872611929
3.34	0.1565093990683823
3.35	0.1555872658267281
3.36	0.1546732899786057
3.37	0.15376737540498447
3.38	0.15286942740002785
3.39	0.1519793526462136
3.4	0.15109705918996474
3.41	0.15022245641777834
3.42	0.1493554550328404
3.43	0.14849596703211534
3.44	0.1475594051287324
3.45	0.14660034103158834
3.46	0.14565025926201183
3.47	0.14470905009694898
3.48	0.14377660546454588
3.49	0.1428528189146486
3.5	0.14193758558991243
3.5100000000000002	0.14103080219750683
3.52	0.14013236698140147
3.5300000000000002	0.1392421796952209
3.54	0.13836014157565288
3.5500000000000003	0.1374861553163992
3.56	0.13662012504265603
3.5700000000000003	0.13576195628611054
3.58	0.1349115559604436
3.59	0.13406883233732564
3.6	0.13323369502289456
3.61	0.13240605493470586
3.62	0.13158582427914262
3.63	0.13077291652927578
3.64	0.1299672464031649
3.65	0.1291687298425883
3.66	0.12837728399219378
3.67	0.1275928271790611
3.68	0.12681527889266475
3.69	0.12604455976523096
3.7	0.1252805915524778
3.71	0.1245232971147315
3.72	0.12377260039840943
3.73	0.12302842641786252
3.74	0.12229070123756897
3.75	0.12155935195467127
3.7600000000000002	0.12083430668184934
3.77	0.12011549453052225
3.7800000000000002	0.11940284559437146
3.79	0.11869629093317874
3.8000000000000003	0.1179957625569713
3.81	0.11730119341046866
3.8200000000000003	0.11661251735782346
3.83	0.11592966916765089
3.84	0.11525258449834011
3.85	0.11458119988364128
3.86	0.11391545271852362
3.87	0.11325528124529669
3.88	0.1126006245399916
3.89	0.11195142249899435
3.9	0.11130761582592846
3.91	0.110669146018779
3.92	0.11003595535725516
3.93	0.10940798689038507
3.94	0.10878518442433857
3.95	0.10808731825486803
3.96	0.10738406154115991
3.97	0.10668713687247876
3.98	0.10599647150077203
3.99	0.10531199369365311
4.	0.10463363271772262
4.01	0.10396131882220415
4.0200000000000005	0.1032949832228882
4.03	0.10263455808637753
4.04	0.10197997651462747
4.05	0.10133117252977512
4.0600000000000005	0.10068808105925159
4.07	0.10005063792117055
4.08	0.09941877980998813
4.09	0.09879244428242795
4.1	0.09817156974366598
4.11	0.09755609543376982
4.12	0.09694596141438697
4.13	0.09634110855567699
4.14	0.0957414785234824
4.15	0.09514701376673396
4.16	0.09455765750508445
4.17	0.09397335371676736
4.18	0.09339404712667505
4.19	0.09281968319465231
4.2	0.09225020810400099
4.21	0.0916855687501913
4.22	0.09112571272977489
4.23	0.0905705883294973
4.24	0.09002014451560392
4.25	0.08947433092333672
4.26	0.08893309784661754
4.2700000000000005	0.0883963962279141
4.28	0.08786417764828536
4.29	0.08733639431760225
4.3	0.08681299906494086
4.3100000000000005	0.0862939453291439
4.32	0.0857791871495479
4.33	0.08526867915687206
4.34	0.08476237656426638
4.3500000000000005	0.08426023515851531
4.36	0.0837622112913941
4.37	0.08326826187117484
4.38	0.0827783443542793
4.39	0.08229241673707571
4.4	0.08181043754781646
4.41	0.08133236583871445
4.42	0.08085816117815478
4.43	0.08038778364303971
4.44	0.07992119381126403
4.45	0.07945835275431853
4.46	0.07899922203001872
4.47	0.07854376367535683
4.48	0.0780919401994746
4.49	0.07764371457675459
4.5	0.07719905024002727
4.51	0.07675791107389263
4.5200000000000005	0.07632026140815326
4.53	0.07585167416721757
4.54	0.07535018685347322
4.55	0.07485310754823526
4.5600000000000005	0.07436038794509368
4.57	0.07387198037133269
4.58	0.07338783777825522
4.59	0.07290791373167617
4.6000000000000005	0.07243216240258032
4.61	0.07196053855794267
4.62	0.07149299755170722
4.63	0.07102949531592152
4.64	0.07056998835202404
4.65	0.07011443372228106
4.66	0.06966278904137058
4.67	0.0692150124681101
4.68	0.06877106269732565
4.69	0.06833089895185954
4.7	0.06789448097471384
4.71	0.06746176902132708
4.72	0.06703272385198196
4.73	0.06660730672434105
4.74	0.06618547938610862
4.75	0.06576720406781562
4.76	0.06535244347572602
4.7700000000000005	0.06494116078486196
4.78	0.06453331963214537
4.79	0.06412888410965416
4.8	0.0637278187579906
4.8100000000000005	0.06333008855975998
4.82	0.06293565893315724
4.83	0.06254449572565982
4.84	0.06215656520782473
4.8500000000000005	0.061771834067187566
4.86	0.06139026940226215
4.87	0.061011838716638435
4.88	0.06063650991317716
4.89	0.06026425128829929
4.9	0.05989503152636874
4.91	0.05952881969416641
4.92	0.059165585235454024
4.93	0.058805297965626065
4.94	0.05844792806644826
4.95	0.05809344608088106
4.96	0.05774182290798641
4.97	0.05739302979791649
4.98	0.05704703834698294
4.99	0.056703820492804966
5.	0.05636334850953494
5.01	0.0560255950031604
5.0200000000000005	0.05569053290688056
5.03	0.05535813547655656
5.04	0.055028376286233575
5.05	0.054701229223733994
5.0600000000000005	0.05437666848632027
5.07	0.05405466857642586
5.08	0.05373520429745352
5.09	0.0534182507496397
5.1000000000000005	0.053103783325983325
5.11	0.05279177770823887
5.12	0.052482209862971335
5.13	0.05217505603767317
5.14	0.051870292756941314
5.15	0.0515678968187138
5.16	0.051267845290564246
5.17	0.05097011550605419
5.18	0.05067468506114115
5.19	0.05038153181064244
5.2	0.05006735098971538
5.21	0.049726185096533086
5.22	0.0493879914843934
5.23	0.04905273863857404
5.24	0.048720395437858735
5.25	0.048390931148885374
5.26	0.04806431542058588
5.2700000000000005	0.0477405182787162
5.28	0.04741951012047476
5.29	0.04710126170920772
5.3	0.046785744169199533
5.3100000000000005	0.04647292898054736
5.32	0.04616278797411766
5.33	0.04585529332658354
5.34	0.04555041755554164
5.3500000000000005	0.04524813351470665
5.36	0.04494841438918268
5.37	0.04465123369080971
5.38	0.04435656525358367
5.39	0.04406438322914953
5.4	0.04377466208236525
5.41	0.04348737658693591
5.42	0.04320250182111666
5.43	0.04292001316348311
5.44	0.04263988628876827
5.45	0.04236209716376454
5.46	0.04208662204328996
5.47	0.04181343746621727
5.48	0.04154252025156498
5.49	0.041273847494649164
5.5	0.041007396563294995
5.51	0.040743145094107036
5.5200000000000005	0.040481070988797184
5.53	0.04022115241056932
5.54	0.03996336778055975
5.55	0.03970769577433228
5.5600000000000005	0.03945411531842727
5.57	0.03920260558696354
5.58	0.03895314599829213
5.59	0.038705716211701484
5.6000000000000005	0.038460296124172545
5.61	0.03821686586718357
5.62	0.0379754058035631
5.63	0.03773589652439117
5.64	0.037498318845946864
5.65	0.03726265380670247
5.66	0.037028882664362835
5.67	0.03679698689294913
5.68	0.03656694817992682
5.69	0.0363387484233763
5.7	0.03611236972920642
5.71	0.03588779440840917
5.72	0.035665004974355756
5.73	0.035443984140132764
5.74	0.03522471481591804
5.75	0.03500718010639544
5.76	0.0347913633082081
5.7700000000000005	0.03457724790744914
5.78	0.0343648175771897
5.79	0.03415405617504329
5.8	0.03394494774076599
5.8100000000000005	0.03373747649389203
5.82	0.03353162683140391
5.83	0.033327383325436895
5.84	0.033124730721016744
5.8500000000000005	0.032923653933830795
5.86	0.03272413804803132
5.87	0.032526168314070854
5.88	0.03232973014656915
5.89	0.032134809122210735
5.9	0.031941390977673324
5.91	0.03174946160758569
5.92	0.03155900706251547
5.93	0.031370013546985556
5.94	0.031182467417519205
5.95	0.03099635518071324
5.96	0.03081166349133874
5.97	0.03061591423393522
5.98	0.03040744247703206
5.99	0.030200735032292286
6.	0.029995774060070382
6.01	0.02979254193041212
6.0200000000000005	0.02959102122024642
6.03	0.029391194710619465
6.04	0.029193045383970176
6.05	0.028996556421446714
6.0600000000000005	0.028801711200262845
6.07	0.028608493291093953
6.08	0.028416886455511714
6.09	0.028226874643457037
6.1000000000000005	0.028038441990750465
6.11	0.02785157281663958
6.12	0.027666251621382556
6.13	0.027482463083867592
6.140000000000001	0.0273001920592674
6.15	0.02711942357672824
6.16	0.02694014283709287
6.17	0.026762335210657174
6.18	0.02658598623495933
6.19	0.026411081612601642
6.2	0.026237607209104095
6.21	0.02606554905078906
6.22	0.02589489332269715
6.23	0.02572562636653305
6.24	0.025557734678641378
6.25	0.025391204908011805
6.26	0.02522602385431309
6.2700000000000005	0.02506217846595548
6.28	0.024899655838181114
6.29	0.024738443211181835
6.3	0.024578527968244213
6.3100000000000005	0.02441989763392111
6.32	0.02426253987222943
6.33	0.02410644248487376
6.34	0.02395159340949536
6.3500000000000005	0.023797980717946074
6.36	0.023645592614586892
6.37	0.02349441743461073
6.38	0.02334444364238899
6.390000000000001	0.023195659829841557
6.4	0.02303685339546986
6.41	0.02287660387323682
6.42	0.02271771628598191
6.43	0.02256017696441687
6.44	0.022403972397403393
6.45	0.022249089229881714
6.46	0.022095514260829393
6.47	0.02194323444124998
6.48	0.02179223687219096
6.49	0.02164250880279057
6.5	0.021494037628352922
6.51	0.021346810888451143
6.5200000000000005	0.02120081626505798
6.53	0.02105604158070344
6.54	0.02091247479665898
6.55	0.02077010401114801
6.5600000000000005	0.020628917457581993
6.57	0.020488903502822123
6.58	0.020350050645465703
6.59	0.02021234751415733
6.6000000000000005	0.020075782865924062
6.61	0.019940345584534534
6.62	0.01980602467888131
6.63	0.019672809281386455
6.640000000000001	0.0195406886464297
6.65	0.01940965214879895
6.66	0.019279689282162754
6.67	0.019150789657564424
6.68	0.019022943001937485
6.69	0.01889613915664204
6.7	0.01877036807602174
6.71	0.018645619825981192
6.72	0.018521884582583206
6.73	0.018399152630665876
6.74	0.018277414362478938
6.75	0.018156660276339276
6.76	0.01803688097530516
6.7700000000000005	0.0179180671658691
6.78	0.01780020965666874
6.79	0.01768329935721581
6.8	0.017567327276642716
6.8100000000000005	0.01745228452246651
6.82	0.017338162299369953
6.83	0.017224951907999483
6.84	0.01711264474377971
6.8500000000000005	0.017000181641766664
6.86	0.016877398094629216
6.87	0.01675567827060345
6.88	0.016635011425937995
6.890000000000001	0.01651538694078618
6.9	0.016396794317599987
6.91	0.01627922317954728
6.92	0.01616266326895161
6.93	0.016047104445754606
6.94	0.015932536686000157
6.95	0.01581895008034044
6.96	0.01570633483256324
6.97	0.015594681258140269
6.98	0.015483979782796111
6.99	0.01537422094109762
7.	0.015265395375063264
7.01	0.015157493832792248
7.0200000000000005	0.015050507167112974
7.03	0.014944426334250697
7.04	0.014839242392513961
7.05	0.01473494650099956
7.0600000000000005	0.01463152991831566
7.07	0.014528984001323044
7.08	0.014427300203893855
7.09	0.014326470075687847
7.1000000000000005	0.014226485260945752
7.11	0.014127337497299478
7.12	0.01402901861459896
7.13	0.013931520533755383
7.140000000000001	0.013834835265600476
7.15	0.013738954909761613
7.16	0.013643871653552707
7.17	0.013549577770880252
7.18	0.01345606562116475
7.19	0.01336332764827681
7.2	0.013271356379488185
7.21	0.013180144424436996
7.22	0.013089684474107542
7.23	0.01299996929982374
7.24	0.012910991752256809
7.25	0.012822744760446146
7.26	0.012735221330834007
7.2700000000000005	0.01264841454631303
7.28	0.012562317565287046
7.29	0.012476923620744512
7.3	0.012392226019344692
7.3100000000000005	0.012308218140516154
7.32	0.0122248934355676
7.33	0.012142245426810718
7.34	0.0120593429119728
7.3500000000000005	0.011968893991169627
7.36	0.011879245061670072
7.37	0.01179038797524921
7.38	0.011702314677569905
7.390000000000001	0.011615017206975794
7.4	0.011528487693301405
7.41	0.011442718356699112
7.42	0.011357701506482697
7.43	0.011273429539987213
7.44	0.01118989494144503
7.45	0.011107090280877563
7.46	0.011025008213002813
7.47	0.010943641476157999
7.48	0.010862982891237582
7.49	0.010783025360645897
7.5	0.010703761867264749
7.51	0.010625185473435102
7.5200000000000005	0.01054728931995333
7.53	0.010470066625081148
7.54	0.010393510683569591
7.55	0.010317614865696375
7.5600000000000005	0.010242372616316693
7.57	0.010167777453927242
7.58	0.010093822969743066
7.59	0.010020502826787342
7.6000000000000005	0.009947810758993545
7.61	0.009875740570320223
7.62	0.009804286133877719
7.63	0.00973344139106718
7.640000000000001	0.009663200350731099
7.65	0.009593557088315831
7.66	0.009524505745045287
7.67	0.009456040527106187
7.68	0.009388155704844265
7.69	0.009320845611971584
7.7	0.009254104644784562
7.71	0.009187927261392708
7.72	0.009122307980957799
7.73	0.009057241382943448
7.74	0.00899272210637479
7.75	0.008928744849108248
7.76	0.008865304367111141
7.7700000000000005	0.008802395473751046
7.78	0.00874001303909475
7.79	0.008678151989216638
7.8	0.008616807305516404
7.8100000000000005	0.008555974024045952
7.82	0.008495647234845256
7.83	0.008435822081287231
7.84	0.008376493759431305
7.8500000000000005	0.008317657517385675
7.86	0.00825930865467803
7.87	0.008197238719410326
7.88	0.008133074976549368
7.890000000000001	0.008069493895352785
7.9	0.008006489456305797
7.91	0.007944055709588347
7.92	0.007882186774181364
7.930000000000001	0.00782087683698579
7.94	0.007760120151953806
7.95	0.007699911039232442
7.96	0.007640243884318957
7.97	0.007581113137228246
7.98	0.007522513311671775
7.99	0.0074644389842479135
8.	0.0074068847936437825
8.01	0.007349845439847905
8.02	0.007293315683374099
8.03	0.007237290344495917
8.040000000000001	0.007181764302491891
8.05	0.007126732494901058
8.06	0.007072189916788965
8.07	0.0070181316200236465
8.08	0.006964552712561746
8.09	0.006911448357744341
8.1	0.0068588137736026135
8.11	0.006806644232172905
8.120000000000001	0.006754935058821326
8.13	0.006703681631577527
8.14	0.006652879380477647
8.15	0.006602523786916252
8.16	0.006552610383007115
8.17	0.006503134750952728
8.18	0.006454092522422411
8.19	0.006405479377938891
8.2	0.0063572910462732285
8.21	0.006309523303847945
8.22	0.006262171974148286
8.23	0.006215232927141421
8.24	0.006168702078703517
8.25	0.0061225753900545805
8.26	0.0060768488672009215
8.27	0.006031518560385079
8.28	0.00598658056354328
8.290000000000001	0.005942031013770055
8.3	0.0058978660907901695
8.31	0.005854082016437544
8.32	0.0058106750541412604
8.33	0.005767641508418333
8.34	0.0057249777243733825
8.35	0.005682680087204893
8.36	0.005640745021718148
8.370000000000001	0.005599168991844533
8.38	0.005557948500167419
8.39	0.005517080087454135
8.4	0.005476560332194329
8.41	0.005436385850144383
8.42	0.005396553293877819
8.43	0.005355477564390714
8.44	0.00531209789718684
8.45	0.0052691203522529685
8.46	0.005226540732698185
8.47	0.005184354890320259
8.48	0.005142558724984175
8.49	0.005101148184009485
8.5	0.005060119261565972
8.51	0.005019467998077917
8.52	0.004979190479636446
8.53	0.004939282837420188
8.540000000000001	0.004899741247123781
8.55	0.004860561928394435
8.56	0.004821741144276174
8.57	0.004783275200661772
8.58	0.004745160445752237
8.59	0.0047073932695237694
8.6	0.004669970103201966
8.61	0.004632887418743332
8.620000000000001	0.004596141728323828
8.63	0.004559729583834482
8.64	0.0045236475763838395
8.65	0.004487892335807292
8.66	0.00445246053018302
8.67	0.004417348865354596
8.68	0.00438255408446004
8.69	0.004348072967467351
8.700000000000001	0.004313902330716243
8.71	0.004280039026466238
8.72	0.004246479942450726
8.73	0.004213222001437219
8.74	0.004180262160793419
8.75	0.00414759741205927
8.76	0.0041152247805246464
8.77	0.00408314132481289
8.78	0.004051344136469809
8.790000000000001	0.004019830339558322
8.8	0.003988597090258436
8.81	0.003957641576472719
8.82	0.003926961017436918
8.83	0.0038965526633359246
8.84	0.0038664137949247675
8.85	0.003836541723154748
8.86	0.003806933788804513
8.870000000000001	0.0037775873621160474
8.88	0.0037484998424355685
8.89	0.00371966865785911
8.9	0.003691091264882867
8.91	0.0036627651480581874
8.92	0.003634687819651104
8.93	0.0036068568193063787
8.94	0.0035792697137160168
8.950000000000001	0.003551924096292128
8.96	0.003524817586844112
8.97	0.0034979478312601223
8.98	0.003471312501192676
8.99	0.0034449092937484517
9.	0.003418735931182103
9.01	0.003392790160594175
9.02	0.003367069753632856
9.03	0.0033413353996858265
9.040000000000001	0.00331384733772249
9.05	0.003286615427112288
9.06	0.0032596370017788758
9.07	0.0032329094262934896
9.08	0.0032064300954893414
9.09	0.0031801964340813942
9.1	0.003154205896291223
9.11	0.0031284559654770534
9.120000000000001	0.003102944153768836
9.13	0.003077668001708215
9.14	0.0030526250778935135
9.15	0.0030278129786294014
9.16	0.003003229327581438
9.17	0.002978871775435177
9.18	0.0029547379995599884
9.19	0.0029308257036773297
9.200000000000001	0.0029071326175335926
9.21	0.0028836564965772677
9.22	0.0028603951216405227
9.23	0.002837346298625024
9.24	0.0028145078581920373
9.25	0.0027918776554565995
9.26	0.0027694535696858877
9.27	0.002747233504001581
9.28	0.0027252153850861843
9.290000000000001	0.0027033971628933422
9.3	0.0026817768103619584
9.31	0.0026603523231341682
9.32	0.002639121719277064
9.33	0.0026180830390081025
9.34	0.0025972343444241905
9.35	0.0025765737192343513
9.36	0.0025560992684959577
9.370000000000001	0.0025358091183544356
9.38	0.0025157014157864413
9.39	0.0024957743283464087
9.4	0.0024760260439164825
9.41	0.002456454770459693
9.42	0.002437058735776469
9.43	0.0024178361872642653
9.44	0.0023987853916804334
9.450000000000001	0.002379904634908141
9.46	0.002361192221725445
9.47	0.0023426464755772853
9.48	0.002324265738350587
9.49	0.002306048370152203
9.5	0.0022879927490898253
9.51	0.0022700972710557273
9.52	0.0022523603495133455
9.53	0.002234780415286613
9.540000000000001	0.0022173559163520882
9.55	0.0022000853176337306
9.56	0.002182967100800371
9.57	0.0021659997640658206
9.58	0.002149181821991546
9.59	0.00213251180529192
9.6	0.002115988260641978
9.61	0.0020996097504876847
9.620000000000001	0.0020833748528586013
9.63	0.00206728216118304
9.64	0.002051330284105518
9.65	0.0020355178453066417
9.66	0.0020198434833252456
9.67	0.002004305851382853
9.68	0.001988814483268334
9.69	0.001973380853553908
9.700000000000001	0.001958082726383898
9.71	0.0019429187742293131
9.72	0.001927887683914904
9.73	0.001912988156449424
9.74	0.0018982189068580575
9.75	0.001883578664017014
9.76	0.001869066170490233
9.77	0.0018546801823681744
9.78	0.0018404194691086775
9.790000000000001	0.0018262828133798503
9.8	0.001812269010904961
9.81	0.0017983768703093083
9.82	0.0017846052129690368
9.83	0.0017709528728618916
9.84	0.0017574186964198402
9.85	0.0017440015423835999
9.86	0.0017307002816589726
9.870000000000001	0.0017175137971750412
9.88	0.00170444098374412
9.89	0.0016914807479235096
9.9	0.0016786320078789648
9.91	0.0016658936932499276
9.92	0.0016532647450164032
9.93	0.0016407441153675753
9.94	0.0016283307675720152
9.950000000000001	0.0016160236758495689
9.96	0.0016038218252448205
9.97	0.0015917242115021598
9.98	0.0015797298409424103
9.99	0.0015678377303409933
10.	0.0015560469068076387
10.01	0.0015443564076675625
10.02	0.0015327652803441695
10.03	0.0015212725822431772
10.040000000000001	0.0015098773806382175
10.05	0.001498578752557835
10.06	0.0014873757846739074
10.07	0.0014762675731914393
10.08	0.0014652532237397395
10.09	0.0014543318512649226
10.1	0.0014435025799237706
10.11	0.0014327645429788776
10.120000000000001	0.0014221168826951142
10.13	0.0014115587502373586
10.14	0.0014010893055694856
10.15	0.00139070771735461
10.16	0.0013804131628565534
10.17	0.0013702048278425181
10.18	0.0013600819064869623
10.19	0.0013500436012766548
10.200000000000001	0.0013400891229168874
10.21	0.0013302176902388458
10.22	0.0013204285301081048
10.23	0.0013107208773342476
10.24	0.0013010939745815853
10.25	0.0012915470722809665
10.26	0.001282079428542672
10.27	0.0012726903090703437
10.28	0.001263378987075996
10.290000000000001	0.0012541447431960245
10.3	0.0012449868654082696
10.31	0.0012359046489500464
10.32	0.0012268973962372145
10.33	0.0012179644167841785
10.34	0.0012091050271248987
10.35	0.001200318550734824
10.36	0.0011916043179537937
10.370000000000001	0.0011836508674343753
10.38	0.0011770922049088733
10.39	0.0011705761473322915
10.4	0.0011641023773367553
10.41	0.0011576705802203919
10.42	0.0011512804439224053
10.43	0.0011449316589984097
10.44	0.0011386239185960105
10.450000000000001	0.0011323569184306399
10.46	0.0011261303567616375
10.47	0.001119943934368585
10.48	0.0011137973545278684
10.49	0.0011076903229894966
10.5	0.0011016225479541404
10.51	0.0010955937400504293
10.52	0.0010896036123124462
10.53	0.0010836518801574915
10.540000000000001	0.0010777382613640384
10.55	0.0010718624760499345
10.56	0.0010660242466508192
10.57	0.0010602232978987555
10.58	0.0010544593568010865
10.59	0.001048732152619502
10.6	0.001043041416849315
10.61	0.0010373868831989542
10.620000000000001	0.0010317682875696599
10.63	0.0010261853680353856
10.64	0.0010206378648229
10.65	0.001015125520292099
10.66	0.001009648078916501
10.67	0.0010042052872639524
10.68	0.0009987968939775193
10.69	0.0009934226497565783
10.700000000000001	0.0009880823073380818
10.71	0.0009827756214780348
10.72	0.0009775023489331347
10.73	0.0009722622484426095
10.74	0.0009670550807102268
10.75	0.0009618806083864989
10.76	0.0009567385960510417
10.77	0.0009516288101951337
10.78	0.0009465510192044312
10.790000000000001	0.000941504993341867
10.8	0.0009364905047307098
10.81	0.0009315073273377995
10.82	0.0009265552369569468
10.83	0.0009216340111924927
10.84	0.0009167434294430399
10.85	0.000911883272885335
10.86	0.0009070533244583185
10.870000000000001	0.0009022533688473308
10.88	0.000897483192468468
10.89	0.0008927425834530977
10.9	0.0008880313316325302
10.91	0.0008833492285228319
10.92	0.000878696067309796
10.93	0.0008740716428340546
10.94	0.000869475751576343
10.950000000000001	0.0008649081916429054
10.96	0.0008603687627510407
10.97	0.0008558572662147994
10.98	0.0008513735049308038
10.99	0.0008469172833642294
11.	0.0008424884075348995
11.01	0.0008380866850035371
11.02	0.0008337119248581304
11.03	0.0008293639377004499
11.040000000000001	0.00082504253563268
11.05	0.0008207475322441969
11.06	0.0008164787425984597
11.07	0.0008122359832200395
11.08	0.0008080190720817669
11.09	0.0008302584553819986
11.1	0.0008621996233555146