0.01	3.1082331489849087
0.02	2.360789682604362
0.03	2.1156889878809273
0.04	1.9849281771428404
0.05	1.9036533064415582
0.06	1.8466547511686506
0.07	1.8012227950554784
0.08	1.7643407228313515
0.09	1.7337779887227036
0.1	1.7068738053052126
0.11	1.6825060708484858
0.12	1.6598514419721047
0.13	1.6385944233092316
0.14	1.61793888288832
0.15	1.597797405167845
0.16	1.577941590619649
0.17	1.5589371837434594
0.18	1.5400279820642682
0.19	1.5223525473816135
0.2	1.504127686654211
0.21	1.4867018880441343
0.22	1.4702630416307731
0.23	1.4528335235793257
0.24	1.4363395648211421
0.25	1.4206949905521546
0.26	1.404666368748095
0.27	1.3890340515232453
0.28	1.37413492550353
0.29	1.3598990571191418
0.3	1.3445816743562615
0.31	1.3299307479766933
0.32	1.315897145096624
0.33	1.3024367487219117
0.34	1.288522872116055
0.35000000000000003	1.2747631471320662
0.36	1.2615318708475574
0.37	1.2487948935359305
0.38	1.2365211201639015
0.39	1.2237856246719432
0.4	1.2112501449786368
0.41000000000000003	1.1991479120024138
0.42	1.1874539208751438
0.43	1.1761451617478422
0.44	1.1650671745359913
0.45	1.153347493985129
0.46	1.1419994508544065
0.47000000000000003	1.1310035579895092
0.48	1.1203417370312165
0.49	1.109997189740726
0.5	1.099954283429588
0.51	1.0896622058024112
0.52	1.0793338992814643
0.53	1.0692974570280882
0.54	1.0595393538900004
0.55	1.0500469271099162
0.56	1.0408083068514937
0.5700000000000001	1.0318123534479289
0.58	1.0229259274707063
0.59	1.0135828983738817
0.6	1.0044801031187218
0.61	0.9956075128300231
0.62	0.9869556728972237
0.63	0.9785156614654881
0.64	0.9702790515310845
0.65	0.9622378762772631
0.66	0.9543845973285353
0.67	0.9462974499496309
0.68	0.9381008711816249
0.6900000000000001	0.9300934071557025
0.7000000000000001	0.9222680473307775
0.71	0.9146181364104187
0.72	0.907137351643859
0.73	0.8998196818693254
0.74	0.8926594081441428
0.75	0.8856510858218674
0.76	0.8787895279506726
0.77	0.8715719705873719
0.78	0.8643323441357564
0.79	0.857243937829602
0.8	0.8503017380930705
0.81	0.8435009575480065
0.8200000000000001	0.8368370221687128
0.8300000000000001	0.830305559312467
0.84	0.823902386556339
0.85	0.8176235012771286
0.86	0.8114650709168731
0.87	0.8054234238814397
0.88	0.7992811698104252
0.89	0.7929863594274653
0.9	0.7868106325739429
0.91	0.7807504504623659
0.92	0.77480241685073
0.93	0.7689632708272328
0.9400000000000001	0.7632298800332011
0.9500000000000001	0.7575992342932735
0.96	0.7520684396243736
0.97	0.7466347125972718
0.98	0.7412953750265868
0.99	0.7360478489669753
1.	0.7308896519949548
1.01	0.7255849006254241
1.02	0.7201084585568585
1.03	0.714726178238767
1.04	0.7094355498249909
1.05	0.704234153660481
1.06	0.6991196562190951
1.07	0.6940898062606516
1.08	0.6891424311934814
1.09	0.6842754336297038
1.1	0.6794867881213538
1.11	0.6747745380663209
1.12	0.6701367927738255
1.1300000000000001	0.6655717246798653
1.1400000000000001	0.6610775667037196
1.1500000000000001	0.6566526097372003
1.16	0.6520486715146585
1.17	0.6473353240378217
1.18	0.6426957281505329
1.19	0.6381281193689066
1.2	0.6336307897853949
1.21	0.6292020858018526
1.22	0.6248404059712824
1.23	0.6205441989422092
1.24	0.6163119615000155
1.25	0.6121422366999241
1.26	0.6080336120866441
1.27	0.6039847179960118
1.28	0.5999942259342311
1.29	0.5960608470305997
1.3	0.5921833305598473
1.31	0.588360462530445
1.32	0.5845910643354634
1.33	0.5807044338597463
1.34	0.5766857938890544
1.35	0.5727245337793065
1.36	0.5688194182374178
1.37	0.5649692473891058
1.3800000000000001	0.5611728555139833
1.3900000000000001	0.5574291098346017
1.4000000000000001	0.5537369093567752
1.41	0.5500951837586668
1.42	0.5465028923262525
1.43	0.5429590229329249
1.44	0.5394625910611022
1.45	0.5360126388638439
1.46	0.5326082342645682
1.47	0.5292484700930811
1.48	0.5259324632562117
1.49	0.5226593539414475
1.5	0.5194283048520456
1.51	0.5162385004721748
1.52	0.5130891463607166
1.53	0.5097324931794999
1.54	0.5063725364200419
1.55	0.5030562603739944
1.56	0.49978282082460673
1.57	0.49655139514429264
1.58	0.49336118160939163
1.59	0.4902113987408513
1.6	0.48710128466969504
1.61	0.4840300965261972
1.62	0.48099710985173605
1.6300000000000001	0.4780016180323502
1.6400000000000001	0.47504293175307033
1.6500000000000001	0.4721203784721423
1.6600000000000001	0.46923330191430235
1.67	0.4663810615823008
1.68	0.46356303228591694
1.69	0.46077860368773677
1.7	0.45802717986499947
1.71	0.4553081788868584
1.72	0.4526210324064244
1.73	0.44996518526699253
1.74	0.44734009512188216
1.75	0.44466021761029073
1.76	0.44181098283741166
1.77	0.43899599342649204
1.78	0.43621464776910185
1.79	0.4334663581263272
1.8	0.4307505502337721
1.81	0.4280666629199287
1.82	0.42541414773739383
1.83	0.42279246860643027
1.84	0.42020110147039536
1.85	0.4176395339625784
1.86	0.4151072650840133
1.87	0.41260380489184384
1.8800000000000001	0.410128674197845
1.8900000000000001	0.40768140427671457
1.9000000000000001	0.405261536583773
1.9100000000000001	0.4028686224817142
1.92	0.40050222297607785
1.93	0.39816190845911603
1.94	0.3958472584617495
1.95	0.39355786141331567
1.96	0.3912933144088264
1.97	0.3890532229834631
1.98	0.3868372008940492
1.99	0.3846448699072492
2.	0.38247585959425706
2.0100000000000002	0.3802326652094517
2.02	0.3778766368802407
2.0300000000000002	0.3755467341068485
2.04	0.37324254062027484
2.05	0.37096364878108945
2.06	0.3687096593595369
2.07	0.3664801813222799
2.08	0.36427483162554875
2.09	0.36209323501447566
2.1	0.35993502382839876
2.11	0.35779983781193364
2.12	0.3556873239316121
2.13	0.35359713619790134
2.14	0.3515289354924185
2.15	0.3494823894001689
2.16	0.34745717204663623
2.17	0.3454529639395647
2.18	0.3434694518152752
2.19	0.34150632848936846
2.2	0.33956329271166674
2.21	0.33764004902525896
2.22	0.3357363076295118
2.23	0.33385178424692086
2.24	0.3319861999936749
2.25	0.3301392812538167
2.2600000000000002	0.32831075955688105
2.27	0.32650037145890354
2.2800000000000002	0.3247078584266884
2.29	0.32293296672523686
2.3000000000000003	0.32117544730823133
2.31	0.31929520345834267
2.32	0.3173731568999258
2.33	0.3154708728493159
2.34	0.31358806459268457
2.35	0.3117244507771736
2.36	0.3098797552883836
2.37	0.3080537071311659
2.38	0.3062460403136186
2.39	0.3044564937341815
2.4	0.3026848110717428
2.41	0.30093074067865716
2.42	0.2991940354765914
2.43	0.29747445285510965
2.44	0.29577175457291555
2.45	0.29408570666167133
2.46	0.2924160793323159
2.47	0.2907626468838082
2.48	0.2891251876142219
2.49	0.28750348373412343
2.5	0.28589732128216466
2.5100000000000002	0.28430649004282504
2.52	0.2827307834662411
2.5300000000000002	0.2811699985900607
2.54	0.2796239359632655
2.5500000000000003	0.2780923995719018
2.56	0.2765751967666663
2.57	0.2750721381922938
2.58	0.2735830377186943
2.59	0.27210771237378906
2.6	0.270645982277999
2.61	0.2691976705803379
2.62	0.26776260339606317
2.63	0.26634060974584484
2.64	0.26493152149640536
2.65	0.26344125191243095
2.66	0.26189590955634867
2.67	0.2603653799342043
2.68	0.25884946637592504
2.69	0.25734797554329675
2.7	0.25586071736139876
2.71	0.25438750495169865
2.72	0.25292815456675743
2.73	0.2514824855265043
2.74	0.25005032015603534
2.75	0.24863148372489463
2.7600000000000002	0.2472258043877976
2.77	0.24583311312675832
2.7800000000000002	0.24445324369457908
2.79	0.24308603255967046
2.8000000000000003	0.2417313188521611
2.81	0.24038894431126626
2.82	0.2390587532338783
2.83	0.23774059242434967
2.84	0.2364343111454337
2.85	0.23513976107035478
2.86	0.23385679623597652
2.87	0.23258527299703965
2.88	0.2313250499814425
2.89	0.23007598804653448
2.9	0.22883795023639855
2.91	0.22761080174009585
2.92	0.22639440985084747
2.93	0.2251886439261299
2.94	0.22399337534866004
2.95	0.22280847748824703
2.96	0.22163382566448986
2.97	0.22046929711029703
2.98	0.2193147709362101
2.99	0.2181701280955081
3.	0.2170352513500761
3.0100000000000002	0.21591002523701577
3.02	0.21479433603598144
3.0300000000000002	0.21368807173722273
3.04	0.2125391342744031
3.0500000000000003	0.2113223493421427
3.06	0.2101164793081809
3.0700000000000003	0.20892139107142488
3.08	0.2077369535802315
3.09	0.20656303779432794
3.1	0.20539951664756054
3.11	0.20424626501145043
3.12	0.20310315965953712
3.13	0.2019700792324898
3.14	0.20084690420396706
3.15	0.1997335168472075
3.16	0.19862980120233317
3.17	0.19753564304434787
3.18	0.19645092985181375
3.19	0.1953755507761899
3.2	0.194309396611817
3.21	0.1932523597665317
3.22	0.19220433423289648
3.23	0.1911652155600301
3.24	0.19013490082602316
3.25	0.18911328861092738
3.2600000000000002	0.18810027897030138
3.27	0.1870957734093036
3.2800000000000002	0.1860996748573164
3.29	0.18511188764309042
3.3000000000000003	0.18413231747039685
3.31	0.18316087139417553
3.3200000000000003	0.18219745779716676
3.33	0.18124198636701677
3.34	0.18029436807384497
3.35	0.1793545151482627
3.36	0.17842234105983276
3.37	0.1774977604959599
3.38	0.17658068934120233
3.39	0.1756710446569946
3.4	0.17476874466177275
3.41	0.1738737087114914
3.42	0.17298585728052637
3.43	0.17210511194295108
3.44	0.171231395354181
3.45	0.17036463123297593
3.46	0.16950474434379362
3.47	0.16865166047948565
3.48	0.16780530644432873
3.49	0.16692087813568415
3.5	0.1659821047548498
3.5100000000000002	0.16505126693534755
3.52	0.16412827527421903
3.5300000000000002	0.16321304162579717
3.54	0.1623054790805278
3.5500000000000003	0.1614055019442067
3.56	0.16051302571762233
3.5700000000000003	0.1596279670765956
3.58	0.15875024385240827
3.59	0.15787977501261016
3.6	0.15701648064219792
3.61	0.15616028192515677
3.62	0.15531110112635718
3.63	0.15446886157379863
3.64	0.15363348764119306
3.65	0.1528049047308807
3.66	0.1519830392570701
3.67	0.15116781862939768
3.68	0.15035917123679615
3.69	0.14955702643166932
3.7	0.1487613145143633
3.71	0.14797196671793
3.72	0.14718891519317492
3.73	0.14641209299398483
3.74	0.145641434062928
3.75	0.14487687321712245
3.7600000000000002	0.14411834613436472
3.77	0.14336578933951608
3.7800000000000002	0.14261914019113872
3.79	0.1418783368683777
3.8000000000000003	0.14114331835808297
3.81	0.1404140244421671
3.8200000000000003	0.1396903956851933
3.83	0.13897237342218877
3.84	0.13825989974667943
3.85	0.13755291749894077
3.86	0.13685137025446087
3.87	0.13615520231261055
3.88	0.1354643586855173
3.89	0.1347787850871378
3.9	0.13409842792252663
3.91	0.13342323427729416
3.92	0.13275315190725387
3.93	0.13208812922825142
3.94	0.1314281153061742
3.95	0.13077305984713697
3.96	0.13012291318783994
3.97	0.12947762628609566
3.98	0.12883715071152216
3.99	0.12820143863639835
4.	0.12757044282667826
4.01	0.12687773165075975
4.0200000000000005	0.1261714433131467
4.03	0.12547082679347582
4.04	0.12477582263948218
4.05	0.12408637216711615
4.0600000000000005	0.12340241744875195
4.07	0.12272390130160597
4.08	0.12205076727635968
4.09	0.12138295964598439
4.1	0.12072042339476274
4.11	0.12006310420750332
4.12	0.11941094845894464
4.13	0.11876390320334468
4.14	0.11812191616425191
4.15	0.11748493572445504
4.16	0.11685291091610706
4.17	0.11622579141102066
4.18	0.11560352751113145
4.19	0.11498607013912583
4.2	0.11437337082923049
4.21	0.11376538171815918
4.22	0.11316205553621568
4.23	0.11256334559854833
4.24	0.11196920579655366
4.25	0.11137959058942631
4.26	0.11079445499585261
4.2700000000000005	0.11021375458584443
4.28	0.10963744547271147
4.29	0.10906548430516837
4.3	0.10849782825957488
4.3100000000000005	0.10793443503230603
4.32	0.1073752628322501
4.33	0.106820270373432
4.34	0.10626941686775912
4.3500000000000005	0.10572266201788823
4.36	0.10517996601021065
4.37	0.10464128950795289
4.38	0.10410659364439213
4.39	0.10357584001618263
4.4	0.10304899067679234
4.41	0.10252600813004678
4.42	0.10200685532377901
4.43	0.10149149564358245
4.44	0.10097989290666638
4.45	0.10047201135581069
4.46	0.09996781565341865
4.47	0.09946727087566636
4.48	0.09897034250674595
4.49	0.09847699643320214
4.5	0.09798719893835937
4.51	0.09750091669683855
4.5200000000000005	0.09701811676916121
4.53	0.0965387665964403
4.54	0.09606283399515501
4.55	0.09559028715200894
4.5600000000000005	0.09512109461886988
4.57	0.09465522530778935
4.58	0.09419264848610104
4.59	0.09373333377159641
4.6000000000000005	0.09324457144494647
4.61	0.09272440374721504
4.62	0.09220825553267112
4.63	0.09169608714200915
4.64	0.0911878593917179
4.65	0.09068353356736311
4.66	0.09018307141697937
4.67	0.08968643514456864
4.68	0.08919358740370398
4.69	0.08870449129123663
4.7	0.08821911034110419
4.71	0.08773740851823805
4.72	0.08725935021256886
4.73	0.08678490023312745
4.74	0.08631402380224021
4.75	0.08584668654981667
4.76	0.085382854507728
4.7700000000000005	0.08492249410427444
4.78	0.08446557215874057
4.79	0.08401205587603623
4.8	0.08356191284142224
4.8100000000000005	0.08311511101531875
4.82	0.08267161872819524
4.83	0.08223140467554035
4.84	0.08179443791291066
4.8500000000000005	0.08136068785105628
4.86	0.08093012425112259
4.87	0.08050271721992651
4.88	0.08007843720530568
4.89	0.0796572549915399
4.9	0.07923914169484318
4.91	0.07882406875892511
4.92	0.07841200795062066
4.93	0.07800293135558675
4.94	0.07759681137406495
4.95	0.07719362071670906
4.96	0.0767933324004758
4.97	0.07639591974457861
4.98	0.07600135636650251
4.99	0.07560961617807972
5.	0.07522067338162414
5.01	0.07483450246612482
5.0200000000000005	0.0744510782034963
5.03	0.07407037564488547
5.04	0.07369237011703413
5.05	0.07331703721869552
5.0600000000000005	0.07294435281710479
5.07	0.0725742930445022
5.08	0.07220683429470776
5.09	0.07184195321974693
5.1000000000000005	0.07147962672652652
5.11	0.07111983197355959
5.12	0.07076254636773875
5.13	0.07040774756115724
5.14	0.07005541344797649
5.15	0.06970552216134002
5.16	0.06935805207033229
5.17	0.06901298177698217
5.18	0.06867029011331031
5.19	0.06832995613841923
5.2	0.06799195913562604
5.21	0.06765627860963663
5.22	0.06732289428376083
5.23	0.06699178609716784
5.24	0.06666293420218151
5.25	0.06633631896161409
5.26	0.06601192094613889
5.2700000000000005	0.06568972093170021
5.28	0.06534855246991803
5.29	0.06497851242138944
5.3	0.06461126067031729
5.3100000000000005	0.06424677100490471
5.32	0.06388501750847775
5.33	0.06352597455561614
5.34	0.063169616808342
5.3500000000000005	0.06281591921236516
5.36	0.0624648569933846
5.37	0.062116405653445055
5.38	0.06177054096734727
5.39	0.06142723897911194
5.4	0.06108647599849555
5.41	0.06074822859755795
5.42	0.06041247360728022
5.43	0.06007918811423253
5.44	0.05974834945729075
5.45	0.059419935224401345
5.46	0.059093923249393325
5.47	0.0587702916088371
5.48	0.058449018618948696
5.49	0.05813008283253939
5.5	0.057813463036009496
5.51	0.05749913824638553
5.5200000000000005	0.05718708770840061
5.53	0.05687729089161676
5.54	0.05656972748758869
5.55	0.05626437740706865
5.5600000000000005	0.05596122077725109
5.57	0.055660237939057125
5.58	0.05536140944445762
5.59	0.055064716053834784
5.6000000000000005	0.05477013873338108
5.61	0.05447765865253554
5.62	0.05418725718145611
5.63	0.05389891588852821
5.64	0.05361261653790833
5.65	0.053328341087102486
5.66	0.05304607168457882
5.67	0.05276579066741378
5.68	0.05248748055897137
5.69	0.052211124066615176
5.7	0.05193670407945222
5.71	0.05166420366610855
5.72	0.05139360607253567
5.73	0.05112489471984774
5.74	0.050858053202188974
5.75	0.050593065284630305
5.76	0.050329914901095466
5.7700000000000005	0.050068586152315735
5.78	0.04980906330381301
5.79	0.04955133078391054
5.8	0.04929537318177117
5.8100000000000005	0.04904117524546256
5.82	0.04878872188004892
5.83	0.04853799814570883
5.84	0.048288989255879024
5.8500000000000005	0.04804168057542317
5.86	0.047796057618826
5.87	0.04755210604841165
5.88	0.047309811672586466
5.89	0.04706916044410552
5.9	0.04683013845836264
5.91	0.04659273195170348
5.92	0.04635692729976148
5.93	0.046122711015816054
5.94	0.04589006974917308
5.95	0.04565899028356692
5.96	0.04542945953558403
5.97	0.045201464553107494
5.98	0.0449749925137825
5.99	0.04475003072350219
6.	0.044526566614913665
6.01	0.04430458774594382
6.0200000000000005	0.044084081798344894
6.03	0.0438650365762591
6.04	0.04364744000480228
6.05	0.04343128012866635
6.0600000000000005	0.04320744129758577
6.07	0.04295586721522505
6.08	0.0427061684195253
6.09	0.042458327881750316
6.1000000000000005	0.042212328755399944
6.11	0.04196815437396538
6.12	0.04172578824871549
6.13	0.041485214066514564
6.140000000000001	0.04124641568766962
6.15	0.041009377143808215
6.16	0.04077408263578502
6.17	0.040540516531617804
6.18	0.04030866336445159
6.19	0.04007850783055099
6.2	0.03985003478732005
6.21	0.03962322925134932
6.22	0.039398076396489776
6.23	0.03917456155195288
6.24	0.038952670200436815
6.25	0.03873238797627813
6.26	0.038513700663628664
6.2700000000000005	0.03829659419465713
6.28	0.03808105464777522
6.29	0.03786706824588772
6.3	0.03765462135466623
6.3100000000000005	0.03744370048084637
6.32	0.037234292270547795
6.33	0.0370263835076168
6.34	0.03681996111199147
6.3500000000000005	0.03661501213808847
6.36	0.036411523773211676
6.37	0.036209483335981965
6.38	0.0360088782747881
6.390000000000001	0.035809696166258134
6.4	0.03561192471375135
6.41	0.03541555174587012
6.42	0.035220565214991596
6.43	0.035026953195818764
6.44	0.03483470388395094
6.45	0.0346438055944728
6.46	0.034454246760562246
6.47	0.034266015932116665
6.48	0.03407910177439707
6.49	0.03389349306669022
6.5	0.0337091787009882
6.51	0.03352614768068522
6.5200000000000005	0.03334438911929169
6.53	0.033163892239164924
6.54	0.03298464637025624
6.55	0.03280664094887477
6.5600000000000005	0.032629865516466884
6.57	0.032454309718411775
6.58	0.03227996330283252
6.59	0.03210681611942255
6.6000000000000005	0.03193485811828718
6.61	0.03176407934880033
6.62	0.03159446995847564
6.63	0.03142602019185238
6.640000000000001	0.03125872038939547
6.65	0.03109256098640979
6.66	0.030927532511968166
6.67	0.030763625587853238
6.68	0.030600830927512767
6.69	0.030439139335028207
6.7	0.03027854170409656
6.71	0.03011902901702489
6.72	0.02996059234373794
6.73	0.029803222840797974
6.74	0.02964691175043733
6.75	0.02949165039960296
6.76	0.029337430199013147
6.7700000000000005	0.029184242642225983
6.78	0.029032079304719786
6.79	0.028880931842984757
6.8	0.02873079199362631
6.8100000000000005	0.02858165157247942
6.82	0.02843350247373413
6.83	0.02828633666907204
6.84	0.02814014620681342
6.8500000000000005	0.02799492321107502
6.86	0.02785065988093834
6.87	0.02770734848962821
6.88	0.02756498138370158
6.890000000000001	0.027423550982246293
6.9	0.027283049776089793
6.91	0.027143470327017614
6.92	0.027004805267001435
6.93	0.02686704729743669
6.94	0.026730189188389587
6.95	0.026594223777853164
6.96	0.026449578072952746
6.97	0.02629603616119737
6.98	0.02614360379090572
6.99	0.025992271371776926
7.	0.025842029409956058
7.01	0.025692868506928267
7.0200000000000005	0.025544779358427225
7.03	0.02539775275335753
7.04	0.02525177957273106
7.05	0.025106850788616766
7.0600000000000005	0.0249629574631041
7.07	0.024820090747279568
7.08	0.024678241880216403
7.09	0.02453740218797707
7.1000000000000005	0.024397563082628467
7.11	0.024258716061269756
7.12	0.02412085270507232
7.13	0.023983964678332113
7.140000000000001	0.023848043727533793
7.15	0.023713081680426806
7.16	0.023579070445113207
7.17	0.023446002009146715
7.18	0.023313868438643415
7.19	0.023182661877403313
7.2	0.023052374546043326
7.21	0.022922998741140645
7.22	0.022794526834387298
7.23	0.022666951271754873
7.24	0.02254026457266998
7.25	0.022414459329199797
7.26	0.022289528205247815
7.2700000000000005	0.0221654639357596
7.28	0.02204225932593837
7.29	0.02191990725047035
7.3	0.02179840065275958
7.3100000000000005	0.021677732544172455
7.32	0.021557896003291263
7.33	0.021438884175177173
7.34	0.021320690270642182
7.3500000000000005	0.021203307565529978
7.36	0.02108672940000579
7.37	0.020970949177854782
7.38	0.020855960365789097
7.390000000000001	0.0207417564927634
7.4	0.020628331149298747
7.41	0.020515677986814737
7.42	0.020403790716969718
7.43	0.0202926631110091
7.44	0.020182288999121528
7.45	0.02007266226980295
7.46	0.019955938750726314
7.47	0.01983742163800955
7.48	0.01971976553267498
7.49	0.019602963041081063
7.5	0.019487006842828003
7.51	0.01937188968993581
7.5200000000000005	0.019257604406032806
7.53	0.019144143885554177
7.54	0.01903150109295058
7.55	0.018919669061906588
7.5600000000000005	0.018808640894568966
7.57	0.018698409760784518
7.58	0.018588968897347357
7.59	0.018480311607255568
7.6000000000000005	0.018372431258977088
7.61	0.018265321285724705
7.62	0.018158975184739967
7.63	0.01805338651658596
7.640000000000001	0.017948548904448854
7.65	0.017844456033447965
7.66	0.017741101649954398
7.67	0.01763847956091803
7.68	0.01753658363320268
7.69	0.01743540779292957
7.7	0.017334946024828716
7.71	0.017235192371598276
7.72	0.01713614093327172
7.73	0.017037785866592717
7.74	0.01694012138439765
7.75	0.016843141755005626
7.76	0.016746841301615883
7.7700000000000005	0.01665121440171253
7.78	0.01655625548647646
7.79	0.016461959040204498
7.8	0.01636831959973536
7.8100000000000005	0.016275331753882714
7.82	0.01618299014287505
7.83	0.016091289457802208
7.84	0.016000224440068635
7.8500000000000005	0.01590978988085319
7.86	0.015819980620575408
7.87	0.015730791548368192
7.88	0.01564221760155679
7.890000000000001	0.015554253765143983
7.9	0.015466895071301424
7.91	0.015380136598867097
7.92	0.015293973472848643
7.930000000000001	0.015208400863932688
7.94	0.015123413987999941
7.95	0.0150390081056461
7.96	0.014955178521708344
7.97	0.014871920584797508
7.98	0.014789229686835714
7.99	0.014703089577432748
8.	0.014612643382895571
8.01	0.01452286551543129
8.02	0.014433750211483694
8.03	0.014345291764298804
8.040000000000001	0.014257484523295378
8.05	0.014170322893442956
8.06	0.014083801334647737
8.07	0.013997914361145879
8.08	0.013912656540904327
8.09	0.013828022495028888
8.1	0.013744006897179646
8.11	0.01366060447299342
8.120000000000001	0.013577809999513371
8.13	0.013495618304625484
8.14	0.013414024266501913
8.15	0.013333022813051168
8.16	0.01325260892137486
8.17	0.013172777617231192
8.18	0.013093523974504783
8.19	0.013014843114683036
8.2	0.012936730206338743
8.21	0.012859180464618999
8.22	0.012782189150740248
8.23	0.012705751571489413
8.24	0.012629863078731037
8.25	0.01255451906892031
8.26	0.012479714982621973
8.27	0.012405446304034987
8.28	0.012331708560522871
8.290000000000001	0.012258497322149661
8.3	0.0121858082012214
8.31	0.012113636851833138
8.32	0.012041978969421272
8.33	0.011970830290321243
8.34	0.011900186591330481
8.35	0.011830043689276544
8.36	0.011760397440590358
8.370000000000001	0.01169124374088454
8.38	0.011622578524536669
8.39	0.01155439776427752
8.4	0.011486697470784115
8.41	0.011419473692277618
8.42	0.01135272251412591
8.43	0.011286440058450855
8.44	0.011220622483740228
8.45	0.011155265984464114
8.46	0.011090366790695826
8.47	0.01102592116773729
8.48	0.010961925415748804
8.49	0.010898375869383062
8.5	0.010835268897423497
8.51	0.010772600902426838
8.52	0.010710368320369819
8.53	0.010648567620299934
8.540000000000001	0.01058719530399034
8.55	0.010526247905598723
8.56	0.010463515276183659
8.57	0.010396895105224775
8.58	0.010330776048870385
8.59	0.010265153760279358
8.6	0.010200023935314153
8.61	0.01013538231207231
8.620000000000001	0.010071224670423628
8.63	0.010007546831552942
8.64	0.009944344657508408
8.65	0.009881614050755265
8.66	0.009819350953734953
8.67	0.009757551348429601
8.68	0.009696211255931647
8.69	0.009635326736018742
8.700000000000001	0.009574893886733707
8.71	0.009514908843969523
8.72	0.009455367781059272
8.73	0.009396266908371056
8.74	0.009337602472907675
8.75	0.009279370757911142
8.76	0.009221568082471876
8.77	0.009164190801142561
8.78	0.00910723530355661
8.790000000000001	0.009050698014051155
8.8	0.008994575391294488
8.81	0.00893886392791795
8.82	0.008883560150152202
8.83	0.008828660617467702
8.84	0.008774161922219534
8.85	0.008720060689296386
8.86	0.008666353575773646
8.870000000000001	0.00861303727057062
8.88	0.008560108494111767
8.89	0.0085075639979919
8.9	0.008455400564645332
8.91	0.0084036150070189
8.92	0.00835220416824882
8.93	0.008301164921341291
8.94	0.00825049416885688
8.950000000000001	0.008200188842598575
8.96	0.008150245903303419
8.97	0.008100662340337817
8.98	0.00805143517139634
8.99	0.008002561442204043
9.	0.007954038226222227
9.01	0.007905862624357612
9.02	0.007858031764674898
9.03	0.0078105428021126265
9.040000000000001	0.007763392918202334
9.05	0.007716579320790955
9.06	0.007670099243766413
9.07	0.00762394994678637
9.08	0.0075781287150101205
9.09	0.007532632858833516
9.1	0.007487459713627006
9.11	0.007442606639476613
9.120000000000001	0.007398071020927907
9.13	0.007353850266732908
9.14	0.007309941809599862
9.15	0.007266343105945924
9.16	0.0072230516356525725
9.17	0.007179365862539857
9.18	0.007131703741162229
9.19	0.007084409412876559
9.200000000000001	0.007037479643955136
9.21	0.006990911232572559
9.22	0.006944701008456836
9.23	0.006898845832544684
9.24	0.006853342596640934
9.25	0.006808188223082049
9.26	0.006763379664403659
9.27	0.006718913903012062
9.28	0.0066747879508596486
9.290000000000001	0.006630998849124219
9.3	0.00658754366789208
9.31	0.006544419505844959
9.32	0.006501623489950598
9.33	0.006459152775157066
9.34	0.006417004544090663
9.35	0.006375176006757403
9.36	0.006333664400248087
9.370000000000001	0.006292466988446773
9.38	0.006251581061742773
9.39	0.006211003936745983
9.4	0.006170732956005647
9.41	0.006130765487732331
9.42	0.00609109892552326
9.43	0.006051730688090848
9.44	0.006012658218994373
9.450000000000001	0.005973878986374882
9.46	0.005935390482693131
9.47	0.005897190224470615
9.48	0.005859275752033658
9.49	0.0058216446292604146
9.5	0.005784294443330913
9.51	0.005747222804479929
9.52	0.005710427345752801
9.53	0.005673905722764042
9.540000000000001	0.005637655613458782
9.55	0.00560167471787696
9.56	0.00556596075792026
9.57	0.005530511477121736
9.58	0.005495324640418121
9.59	0.005460398033924744
9.6	0.00542572946471306
9.61	0.0053913167605907485
9.620000000000001	0.005357157769884325
9.63	0.005323250361224267
9.64	0.005289592423332637
9.65	0.005256181864813072
9.66	0.005223016613943275
9.67	0.005190094618469802
9.68	0.005157413845405258
9.69	0.0051249722808277744
9.700000000000001	0.005092767929682791
9.71	0.005060798815587117
9.72	0.0050290629806351815
9.73	0.004997558485207557
9.74	0.004966283407781583
9.75	0.0049352358447442134
9.76	0.004904413910206934
9.77	0.004873815735822821
9.78	0.004843439470605658
9.790000000000001	0.004813283280751077
9.8	0.004783345349459759
9.81	0.004753623876762619
9.82	0.004724117079347937
9.83	0.004693099800225627
9.84	0.004661006251811841
9.85	0.0046291644387304555
9.86	0.004597572133851581
9.870000000000001	0.004566227131979
9.88	0.004535127249612207
9.89	0.0045042703247113024
9.9	0.0044736542164646636
9.91	0.004443276805059363
9.92	0.004413135991454298
9.93	0.004383229697156008
9.94	0.0043535558639970886
9.950000000000001	0.004324112453917301
9.96	0.004294897448747149
9.97	0.0042659088499940895
9.98	0.00423714467863121
9.99	0.0042086029748883685
10.	0.00418028179804584
10.01	0.004152179226230302
10.02	0.004124293356213276
10.03	0.004096622303211868
10.040000000000001	0.0040691642006918565
10.05	0.004041917200173103
10.06	0.0040148794710371735
10.07	0.003988049200337234
10.08	0.003961424592610149
10.09	0.003935003869690773
10.1	0.003908785270528354
10.11	0.003882767051005133
10.120000000000001	0.0038569474837569563
10.13	0.0038313248579960654
10.14	0.0038058974793358366
10.15	0.0037806636696176045
10.16	0.003755621766739466
10.17	0.003730770124487041
10.18	0.0037061071123662124
10.19	0.003681631115437761
10.200000000000001	0.0036573405341539123
10.21	0.0036332337841967566
10.22	0.003609309296318523
10.23	0.0035855655161836724
10.24	0.0035620009042128193
10.25	0.0035386139354284204
10.26	0.003515403099302216
10.27	0.003492366899604449
10.28	0.0034695038542547473
10.290000000000001	0.0034468124951747684
10.3	0.0034242913681424548
10.31	0.003401939032648001
10.32	0.0033797540617514217
10.33	0.003357735041941748
10.34	0.0033358805729978075
10.35	0.0033141892678506053
10.36	0.003292659752447243
10.370000000000001	0.0032712906656163594
10.38	0.0032500806589351333
10.39	0.003229028396597741
10.4	0.0032081325552853353
10.41	0.003187391824037448
10.42	0.003166804904124869
10.43	0.0031463705089239476
10.44	0.0031260873637922915
10.450000000000001	0.003105954205945875
10.46	0.0030859697843375077
10.47	0.0030661328595366754
10.48	0.003046442203610738
10.49	0.0030268966000074056
10.5	0.0030074948434385823
10.51	0.002988235739765479
10.52	0.002969118105884995
10.53	0.002949678491854145
10.540000000000001	0.002929329340706634
10.55	0.0029091396717764
10.56	0.00288910808576017
10.57	0.002869233196940526
10.58	0.0028495136330413382
10.59	0.0028299480350848353
10.6	0.0028105350572503666
10.61	0.002791273366734765
10.620000000000001	0.0027721616436143233
10.63	0.0027531985807083903
10.64	0.0027343828834445125
10.65	0.002715713269725111
10.66	0.0026971884697957493
10.67	0.0026788072261148643
10.68	0.0026605682932249997
10.69	0.002642470437625534
10.700000000000001	0.0026245124376468496
10.71	0.002606693083325954
10.72	0.0025890111762835143
10.73	0.0025714655296022967
10.74	0.0025540549677069996
10.75	0.002536778326245456
10.76	0.002519634451971176
10.77	0.0025026222026272526
10.78	0.0024857404468315524
10.790000000000001	0.002468988063963245
10.8	0.0024523639440506015
10.81	0.0024358669876600597
10.82	0.0024194961057865663
10.83	0.0024032502197451427
10.84	0.0023871282610636807
10.85	0.0023711291713769556
10.86	0.002355251902321836
10.870000000000001	0.0023394954154336576
10.88	0.0023238586820437893
10.89	0.0023083406831783406
10.9	0.002292940409457994
10.91	0.002277656860998993
10.92	0.0022624890473152224
10.93	0.002247435987221381
10.94	0.0022324967087372556
10.950000000000001	0.0022176702489930585
10.96	0.002202955654135821
10.97	0.0021883519792368325
10.98	0.0021738582882001316
10.99	0.0021594736536719866
11.	0.0021451971569514017
11.01	0.002131027887901633
11.02	0.0021169649448626606
11.03	0.0021030074345646495
11.040000000000001	0.002089154472042372
11.05	0.0020754051805505808
11.06	0.0020617586914803013
11.07	0.0020482141442760824
11.08	0.0020347706863541367
11.09	0.002021427473021391
11.1	0.00200818366739544
11.11	0.001995038440325379
11.120000000000001	0.001981990970313506
11.13	0.0019690404434378798
11.14	0.0019561860532757553
11.15	0.0019434270008278256
11.16	0.001930762494443325
11.17	0.0019181917497459436
11.18	0.0019057139895605462
11.19	0.00189332844384071
11.200000000000001	0.0018810343495970405
11.21	0.0018688309508262833
11.22	0.0018567174984412025
11.23	0.0018446932502012218
11.24	0.001832757470643837
11.25	0.001820909431016761
11.26	0.00180914840921081
11.27	0.0017974736896935282
11.28	0.0017858837068540656
11.290000000000001	0.001774322634705635
11.3	0.001762846540503271
11.31	0.0017514547252548993
11.32	0.0017401464963287504
11.33	0.0017289211673899318
11.34	0.0017177780583377007
11.35	0.001706716495243404
11.36	0.001695735810289103
11.370000000000001	0.0016848353417068455
11.38	0.0016740144337186152
11.39	0.001663272436476907
11.4	0.0016526087060059595
11.41	0.0016420226041436127
11.42	0.0016315134984837953
11.43	0.0016210807623196313
11.44	0.0016107237745871443
11.450000000000001	0.001600441919809597
11.46	0.0015902345880423954
11.47	0.0015801011748186001
11.48	0.0015700410810950203
11.49	0.0015600537131988809
11.5	0.0015501384827750597
11.51	0.0015402948067338954
11.52	0.0015305221071995408
11.53	0.0015208198114588791
11.540000000000001	0.0015111873519109728
11.55	0.001501624166017062
11.56	0.0014921296962510855
11.57	0.0014827033900507295
11.58	0.0014733446997690052
11.59	0.0014640530826263265
11.6	0.0014548280006631005
11.61	0.001445668920692827
11.620000000000001	0.0014365753142556864
11.63	0.0014275466575726183
11.64	0.0014185824314998916
11.65	0.001409682121484147
11.66	0.0014008452175179162
11.67	0.0013920712140956118
11.68	0.0013833596101699805
11.69	0.0013747099091090081
11.700000000000001	0.001366121618653285
11.71	0.0013575942508738175
11.72	0.0013491273221302776
11.73	0.0013407203530296922
11.74	0.0013323728683855727
11.75	0.0013240843971774597
11.76	0.0013158544725108997
11.77	0.0013076826315778338
11.78	0.001299568415617406
11.790000000000001	0.0012915113698771794
11.8	0.00128351104357475
11.81	0.0012755669898597635
11.82	0.0012676787657763342
11.83	0.0012598459322258463
11.84	0.0012520680539301425
11.85	0.0012443446993950936
11.86	0.001236675440874555
11.870000000000001	0.0012290598543346822
11.88	0.0012214975194186316
11.89	0.0012139880194116104
11.9	0.0012065309412062984
11.91	0.0011991258752686233
11.92	0.0011917724156038912
11.93	0.001184470159723259
11.94	0.001177218708610564
11.950000000000001	0.0011700176666894831
11.96	0.0011628666417910407
11.97	0.0011557652451214377
11.98	0.0011487130912302209
11.99	0.0011417097979787756
12.	0.0011347549865091413
12.01	0.0011278482812131442
12.02	0.001120989309701851
12.030000000000001	0.001114177702775327
12.040000000000001	0.0011074130943927133
12.05	0.0011006951216425975
12.06	0.001094023424713698
12.07	0.0010873976468658369
12.08	0.0010808174344012192
12.09	0.0010748271141591786
12.1	0.0010699161888089006
12.11	0.001065031730831974
12.120000000000001	0.0010601735759034148
12.13	0.0010553415608528373
12.14	0.0010505355236554105
12.15	0.001045755303422868
12.16	0.0010410007403946157
12.17	0.0010362716759289125
12.18	0.0010315679524941159
12.19	0.0010268894136600188
12.200000000000001	0.0010222359040892484
12.21	0.00101760726952875
12.22	0.0010130033568013317
12.23	0.0010084240137972946
12.24	0.0010038690894661254
12.25	0.000999338433808267
12.26	0.0009948318978669523
12.27	0.0009903493337201175
12.280000000000001	0.000985890594472374
12.290000000000001	0.0009814555342470602
12.3	0.0009770440081783528
12.31	0.0009726558724034452
12.32	0.000968290984054803
12.33	0.0009639492012524715
12.34	0.0009596303830964605
12.35	0.000955334389659187
12.36	0.0009510610819779834
12.370000000000001	0.0009468103220476724
12.38	0.0009425819728132022
12.39	0.0009383758981623463
12.4	0.0009341919629184593
12.41	0.0009300300328333047
12.42	0.0009258899745799331
12.43	0.0009217716557456274
12.44	0.0009176749448249059
12.450000000000001	0.0009135997112125795
12.46	0.0009095458251968783
12.47	0.0009055131579526247
12.48	0.0009015015815344703
12.49	0.000897510968870194
12.5	0.00089354119375404
12.51	0.0008895921308401353
12.52	0.0008856636556359394
12.530000000000001	0.0008817556444957696
12.540000000000001	0.0008778679746143624
12.55	0.0008740005240205022
12.56	0.0008701531715706963
12.57	0.0008663257969429067
12.58	0.0008625182806303315
12.59	0.0008587305039352373
12.6	0.0008549623489628491
12.61	0.0008512136986152854
12.620000000000001	0.0008474844365855444
12.63	0.0008437744473515439
12.64	0.0008400836161702068
12.65	0.0008364118290715963
12.66	0.0008327589728531045
12.67	0.000829124935073683
12.68	0.0008255096040481236
12.69	0.0008219128688413921
12.700000000000001	0.0008183346192629945
12.71	0.0008147747458614085
12.72	0.000811233139918546
12.73	0.0008077096934442685
12.74	0.0008042042991709496
12.75	0.0008007168505480728
12.76	0.0007972472417368849
12.77	0.0007937953676050871
12.780000000000001	0.0007903611237215742
12.790000000000001	0.0007869444063512081
12.8	0.000783545112449646
12.81	0.0007801631396582057
12.82	0.0007767983862987663
12.83	0.0007734507513687272
12.84	0.0007701201345359898
12.85	0.0007668064361339927
12.86	0.0007635095571567851
12.870000000000001	0.0007602293992541363
12.88	0.0007569658647266887
12.89	0.0007537188565211508
12.9	0.0007504882782255283
12.91	0.0007472740340643924
12.92	0.0007440760288941887
12.93	0.0007641075127366964
12.94	0.0007880145577029168
12.950000000000001	0.000812650254657491