2.882945107353034686e+01 -2.700000000000000000e+01 1.417456102126743644e+01
2.882945107353034686e+01 -2.680000000000000071e+01 1.189289332705084234e+01
2.882945107353034686e+01 -2.660000000000000142e+01 1.051271178526803851e+01
2.882945107353034686e+01 -2.639999999999999858e+01 9.988875877927057445e+00
2.882945107353034686e+01 -2.619999999999999929e+01 1.013339318986982107e+01
2.882945107353034686e+01 -2.600000000000000000e+01 1.070482243609149009e+01
2.882945107353034686e+01 -2.580000000000000071e+01 1.148832615755964071e+01
2.882945107353034686e+01 -2.560000000000000142e+01 1.233042966423090547e+01
2.882945107353034686e+01 -2.539999999999999858e+01 1.313869088911451399e+01
2.882945107353034686e+01 -2.519999999999999929e+01 1.386654542363248765e+01
2.882945107353034686e+01 -2.500000000000000000e+01 1.449677331524435431e+01
2.882945107353034686e+01 -2.480000000000000071e+01 1.502878567879088223e+01
2.882945107353034686e+01 -2.460000000000000142e+01 1.547031046787742525e+01
2.882945107353034686e+01 -2.439999999999999858e+01 1.583247089234646410e+01
2.882945107353034686e+01 -2.419999999999999929e+01 1.612709360313601792e+01
2.882945107353034686e+01 -2.400000000000000000e+01 1.636536008294206113e+01
2.882945107353034686e+01 -2.380000000000000071e+01 1.655722106492612511e+01
2.882945107353034686e+01 -2.360000000000000142e+01 1.794533527630846947e+01
2.882945107353034686e+01 -2.339999999999999858e+01 1.781499802658800036e+01
2.882945107353034686e+01 -2.319999999999999929e+01 1.771199864940717816e+01
2.990315493753778142e+01 -2.700000000000000000e+01 1.208753128652460873e+01
2.990315493753778142e+01 -2.680000000000000071e+01 9.761150933918543160e+00
2.990315493753778142e+01 -2.660000000000000142e+01 8.333993206499144435e+00
2.990315493753778142e+01 -2.639999999999999858e+01 7.769609583658166230e+00
2.990315493753778142e+01 -2.619999999999999929e+01 7.885461603873409331e+00
2.990315493753778142e+01 -2.600000000000000000e+01 8.440554131288081408e+00
2.990315493753778142e+01 -2.580000000000000071e+01 9.217430863063782454e+00
2.990315493753778142e+01 -2.560000000000000142e+01 1.005924289301037788e+01
2.990315493753778142e+01 -2.539999999999999858e+01 1.087071252358146012e+01
2.990315493753778142e+01 -2.519999999999999929e+01 1.160333228867966682e+01
2.990315493753778142e+01 -2.500000000000000000e+01 1.223871804750524461e+01
2.990315493753778142e+01 -2.480000000000000071e+01 1.277566013159230351e+01
2.990315493753778142e+01 -2.460000000000000142e+01 1.322160135733429343e+01
2.990315493753778142e+01 -2.439999999999999858e+01 1.358757030195556581e+01
2.990315493753778142e+01 -2.419999999999999929e+01 1.388539889955427498e+01
2.990315493753778142e+01 -2.400000000000000000e+01 1.412632102658972144e+01
2.990315493753778142e+01 -2.380000000000000071e+01 1.432035771408118308e+01
2.990315493753778142e+01 -2.360000000000000142e+01 1.572499466454610229e+01
2.990315493753778142e+01 -2.339999999999999858e+01 1.559305868216324598e+01
2.990315493753778142e+01 -2.319999999999999929e+01 1.548880165640730411e+01
3.101684707550312226e+01 -2.700000000000000000e+01 1.028490914683789015e+01
3.101684707550312226e+01 -2.680000000000000071e+01 7.912805619416758418e+00
3.101684707550312226e+01 -2.660000000000000142e+01 6.437147079035639763e+00
3.101684707550312226e+01 -2.639999999999999858e+01 5.830453604576177895e+00
3.101684707550312226e+01 -2.619999999999999929e+01 5.916078098700381815e+00
3.101684707550312226e+01 -2.600000000000000000e+01 6.453723073704168200e+00
3.101684707550312226e+01 -2.580000000000000071e+01 7.223334406269714236e+00
3.101684707550312226e+01 -2.560000000000000142e+01 8.064584070700220764e+00
3.101684707550312226e+01 -2.539999999999999858e+01 8.879228109144605696e+00
3.101684707550312226e+01 -2.519999999999999929e+01 9.616709398222155869e+00
3.101684707550312226e+01 -2.500000000000000000e+01 1.025740806735120714e+01
3.101684707550312226e+01 -2.480000000000000071e+01 1.079945131577551365e+01
3.101684707550312226e+01 -2.460000000000000142e+01 1.124997432285454124e+01
3.101684707550312226e+01 -2.439999999999999858e+01 1.161990061344113201e+01
3.101684707550312226e+01 -2.419999999999999929e+01 1.192106379487086087e+01
3.101684707550312226e+01 -2.400000000000000000e+01 1.216475009650457650e+01
3.101684707550312226e+01 -2.380000000000000071e+01 1.236105249857064337e+01
3.101684707550312226e+01 -2.360000000000000142e+01 1.378291730501223356e+01
3.101684707550312226e+01 -2.339999999999999858e+01 1.364931319933384657e+01
3.101684707550312226e+01 -2.319999999999999929e+01 1.354374406440183520e+01
3.217201678266665255e+01 -2.700000000000000000e+01 8.768501163111068308e+00
3.217201678266665255e+01 -2.680000000000000071e+01 6.349724787287414074e+00
3.217201678266665255e+01 -2.660000000000000142e+01 4.824074868229217827e+00
3.217201678266665255e+01 -2.639999999999999858e+01 4.173292560502886772e+00
3.217201678266665255e+01 -2.619999999999999929e+01 4.227076122537255287e+00
3.217201678266665255e+01 -2.600000000000000000e+01 4.746104771504178643e+00
3.217201678266665255e+01 -2.580000000000000071e+01 5.507764832116663456e+00
3.217201678266665255e+01 -2.560000000000000142e+01 6.348149172379635274e+00
3.217201678266665255e+01 -2.539999999999999858e+01 7.165914924233220518e+00
3.217201678266665255e+01 -2.519999999999999929e+01 7.908344678347930312e+00
3.217201678266665255e+01 -2.500000000000000000e+01 8.554507678374648094e+00
3.217201678266665255e+01 -2.480000000000000071e+01 9.101823093951679766e+00
3.217201678266665255e+01 -2.460000000000000142e+01 9.557094371295534074e+00
3.217201678266665255e+01 -2.439999999999999858e+01 9.931128643336705863e+00
3.217201678266665255e+01 -2.419999999999999929e+01 1.023575707979034632e+01
3.217201678266665255e+01 -2.400000000000000000e+01 1.048231797141488642e+01
3.217201678266665255e+01 -2.380000000000000071e+01 1.068097778991796076e+01
3.217201678266665255e+01 -2.360000000000000142e+01 1.084050815179944038e+01
3.217201678266665255e+01 -2.339999999999999858e+01 1.198544794612098485e+01
3.217201678266665255e+01 -2.319999999999999929e+01 1.187851094780489802e+01
3.337020882053646176e+01 -2.700000000000000000e+01 7.537661072798073292e+00
3.337020882053646176e+01 -2.680000000000000071e+01 5.071332787047140300e+00
3.337020882053646176e+01 -2.660000000000000142e+01 3.494248199975118041e+00
3.337020882053646176e+01 -2.639999999999999858e+01 2.797592137823812664e+00
3.337020882053646176e+01 -2.619999999999999929e+01 2.817875889479182661e+00
3.337020882053646176e+01 -2.600000000000000000e+01 3.317062871996313334e+00
3.337020882053646176e+01 -2.580000000000000071e+01 4.070037333876825869e+00
3.337020882053646176e+01 -2.560000000000000142e+01 4.909219495137222111e+00
3.337020882053646176e+01 -2.539999999999999858e+01 5.730033697444014251e+00
3.337020882053646176e+01 -2.519999999999999929e+01 6.477487877476960421e+00
3.337020882053646176e+01 -2.500000000000000000e+01 7.129261679016053677e+00
3.337020882053646176e+01 -2.480000000000000071e+01 7.682018763967789710e+00
3.337020882053646176e+01 -2.460000000000000142e+01 8.142205108306370676e+00
3.337020882053646176e+01 -2.439999999999999858e+01 8.520499142818152905e+00
3.337020882053646176e+01 -2.419999999999999929e+01 8.828724955441430211e+00
3.337020882053646176e+01 -2.400000000000000000e+01 9.078272325336001813e+00
3.337020882053646176e+01 -2.380000000000000071e+01 9.279382623732089996e+00
3.337020882053646176e+01 -2.360000000000000142e+01 9.440907182288356125e+00
3.337020882053646176e+01 -2.339999999999999858e+01 1.060072386008687317e+01
3.337020882053646176e+01 -2.319999999999999929e+01 1.049236211879178882e+01
3.461302548263524415e+01 -2.700000000000000000e+01 6.594135047635063529e+00
3.461302548263524415e+01 -2.680000000000000071e+01 4.079457809217274189e+00
3.461302548263524415e+01 -2.660000000000000142e+01 2.449558414518833160e+00
3.461302548263524415e+01 -2.639999999999999858e+01 1.705251773470081389e+00
3.461302548263524415e+01 -2.619999999999999929e+01 1.690339685883373022e+00
3.461302548263524415e+01 -2.600000000000000000e+01 2.168406159034930170e+00
3.461302548263524415e+01 -2.580000000000000071e+01 2.911912098410539329e+00
3.461302548263524415e+01 -2.560000000000000142e+01 3.749519762233830988e+00
3.461302548263524415e+01 -2.539999999999999858e+01 4.573286633938550949e+00
3.461302548263524415e+01 -2.519999999999999929e+01 5.325828355853445828e+00
3.461302548263524415e+01 -2.500000000000000000e+01 5.983352856826968491e+00
3.461302548263524415e+01 -2.480000000000000071e+01 6.541718256892636418e+00
3.461302548263524415e+01 -2.460000000000000142e+01 7.006985658546909690e+00
3.461302548263524415e+01 -2.439999999999999858e+01 7.389691480901092291e+00
3.461302548263524415e+01 -2.419999999999999929e+01 7.701647511217743158e+00
3.461302548263524415e+01 -2.400000000000000000e+01 7.954294132650829852e+00
3.461302548263524415e+01 -2.380000000000000071e+01 8.157948865089565516e+00
3.461302548263524415e+01 -2.360000000000000142e+01 8.321544902515597641e+00
3.461302548263524415e+01 -2.339999999999999858e+01 9.496831635478883982e+00
3.461302548263524415e+01 -2.319999999999999929e+01 9.386987398262135684e+00
3.590212873718228792e+01 -2.700000000000000000e+01 5.938302360591478646e+00
3.590212873718228792e+01 -2.680000000000000071e+01 3.374551939545199275e+00
3.590212873718228792e+01 -2.660000000000000142e+01 1.690514812245965004e+00
3.590212873718228792e+01 -2.639999999999999858e+01 8.967838698299601674e-01
3.590212873718228792e+01 -2.619999999999999929e+01 8.449372756294906139e-01
3.590212873718228792e+01 -2.600000000000000000e+01 1.300545734935440123e+00
3.590212873718228792e+01 -2.580000000000000071e+01 2.033747824840247631e+00
3.590212873718228792e+01 -2.560000000000000142e+01 2.869371077860705554e+00
3.590212873718228792e+01 -2.539999999999999858e+01 3.695971596753224730e+00
3.590212873718228792e+01 -2.519999999999999929e+01 4.453651342540979385e+00
3.590212873718228792e+01 -2.500000000000000000e+01 5.117060584714636207e+00
3.590212873718228792e+01 -2.480000000000000071e+01 5.681199015001766384e+00
3.590212873718228792e+01 -2.460000000000000142e+01 6.151713615865446627e+00
3.590212873718228792e+01 -2.439999999999999858e+01 6.538984388229437172e+00
3.590212873718228792e+01 -2.419999999999999929e+01 6.854804988135583699e+00
3.590212873718228792e+01 -2.400000000000000000e+01 7.110665197484195232e+00
3.590212873718228792e+01 -2.380000000000000071e+01 7.316959774121642113e+00
3.590212873718228792e+01 -2.360000000000000142e+01 7.482705859467387199e+00
3.590212873718228792e+01 -2.339999999999999858e+01 8.674067441723309457e+00
3.590212873718228792e+01 -2.319999999999999929e+01 8.562681730254553258e+00
3.723924244957613894e+01 -2.700000000000000000e+01 5.570193528430536389e+00
3.723924244957613894e+01 -2.680000000000000071e+01 2.956719968817196786e+00
3.723924244957613894e+01 -2.660000000000000142e+01 1.217285309336148202e+00
3.723924244957613894e+01 -2.639999999999999858e+01 3.723653213819488883e-01
3.723924244957613894e+01 -2.619999999999999929e+01 2.818053603405132890e-01
3.723924244957613894e+01 -2.600000000000000000e+01 7.135590665275231004e-01
3.723924244957613894e+01 -2.580000000000000071e+01 1.435567659558728337e+00
3.723924244957613894e+01 -2.560000000000000142e+01 2.268756996607407928e+00
3.723924244957613894e+01 -2.539999999999999858e+01 3.098047356936149299e+00
3.723924244957613894e+01 -2.519999999999999929e+01 3.860901950392872095e+00
3.723924244957613894e+01 -2.500000000000000000e+01 4.530323502141982317e+00
3.723924244957613894e+01 -2.480000000000000071e+01 5.100397399393841624e+00
3.723924244957613894e+01 -2.460000000000000142e+01 5.576325309579260647e+00
3.723924244957613894e+01 -2.439999999999999858e+01 5.968315243837423623e+00
3.723924244957613894e+01 -2.419999999999999929e+01 6.288136242073960602e+00
3.723924244957613894e+01 -2.400000000000000000e+01 6.547325931023806334e+00
3.723924244957613894e+01 -2.380000000000000071e+01 6.756357227102853358e+00
3.723924244957613894e+01 -2.360000000000000142e+01 6.924333229078911245e+00
3.723924244957613894e+01 -2.339999999999999858e+01 8.132386312587186694e+00
3.723924244957613894e+01 -2.319999999999999929e+01 8.019398892414756119e+00
3.862615468764961690e+01 -2.700000000000000000e+01 5.489164751372300088e+00
3.862615468764961690e+01 -2.680000000000000071e+01 2.825384271331131458e+00
3.862615468764961690e+01 -2.660000000000000142e+01 1.029350987286306918e+00
3.862615468764961690e+01 -2.639999999999999858e+01 1.314828759059309959e-01
3.862615468764961690e+01 -2.619999999999999929e+01 3.860149299725890160e-04
3.862615468764961690e+01 -2.600000000000000000e+01 4.068240317283198237e-01
3.862615468764961690e+01 -2.580000000000000071e+01 1.116691057570278645e+00
3.862615468764961690e+01 -2.560000000000000142e+01 1.946954785729758441e+00
3.862615468764961690e+01 -2.539999999999999858e+01 2.778765231487341225e+00
3.862615468764961690e+01 -2.519999999999999929e+01 3.546817693510092795e+00
3.862615468764961690e+01 -2.500000000000000000e+01 4.222373099881224334e+00
3.862615468764961690e+01 -2.480000000000000071e+01 4.798543353914283216e+00
3.862615468764961690e+01 -2.460000000000000142e+01 5.280051466193981469e+00
3.862615468764961690e+01 -2.439999999999999858e+01 5.676916613709181547e+00
3.862615468764961690e+01 -2.419999999999999929e+01 6.000876027508638799e+00
3.862615468764961690e+01 -2.400000000000000000e+01 6.263513259822502732e+00
3.862615468764961690e+01 -2.380000000000000071e+01 6.475380134419538081e+00
3.862615468764961690e+01 -2.360000000000000142e+01 6.645667653996497393e+00
3.862615468764961690e+01 -2.339999999999999858e+01 7.871044133906252682e+00
3.862615468764961690e+01 -2.319999999999999929e+01 7.756393181974999607e+00
4.006472011278033563e+01 -2.700000000000000000e+01 5.694387441268190742e+00
4.006472011278033563e+01 -2.680000000000000071e+01 2.979794990969821811e+00
4.006472011278033563e+01 -2.660000000000000142e+01 1.126039806054905057e+00
4.006472011278033563e+01 -2.639999999999999858e+01 1.734892553649842739e-01
4.006472011278033563e+01 -2.619999999999999929e+01 0.000000000000000000e+00
4.006472011278033563e+01 -2.600000000000000000e+01 3.796028518117964268e-01
4.006472011278033563e+01 -2.580000000000000071e+01 1.076322671608068049e+00
4.006472011278033563e+01 -2.560000000000000142e+01 1.903125381213612854e+00
4.006472011278033563e+01 -2.539999999999999858e+01 2.737257855362258852e+00
4.006472011278033563e+01 -2.519999999999999929e+01 3.510514998808503151e+00
4.006472011278033563e+01 -2.500000000000000000e+01 4.192317621549591422e+00
4.006472011278033563e+01 -2.480000000000000071e+01 4.774741736706346273e+00
4.006472011278033563e+01 -2.460000000000000142e+01 5.261996202985756099e+00
4.006472011278033563e+01 -2.439999999999999858e+01 5.663893207092769444e+00
4.006472011278033563e+01 -2.419999999999999929e+01 5.992130231112241745e+00
4.006472011278033563e+01 -2.400000000000000000e+01 6.258334426674991846e+00
4.006472011278033563e+01 -2.380000000000000071e+01 6.473137067514471710e+00
4.006472011278033563e+01 -2.360000000000000142e+01 6.645818909863010049e+00
4.006472011278033563e+01 -2.339999999999999858e+01 7.889162137871608138e+00
4.006472011278033563e+01 -2.319999999999999929e+01 7.772784597589634359e+00
4.155686246005400619e+01 -2.700000000000000000e+01 6.183813453419134021e+00
4.155686246005400619e+01 -2.680000000000000071e+01 3.417983131832443178e+00
4.155686246005400619e+01 -2.660000000000000142e+01 1.505466763977892697e+00
4.155686246005400619e+01 -2.639999999999999858e+01 4.965322721982374787e-01
4.155686246005400619e+01 -2.619999999999999929e+01 2.787679770262911916e-01
4.155686246005400619e+01 -2.600000000000000000e+01 6.299585875822231174e-01
4.155686246005400619e+01 -2.580000000000000071e+01 1.312466707779094577e+00
4.155686246005400619e+01 -2.560000000000000142e+01 2.135227357153780758e+00
4.155686246005400619e+01 -2.539999999999999858e+01 2.971453805104829371e+00
4.155686246005400619e+01 -2.519999999999999929e+01 3.749904994270764291e+00
4.155686246005400619e+01 -2.500000000000000000e+01 4.438059185282327235e+00
4.155686246005400619e+01 -2.480000000000000071e+01 5.026890755863860250e+00
4.155686246005400619e+01 -2.460000000000000142e+01 5.520056659821420908e+00
4.155686246005400619e+01 -2.439999999999999858e+01 5.927142554777674377e+00
4.155686246005400619e+01 -2.419999999999999929e+01 6.259797435021027923e+00
4.155686246005400619e+01 -2.400000000000000000e+01 6.529689289745874703e+00
4.155686246005400619e+01 -2.380000000000000071e+01 6.747529160231351852e+00
4.155686246005400619e+01 -2.360000000000000142e+01 6.922689302242361009e+00
4.155686246005400619e+01 -2.339999999999999858e+01 8.184653992531821132e+00
4.155686246005400619e+01 -2.319999999999999929e+01 8.066485574119724333e+00
4.310457711079714471e+01 -2.700000000000000000e+01 6.953224540920928121e+00
4.310457711079714471e+01 -2.680000000000000071e+01 4.135801996220834553e+00
4.310457711079714471e+01 -2.660000000000000142e+01 2.163566378410905600e+00
4.310457711079714471e+01 -2.639999999999999858e+01 1.096579301171004772e+00
4.310457711079714471e+01 -2.619999999999999929e+01 8.326289153192192316e-01
4.310457711079714471e+01 -2.600000000000000000e+01 1.153769624885171652e+00
4.310457711079714471e+01 -2.580000000000000071e+01 1.820939364726655185e+00
4.310457711079714471e+01 -2.560000000000000142e+01 2.639028709148988128e+00
4.310457711079714471e+01 -2.539999999999999858e+01 3.477089600288309157e+00
4.310457711079714471e+01 -2.519999999999999929e+01 4.260706199333071709e+00
4.310457711079714471e+01 -2.500000000000000000e+01 4.955307358293794096e+00
4.310457711079714471e+01 -2.480000000000000071e+01 5.550696455291472375e+00
4.310457711079714471e+01 -2.460000000000000142e+01 6.049938338343054056e+00
4.310457711079714471e+01 -2.439999999999999858e+01 6.462371100089512765e+00
4.310457711079714471e+01 -2.419999999999999929e+01 6.799585652304813266e+00
4.310457711079714471e+01 -2.400000000000000000e+01 7.073287598672322929e+00
4.310457711079714471e+01 -2.380000000000000071e+01 7.294267834629863501e+00
4.310457711079714471e+01 -2.360000000000000142e+01 7.471991755650378764e+00
4.310457711079714471e+01 -2.339999999999999858e+01 8.753246642183512449e+00
4.310457711079714471e+01 -2.319999999999999929e+01 8.633221559692174196e+00
4.470993376091951177e+01 -2.700000000000000000e+01 8.431376692606136203e+00
4.470993376091951177e+01 -2.680000000000000071e+01 5.556972953025251627e+00
4.470993376091951177e+01 -2.660000000000000142e+01 3.518152383621782064e+00
4.470993376091951177e+01 -2.639999999999999858e+01 2.385535993496887386e+00
4.470993376091951177e+01 -2.619999999999999929e+01 2.068631301284767687e+00
4.470993376091951177e+01 -2.600000000000000000e+01 2.354810545570217073e+00
4.470993376091951177e+01 -2.580000000000000071e+01 3.003759979270398617e+00
4.470993376091951177e+01 -2.560000000000000142e+01 3.815933669451624155e+00
4.470993376091951177e+01 -2.539999999999999858e+01 4.655670509440824389e+00
4.470993376091951177e+01 -2.519999999999999929e+01 5.444904258591122925e+00
4.470993376091951177e+01 -2.500000000000000000e+01 6.146684392821043730e+00
4.470993376091951177e+01 -2.480000000000000071e+01 6.749443754670210183e+00
4.470993376091951177e+01 -2.460000000000000142e+01 7.255547489854507148e+00
4.470993376091951177e+01 -2.439999999999999858e+01 7.674035664414986968e+00
4.470993376091951177e+01 -2.419999999999999929e+01 8.016423263470642269e+00
4.470993376091951177e+01 -2.400000000000000000e+01 8.294452904257923365e+00
4.470993376091951177e+01 -2.380000000000000071e+01 8.519002987188287079e+00
4.470993376091951177e+01 -2.360000000000000142e+01 8.699642960331402719e+00
4.470993376091951177e+01 -2.339999999999999858e+01 1.000287138752173632e+01
4.470993376091951177e+01 -2.319999999999999929e+01 9.880729555967263877e+00
4.637507918863428102e+01 -2.700000000000000000e+01 9.302494571427814662e+00
4.637507918863428102e+01 -2.680000000000000071e+01 6.381121714366599917e+00
4.637507918863428102e+01 -2.660000000000000142e+01 4.286941603873856366e+00
4.637507918863428102e+01 -2.639999999999999858e+01 3.099034045822918415e+00
4.637507918863428102e+01 -2.619999999999999929e+01 2.736906615784391761e+00
4.637507918863428102e+01 -2.600000000000000000e+01 2.992808375624008477e+00
4.637507918863428102e+01 -2.580000000000000071e+01 3.625671137007884681e+00
4.637507918863428102e+01 -2.560000000000000142e+01 4.432328477618284523e+00
4.637507918863428102e+01 -2.539999999999999858e+01 5.273143838858231902e+00
4.637507918863428102e+01 -2.519999999999999929e+01 6.066924906102940440e+00
4.637507918863428102e+01 -2.500000000000000000e+01 6.774663913645781577e+00
4.637507918863428102e+01 -2.480000000000000071e+01 7.383599396795034409e+00
4.637507918863428102e+01 -2.460000000000000142e+01 7.895481179468333721e+00
4.637507918863428102e+01 -2.439999999999999858e+01 8.319082769216038287e+00
4.637507918863428102e+01 -2.419999999999999929e+01 8.665846447227522731e+00
4.637507918863428102e+01 -2.400000000000000000e+01 8.947541349218226969e+00
4.637507918863428102e+01 -2.380000000000000071e+01 9.175117278471589088e+00
4.637507918863428102e+01 -2.360000000000000142e+01 9.358230331563390791e+00
4.637507918863428102e+01 -2.339999999999999858e+01 1.068012224358972162e+01
4.637507918863428102e+01 -2.319999999999999929e+01 1.055618098087143153e+01
4.810224012525733173e+01 -2.700000000000000000e+01 1.167894642020110041e+01
4.810224012525733173e+01 -2.680000000000000071e+01 8.730043706484138966e+00
4.810224012525733173e+01 -2.660000000000000142e+01 6.603209329652599990e+00
4.810224012525733173e+01 -2.639999999999999858e+01 5.382361049298197031e+00
4.810224012525733173e+01 -2.619999999999999929e+01 4.993012894527055323e+00
4.810224012525733173e+01 -2.600000000000000000e+01 5.230499541969038546e+00
4.810224012525733173e+01 -2.580000000000000071e+01 5.853442876483313739e+00
4.810224012525733173e+01 -2.560000000000000142e+01 6.656574030290357769e+00
4.810224012525733173e+01 -2.539999999999999858e+01 7.497885108343325555e+00
4.810224012525733173e+01 -2.519999999999999929e+01 8.294297042186371982e+00
4.810224012525733173e+01 -2.500000000000000000e+01 9.005551450187340379e+00
4.810224012525733173e+01 -2.480000000000000071e+01 9.618156727286987007e+00
4.810224012525733173e+01 -2.460000000000000142e+01 1.013348413573112339e+01
4.810224012525733173e+01 -2.439999999999999858e+01 1.056014131580013782e+01
4.810224012525733173e+01 -2.419999999999999929e+01 1.090952333505265415e+01
4.810224012525733173e+01 -2.400000000000000000e+01 1.119341311184689403e+01
4.810224012525733173e+01 -2.380000000000000071e+01 1.142280204256530851e+01
4.810224012525733173e+01 -2.360000000000000142e+01 1.160739748121704906e+01
4.810224012525733173e+01 -2.339999999999999858e+01 1.294048781541641802e+01
4.810224012525733173e+01 -2.319999999999999929e+01 1.281546625634655356e+01
4.989372623292457831e+01 -2.700000000000000000e+01 1.264998309337534010e+01
4.989372623292457831e+01 -2.680000000000000071e+01 9.624040072900243104e+00
4.989372623292457831e+01 -2.660000000000000142e+01 7.405139328446239233e+00
4.989372623292457831e+01 -2.639999999999999858e+01 6.090202272986061871e+00
4.989372623292457831e+01 -2.619999999999999929e+01 5.622025843127630651e+00
4.989372623292457831e+01 -2.600000000000000000e+01 5.805427866172976792e+00
4.989372623292457831e+01 -2.580000000000000071e+01 6.398688800865784287e+00
4.989372623292457831e+01 -2.560000000000000142e+01 7.190761777921579778e+00
4.989372623292457831e+01 -2.539999999999999858e+01 8.032867769245058298e+00
4.989372623292457831e+01 -2.519999999999999929e+01 8.836450073635205626e+00
4.989372623292457831e+01 -2.500000000000000000e+01 9.557581714005209506e+00
4.989372623292457831e+01 -2.480000000000000071e+01 1.018061139748897403e+01
4.989372623292457831e+01 -2.460000000000000142e+01 1.070578017865773290e+01
4.989372623292457831e+01 -2.439999999999999858e+01 1.114119240886066109e+01
4.989372623292457831e+01 -2.419999999999999929e+01 1.149809156928677112e+01
4.989372623292457831e+01 -2.400000000000000000e+01 1.178829101275186986e+01
4.989372623292457831e+01 -2.380000000000000071e+01 1.202289652242325246e+01
4.989372623292457831e+01 -2.360000000000000142e+01 1.221175996318925172e+01
4.989372623292457831e+01 -2.339999999999999858e+01 1.357714684784878045e+01
4.989372623292457831e+01 -2.319999999999999929e+01 1.344900662044528872e+01
5.175193319320923990e+01 -2.700000000000000000e+01 1.491903285915032029e+01
5.175193319320923990e+01 -2.680000000000000071e+01 1.184721053857356310e+01
5.175193319320923990e+01 -2.660000000000000142e+01 9.572989622014574707e+00
5.175193319320923990e+01 -2.639999999999999858e+01 8.200604319921694696e+00
5.175193319320923990e+01 -2.619999999999999929e+01 7.683469696552492678e+00
5.175193319320923990e+01 -2.600000000000000000e+01 7.832702809362672269e+00
5.175193319320923990e+01 -2.580000000000000071e+01 8.406802247511222959e+00
5.175193319320923990e+01 -2.560000000000000142e+01 9.191372601548209786e+00
5.175193319320923990e+01 -2.539999999999999858e+01 1.003350092237815261e+01
5.175193319320923990e+01 -2.519999999999999929e+01 1.084121443470939994e+01
5.175193319320923990e+01 -2.500000000000000000e+01 1.156826897407881916e+01
5.175193319320923990e+01 -2.480000000000000071e+01 1.219763574982061982e+01
5.175193319320923990e+01 -2.460000000000000142e+01 1.272882737335748971e+01
5.175193319320923990e+01 -2.439999999999999858e+01 1.316961808863561600e+01
5.175193319320923990e+01 -2.419999999999999929e+01 1.353114615951199085e+01
5.175193319320923990e+01 -2.400000000000000000e+01 1.382523696578573436e+01
5.175193319320923990e+01 -2.380000000000000071e+01 1.406306306261103600e+01
5.175193319320923990e+01 -2.360000000000000142e+01 1.425456338655203581e+01
5.175193319320923990e+01 -2.339999999999999858e+01 1.563994173926766962e+01
5.175193319320923990e+01 -2.319999999999999929e+01 1.550986901950091124e+01
5.367934591076949147e+01 -2.700000000000000000e+01 1.753294477774761617e+01
5.367934591076949147e+01 -2.680000000000000071e+01 1.441570821963250637e+01
5.367934591076949147e+01 -2.660000000000000142e+01 1.208639708452392370e+01
5.367934591076949147e+01 -2.639999999999999858e+01 1.065612420428078622e+01
5.367934591076949147e+01 -2.619999999999999929e+01 1.008901989797595888e+01
5.367934591076949147e+01 -2.600000000000000000e+01 1.020292843494098634e+01
5.367934591076949147e+01 -2.580000000000000071e+01 1.075690237875096500e+01
5.367934591076949147e+01 -2.560000000000000142e+01 1.153331824787892401e+01
5.367934591076949147e+01 -2.539999999999999858e+01 1.237510174093768001e+01
5.367934591076949147e+01 -2.519999999999999929e+01 1.318678289395757020e+01
5.367934591076949147e+01 -2.500000000000000000e+01 1.391972163517493755e+01
5.367934591076949147e+01 -2.480000000000000071e+01 1.455545414146035910e+01
5.367934591076949147e+01 -2.460000000000000142e+01 1.509272819350007921e+01
5.367934591076949147e+01 -2.439999999999999858e+01 1.553896702802740037e+01
5.367934591076949147e+01 -2.419999999999999929e+01 1.590519268123898655e+01
5.367934591076949147e+01 -2.400000000000000000e+01 1.620323737815488130e+01
5.367934591076949147e+01 -2.380000000000000071e+01 1.644433850655332208e+01
5.367934591076949147e+01 -2.360000000000000142e+01 1.663852183253038675e+01
5.367934591076949147e+01 -2.339999999999999858e+01 1.804427166469395161e+01
5.367934591076949147e+01 -2.319999999999999929e+01 1.791222807345911860e+01
5.567854183631048670e+01 -2.700000000000000000e+01 2.047456041269470006e+01
5.567854183631048670e+01 -2.680000000000000071e+01 1.731201407487969846e+01
5.567854183631048670e+01 -2.660000000000000142e+01 1.492743448459077626e+01
5.567854183631048670e+01 -2.639999999999999858e+01 1.343840497347991914e+01
5.567854183631048670e+01 -2.619999999999999929e+01 1.281991995521821082e+01
5.567854183631048670e+01 -2.600000000000000000e+01 1.289703569957055151e+01
5.567854183631048670e+01 -2.580000000000000071e+01 1.342971905588638037e+01
5.567854183631048670e+01 -2.560000000000000142e+01 1.419722842308692634e+01
5.567854183631048670e+01 -2.539999999999999858e+01 1.503827309852931648e+01
5.567854183631048670e+01 -2.519999999999999929e+01 1.585377619403880090e+01
5.567854183631048670e+01 -2.500000000000000000e+01 1.659260097588412464e+01
5.567854183631048670e+01 -2.480000000000000071e+01 1.723477676068432629e+01
5.567854183631048670e+01 -2.460000000000000142e+01 1.777824194019194692e+01
5.567854183631048670e+01 -2.439999999999999858e+01 1.823004374292213470e+01
5.567854183631048670e+01 -2.419999999999999929e+01 1.860107529070228338e+01
5.567854183631048670e+01 -2.400000000000000000e+01 1.890317013242747635e+01
5.567854183631048670e+01 -2.380000000000000071e+01 1.914762887463439256e+01
5.567854183631048670e+01 -2.360000000000000142e+01 1.934456448734272271e+01
5.567854183631048670e+01 -2.339999999999999858e+01 2.077124392148107290e+01
5.567854183631048670e+01 -2.319999999999999929e+01 2.063717373274266720e+01
5.775219441330440873e+01 -2.700000000000000000e+01 2.374036986753344536e+01
5.775219441330440873e+01 -2.680000000000000071e+01 2.053265011811163276e+01
5.775219441330440873e+01 -2.660000000000000142e+01 1.809269000776112080e+01
5.775219441330440873e+01 -2.639999999999999858e+01 1.654409906710498035e+01
5.775219441330440873e+01 -2.619999999999999929e+01 1.587284236319828779e+01
5.775219441330440873e+01 -2.600000000000000000e+01 1.591167472465895116e+01
5.775219441330440873e+01 -2.580000000000000071e+01 1.642186161747667938e+01
5.775219441330440873e+01 -2.560000000000000142e+01 1.717967300966847688e+01
5.775219441330440873e+01 -2.539999999999999858e+01 1.801955529791302979e+01
5.775219441330440873e+01 -2.519999999999999929e+01 1.883871562173590064e+01
5.775219441330440873e+01 -2.500000000000000000e+01 1.958341738791204989e+01
5.775219441330440873e+01 -2.480000000000000071e+01 2.023210843326523900e+01
5.775219441330440873e+01 -2.460000000000000142e+01 2.078187104687094688e+01
5.775219441330440873e+01 -2.439999999999999858e+01 2.123935002507641912e+01
5.775219441330440873e+01 -2.419999999999999929e+01 2.161529603204689920e+01
5.775219441330440873e+01 -2.400000000000000000e+01 2.192153792618773878e+01
5.775219441330440873e+01 -2.380000000000000071e+01 2.216943765303585678e+01
5.775219441330440873e+01 -2.360000000000000142e+01 2.236919562472030520e+01
5.775219441330440873e+01 -2.339999999999999858e+01 2.252961941307876259e+01
5.775219441330440873e+01 -2.319999999999999929e+01 2.368121797649655491e+01
