1.910600716781964366e+02 6.907707841496146614e-10 2.356757934426524353e+10 -2.159188126482108601e+02
1.354403873093922925e+02 5.940198935609177299e-10 2.646977726459924316e+10 -1.210797435789672249e+02
8.682252876520655605e+01 5.301303986507578184e-10 2.913119956139436340e+10 -4.858419682097714087e+01
1.218634044717923075e+02 3.471078313016533400e-09 3.149842601293025208e+10 1.341734340540844705e+01
3.826972693885971211e+01 4.638188464086371748e-10 3.274348196221585464e+10 -3.229777973838913407e+00
5.945445423789689698e+01 2.401689123109361598e-09 3.396163464965285492e+10 -2.462780748425930977e+00
2.104624773900576429e+01 4.507463601501602032e-10 3.398197741773638916e+10 7.787066234265802578e-01
1.010620671475961174e+01 5.373744320355085380e-10 3.407311069415706635e+10 -6.781754347636826941e-01
5.108331590925111243e+00 4.230438240417092941e-10 3.420067333107649612e+10 -3.440226158383390853e+00
1.035977455640944811e+01 4.572378544840182000e-10 3.473185327118792725e+10 -1.195852045772449301e+00
3.423516369248035929e+00 4.778712762439137069e-10 3.490574127941714478e+10 -7.671278893781973807e+00
3.588817225338825523e+00 4.864584614631186790e-10 3.486414780799383545e+10 -7.580933834060363807e+00
3.215135499936367935e+00 4.899546685713152234e-10 3.487334187747077942e+10 -8.417346848380052649e+00
6.340621768654354895e+00 6.587336419795399252e-10 3.537927671681846619e+10 -8.055677389464406701e+00
1.658656040972624313e+00 4.645759093692248848e-10 3.588861352914566040e+10 -1.126842854544743133e+01
2.064310915616252906e+00 5.526156791410495396e-10 3.612019855870879364e+10 -1.322912389652342391e+01
1.197312619782922322e-03 6.145654241580387742e-10 3.622017735539577484e+10 -2.224735032835059556e+01
3.502468096810361061e-04 2.916080950660383590e-10 3.603822008779199219e+10 -1.050543055955861327e+01
5.109282903745926419e+00 1.271753910790112864e-10 3.930944189934754181e+10 1.731308370396443586e+00
2.139281859162764365e-02 1.493935318284650490e-09 3.562109512703540039e+10 -5.302645637555633584e+01
2.266125505829407194e-01 1.216777515379885803e-09 3.560860920703706360e+10 -4.190022474475692604e+01
7.122507703609012863e-02 5.734927684627696028e-10 3.536096877695698547e+10 -1.980635385175602181e+01
1.848740817786774092e-04 2.497978921856264679e-10 3.506067759148836517e+10 -8.756095008221141285e+00
4.530490239399898633e-10 3.956207615155465219e-20 1.398652670300093632e+02 2.222450732515570166e+02
