8.538710930396225649e+02 3.484254728752240332e-08 2.498244276944099426e+10 2.564325160877361398e+01
1.325150807816074803e+02 5.801492909323926600e-10 2.654576274575257874e+10 -1.173990284017705790e+02
9.107321362285580335e+01 5.283608169942175146e-10 2.941752791432032776e+10 -5.375181435429064436e+01
6.973250724218027585e+01 4.913650896353096918e-10 3.157279962590438843e+10 -2.893634058586569324e+01
3.732511427864464792e+01 4.614816081218027490e-10 3.335761903137122726e+10 -2.115448878957925771e+00
2.631530180076235581e+01 4.531324231794098135e-10 3.412506643064627075e+10 1.903752272638996601e+00
2.482730296019852290e+01 2.756466673718661114e-09 3.457340982086703491e+10 -3.628275431462837730e+01
1.335055641419359063e+01 4.346810332884733064e-10 3.436331306131446838e+10 1.348216069773416237e+00
5.326450807921174757e+00 4.226011496947323276e-10 3.440859237807855988e+10 -3.134432623585194033e+00
3.322676787975721080e+00 4.559743488772099235e-10 3.496769145957704926e+10 -7.120705075758571034e+00
4.651089987066313824e+00 4.713895459767765390e-10 3.516274346359878540e+10 -5.868779332072119104e+00
1.544820416091029491e+00 4.797844632084147930e-10 3.524817429690483093e+10 -1.152685043719209368e+01
1.170330297459327262e+00 5.234342613025080342e-10 3.518108884516082764e+10 -1.399867129237193986e+01
4.349941067849254495e+00 1.493935344803750839e-10 3.549732872205964661e+10 1.620434668300131942e-01
8.981079070752882032e-01 4.695266782713660492e-10 3.634947612736349487e+10 -1.350856769441323735e+01
3.256101319866102628e+00 5.406840357455479386e-10 3.723671926819712830e+10 -1.132856104724474733e+01
2.238799790275602386e-01 6.089825099242611862e-10 3.686222116836280060e+10 -2.118611705324578764e+01
4.241130555019846779e-04 2.455839882228035230e-10 3.682356833357402039e+10 -9.038596005029127411e+00
1.129468645608782129e+00 1.188605474618522394e-09 3.668602130706996155e+10 -3.834946430855485744e+01
1.348936767643989579e-02 1.484096376423473564e-09 3.644714730754473877e+10 -5.396653778514809119e+01
3.452694119456163335e-01 1.348382207840108142e-09 3.644901733870175171e+10 -4.707897186569783798e+01
2.520759580949607503e-01 5.570484013733474583e-10 3.639580256041339111e+10 -1.889178084698591675e+01
1.649378798410031511e-04 2.556756136124833095e-10 3.594524466687698364e+10 -9.188337294561421231e+00
3.149798186256630971e-10 2.422686412917832790e-21 1.247514046571646134e+02 1.983669833386088897e+02
