2.228843541628036746e+02 7.553197494946163820e-10 2.312127889584762573e+10 -2.665965735651261639e+02
1.777657942376228561e+02 6.708348228455972752e-10 2.634670812779417419e+10 -1.814467114895024906e+02
1.315418076631286795e+02 5.875292927569467401e-10 2.940369651920730591e+10 -1.017896249062800393e+02
9.993425608836133733e+01 5.223828185517409148e-10 3.205088047059568787e+10 -6.529491734784895129e+01
1.552932203554261150e+02 6.883754376953391653e-09 3.475233540923223114e+10 -1.202939213133962681e+01
4.193234437186856667e+01 4.429397682818177910e-10 3.489006499182679749e+10 -6.069882133362565213e+00
3.086362886610658052e+01 4.246654345593577603e-10 3.562642097740228271e+10 -1.029394850280630713e+00
1.769204470677880892e+01 4.647851743280008663e-10 3.570525376957878113e+10 2.211253963978796477e+00
1.339178813140736679e+01 4.237842657062497368e-10 3.580313280626202393e+10 8.694885172163884235e-01
7.650154128560679112e+00 4.357104111225195610e-10 3.651594173856541443e+10 -2.781402612479526582e+00
9.900010368262815774e+00 7.106373712396594030e-10 3.677599114975021362e+10 -6.791980130996714493e+00
5.637734051726582152e+00 4.969828585559463395e-10 3.672022038685144043e+10 -5.771257204222159487e+00
2.210736275285802410e+00 3.382011965257776831e-11 3.651753350757431793e+10 -1.337895063754296343e-02
2.862140723486961136e-01 9.665505215904428877e-10 3.709636566555296326e+10 -3.418757596056539683e+01
2.188757790358707433e-01 4.588870612062119208e-10 3.801930645210467529e+10 -1.625389880036735235e+01
1.683446011094209549e+00 2.881781178052114183e-10 3.870909050070834351e+10 -6.374774434943294210e+00
3.549852128442781307e+00 3.924813523932058649e-10 3.919025510521812439e+10 -6.443362963869581961e+00
6.137725974840949061e-02 4.184836030325836051e-10 3.846400294081890869e+10 -1.569134295931829115e+01
1.153320595283549665e+04 4.732873859066512174e-07 3.346625523363226318e+10 -6.275252589801052636e+02
6.768349966018698954e-03 1.552677730558932639e-09 3.811513814176864624e+10 -5.911194492189667926e+01
7.422643310427856633e-01 1.236085925640862277e-09 3.793457516903329468e+10 -4.307028527559022280e+01
7.412636950282339154e-02 6.428810613447089791e-10 3.791752863350422668e+10 -2.386726242234500717e+01
2.947429018553474403e-03 3.164973369834632120e-10 3.750662013631793213e+10 -1.184307417894148529e+01
6.747706692985335798e-04 4.481414177065253252e-16 7.752649976132065058e+06 1.132517922873611269e+02
