1.414808520407858650e-01 1.160726366509890334e-01 9.828993627963110435e-02 7.167823561955694034e-02 4.618826863534709892e-02 2.492692088650363610e-02 9.740394201403424629e-03 2.487258117317224081e-03 0.000000000000000000e+00 0.000000000000000000e+00 0.000000000000000000e+00 0.000000000000000000e+00
1.474114621480501763e-01 1.241676077428596620e-01 1.086719709403892870e-01 8.291243805614124940e-02 5.707743184159064231e-02 3.382302699468047597e-02 1.557307302160023353e-02 4.800761511799738618e-03 6.718283176564020156e-04 0.000000000000000000e+00 0.000000000000000000e+00 0.000000000000000000e+00
1.518076150037060978e-01 1.307690136431940708e-01 1.174117598295530140e-01 9.292173282611515539e-02 6.712585978263191366e-02 4.280358405168328134e-02 2.215278296975140004e-02 8.143827348425657434e-03 1.847703029230977467e-03 0.000000000000000000e+00 0.000000000000000000e+00 0.000000000000000000e+00
1.551281410903986580e-01 1.359336708329506871e-01 1.249985852447806078e-01 1.017030551977627095e-01 7.661963945016375677e-02 5.164181251198127209e-02 2.924355334386648589e-02 1.241299658237926887e-02 3.553068287364336691e-03 2.388980415990439273e-04 0.000000000000000000e+00 0.000000000000000000e+00
1.573672430501489305e-01 1.401458233108758278e-01 1.312601496000530554e-01 1.096424258703388582e-01 8.519782521225506555e-02 6.036048058666134558e-02 3.650180863936075548e-02 1.739687350025713453e-02 5.774502633146637483e-03 9.646486202720108618e-04 0.000000000000000000e+00 0.000000000000000000e+00
1.589086927794911286e-01 1.433443406218818938e-01 1.366313795683152255e-01 1.164928113208923977e-01 9.319694301746656029e-02 6.847689043494704919e-02 4.392296596804535352e-02 2.288713597728435703e-02 8.709612834171426635e-03 2.095851689270661952e-03 0.000000000000000000e+00 0.000000000000000000e+00
1.598547989672763625e-01 1.460329284632249092e-01 1.410887969554301125e-01 1.226393057971952999e-01 1.003420530269750338e-01 7.623101492042126670e-02 5.104804229854607162e-02 2.857513562650569952e-02 1.214911695124264342e-02 3.592527393900946456e-03 1.534575643475427826e-04 0.000000000000000000e+00
1.603643510685861528e-01 1.480087956430550522e-01 1.449103334714898217e-01 1.279224262759005581e-01 1.069292977204659295e-01 8.340180673078666229e-02 5.814275736142025808e-02 3.436415194581554644e-02 1.604384234510466273e-02 5.301556537359438000e-03 7.404808118009210396e-04 0.000000000000000000e+00
1.604416389511967023e-01 1.494829454631269872e-01 1.480576932879421048e-01 1.325647766171887676e-01 1.128413012281531264e-01 9.013690728214399095e-02 6.496228262577496970e-02 4.025215287393259928e-02 2.028652335211670113e-02 7.476308329090027016e-03 1.561830533670137541e-03 0.000000000000000000e+00
1.601719131249065842e-01 1.505535914741202574e-01 1.506032289654134770e-01 1.366575277874632344e-01 1.181098128173916212e-01 9.644798790589789728e-02 7.144488612214129619e-02 4.617565483022629397e-02 2.478621584972084263e-02 1.006783375969338111e-02 2.706349867472565389e-03 0.000000000000000000e+00
1.598339795745010727e-01 1.512583930270540444e-01 1.528219751669547544e-01 1.401443355365365739e-01 1.229788918836920292e-01 1.021276927205324592e-01 7.769384123269945652e-02 5.189818264905190354e-02 2.939626279779526327e-02 1.295208097184288865e-02 3.978018388176051898e-03 2.129470605683925113e-04
1.592362794399949655e-01 1.517212243607218292e-01 1.545390651402377691e-01 1.432615388320694072e-01 1.272606967184883586e-01 1.074873735367223998e-01 8.351475044789070934e-02 5.762002478849639203e-02 3.405409607084578655e-02 1.612250235178677715e-02 5.363950213901281378e-03 7.322994858483543356e-04
1.584654184116983944e-01 1.519366688977938362e-01 1.559017370270020519e-01 1.459703057058156228e-01 1.311047429925140950e-01 1.124380251470418757e-01 8.902102887595557401e-02 6.319560728934853211e-02 3.876740376486532969e-02 1.952620322007229958e-02 7.053934755157477768e-03 1.393201974531302172e-03
1.575947084115024155e-01 1.518801368598044765e-01 1.570241291501690284e-01 1.482159007240019255e-01 1.346395413292907350e-01 1.168988361769446316e-01 9.432172590996046324e-02 6.848248965424329204e-02 4.354737669505633069e-02 2.311320103381874977e-02 9.022854876634844867e-03 2.247432790847850911e-03
1.565664685618865237e-01 1.516908118764012936e-01 1.578205280770935692e-01 1.501849186312833595e-01 1.377448061211996033e-01 1.210719945147054888e-01 9.923416101897868102e-02 7.365838895599113867e-02 4.825566123300992910e-02 2.684061110930459695e-02 1.123198557859171089e-02 3.330781115488834748e-03
1.554194491590480121e-01 1.513789833107822835e-01 1.583506297040139232e-01 1.518919863260708991e-01 1.404823402291787704e-01 1.249481349808076458e-01 1.037987010449947789e-01 7.868677602925183701e-02 5.289329731443140337e-02 3.065948720208055284e-02 1.366013437947612152e-02 4.353728509819281695e-03
1.542310990514070279e-01 1.508899532168787583e-01 1.587313712459929027e-01 1.532614686844036844e-01 1.429942235429258746e-01 1.284182040096058797e-01 1.081688803549377687e-01 8.340604818449896818e-02 5.754378781602306758e-02 3.449562234718631104e-02 1.627132230627020490e-02 5.513703717073426686e-03
1.529817416143398334e-01 1.502897694471302947e-01 1.589385586609186607e-01 1.543892223439645994e-01 1.452396502326187833e-01 1.315938386948470318e-01 1.122737098950732648e-01 8.790414234002637273e-02 6.210975071251763346e-02 3.836365890854289556e-02 1.903964542773671151e-02 6.877261286291189504e-03
1.516482637490190188e-01 1.496272076228298553e-01 1.589393827803012305e-01 1.553651953175897993e-01 1.471547632668580852e-01 1.345761512203887122e-01 1.160271556209473559e-01 9.228060527651228695e-02 6.647032594615093215e-02 4.228552803229708446e-02 2.193455609501328285e-02 8.425393287852158547e-03
1.502792585981160278e-01 1.488874447785662469e-01 1.588105972634188678e-01 1.561575370949005170e-01 1.488421202910102659e-01 1.373103278048114217e-01 1.195324530588659784e-01 9.645211288145051631e-02 7.071308489558671140e-02 4.619620491501338910e-02 2.493421685091656154e-02 1.014341389134985547e-02
1.489785767960755958e-01 1.480939314871739243e-01 1.586342256670558448e-01 1.567438728376335244e-01 1.503839797789906507e-01 1.397516617649788295e-01 1.228623535818225421e-01 1.003106507808242259e-01 7.486413001977959558e-02 5.000281246563671039e-02 2.798287015731040078e-02 1.198392562386678753e-02
1.476649320188597458e-01 1.472486682360880095e-01 1.583673083140770266e-01 1.571738558192693203e-01 1.517475468988309650e-01 1.419747562206009617e-01 1.259848959424629544e-01 1.039690745475447264e-01 7.888987902822205966e-02 5.377952143040545113e-02 3.107775018996578043e-02 1.396040272563697088e-02
1.463224877393488610e-01 1.463824796238624160e-01 1.579841911586886694e-01 1.575078990255993627e-01 1.528890507341094662e-01 1.440478010709223267e-01 1.288441637012747998e-01 1.075056296578548731e-01 8.270540037870664773e-02 5.756746434270427343e-02 3.417947579817889880e-02 1.605417796067057368e-02
1.449681434929701029e-01 1.454918129099255220e-01 1.575162516038638438e-01 1.577427225852270354e-01 1.538548517438926289e-01 1.459562990068126453e-01 1.314868077352593645e-01 1.108930896072429784e-01 8.635297782419605606e-02 6.132294308283152418e-02 3.729099589041358354e-02 1.825643726669895842e-02
1.436323533454945678e-01 1.445488831926956541e-01 1.570114711530553875e-01 1.578433703278927236e-01 1.547150994251106915e-01 1.476465800480835644e-01 1.339987063657071265e-01 1.140542171896449242e-01 8.991956240934807776e-02 6.494948357898122637e-02 4.043793103451238935e-02 2.054444830759846741e-02
1.423148885348479442e-01 1.435601224006496091e-01 1.564727327103195842e-01 1.578233454628638621e-01 1.554746068826756700e-01 1.491379979012321666e-01 1.363822908223318309e-01 1.169992315026684854e-01 9.340180327537132843e-02 6.844666999127058116e-02 4.361056103137302131e-02 2.291131175349397919e-02
1.409957209416780044e-01 1.425632020704031833e-01 1.558732687411934492e-01 1.577409972568594720e-01 1.560947801065581675e-01 1.505092067323405003e-01 1.385787017962591960e-01 1.198151181260818793e-01 9.672187409060313545e-02 7.189097567593580318e-02 4.675714174114188604e-02 2.533925078400598233e-02
1.396711567332830084e-01 1.415639019435314672e-01 1.552085719850477274e-01 1.576118321788198273e-01 1.565685812872704419e-01 1.517814184046491488e-01 1.405780885810566649e-01 1.225251136535134983e-01 9.985840916715731097e-02 7.529810864762717659e-02 4.985873206446451988e-02 2.781712683744579778e-02
1.383532525134075764e-01 1.405593617022334874e-01 1.545017856638210563e-01 1.574292090918074927e-01 1.569335312553013229e-01 1.529409187663441361e-01 1.424196320444896802e-01 1.251086371977810641e-01 1.028528391289329214e-01 7.863172125370210264e-02 5.293292959923472096e-02 3.032888743019820574e-02
1.370578340225410141e-01 1.395335207453267390e-01 1.537804427540157282e-01 1.571689811663257441e-01 1.572353527655271643e-01 1.539505453739860308e-01 1.441598507653761851e-01 1.275165986432958143e-01 1.057646901990526300e-01 8.182899438841603756e-02 5.601499979797060214e-02 3.284639949857955793e-02
1.358199183031214563e-01 1.385174921463193654e-01 1.530533779762361657e-01 1.568372542157264737e-01 1.574909712897491210e-01 1.548235547155029923e-01 1.458031950695004297e-01 1.297397733162106714e-01 1.085807065561459755e-01 8.487894120244768303e-02 5.909410863995535196e-02 3.535113176436111698e-02
1.345891421349649508e-01 1.375095277429158047e-01 1.523035106045667886e-01 1.564654820694068860e-01 1.576704337393947664e-01 1.556022559125509741e-01 1.473266881133707407e-01 1.318455165764171599e-01 1.112749059257819584e-01 8.784613465241097874e-02 6.212291885183301998e-02 3.787160108045211498e-02
1.333576797406941794e-01 1.365157407044481630e-01 1.515202245681009641e-01 1.560716129884253955e-01 1.577573258317899463e-01 1.563131849213200142e-01 1.487096936444394502e-01 1.338672353020319006e-01 1.138163429921555947e-01 9.076154418790388645e-02 6.506309614103363004e-02 4.041577303519203190e-02
1.321278564696996005e-01 1.355354607751107499e-01 1.507092282799470384e-01 1.556570507801566527e-01 1.577589649536546568e-01 1.569603374231934023e-01 1.499601068488437827e-01 1.358079318740587904e-01 1.162112883074560565e-01 9.362353977954376849e-02 6.791302882362870719e-02 4.297954443018510429e-02
1.309125744079012443e-01 1.345604636734478998e-01 1.498930257061326377e-01 1.552089311185851639e-01 1.577117282745136295e-01 1.575216828033589311e-01 1.511226605438837634e-01 1.376364615843483352e-01 1.185125555264661401e-01 9.638518492344697042e-02 7.071785502044503069e-02 4.553460654385244055e-02
1.297195953664963819e-01 1.335787827553581442e-01 1.490809897781325555e-01 1.547173967491849988e-01 1.576316373773740676e-01 1.579848112362972068e-01 1.522185534074969593e-01 1.393357348684743646e-01 1.207424820978336422e-01 9.902379957341603256e-02 7.349869207480894118e-02 4.806157149468509582e-02
1.285486167646142930e-01 1.325908102562237678e-01 1.482735750962730359e-01 1.541860064537830810e-01 1.575220513555855573e-01 1.583550058470945265e-01 1.532502177575616187e-01 1.409117649151451213e-01 1.229025153458146169e-01 1.015411172151481217e-01 7.625476955084756203e-02 5.055664763592927768e-02
1.273947530236523018e-01 1.316084594101760985e-01 1.474625227133264382e-01 1.536349732669436696e-01 1.573746577497814048e-01 1.586625077142749252e-01 1.541989043423426242e-01 1.423999371026195282e-01 1.249685791223284909e-01 1.039768197296730978e-01 7.895048973422026661e-02 5.304133485726368613e-02
1.262523743635367568e-01 1.306363499339230627e-01 1.466389810555487616e-01 1.530776835972630368e-01 1.571768952712261636e-01 1.589260287953177808e-01 1.550474612959965581e-01 1.438262162670347621e-01 1.269168957761887540e-01 1.063583599124160867e-01 8.155594499109672380e-02 5.553011585270752060e-02
1.251232896891282809e-01 1.296738354663837800e-01 1.458037162542420717e-01 1.525159574578858201e-01 1.569326475830492562e-01 1.591468514056902095e-01 1.558006457477674744e-01 1.451935340385936413e-01 1.287510147632918989e-01 1.086869828168136043e-01 8.407063882351151207e-02 5.802129919759823479e-02
1.239744427040031932e-01 1.286819460202748011e-01 1.449125624964269499e-01 1.519296857414835222e-01 1.566493873881977250e-01 1.593107505163174897e-01 1.564699304711494043e-01 1.465054091454175977e-01 1.305023007902532672e-01 1.109518111859417455e-01 8.650286613459323704e-02 6.049345668880577731e-02
1.228475429405661012e-01 1.276947960266222593e-01 1.440274262116858495e-01 1.513192260972295589e-01 1.563464320041823286e-01 1.594173746241491219e-01 1.570896934015452995e-01 1.477211730030119075e-01 1.321989827072064250e-01 1.131176242823119377e-01 8.889822309030973035e-02 6.291259869570245411e-02
1.217428892491369125e-01 1.267098947352620630e-01 1.431494878700538542e-01 1.506836819962106278e-01 1.560261750976807971e-01 1.594684721246270587e-01 1.576632948598910844e-01 1.488415408656929839e-01 1.338436027474222134e-01 1.151843386460582597e-01 9.125936281060069433e-02 6.527370879390641256e-02
1.206601506929952106e-01 1.257277543017598365e-01 1.422793761320730599e-01 1.500247463065921827e-01 1.556902612063493230e-01 1.594678820022553956e-01 1.581921305249089915e-01 1.498705928991189429e-01 1.354371311058743532e-01 1.171547145563194420e-01 9.358660871589363772e-02 6.757545367230825828e-02
1.195943756422637727e-01 1.247588318005792563e-01 1.414111637377845898e-01 1.493549854365235630e-01 1.553324800596370403e-01 1.594371908332656573e-01 1.586623815529977222e-01 1.508351777445748332e-01 1.369605045379736763e-01 1.190607782093335842e-01 9.585302572652137920e-02 6.984604871691380001e-02
1.185411414635068605e-01 1.238051311048561087e-01 1.405386715437268730e-01 1.486817887168915830e-01 1.549443048895562391e-01 1.593868739187249695e-01 1.590635445760374411e-01 1.517524520631736706e-01 1.383974114464640026e-01 1.209212194460093093e-01 9.803982624691966186e-02 7.210092757536964991e-02
1.175007257498495439e-01 1.228666320251987493e-01 1.396632476802069089e-01 1.480055578424276652e-01 1.545279281782596104e-01 1.593169454725179013e-01 1.593997429861703785e-01 1.526245306417269021e-01 1.397498432867831375e-01 1.227376725986533967e-01 1.001479619852975733e-01 7.433929985492765402e-02
1.164740667523948281e-01 1.219424945506657754e-01 1.387864873574965741e-01 1.473266290308171411e-01 1.540860032496281784e-01 1.592272672931375199e-01 1.596758019394066419e-01 1.534530407199020119e-01 1.410215643673925490e-01 1.245105315966968107e-01 1.021799690866926902e-01 7.655931649764820268e-02
1.154658933965717338e-01 1.210299614662203177e-01 1.379168421392058530e-01 1.466396578142015739e-01 1.536332152983631294e-01 1.591070842177597644e-01 1.599155225114042289e-01 1.542215953637632309e-01 1.422403385372665308e-01 1.262167750282602308e-01 1.041657788309558463e-01 7.873238828383180565e-02
1.144780591305782080e-01 1.201245437193776688e-01 1.370568226557909441e-01 1.459406144499682811e-01 1.531736735581373798e-01 1.589509911528534936e-01 1.601290902079131051e-01 1.549219181573794624e-01 1.434156805421343550e-01 1.278477781137777602e-01 1.061165770381438944e-01 8.084576510037762287e-02
1.135176297151273273e-01 1.192388061299447383e-01 1.362086385694744606e-01 1.452318680097091363e-01 1.527036328910080787e-01 1.587538734231209725e-01 1.603159596241037765e-01 1.555371512396833966e-01 1.445260151729868825e-01 1.293929548366322679e-01 1.080292009272804110e-01 8.289715167530659068e-02
1.125748637052957635e-01 1.183616714954794924e-01 1.353703874885993086e-01 1.445153943879867453e-01 1.522268513600089357e-01 1.585261505979404517e-01 1.604799584496982845e-01 1.560911743358417425e-01 1.455953810350258948e-01 1.308635393673627523e-01 1.099074222075018537e-01 8.488969327739059878e-02
1.116468572466151887e-01 1.174979954762541690e-01 1.345383097024891450e-01 1.438005418748732611e-01 1.517383036329314205e-01 1.582819134641283987e-01 1.606116247740957403e-01 1.566034587921970311e-01 1.466108129092810186e-01 1.322826602878065805e-01 1.117320732373864589e-01 8.684798717128262846e-02
1.107314110881309904e-01 1.166487239271693926e-01 1.337092743512131587e-01 1.430918734309691576e-01 1.512314755551476542e-01 1.580277623006050014e-01 1.607034388530480529e-01 1.570858121955966413e-01 1.475615744240842686e-01 1.336627919043811286e-01 1.134905896233201622e-01 8.878451318815051840e-02
1.098285564787503110e-01 1.158129933949334639e-01 1.328833173986977145e-01 1.423895351974584500e-01 1.507074875589907159e-01 1.577639779095525163e-01 1.607571348594133975e-01 1.575397715079948358e-01 1.484498629206425779e-01 1.350049255165744477e-01 1.151838635961794088e-01 9.069934792249442768e-02
1.089379693801310611e-01 1.149903384911577509e-01 1.320610360368667802e-01 1.416933568550627076e-01 1.501676714170875060e-01 1.574908246516291688e-01 1.607743494807250817e-01 1.579667401913328051e-01 1.492777820399675270e-01 1.363100368250160233e-01 1.168128113229863763e-01 9.259255831443657936e-02
1.080610843747989713e-01 1.141800276596756786e-01 1.312453949076608506e-01 1.410021968265427472e-01 1.496171697340804851e-01 1.572063768188319277e-01 1.607614710099343758e-01 1.583648750934707194e-01 1.500552275346130338e-01 1.375730866755945081e-01 1.183866322049010877e-01 9.445728834981478861e-02
1.072012320596274770e-01 1.133785845058058739e-01 1.304420458554277074e-01 1.403100423394539054e-01 1.490650339891340936e-01 1.569019341255772082e-01 1.607326516561530527e-01 1.587218576822924110e-01 1.508009311543003217e-01 1.387769369830450517e-01 1.199279379114836508e-01 9.627110694610366282e-02
1.063581538157727796e-01 1.125838151351443439e-01 1.296510927907124633e-01 1.396157289975565874e-01 1.485120644267269863e-01 1.565768009155069362e-01 1.606895347705604438e-01 1.590377336210098691e-01 1.515165998856916330e-01 1.399219090331948467e-01 1.214382369057403349e-01 9.803274832737124411e-02
1.055311789502319381e-01 1.117956607130029395e-01 1.288718116137019809e-01 1.389199042765365544e-01 1.479587433622312209e-01 1.562319297284118502e-01 1.606329874433947424e-01 1.593140491907607814e-01 1.522032533869861759e-01 1.410096255669898990e-01 1.229179213684293559e-01 9.974270199797720393e-02
1.047200821793778797e-01 1.110145504211113576e-01 1.281041674987638546e-01 1.382231728167619966e-01 1.474054899155241571e-01 1.558678684906734668e-01 1.605638296999414294e-01 1.595521787530641833e-01 1.528618671639629389e-01 1.420416293362933291e-01 1.243672677743816318e-01 1.014015394784893720e-01
1.039229760034522665e-01 1.102439685431220728e-01 1.273455151134993968e-01 1.375295489251347758e-01 1.468507767865815938e-01 1.554923067043730844e-01 1.604781355459993786e-01 1.597624807717126227e-01 1.534866517375603479e-01 1.430316586013151703e-01 1.257763117879562575e-01 1.030241149478728357e-01
1.031373055828311430e-01 1.094854428748988223e-01 1.265924306507903718e-01 1.368430015786225584e-01 1.462900866777829267e-01 1.551111911117018793e-01 1.603690691228260579e-01 1.599553798948171457e-01 1.540674521499608984e-01 1.439922160257012251e-01 1.271322672979314228e-01 1.046235216284457231e-01
1.023631112277562649e-01 1.087387517456337577e-01 1.258441051380954079e-01 1.361636768844630141e-01 1.457236402934572739e-01 1.547248764864102288e-01 1.602374893308437243e-01 1.601312842775662326e-01 1.546057713795145339e-01 1.449240978731151930e-01 1.284360481540693377e-01 1.062000470503956240e-01
1.016000645016528897e-01 1.080037881894298918e-01 1.251005654286179158e-01 1.354916728379340074e-01 1.451519931465301838e-01 1.543335787775004797e-01 1.600843454619709505e-01 1.602905109139330375e-01 1.551032209929791572e-01 1.458280324390320848e-01 1.296884836118709639e-01 1.077540556292931606e-01
1.008478958022455685e-01 1.072803895968979238e-01 1.243616582155826072e-01 1.348270747626134081e-01 1.445758334051860661e-01 1.539375285842929098e-01 1.599105393415416743e-01 1.604334179401193106e-01 1.555614595329024852e-01 1.467047210919622535e-01 1.308904077850545078e-01 1.092858364914296443e-01
1.001076676613489869e-01 1.065681440230525773e-01 1.236296141687955180e-01 1.341689732144712432e-01 1.439994291436228757e-01 1.535348340292029823e-01 1.597218355903948506e-01 1.605571314487883317e-01 1.559903750394998623e-01 1.475483135167127147e-01 1.320521501875512871e-01 1.107877036343005717e-01
9.938110159171201219e-02 1.058650864157511945e-01 1.229068558528237237e-01 1.335137151891546414e-01 1.434270501441944345e-01 1.531204506691742073e-01 1.595254230919774252e-01 1.606542116218198646e-01 1.564002888437892036e-01 1.483489254074384645e-01 1.331877436800187886e-01 1.122454606960827939e-01
9.866761809141269546e-02 1.051700989068510977e-01 1.221932490603393207e-01 1.328606208065166994e-01 1.428586639630866628e-01 1.526949534098085981e-01 1.593215755739810502e-01 1.607250784328307369e-01 1.567919952571361630e-01 1.491076004841793701e-01 1.342978520646795904e-01 1.136592812928193530e-01
9.796730278753534860e-02 1.044831961522924846e-01 1.214884681502856195e-01 1.322102271608170121e-01 1.422940652205698375e-01 1.522588599147614297e-01 1.591104557535592545e-01 1.607706236577546299e-01 1.571663259299105886e-01 1.498255089768992243e-01 1.353829910283656235e-01 1.150296367942396925e-01
9.727459308460745246e-02 1.038024888478576435e-01 1.207875075664392450e-01 1.315668084345631705e-01 1.417492377893612432e-01 1.518244702764189602e-01 1.588953155894644864e-01 1.608008573853865197e-01 1.575437717761190570e-01 1.505222747505320369e-01 1.364487273162834358e-01 1.163529071237980744e-01
9.659317975883174867e-02 1.031307753554310674e-01 1.200946724265471166e-01 1.309249022531310536e-01 1.412077924597752165e-01 1.513834805904293035e-01 1.586725357310225515e-01 1.608085267582412270e-01 1.579029745981148647e-01 1.511838998867602035e-01 1.374908905638452805e-01 1.176363890592559691e-01
9.592075359009831492e-02 1.024695194181098196e-01 1.194080883646221475e-01 1.302882934798774706e-01 1.406665866564030254e-01 1.509427242354965948e-01 1.584365528374025167e-01 1.608042327882973632e-01 1.582349738820574836e-01 1.518239422077672374e-01 1.384974561343987609e-01 1.188961153500497914e-01
9.525693990871703098e-02 1.018188630747927925e-01 1.187269630891960304e-01 1.296576152169345297e-01 1.401238053703719177e-01 1.505032292324726129e-01 1.581859279208467084e-01 1.607903510897177035e-01 1.585374936519964029e-01 1.524450251519185728e-01 1.394662266142112916e-01 1.201348424590825414e-01
9.460066533864243399e-02 1.011785564828330541e-01 1.180513211590563105e-01 1.290329751202185515e-01 1.395793549173219017e-01 1.500650499195857190e-01 1.579214301525819764e-01 1.607672139206462458e-01 1.588114184842605303e-01 1.530476373700761228e-01 1.403980429125798179e-01 1.213530034287995940e-01
9.395241588621092155e-02 1.005481057041143073e-01 1.173811195911136362e-01 1.284140587812453993e-01 1.390334450196855087e-01 1.496283047919035880e-01 1.576436659211399027e-01 1.607351392252228672e-01 1.590575718058012122e-01 1.536322321055818563e-01 1.412937012888629273e-01 1.225509389762658441e-01
9.331164707758385357e-02 9.992753767695847222e-02 1.167163066549294220e-01 1.278010773728444072e-01 1.384861121325528799e-01 1.491930844205306417e-01 1.573532397027079810e-01 1.606944313895112830e-01 1.592766461483168805e-01 1.541992462532669195e-01 1.421539192989415556e-01 1.237290429602163067e-01
9.267881130840749382e-02 9.931663400285851984e-02 1.160580708520213694e-01 1.271935290738054058e-01 1.379388058523106364e-01 1.487589017606137376e-01 1.570526194318743185e-01 1.606444881854113826e-01 1.594725694790673221e-01 1.547470426514953035e-01 1.429826848369480374e-01 1.248852578851289974e-01
9.205505379065198612e-02 9.871390232518223451e-02 1.154089218581508536e-01 1.265890888857095220e-01 1.373951956191754031e-01 1.483220692357096748e-01 1.567485710355924489e-01 1.605791776208573829e-01 1.596545085453267565e-01 1.552671542073983391e-01 1.437920489767118559e-01 1.260083725433219226e-01
9.144073883447995099e-02 9.811810446218140191e-02 1.147689380432104500e-01 1.259865748521921403e-01 1.368554210786001590e-01 1.478817900571713639e-01 1.564420208079743690e-01 1.604976878065129398e-01 1.598234575283291881e-01 1.557591138024725930e-01 1.445834659420348056e-01 1.270974142162328291e-01
9.083564800579030374e-02 9.752890122521419569e-02 1.141379237372468214e-01 1.253859536803250130e-01 1.363194155098325921e-01 1.474382738420454697e-01 1.561330654176551480e-01 1.604005807904606007e-01 1.599797975297233554e-01 1.562235094794159618e-01 1.453573214025008498e-01 1.281529904589919500e-01
9.023930116347858577e-02 9.694610995950181387e-02 1.135156659180391048e-01 1.247876027583484371e-01 1.357871379927568789e-01 1.469917402981641141e-01 1.558220429112775196e-01 1.602883953979798715e-01 1.601239914111509399e-01 1.566609872131099479e-01 1.461139628948586733e-01 1.291757417065305669e-01
8.965172389758296889e-02 9.636949825366210309e-02 1.129019962269078442e-01 1.241914806506771995e-01 1.352585304596875260e-01 1.465421595479466932e-01 1.555090009118982319e-01 1.601616483976636141e-01 1.602564476282058448e-01 1.570721129033714469e-01 1.468537776930741723e-01 1.301662363542908096e-01
8.907263521737447676e-02 9.579962835058045134e-02 1.122966571053575502e-01 1.235982041999912767e-01 1.347335235110754814e-01 1.460904139757334408e-01 1.551941173245176830e-01 1.600214014133656826e-01 1.603773707119133807e-01 1.574585359153590214e-01 1.475765249288641390e-01 1.311265731751254104e-01
8.850091575585780634e-02 9.523750957013490948e-02 1.116984350982296870e-01 1.230101911160088046e-01 1.342101962852285668e-01 1.456402643265745644e-01 1.548741904169546602e-01 1.598737136204212150e-01 1.604820282322643732e-01 1.578294386909380731e-01 1.482742227440088378e-01 1.320685290877383622e-01
8.793578405156442235e-02 9.468292067885299146e-02 1.111063201980724974e-01 1.224281613214092540e-01 1.336870142227059577e-01 1.451923055702177834e-01 1.545480919712296231e-01 1.597203756713123646e-01 1.605685419812142023e-01 1.581870798450903393e-01 1.489446605963714032e-01 1.329947386915005247e-01
8.737732616300346311e-02 9.413577943771986312e-02 1.105204253450847579e-01 1.218520774678211183e-01 1.331639681501684269e-01 1.447465594192534066e-01 1.542161340914487977e-01 1.595616159369046272e-01 1.606374803234673354e-01 1.585317127424893391e-01 1.495883942961930280e-01 1.339054813619662276e-01
8.682542622527486542e-02 9.359563169086201895e-02 1.099406861815352687e-01 1.212818632436582084e-01 1.326412063489418036e-01 1.443028379572925124e-01 1.538786748031564511e-01 1.593976388080666218e-01 1.606894082379646260e-01 1.588635691151428220e-01 1.502059989610431689e-01 1.348010170871096203e-01
8.627974888027101219e-02 9.306251082259439644e-02 1.093668731778580788e-01 1.207173777592793762e-01 1.321188425552736745e-01 1.438611417526376446e-01 1.535360480307891573e-01 1.592286404346703599e-01 1.607248092525244698e-01 1.591828710058391105e-01 1.507980112984562138e-01 1.356816363863523334e-01
8.574036879804891598e-02 9.253588576793767007e-02 1.087990762580866577e-01 1.201585412481733367e-01 1.315968841664920952e-01 1.434214226199982123e-01 1.531885315881655052e-01 1.590548091210801651e-01 1.607442442341722733e-01 1.594898776368042781e-01 1.513649514832719478e-01 1.365476007246590184e-01
8.519734333943632110e-02 9.200205577105798060e-02 1.082314635498425326e-01 1.196035352313977451e-01 1.310720071065231973e-01 1.429732280372779663e-01 1.528284615571735006e-01 1.588655963451010567e-01 1.607370511765598142e-01 1.597714307886152485e-01 1.519009802043019275e-01 1.373943370694359623e-01
8.466210833287082793e-02 9.147375236243586449e-02 1.076701912722191762e-01 1.190531281215124609e-01 1.305512366286333548e-01 1.425245009557755682e-01 1.524686524851230907e-01 1.586679033480767331e-01 1.607230111284266294e-01 1.600330925488965828e-01 1.524232769882714889e-01 1.382158247258844508e-01
8.413479465867998441e-02 9.095045076793011052e-02 1.071152805269295627e-01 1.185066116637747968e-01 1.300348692216621582e-01 1.420746827531433054e-01 1.521094862432053885e-01 1.584613467097968076e-01 1.607026034467844700e-01 1.602746761754936800e-01 1.529326672394665243e-01 1.390116392398729195e-01
8.361524618976509671e-02 9.043179900537370863e-02 1.065666598300659546e-01 1.179638189524941649e-01 1.295227402981644349e-01 1.416238389027188738e-01 1.517510200208557480e-01 1.582460887647883785e-01 1.606760466363384987e-01 1.604967116416422535e-01 1.534294235691947006e-01 1.397822567899198454e-01
8.310331122525420333e-02 8.991819561767767921e-02 1.060241363315782004e-01 1.174247728552434838e-01 1.290149099157211765e-01 1.411721053823574157e-01 1.513933065418059942e-01 1.580225667097196196e-01 1.606435579481038656e-01 1.606996476979004607e-01 1.539138066248926795e-01 1.405281191932117313e-01
8.259884233061989822e-02 8.940908671078479086e-02 1.054875335211442472e-01 1.168893904179792859e-01 1.285113266346707417e-01 1.407194321138424409e-01 1.510363955957138571e-01 1.577909746540893388e-01 1.606053629939831473e-01 1.608838919120043898e-01 1.543860694082679064e-01 1.412496893653728269e-01
8.210169618476978459e-02 8.890491218121700234e-02 1.049568341182988002e-01 1.163575909253171531e-01 1.280119375742477805e-01 1.402659711725736946e-01 1.506803341943027952e-01 1.575516531772830076e-01 1.605616663689517498e-01 1.610498405179454084e-01 1.548464575653409336e-01 1.419474113154462480e-01
8.161159961468897328e-02 8.840629079052668426e-02 1.044317557093232957e-01 1.158295976907690317e-01 1.275167447401256426e-01 1.398124825295013751e-01 1.503249619131902248e-01 1.573055814644379879e-01 1.605123638733036706e-01 1.611993192429887201e-01 1.552943938381647071e-01 1.426235115598334102e-01
8.112797527918388929e-02 8.791404798850889490e-02 1.039111053499688353e-01 1.153071845685062630e-01 1.270242266171223711e-01 1.393616401410553152e-01 1.499676830645226833e-01 1.570572438132385173e-01 1.604536391796630157e-01 1.613389652082197478e-01 1.557238701147778681e-01 1.432860559627638919e-01
8.065027359297499698e-02 8.742802159781426496e-02 1.033943163696346285e-01 1.147904310948993367e-01 1.265335848179486855e-01 1.389136795869289065e-01 1.496078521367792957e-01 1.568074445892145563e-01 1.603844377178772207e-01 1.614698471777183120e-01 1.561338423144559839e-01 1.439361878171387388e-01
8.017843871775628961e-02 8.694823972295182002e-02 1.028815027072646215e-01 1.142791619394506603e-01 1.260447552508102143e-01 1.384685149080345512e-01 1.492455719851914775e-01 1.565562220405366245e-01 1.603051151659104501e-01 1.615921881191930698e-01 1.565246616249740264e-01 1.445741339087024402e-01
7.971232303765929395e-02 8.647458085714665454e-02 1.023724552018812212e-01 1.137732235406010706e-01 1.255578511684563026e-01 1.380260627769206438e-01 1.488810431584499105e-01 1.563036687672865188e-01 1.602159970235023934e-01 1.617062494357073832e-01 1.568966830269574730e-01 1.452001406593126376e-01
7.925178372864515042e-02 8.600676887548033833e-02 1.018673029169660099e-01 1.132724541934304330e-01 1.250729062829792626e-01 1.375862423977785853e-01 1.485144689008620067e-01 1.560497795683740974e-01 1.601174085927466739e-01 1.618122561935774195e-01 1.572502427539380632e-01 1.458144412789534050e-01
7.879668256386082592e-02 8.554481349558898384e-02 1.013660548637045911e-01 1.127766977062867326e-01 1.245900364379357722e-01 1.371489754110262471e-01 1.481458913248862308e-01 1.557946801595602171e-01 1.600096958765572508e-01 1.619104135364842212e-01 1.575856395527723830e-01 1.464172592880701451e-01
7.834688572849413113e-02 8.508864371688315553e-02 1.008685972377826034e-01 1.122858031717062777e-01 1.241093327042919608e-01 1.367141858022223044e-01 1.477755591904299781e-01 1.555383248014646225e-01 1.598931682299985779e-01 1.620009235928195346e-01 1.579031985035620478e-01 1.470088126765230485e-01
7.790256861604027971e-02 8.463809648029234356e-02 1.003755751788543565e-01 1.117995051306629739e-01 1.236317883390460337e-01 1.362814049772728409e-01 1.474046968991752082e-01 1.552803132003286735e-01 1.597702798371389010e-01 1.620825759179971570e-01 1.582059606418411701e-01 1.475872569924180366e-01
7.746406430840160895e-02 8.419265323275008928e-02 9.988756026472762894e-02 1.113168777459606629e-01 1.231585272406019449e-01 1.358490963973354726e-01 1.470353417355501069e-01 1.550183257336514298e-01 1.596440141695752435e-01 1.621522842831693012e-01 1.584991204489089589e-01 1.481474273423050714e-01
7.703129627417526493e-02 8.375184344064091901e-02 9.940465415764260237e-02 1.108374462428482338e-01 1.226895832531941094e-01 1.354169343136867876e-01 1.466676521051432092e-01 1.547522566925048915e-01 1.595145241587586360e-01 1.622102175758343423e-01 1.587829156218672766e-01 1.486893539613417525e-01
7.660409359578052024e-02 8.331560249369042437e-02 9.892666013175475948e-02 1.103610560770812016e-01 1.222249058255095999e-01 1.349850716797197370e-01 1.463015720215154747e-01 1.544821888399617593e-01 1.593819268890547258e-01 1.622567133548173390e-01 1.590574989350778956e-01 1.492133792680589988e-01
7.618228234909371621e-02 8.288377337524339972e-02 9.845369612155374650e-02 1.098877139692785998e-01 1.217644411929163922e-01 1.345534529018371228e-01 1.459371599173709122e-01 1.542083111175794607e-01 1.592463354326671965e-01 1.622921133547208239e-01 1.593230088482489593e-01 1.497198309475077926e-01
7.577191376805489376e-02 8.246550035010359603e-02 9.799710456379728818e-02 1.094181100375444110e-01 1.213090844023810982e-01 1.341161870738103723e-01 1.455726325349640804e-01 1.539341807196976941e-01 1.591178663002522087e-01 1.623256859624779280e-01 1.595721060134596969e-01 1.502029154944802547e-01
7.536706238490015197e-02 8.205120284414718634e-02 9.754589506953099953e-02 1.089519776962689646e-01 1.208576738289806746e-01 1.336800933995826446e-01 1.452087956409849612e-01 1.536560839947110624e-01 1.589860586868621362e-01 1.623499158440399048e-01 1.598130216728265718e-01 1.506686846604535779e-01
7.496766502109612762e-02 8.164079381351878328e-02 9.709968480202785246e-02 1.084894683604731153e-01 1.204100843770934820e-01 1.332452765722821619e-01 1.448456709894609951e-01 1.533742076554557021e-01 1.588510305470989259e-01 1.623649765591103633e-01 1.600459908520469043e-01 1.511173974707997747e-01
7.457356149299965153e-02 8.123467745594149803e-02 9.665849430777290197e-02 1.080309327157358557e-01 1.199661527655963567e-01 1.328125905710499932e-01 1.444829667767304482e-01 1.530893090379394084e-01 1.587126375713734105e-01 1.623721964613372704e-01 1.602705389714451090e-01 1.515509957067076030e-01
7.418449658647727207e-02 8.083325313676439916e-02 9.622140646917169693e-02 1.075773291036169060e-01 1.195248706494415197e-01 1.323837261573655444e-01 1.441188457532304734e-01 1.528042567322190626e-01 1.585683776297308611e-01 1.623755803699083455e-01 1.604828999743160567e-01 1.519750210075182795e-01
7.380019149059416361e-02 8.043642564039341081e-02 9.578828361651868517e-02 1.071288065394222083e-01 1.190855860918925840e-01 1.319588712123401508e-01 1.437529366211951209e-01 1.525194599020648634e-01 1.584175711786893481e-01 1.623754750328691987e-01 1.606826891961554704e-01 1.523900434796425507e-01
7.342046943556446159e-02 8.004410283728669029e-02 9.535868283481652163e-02 1.066853373980319042e-01 1.186482843072066418e-01 1.315378779167176715e-01 1.433852769947869255e-01 1.522349685671678665e-01 1.582604719456264519e-01 1.623718694941918561e-01 1.608702933395689261e-01 1.527962246623037479e-01
7.304534266075868310e-02 7.965626047668215859e-02 9.493277241557586399e-02 1.062468158935879758e-01 1.182129255489632741e-01 1.311207552554190248e-01 1.430160454946926563e-01 1.519508528589865737e-01 1.580971788986993420e-01 1.623647450686932503e-01 1.610460696744834275e-01 1.531937222539972443e-01
7.267472979403766242e-02 7.927283013337263484e-02 9.451033304794163870e-02 1.058131800669907391e-01 1.177794217901088070e-01 1.307074222464497948e-01 1.426453462400009697e-01 1.516671778802818060e-01 1.579279153835952410e-01 1.623540925480806696e-01 1.612103517089465976e-01 1.535826894571646062e-01
7.230855146138495670e-02 7.889374490884866475e-02 9.409135238762961206e-02 1.053844314247542741e-01 1.173477513295470148e-01 1.302978201316760398e-01 1.422732240611533083e-01 1.513840002732210199e-01 1.577527870241203778e-01 1.623399097659918855e-01 1.613634242419434706e-01 1.539632697403820749e-01
7.194673022482331315e-02 7.851893938746114243e-02 9.367556422051656617e-02 1.049604964526162504e-01 1.169179263848005024e-01 1.298919376103165324e-01 1.418998515249674519e-01 1.511013744428222338e-01 1.575719932161158965e-01 1.623221874200732606e-01 1.615056395040514459e-01 1.543356179203368150e-01
7.158919052264771377e-02 7.814834959411046111e-02 9.326306362311546916e-02 1.045412636369384279e-01 1.164899137694191122e-01 1.294896523461079585e-01 1.415252707844932845e-01 1.508193526480037516e-01 1.573856709943245724e-01 1.623009165851481972e-01 1.616373145160858171e-01 1.546998774702497692e-01
7.123600281671441103e-02 7.778191295339975664e-02 9.285419316210268004e-02 1.041266903072827904e-01 1.160644439950684614e-01 1.290907966470374035e-01 1.411504181295404614e-01 1.505376527166144562e-01 1.571954140303404579e-01 1.622752081997933804e-01 1.617604142748533258e-01 1.550550335532287216e-01
7.088731958411151335e-02 7.741938877269957664e-02 9.244940536527389285e-02 1.037160698692057015e-01 1.156425099677868412e-01 1.286938377276819756e-01 1.407771882560488186e-01 1.502543641793849805e-01 1.570035385793940585e-01 1.622424805897251798e-01 1.618789285656955790e-01 1.553971849352824286e-01
7.054316816560422809e-02 7.706043615732838248e-02 9.204875141522692039e-02 1.033088349342256296e-01 1.152241182144193021e-01 1.282985874295411444e-01 1.404057567639486193e-01 1.499690461204189751e-01 1.568100969388428467e-01 1.622026215220285783e-01 1.619931683649008247e-01 1.557262584339415556e-01
7.020342342700988669e-02 7.670500792450034300e-02 9.165218188982965364e-02 1.029049803437418614e-01 1.148092406120071601e-01 1.279049475562026028e-01 1.400362020324950330e-01 1.496818166913927717e-01 1.566151677176713941e-01 1.621557138942256726e-01 1.621032747538710961e-01 1.560425267896678458e-01
6.986796408544436454e-02 7.635310458900725072e-02 9.125957632663576902e-02 1.025045256796445620e-01 1.143978492041922007e-01 1.275128876269720490e-01 1.396685991499342083e-01 1.493927116976782044e-01 1.564187290396845675e-01 1.621018480906674109e-01 1.622093790910055511e-01 1.563462510005415307e-01
6.953667256553418274e-02 7.600472306968611425e-02 9.087078256671700383e-02 1.021072891901884799e-01 1.139899162090374229e-01 1.271222972462202339e-01 1.393030200475018077e-01 1.491017409827121443e-01 1.562208780327797031e-01 1.620411075155805958e-01 1.623115893848174340e-01 1.566376798183594654e-01
6.920943486192648875e-02 7.565985938171837510e-02 9.048583127838635831e-02 1.017133622094197054e-01 1.135854140261215173e-01 1.267331575698754098e-01 1.389395336273579751e-01 1.488090080490316880e-01 1.560215820823437072e-01 1.619735800470297193e-01 1.624100469687149717e-01 1.569170779023775220e-01
6.888604252983002163e-02 7.531850869279627103e-02 9.010464530281676876e-02 1.013225942887384240e-01 1.131843152429567595e-01 1.263455015837540441e-01 1.385782058847663256e-01 1.485144946645728381e-01 1.558209312884766273e-01 1.618993531600623759e-01 1.625048765951927210e-01 1.571846990698483881e-01
6.854536375579592389e-02 7.496704340303769754e-02 8.970992110300417266e-02 1.009236972322744702e-01 1.127795564632699671e-01 1.259487240390302909e-01 1.382231768463256238e-01 1.482149056383884889e-01 1.556105411363788993e-01 1.618042388423621136e-01 1.625882417105568301e-01 1.574391629690715666e-01
6.820831527246674908e-02 7.461898111541759304e-02 8.931899277159002781e-02 1.005270212668087915e-01 1.123786096401848261e-01 1.255527749052514908e-01 1.378702319520684616e-01 1.479137692560254513e-01 1.553997080741790215e-01 1.617031899848784260e-01 1.626670981592993337e-01 1.576826839258859414e-01
6.787460372924224161e-02 7.427451270145468687e-02 8.893162983903593610e-02 1.001332078444493179e-01 1.119811808702673162e-01 1.251587255929402787e-01 1.375185240117857421e-01 1.476124196572482505e-01 1.551874873058093629e-01 1.615991052662522909e-01 1.627390508170827865e-01 1.579192529071252737e-01
6.754410922042705656e-02 7.393359303848640041e-02 8.854751477527234016e-02 9.974215019265472715e-02 1.115867729164554956e-01 1.247669044388725751e-01 1.371673510985381983e-01 1.473115106241024430e-01 1.549730206006932343e-01 1.614928057856692134e-01 1.628030075101188356e-01 1.581499240915292814e-01
6.721682218826788291e-02 7.359614510974973878e-02 8.816657291294965892e-02 9.935403554648826463e-02 1.111951895369315269e-01 1.243773560588981031e-01 1.368166453448881326e-01 1.470110870863683139e-01 1.547563804531728315e-01 1.613843349742914990e-01 1.628591254531610022e-01 1.583748054002647176e-01
6.689268504146851646e-02 7.326209398504685000e-02 8.778887863428472271e-02 9.896860664783965755e-02 1.108064175367511894e-01 1.239900991882995629e-01 1.364663350174733225e-01 1.467112140011698762e-01 1.545376020752238788e-01 1.612737346315345488e-01 1.629075404172868335e-01 1.585940077363898748e-01
6.657147807280526519e-02 7.293136675138063574e-02 8.741440792914630109e-02 9.858601641200442911e-02 1.104203641388628726e-01 1.236051542050295160e-01 1.361164084773098248e-01 1.464120092148054608e-01 1.543167671022542542e-01 1.611610333276522478e-01 1.629484208678079749e-01 1.588076535739284811e-01
6.625342645757660576e-02 7.260389244633487504e-02 8.704305538433239342e-02 9.820605566734817715e-02 1.100369007060996301e-01 1.232226073065866429e-01 1.357667399023309296e-01 1.461134850226708803e-01 1.540938833580258183e-01 1.610462843942910283e-01 1.629819102615329696e-01 1.590158513705304810e-01
6.593850794853646502e-02 7.227960199407212905e-02 8.667485498015005396e-02 9.782882823566158015e-02 1.096560049085701233e-01 1.228424950837993801e-01 1.354173567713998771e-01 1.458157535852454278e-01 1.538690486532898194e-01 1.609295267699611953e-01 1.630081467472654644e-01 1.592186976460191195e-01
6.562665818039724319e-02 7.195842814383106301e-02 8.630981331324444339e-02 9.745417624184805894e-02 1.092776167799944104e-01 1.224648489451428540e-01 1.350681349129471687e-01 1.455188836218569148e-01 1.536422543291196541e-01 1.608107983620590264e-01 1.630272504608412665e-01 1.594162970156864922e-01
