0.01 1.89250625403991357131872E+01
0.02 3.31921919589678680040379E+01
0.03 4.03949279252392656758275E+01
0.04 4.43284852422227189094883E+01
0.05 4.63242452874029453369076E+01
0.06 4.73069676506386258552084E+01
0.07 4.75777609312888003501030E+01
0.08 4.73514411248942082011126E+01
0.09 4.68192410294689267402646E+01
0.10 4.61024036768264267038830E+01
0.11 4.52828474761702679529662E+01
0.12 4.43715554144927395441300E+01
0.13 4.34018763790370769584115E+01
0.14 4.24048055225904647613788E+01
0.15 4.14121414787198958151748E+01
0.16 4.04264037738338046779063E+01
0.17 3.94462935884160614818938E+01
0.18 3.84790668380231721812379E+01
0.19 3.75211138045573591170978E+01
0.20 3.65751306540927885180281E+01
0.21 3.56478513574796380680709E+01
0.22 3.47409779101965341396863E+01
0.23 3.38442901094895134406215E+01
0.24 3.29718443024855716316779E+01
0.25 3.21191494837635218573269E+01
0.26 3.12645877402527290200851E+01
0.27 3.04380768002353363499424E+01
0.28 2.96030116251711916675049E+01
0.29 2.87835228023807125907751E+01
0.30 2.79641613355047837785605E+01
0.31 2.71466013876011231786833E+01
0.32 2.63375779238829750283912E+01
0.33 2.55294138593340811382859E+01
0.34 2.47309619451499749231971E+01
0.35 2.39485655437397717548720E+01
0.36 2.31734558823684260175924E+01
0.37 2.24336575025351727674661E+01
0.38 2.17005926537181359492479E+01
0.39 2.10087328785492459815032E+01
0.40 2.03395258571584776063901E+01
0.41 1.97037138096291677413774E+01
0.42 1.91020261378948355002194E+01
0.43 1.85324075841144413345774E+01
0.44 1.79914979469370344133949E+01
0.45 1.74863696357099982492400E+01
0.46 1.70093327307455979280348E+01
0.47 1.65546349278342219690785E+01
0.48 1.61311546709860031967310E+01
0.49 1.57277431288421816191203E+01
0.50 1.53419372446623381023301E+01
0.51 1.49768913136173598132928E+01
0.52 1.46274188572031107469229E+01
0.53 1.42922826018574031792241E+01
0.54 1.39682056592881078671553E+01
0.55 1.36563776172739110847942E+01
0.56 1.33567102648020394894957E+01
0.57 1.30637969563204663359102E+01
0.58 1.27770778632801302876487E+01
0.59 1.25011112603194991521605E+01
0.60 1.22353253699328821113568E+01
0.61 1.19693998087573536537320E+01
0.62 1.17129480614100707214220E+01
0.63 1.14656359321006515727959E+01
0.64 1.12243910464355582945473E+01
0.65 1.098520393359678
0.66 1.07542649013294742132985E+01
0.67 1.05311750049953598562524E+01
0.68 1.03129733418390916455110E+01
0.69 1.00979627701002350192994E+01
0.70 9.89002504168773732828868E+00
0.71 9.68883530018675820372209E+00
0.72 9.49282300387820043852116E+00
0.73 9.29958619659858420902765E+00
0.74 9.11242025122678356297001E+00
0.75 8.93105986419191744118962E+00
0.76 8.75525457638571857899024E+00
0.77 8.58210613110448505835848E+00
0.78 8.41392419677213432294138E+00
0.79 8.25073150244907793648963E+00
0.80 8.09232277917984887949387E+00
0.81 7.93772898601526843975762E+00
0.82 7.78605816678218864979044E+00
0.83 7.63869915101303220694717E+00
0.84 7.49548239396516358112876E+00
0.85 7.35624687513588426668321E+00
0.86 7.21991395227901655573532E+00
0.87 7.08639330321526283995581E+00
0.88 6.95647818562708497580616E+00
0.89 6.83003430600913574721744E+00
0.90 6.70693376238950023093821E+00
0.91 6.58653891075450559355886E+00
0.92 6.46853259711364536599376E+00
0.93 6.35356043559139038734429E+00
0.94 6.24151508640188890097988E+00
0.95 6.13229405932787230426584E+00
0.96 6.02574340448963496896795E+00
0.97 5.92061215558710607353987E+00
0.98 5.81806307882485551630225E+00
0.99 5.71800915017177846522145E+00
1.00 5.62036708853560718068820E+00
1.01 5.52505716014474757002972E+00
1.02 5.43172582124865765962340E+00
1.03 5.34016383786920290077660E+00
1.04 5.25073419855813572354464E+00
1.05 5.16336893600768043199878E+00
1.06 5.07800284611104579823859E+00
1.07 4.99457335145872516335430E+00
1.08 4.91267923916570925513270E+00
1.09 4.83219508680879794582097E+00
1.10 4.75349475982657843076140E+00
1.11 4.67652429836893279713195E+00
1.12 4.60123182301071320665642E+00
1.13 4.52756743729534694153926E+00
1.14 4.45542575636600979294144E+00
1.15 4.38457437379596193238740E+00
1.16 4.31522016983071843299058E+00
1.17 4.24732006424457875226608E+00
1.18 4.18083255591736069334274E+00
1.19 4.11571765251027521514970E+00
1.20 4.05193680382291443464737E+00
1.21 3.98942820335557790656367E+00
1.22 3.92816537878354132828917E+00
1.23 3.86812996866489511305076E+00
1.24 3.80928856235236068528138E+00
1.25 3.75160890714649264410241E+00
1.26 3.69505985953724991333047E+00
1.27 3.63961133885923260322670E+00
1.28 3.58515079776146139423076E+00
1.29 3.53169761209457711004234E+00
1.30 3.47926341771180824835596E+00
1.31 3.42782188833809398076369E+00
1.32 3.37734756317528139746287E+00
1.33 3.32781581233661594154682E+00
1.34 3.27920280390435125994486E+00
1.35 3.23159698257316341241108E+00
1.36 3.18501958903346960028102E+00
1.37 3.13928808650384594258753E+00
1.38 3.09438168999299412220694E+00
1.39 3.05028026416652098262716E+00
1.40 3.00696429867793479928650E+00
1.41 2.96441488460121593817576E+00
1.42 2.92261369190849018551148E+00
1.43 2.88172013341662092145157E+00
1.44 2.84158811750322470857100E+00
1.45 2.80214792671638290855185E+00
1.46 2.76338345771063487177344E+00
1.47 2.72527908372163318873049E+00
1.48 2.68781963743123109011890E+00
1.49 2.65099039455715113078327E+00
1.50 2.61477705813205218987605E+00
1.51 2.57938626378344348921701E+00
1.52 2.54465323421329747688446E+00
1.53 2.51048995189113854920038E+00
1.54 2.47688381985747430036326E+00
1.55 2.44382259513551325369463E+00
1.56 2.41129437664691392839700E+00
1.57 2.37928759361280173223463E+00
1.58 2.34779099441766758715744E+00
1.59 2.31690315348264741501794E+00
1.60 2.28672579072094128704862E+00
1.61 2.25702049408160165810955E+00
1.62 2.22777732540086770285370E+00
1.63 2.19898661234475767400909E+00
1.64 2.17063893977080724084772E+00
1.65 2.14272514142004544268616E+00
1.66 2.11523629192470119519953E+00
1.67 2.08816369911786958724065E+00
1.68 2.06158842422090327062278E+00
1.69 2.03550331588621391532001E+00
1.70 2.00980653516784490975056E+00
1.71 1.98449031952454224558835E+00
1.72 1.95954710345702265428258E+00
1.73 1.93496951243230164152465E+00
1.74 1.91075035702845097418390E+00
1.75 1.88688262729057143474165E+00
1.76 1.86335948728924738482249E+00
1.77 1.84023911814119855989702E+00
1.78 1.81767235711749841620133E+00
1.79 1.79542586241767643251421E+00
1.80 1.77349354144174720104843E+00
1.81 1.75186944870924743433704E+00
1.82 1.73054778154404531598232E+00
1.83 1.70952287590806162320689E+00
1.84 1.68878920237803553661138E+00
1.85 1.66834136225965812272420E+00
1.86 1.64817408383370112012756E+00
1.87 1.62838436374316408716822E+00
1.88 1.60896108516123437226497E+00
1.89 1.58980013314942314472944E+00
1.90 1.57089676950096768237586E+00
1.91 1.55224636457859976879092E+00
1.92 1.53384439429314034519791E+00
1.93 1.51568643718103612805237E+00
1.94 1.49776817157710850914043E+00
1.95 1.48008537287897135037440E+00
1.96 1.46263391089967176306175E+00
1.97 1.44548738833911172285696E+00
1.98 1.42871956105591468855209E+00
1.99 1.41216770981905392901012E+00
2.00 1.39582812162250857745960E+00
2.01 1.37969716439851675104933E+00
2.02 1.36377128487494547748327E+00
2.03 1.34804700649940500944979E+00
2.04 1.33252092742772232369930E+00
2.05 1.31718971857448274853652E+00
2.06 1.30205012172342904364086E+00
2.07 1.28709894769561472571695E+00
2.08 1.27250075456135736118313E+00
2.09 1.25816505658386890154077E+00
2.10 1.24400506775824726268809E+00
2.11 1.23001791936806315064246E+00
2.12 1.21620080205392744332471E+00
2.13 1.20255096432214325652410E+00
2.14 1.18906571109745362591070E+00
2.15 1.17574240231838667014586E+00
2.16 1.16257845157375894196150E+00
2.17 1.14957132477895362931974E+00
2.18 1.13671853889062157705325E+00
2.19 1.12417099984914603538755E+00
2.20 1.11191941079916167822716E+00
2.21 1.09981093817031805315310E+00
2.22 1.08784335813985011398586E+00
2.23 1.07601449066434340373632E+00
2.24 1.06432219843319764152056E+00
2.25 1.05276438585154386018417E+00
2.26 1.04133899805165386354133E+00
2.27 1.03004401993191541109240E+00
2.28 1.01887747522250360354690E+00
2.29 1.00783742557688604790656E+00
2.30 9.96921969688346565341419E-01
2.31 9.86304186133020954763140E-01
2.32 9.75841701357343382916554E-01
2.33 9.65495623469940444927317E-01
2.34 9.55264233208870217062270E-01
2.35 9.45145843466230206608714E-01
2.36 9.35138798558043049524713E-01
2.37 9.25241473513663370553672E-01
2.38 9.15452273384093739849732E-01
2.39 9.05769632568635407743329E-01
2.40 8.96192014159312932974899E-01
2.41 8.86717909302539131211063E-01
2.42 8.77345836577486437590778E-01
2.43 8.68230783907827374790145E-01
2.44 8.59313072625387142089437E-01
2.45 8.50489989367478216308882E-01
2.46 8.41760203011758800784037E-01
2.47 8.33122406139454763085439E-01
2.48 8.24575314522902336200616E-01
2.49 8.16117666626139937058326E-01
2.50 8.07748223118153196864455E-01
2.51 7.99465766398413490989583E-01
2.52 7.91269100134347036501481E-01
2.53 7.83157048810394496030085E-01
2.54 7.75128457288321470741721E-01
2.55 7.67182190378462469659837E-01
2.56 7.59490182507932765076930E-01
2.57 7.51910281577667261032616E-01
2.58 7.44407029948659038076642E-01
2.59 7.36979401908212095051454E-01
2.60 7.29626389111726392222579E-01
2.61 7.22347000225684876539844E-01
2.62 7.15140260579282038833071E-01
2.63 7.08005211824448532631493E-01
2.64 7.00940911604041372306995E-01
2.65 6.93946433227975112423280E-01
2.66 6.87020865357071741641448E-01
2.67 6.80163311694420014141826E-01
2.68 6.73372890684043268194614E-01
2.69 6.66742271383918505556210E-01
2.70 6.60274167564308456235267E-01
2.71 6.53868526893985779757656E-01
2.72 6.47524552345625892257885E-01
2.73 6.41241459755647724705341E-01
2.74 6.35018477572198980496410E-01
2.75 6.28854846608947415376178E-01
2.76 6.22749819804536142164864E-01
2.77 6.16702661987542977151122E-01
2.78 6.10712649646803051872723E-01
2.79 6.04779070706958910008666E-01
2.80 5.98901224309088875408236E-01
2.81 5.93078420596294675348759E-01
2.82 5.87309980504110984433908E-01
2.83 5.81691002560678183108678E-01
2.84 5.76203906628584894278333E-01
2.85 5.70767361725901145597106E-01
2.86 5.65380753512910616542797E-01
2.87 5.60043477089521513079262E-01
2.88 5.54754936819217836507789E-01
2.89 5.49514546156880112626197E-01
2.90 5.44321727480367334450762E-01
2.91 5.39175911925775852573395E-01
2.92 5.34076539226278401706338E-01
2.93 5.29023057554452891260155E-01
2.94 5.24014923368014584603714E-01
2.95 5.19051601258869177435429E-01
2.96 5.14132563805401510137472E-01
2.97 5.09257291427924529969573E-01
2.98 5.04601410542251715973805E-01
2.99 4.99988716922806386566691E-01
3.00 4.95416508546404621426973E-01
3.01 4.90884317335654074554441E-01
3.02 4.86391682053226026560822E-01
3.03 4.81938148180540870679778E-01
3.04 4.77523267798992234745015E-01
3.05 4.73146599473638129751407E-01
3.06 4.68807708139307388606198E-01
3.07 4.64506164989058834002833E-01
3.08 4.60241547364945047249307E-01
3.09 4.56013438651013569558046E-01
3.10 4.51821428168505789813025E-01
3.11 4.47665111073192234503182E-01
3.12 4.43544088254799462323064E-01
3.13 4.39573536759517269345565E-01
3.14 4.35665569669593744084324E-01
3.15 4.31790364492085187997361E-01
3.16 4.27947559962982282399935E-01
3.17 4.24136799851456247623105E-01
3.18 4.20357732874758582841679E-01
3.19 4.16610012614817282194934E-01
3.20 4.12893297436485284812591E-01
3.21 4.09207250407408851256008E-01
3.22 4.05551539219475787323432E-01
3.23 4.01925836111805823147591E-01
3.24 3.98329817795254725876219E-01
3.25 3.94763165378390179505175E-01
3.26 3.91225564294913230600770E-01
3.27 3.87716704232487441306176E-01
3.28 3.84236279062947772011682E-01
3.29 3.80926108609397962023735E-01
3.30 3.77649237397211567923705E-01
3.31 3.74398568856369295954067E-01
3.32 3.71173827702476921697183E-01
3.33 3.67974742304304658357950E-01
3.34 3.64801044624957049311575E-01
3.35 3.61652470164157580079234E-01
3.36 3.58528757901624028914256E-01
3.37 3.55429650241510686203839E-01
3.38 3.52354892957897236627218E-01
3.39 3.49304235141295216227064E-01
3.40 3.46277429146158444162040E-01
3.41 3.43274230539367897208081E-01
3.42 3.40294398049675705930639E-01
3.43 3.37337693518086234600872E-01
3.44 3.34403881849151429772604E-01
3.45 3.31545723036333006561449E-01
3.46 3.28777259438600366614480E-01
3.47 3.26029961709731752605990E-01
3.48 3.23303617489812344931721E-01
3.49 3.20598017109466670859774E-01
3.50 3.17912953548492305255735E-01
3.51 3.15248222395243804516696E-01
3.52 3.12603621806750442413403E-01
3.53 3.09978952469550927961706E-01
3.54 3.07374017561230838957442E-01
3.55 3.04788622712650614232643E-01
3.56 3.02222575970844897774725E-01
3.57 2.99675687762585518658653E-01
3.58 2.97147770858587845221876E-01
3.59 2.94638640338355295433814E-01
3.60 2.92148113555639854510559E-01
3.61 2.89676010104514658483055E-01
3.62 2.87246400308686533620062E-01
3.63 2.84916352447915577350557E-01
3.64 2.82603328533767517161124E-01
3.65 2.80307165543650649297547E-01
3.66 2.78027702425724942969509E-01
3.67 2.75764780069993942213102E-01
3.68 2.73518241279896601181321E-01
3.69 2.71287930744388228188058E-01
3.70 2.69073695010501934277158E-01
3.71 2.66875382456377707729445E-01
3.72 2.64692843264756449972452E-01
3.73 2.62525929396921042791035E-01
3.74 2.60374494567084002749624E-01
3.75 2.58238394217208733216751E-01
3.76 2.56117485492254326473471E-01
3.77 2.54011627215840807281211E-01
3.78 2.51920679866321439721588E-01
3.79 2.49844505553259293995083E-01
3.80 2.47811027758417762312249E-01
3.81 2.45855474237187787700520E-01
3.82 2.43913571315140492723472E-01
3.83 2.41985194274033699191051E-01
3.84 2.40070219833611653292849E-01
3.85 2.38168526131490032593518E-01
3.86 2.36279992703370966822263E-01
3.87 2.34404500463583964631198E-01
3.88 2.32541931685945252317183E-01
3.89 2.30692169984930195436590E-01
3.90 2.28855100297152364019482E-01
3.91 2.27030608863144633957631E-01
3.92 2.25218583209434830560980E-01
3.93 2.23418912130912361568846E-01
3.94 2.21631485673478484388355E-01
3.95 2.19856195116977404246938E-01
3.96 2.18092932958400015364120E-01
3.97 2.16341592895357676118451E-01
3.98 2.14602069809820411583345E-01
3.99 2.12927210045718739994669E-01
4.00 2.11292100444070152232001E-01
4.01 2.09667892675731104557002E-01
4.02 2.08054491735692431708671E-01
4.03 2.06451803663394495291783E-01
4.04 2.04859735528798214687640E-01
4.05 2.03278195418673618410921E-01
4.06 2.01707092423104056289063E-01
4.07 2.00146336622200132770999E-01
4.08 1.98595839073021973586464E-01
4.09 1.97055511796704246885170E-01
4.10 1.95525267765781218809451E-01
4.11 1.94005020891707624652867E-01
4.12 1.92494686012572580047220E-01
4.13 1.90994178881002757419694E-01
4.14 1.89503416152251275006435E-01
4.15 1.88022315372469495109442E-01
4.16 1.86550794967157568260419E-01
4.17 1.85088774229792557557417E-01
4.18 1.83653505658770643815814E-01
4.19 1.82282237818494285974680E-01
4.20 1.80919718498611159507306E-01
4.21 1.79565874830621724500546E-01
4.22 1.78220634711474756883831E-01
4.23 1.76883926793813012201539E-01
4.24 1.75555680476366021691703E-01
4.25 1.74235825894486301423925E-01
4.26 1.72924293910826754050447E-01
4.27 1.71621016106157403546817E-01
4.28 1.70325924770318326562091E-01
4.29 1.69038952893307253821931E-01
4.30 1.67760034156497872537273E-01
4.31 1.66489102923989329418930E-01
4.32 1.65226094234082410139308E-01
4.33 1.63970943790880591128811E-01
4.34 1.62723587956014992261800E-01
4.35 1.61483963740490454874532E-01
4.36 1.60252008796649664246203E-01
4.37 1.59027661410255372054223E-01
4.38 1.57814417594338923800379E-01
4.39 1.56666559486341339102466E-01
4.40 1.55525708632805154119083E-01
4.41 1.54391809257901718721584E-01
4.42 1.53264806145527204828127E-01
4.43 1.52144644632488362789857E-01
4.44 1.51031270601787614982214E-01
4.45 1.49924630476003517554062E-01
4.46 1.48824671210765507867180E-01
4.47 1.47731340288321993936549E-01
4.48 1.46644585711199093580603E-01
4.49 1.45564355995950606148526E-01
4.50 1.44490600166994942465948E-01
4.51 1.43423267750539790155173E-01
4.52 1.42362308768592266128294E-01
4.53 1.41307673733053112963276E-01
4.54 1.40259313639893939962278E-01
4.55 1.39217179963415482735201E-01
4.56 1.38181224650586714775002E-01
4.57 1.37151400115462229756247E-01
4.58 1.36127659233677672512286E-01
4.59 1.35114269882118415155858E-01
4.60 1.34154097006262518210207E-01
4.61 1.33199533824259558345560E-01
4.62 1.32250537664841988361175E-01
4.63 1.31307066265811511751593E-01
4.64 1.30369077769282276646479E-01
4.65 1.29436530716990405576183E-01
4.66 1.28509384045666502638383E-01
4.67 1.27587597082472414822263E-01
4.68 1.26671129540499027843481E-01
4.69 1.25759941514325679357000E-01
4.70 1.24853993475639662991128E-01
4.71 1.23953246268915004413280E-01
4.72 1.23057661107149302059938E-01
4.73 1.22167199567658271708304E-01
4.74 1.21281823587926523844160E-01
4.75 1.20401495461514282392379E-01
4.76 1.19526177834018518253423E-01
4.77 1.18655833699088095190000E-01
4.78 1.17790426394492137029957E-01
4.79 1.16929919598241019440543E-01
4.80 1.16074277324757557661172E-01
4.81 1.15237051546882296459984E-01
4.82 1.14436486159382178051658E-01
4.83 1.13640397032121365228363E-01
4.84 1.12848751625924725860983E-01
4.85 1.12061517699603110931328E-01
4.86 1.11278663306643890718028E-01
4.87 1.10500156791945358669693E-01
4.88 1.09725966788592782519274E-01
4.89 1.08956062214677615318514E-01
4.90 1.08190412270157146346072E-01
4.91 1.07428986433755188634187E-01
4.92 1.06671754459903012079991E-01
4.93 1.05918686375719564574105E-01
4.94 1.05169752478031078291032E-01
4.95 1.04424923330428021106542E-01
4.96 1.03684169760361197254461E-01
4.97 1.02947462856274096765219E-01
4.98 1.02214773964772243086685E-01
4.99 1.01486074687828581319948E-01
5.00 1.00761336880024893192243E-01
5.01 1.00040532645827545676909E-01
5.02 9.93236343368983781720871E-02
5.03 9.86106145494398261819313E-02
5.04 9.79286777163862059980559E-02
5.05 9.72630785855722601596085E-02
5.06 9.66010415357414081727327E-02
5.07 9.59425418195269802401626E-02
5.08 9.52875549060752530250440E-02
5.09 9.46360564787482316795320E-02
5.10 9.39880224328560054392057E-02
5.11 9.33434288734166645040702E-02
5.12 9.27022521129442500509299E-02
5.13 9.20644686692643210434994E-02
5.14 9.14300552633563468063471E-02
5.15 9.07989888172232584295784E-02
5.16 9.01712464517865908142369E-02
5.17 8.95468054848082284369326E-02
5.18 8.89256434288373809327055E-02
5.19 8.83077379891829133962133E-02
5.20 8.76930670619102403673395E-02
5.21 8.70816087318631165681282E-02
5.22 8.64733412707093529459002E-02
5.23 8.58682431350103608780344E-02
5.24 8.52662929643141220825697E-02
5.25 8.46674695792716675013523E-02
5.26 8.40717519797757745214639E-02
5.27 8.34872868977834803327909E-02
5.28 8.29352180368285729628042E-02
5.29 8.23859803937405099638625E-02
5.30 8.18395551378554853005909E-02
5.31 8.12959235961922266344715E-02
5.32 8.07550672518510676001213E-02
5.33 8.02169677424323934733508E-02
5.34 7.96816068584733638857642E-02
5.35 7.91489665419040644422921E-02
5.36 7.86190288845212137402996E-02
5.37 7.80917761264805776466602E-02
5.38 7.75671906548069112208310E-02
5.39 7.70452550019216780841091E-02
5.40 7.65259518441879643679826E-02
5.41 7.60092640004728092861797E-02
5.42 7.54951744307261057853609E-02
5.43 7.49836662345766541415415E-02
5.44 7.44747226499440778679784E-02
5.45 7.39683270516673097016991E-02
5.46 7.34644629501492313350397E-02
5.47 7.29631139900167868805880E-02
5.48 7.24642639487969170142279E-02
5.49 7.19678967356074950068034E-02
5.50 7.14739963898642360895508E-02
5.51 7.09825470800016095074270E-02
5.52 7.05231147662809254583749E-02
5.53 7.00697469116899757102246E-02
5.54 6.96186033913225449376583E-02
5.55 6.91696700660827668016850E-02
5.56 6.87229329100000757568623E-02
5.57 6.82783780091318626137564E-02
5.58 6.78359915604788699106109E-02
5.59 6.73957598709125221825289E-02
5.60 6.69576693561148295064100E-02
5.61 6.65217065395302259434018E-02
5.62 6.60878580513293983900169E-02
5.63 6.56561106273843980707383E-02
5.64 6.52264511082560338728342E-02
5.65 6.47988664381921319890267E-02
5.66 6.43733436641373835129798E-02
5.67 6.39498699347539334425505E-02
5.68 6.35284324994536547803747E-02
5.69 6.31090187074406505640667E-02
5.70 6.26916160067645250597579E-02
5.71 6.22762119433845975913222E-02
5.72 6.18627941602442332769130E-02
5.73 6.14513503963555265952046E-02
5.74 6.10418684858942614535060E-02
5.75 6.06343363573047799963689E-02
5.76 6.02287420324147809713722E-02
5.77 5.98451315262629041091813E-02
5.78 5.94731608341001471984555E-02
5.79 5.91029382281430398782263E-02
5.80 5.87344530706559869726036E-02
5.81 5.83676948053740915489662E-02
5.82 5.80026529567470097714654E-02
5.83 5.76393171291904107822468E-02
5.84 5.72776770063463044890817E-02
5.85 5.69177223503507176416427E-02
5.86 5.65594430011099741362202E-02
5.87 5.62028288755845248370058E-02
5.88 5.58478699670803407917319E-02
5.89 5.54945563445485082199049E-02
5.90 5.51428781518918456616696E-02
5.91 5.47928256072795633047079E-02
5.92 5.44443890024685281381345E-02
5.93 5.40975587021326753678352E-02
5.94 5.37523251431990950477413E-02
5.95 5.34086788341913143440820E-02
5.96 5.30666103545797199214640E-02
5.97 5.27261103541388567728099E-02
5.98 5.23871695523115826764737E-02
5.99 5.20497787375799048081859E-02
6.00 5.17139287668427136135385E-02
6.01 5.13796105647999282184379E-02
6.02 5.10468151233432546054480E-02
6.03 5.07284701702409926427073E-02
6.04 5.04219223338316854809982E-02
6.05 5.01167554428621625506324E-02
6.06 4.98129614488867153432317E-02
6.07 4.95105323624827620143662E-02
6.08 4.92094602527260449598145E-02
6.09 4.89097372466715737959753E-02
6.10 4.86113555288395851605721E-02
6.11 4.83143073407072201619350E-02
6.12 4.80185849802053574264527E-02
6.13 4.77241808012206572553460E-02
6.14 4.74310872131028238296580E-02
6.15 4.71392966801769328077931E-02
6.16 4.68488017212609977879545E-02
6.17 4.65595949091879499071034E-02
6.18 4.62716688703335016219498E-02
6.19 4.59850162841478893316349E-02
6.20 4.56996298826931671155371E-02
6.21 4.54155024501846846241015E-02
6.22 4.51326268225378662846126E-02
6.23 4.48509958869189734320670E-02
6.24 4.45706025813010775493694E-02
6.25 4.42914398940241066382484E-02
6.26 4.40135008633595128935134E-02
6.27 4.37367785770796588251663E-02
6.28 4.34612661720309642610083E-02
6.29 4.31869568337119730250251E-02
6.30 4.29234701058632192594011E-02
6.31 4.26698992362583295889777E-02
6.32 4.24174241597868664777060E-02
6.33 4.21660387569807101892927E-02
6.34 4.19157369513592920062806E-02
6.35 4.16665127090634912487843E-02
6.36 4.14183600384933209292981E-02
6.37 4.11712729899490759155611E-02
6.38 4.09252456552763529962213E-02
6.39 4.06802721675141587542868E-02
6.40 4.04363467005470905712983E-02
6.41 4.01934634687605152336687E-02
6.42 3.99516167266992794360192E-02
6.43 3.97108007687300978982847E-02
6.44 3.94710099287068211237894E-02
6.45 3.92322385796393460766218E-02
6.46 3.89944811333657048724177E-02
6.47 3.87577320402274147492783E-02
6.48 3.85219857887478533964298E-02
6.49 3.82872369053139788297457E-02
6.50 3.80534799538613105474028E-02
6.51 3.78207095355615127707516E-02
6.52 3.75889202885135165210784E-02
6.53 3.73581068874374172539277E-02
6.54 3.71282640433714394845310E-02
6.55 3.68993865033718781987204E-02
6.56 3.66714690502157325546762E-02
6.57 3.64445065021066563759611E-02
6.58 3.62266127221382155942919E-02
6.59 3.60160139782660301821515E-02
6.60 3.58062890316736548435017E-02
6.61 3.55974332041857077779667E-02
6.62 3.53894418491196363629747E-02
6.63 3.51823103510287144013446E-02
6.64 3.49760341254474887984216E-02
6.65 3.47706086186399254689405E-02
6.66 3.45660293073495675231221E-02
6.67 3.43622916985525175825877E-02
6.68 3.41593913292123629865671E-02
6.69 3.39573237660377169611081E-02
6.70 3.37560846052420565621688E-02
6.71 3.35556694723056145313045E-02
6.72 3.33560740217398107865243E-02
6.73 3.31572939368537447646368E-02
6.74 3.29593249295229845374777E-02
6.75 3.27621627399604375963094E-02
6.76 3.25658031364895808601467E-02
6.77 3.23702419153195086742869E-02
6.78 3.21754749003224926884315E-02
6.79 3.19814979428132764582848E-02
6.80 3.17883069213306668210350E-02
6.81 3.15958977414211167333846E-02
6.82 3.14042663354242301831931E-02
6.83 3.12134086622604355054644E-02
6.84 3.10233207072205668941578E-02
6.85 3.08339984817573055375650E-02
6.86 3.06454380232787579330100E-02
6.87 3.04660403084249832572628E-02
6.88 3.02918696026698748557937E-02
6.89 3.01183928530835698378354E-02
6.90 2.99456064968296672978987E-02
6.91 2.97735069940631008611476E-02
6.92 2.96020908277505045980149E-02
6.93 2.94313545034919563092579E-02
6.94 2.92612945493444659428306E-02
6.95 2.90919075156472507759364E-02
6.96 2.89231899748482249035142E-02
6.97 2.87551385213324697809334E-02
6.98 2.85877497712520647898948E-02
6.99 2.84210203623575449749517E-02
7.00 2.82549469538307326810234E-02
7.01 2.80895262261194947339682E-02
7.02 2.79247548807734190245977E-02
7.03 2.77606296402814756163480E-02
7.04 2.75971472479110378761558E-02
7.05 2.74343044675480728089578E-02
7.06 2.72720980835391563212866E-02
7.07 2.71105249005347617718975E-02
7.08 2.69495817433338599733439E-02
7.09 2.67892654567300561585519E-02
7.10 2.66295729053591494206454E-02
7.11 2.64705009735478127841368E-02
7.12 2.63120465651638935078438E-02
7.13 2.61542066034680734110118E-02
7.14 2.59969780309664381945378E-02
7.15 2.58403578092649827135929E-02
7.16 2.56843429189248517729993E-02
7.17 2.55378766042316553142033E-02
7.18 2.53944420412359588012929E-02
7.19 2.52515563803082272731348E-02
7.20 2.51092169182052064868582E-02
7.21 2.49674209684112163865066E-02
7.22 2.48261658610126334512103E-02
7.23 2.46854489425736636776243E-02
7.24 2.45452675760131563964528E-02
7.25 2.44056191404823652479905E-02
7.26 2.42665010312439720363553E-02
7.27 2.41279106595520403955035E-02
7.28 2.39898454525330519226944E-02
7.29 2.38523028530681462100471E-02
7.30 2.37152803196760651738284E-02
7.31 2.35787753263973325068559E-02
7.32 2.34427853626795745789479E-02
7.33 2.33073079332634484905906E-02
7.34 2.31723405580699301498093E-02
7.35 2.30378807720884835885666E-02
7.36 2.29039261252659796797015E-02
7.37 2.27704741823969401826044E-02
7.38 2.26375225230144444532598E-02
7.39 2.25050687412821116828443E-02
7.40 2.23731104458869643758501E-02
7.41 2.22416452599333153150596E-02
7.42 2.21106708208373484159104E-02
7.43 2.19801847802228965400584E-02
7.44 2.18501848038178438093926E-02
7.45 2.17206685713515687541353E-02
7.46 2.15916337764533484977481E-02
7.47 2.14630781265512833588804E-02
7.48 2.13457852530874805929706E-02
7.49 2.12295328092272812814389E-02
7.50 2.11137072983945232873548E-02
7.51 2.09983067039495353844902E-02
7.52 2.08833290212200213542548E-02
7.53 2.07687722574150107623936E-02
7.54 2.06546344315396111779304E-02
7.55 2.05409135743103050952829E-02
7.56 2.04276077280711107486688E-02
7.57 2.03147149467104784492655E-02
7.58 2.02022332955786344810267E-02
7.59 2.00901608514059484833503E-02
7.60 1.99784957022218108424472E-02
7.61 1.98672359472741449915034E-02
7.62 1.97563796969497419697692E-02
7.63 1.96459250726951188681380E-02
7.64 1.95358702069381544308424E-02
7.65 1.94262132430103179325798E-02
7.66 1.93169523350695190866411E-02
7.67 1.92080856480236483729840E-02
7.68 1.90996113574548251334839E-02
7.69 1.89915276495440446535845E-02
7.70 1.88838327209966821973453E-02
7.71 1.87765247789685972568119E-02
7.72 1.86696020409925986238697E-02
7.73 1.85630627349058635600088E-02
7.74 1.84569050987777212580188E-02
7.75 1.83511273808380712124766E-02
7.76 1.82457278394064954796239E-02
7.77 1.81407047428218531903710E-02
7.78 1.80360563693724058886847E-02
7.79 1.79330216802564487710292E-02
7.80 1.78386815033006081165912E-02
7.81 1.77446742121189320051666E-02
7.82 1.76509982963076253459356E-02
7.83 1.75576522540722770870936E-02
7.84 1.74646345921685430813142E-02
7.85 1.73719438258430891597328E-02
7.86 1.72795784787750962563369E-02
7.87 1.71875370830182651327167E-02
7.88 1.70958181789432166197695E-02
7.89 1.70044203151804296236804E-02
7.90 1.69133420485636232211135E-02
7.91 1.68225819440735620269312E-02
7.92 1.67321385747823264678047E-02
7.93 1.66420105217980722478455E-02
7.94 1.65521963742101992089761E-02
7.95 1.64626947290349261165954E-02
7.96 1.63735041911614274956488E-02
7.97 1.62846233732981890418579E-02
7.98 1.61960508959200603917861E-02
7.99 1.61077853872154778958059E-02
8.00 1.60198254830342702581536E-02
8.01 1.59321698268358319383609E-02
8.02 1.58448170696376955390861E-02
8.03 1.57577658699645031803449E-02
8.04 1.56710148937974740046553E-02
8.05 1.55845628145241405643207E-02
8.06 1.54984083128885466451585E-02
8.07 1.54125500769419013225026E-02
8.08 1.53269868019934724090447E-02
8.09 1.52417171905620714433827E-02
8.10 1.51567399523276687828277E-02
8.11 1.50720538040836071758122E-02
8.12 1.49901305241293292952465E-02
8.13 1.49136503705599582358943E-02
8.14 1.48374293899096038051866E-02
8.15 1.47614664534012184765599E-02
8.16 1.46857604384330927421720E-02
8.17 1.46103102285378913527403E-02
8.18 1.45351147133421457896540E-02
8.19 1.44601727885258646982836E-02
8.20 1.43854833557825398382413E-02
8.21 1.43110453227795579589365E-02
8.22 1.42368576031187462488381E-02
8.23 1.41629191162973792211810E-02
8.24 1.40892287876693503984038E-02
8.25 1.40157855484067724732844E-02
8.26 1.39425883354618133924685E-02
8.27 1.38696360915288065263073E-02
8.28 1.37969277650066522722394E-02
8.29 1.37244623099616082362306E-02
8.30 1.36522386860902390087746E-02
8.31 1.35802558586826955383531E-02
8.32 1.35085127985863206329098E-02
8.33 1.34370084821694660975888E-02
8.34 1.33657418912856377352094E-02
8.35 1.32947120132378745344104E-02
8.36 1.32239178407434244955088E-02
8.37 1.31533583718987136246259E-02
8.38 1.30830326101445057473960E-02
8.39 1.30129395642314075326462E-02
8.40 1.29430782481856181120872E-02
8.41 1.28734476812748573765210E-02
8.42 1.28040468879747054015139E-02
8.43 1.27348748979350459564763E-02
8.44 1.26659307459468552237158E-02
8.45 1.25972134719092316440525E-02
8.46 1.25318613025115575126955E-02
8.47 1.24696019788723515275830E-02
8.48 1.24075454316409060362414E-02
8.49 1.23456908125956603405893E-02
8.50 1.22840372779712270201458E-02
8.51 1.22225839884300396115391E-02
8.52 1.21613301090341963117680E-02
8.53 1.21002748092174650107467E-02
8.54 1.20394172627576422074380E-02
8.55 1.19787566477489570287984E-02
8.56 1.19182921465747770906063E-02
8.57 1.18580229458805173209379E-02
8.58 1.17979482365466546017752E-02
8.59 1.17380672136621049678196E-02
8.60 1.16783790764976337650527E-02
8.61 1.16188830284795572428402E-02
8.62 1.15595782771636523128533E-02
8.63 1.15004640342091946775271E-02
8.64 1.14415395153531843086547E-02
8.65 1.13828039403849091970589E-02
8.66 1.13242565331204345091543E-02
8.67 1.12658965213775531799545E-02
8.68 1.12077231369507486491433E-02
8.69 1.11497356155863640292392E-02
8.70 1.10919331969580228086647E-02
8.71 1.10343151246421813937992E-02
8.72 1.09768806460938273678041E-02
8.73 1.09196290126224483663098E-02
8.74 1.08625594793680824851068E-02
8.75 1.08056713052775872629940E-02
8.76 1.07489637530811064231040E-02
8.77 1.06924360892686476365299E-02
8.78 1.06360875840668701874936E-02
8.79 1.05799175114160513150319E-02
8.80 1.05239251489471722506019E-02
8.81 1.04713880409325159337453E-02
8.82 1.04203066680696402462880E-02
8.83 1.03693853740178358602275E-02
8.84 1.03186235151745582527827E-02
8.85 1.02680204511861571103903E-02
8.86 1.02175755449280415004809E-02
8.87 1.01672881624849335141514E-02
8.88 1.01171576731312745645042E-02
8.89 1.00671834493118103615039E-02
8.90 1.00173648666222747660726E-02
8.91 9.96770130379021068733891E-03
8.92 9.91819214265594363555412E-03
8.93 9.86883676815374089041910E-03
8.94 9.81963456829296373051807E-03
8.95 9.77058493413953017825424E-03
8.96 9.72168725979738121423246E-03
8.97 9.67294094239010485147823E-03
8.98 9.62434538204277531536768E-03
8.99 9.57589998186377314159934E-03
9.00 9.52760414792687068685773E-03
9.01 9.47945728925337141590468E-03
9.02 9.43145881779440184433660E-03
9.03 9.38360814841329368696243E-03
9.04 9.33590469886816029521093E-03
9.05 9.28834788979450431956053E-03
9.06 9.24093714468804915129763E-03
9.07 9.19367188988759811985041E-03
9.08 9.14655155455805328468255E-03
9.09 9.09957557067360596481098E-03
9.10 9.05274337300093941138801E-03
9.11 9.00605439908262229986580E-03
9.12 8.95950808922061671391024E-03
9.13 8.91310388645985725297738E-03
9.14 8.86684123657200534696088E-03
9.15 8.82071958803925908199073E-03
9.16 8.77473839203831394717437E-03
9.17 8.73212535397467973230512E-03
9.18 8.68996835558662021614662E-03
9.19 8.64793860541589881618663E-03
9.20 8.60603561138452259615672E-03
9.21 8.56425888380278610423346E-03
9.22 8.52260793535518541841345E-03
9.23 8.48108228108654729759941E-03
9.24 8.43968143838810802570549E-03
9.25 8.39840492698380736147357E-03
9.26 8.35725226891664146888772E-03
9.27 8.31622298853505227678173E-03
9.28 8.27531661247949724968809E-03
9.29 8.23453266966907120039121E-03
9.30 8.19387069128818187890850E-03
9.31 8.15333021077343199356502E-03
9.32 8.11291076380044225146992E-03
9.33 8.07261188827086521857535E-03
9.34 8.03243312429948938535595E-03
9.35 7.99237401420135364082942E-03
9.36 7.95243410247902481058357E-03
9.37 7.91261293580995152263657E-03
9.38 7.87291006303386664555433E-03
9.39 7.83332503514028687108262E-03
9.40 7.79385740525615280938077E-03
9.41 7.75450672863345260438228E-03
9.42 7.71527256263704244027002E-03
9.43 7.67615446673244623126964E-03
9.44 7.63715200247380016085330E-03
9.45 7.59826473349187788558501E-03
9.46 7.55949222548215477024414E-03
9.47 7.52083404619300743138011E-03
9.48 7.48228976541394363852788E-03
9.49 7.44385895496393629883203E-03
9.50 7.40554118867983984103587E-03
9.51 7.36733604240488119258012E-03
9.52 7.32924309397719412478844E-03
9.53 7.29152094251020281567843E-03
9.54 7.25647492439910300754402E-03
9.55 7.22153098021579859661090E-03
9.56 7.18668872967782174088214E-03
9.57 7.15194779428007278154755E-03
9.58 7.11730779728475104056740E-03
9.59 7.08276836371137408915333E-03
9.60 7.04832912032682650654847E-03
9.61 7.01398969563552746736557E-03
9.62 6.97974971986961133935123E-03
9.63 6.94560882497921236455873E-03
9.64 6.91156664462279010652246E-03
9.65 6.87762281415755204194706E-03
9.66 6.84377697062985273362967E-03
9.67 6.81002875276580030283746E-03
9.68 6.77637780096178136968188E-03
9.69 6.74282375727513951652048E-03
9.70 6.70936626541488584374306E-03
9.71 6.67600497073243988321867E-03
9.72 6.64273952021251275906755E-03
9.73 6.60956956246396779702801E-03
9.74 6.57649474771076960472049E-03
9.75 6.54351472778300427557419E-03
9.76 6.51062915610797678794830E-03
9.77 6.47783768770128411812470E-03
9.78 6.44513997915804968258380E-03
9.79 6.41253568864414823930131E-03
9.80 6.38002447588751058632495E-03
9.81 6.34760600216949764929009E-03
9.82 6.31527993031627717102072E-03
9.83 6.28304592469032183177369E-03
9.84 6.25090365118195680910196E-03
9.85 6.21885277720089345993015E-03
9.86 6.18689297166787836174118E-03
9.87 6.15502390500642908993667E-03
9.88 6.12324524913449453472625E-03
9.89 6.09155667745633726262167E-03
9.90 6.05995786485432480494850E-03
9.91 6.02909238318228776765118E-03
9.92 6.00006085102841764389314E-03
9.93 5.97111089523166393283615E-03
9.94 5.94224222312219555602875E-03
9.95 5.91345454334678884839027E-03
9.96 5.88474756586161457799777E-03
9.97 5.85612100192513251872839E-03
9.98 5.82757456409100597222173E-03
9.99 5.79910796620108481141953E-03
10.00 5.77072092337836944214713E-03
10.01 5.74241315202013869606334E-03
10.02 5.71418436979096756866969E-03
10.03 5.68603429561595052205147E-03
10.04 5.65796264967381550003989E-03
10.05 5.62996915339019840529566E-03
10.06 5.60205352943091497430750E-03
10.07 5.57421550169526387741303E-03
10.08 5.54645479530937318690675E-03
10.09 5.51877113661965266327991E-03
10.10 5.49116425318616017264839E-03
10.11 5.46363387377614678069859E-03
10.12 5.43617972835756888688730E-03
10.13 5.40880154809262464477015E-03
10.14 5.38149906533139706782398E-03
10.15 5.35427201360548759428992E-03
10.16 5.32712012762167654023049E-03
10.17 5.30004314325571452420904E-03
10.18 5.27304079754600373702855E-03
10.19 5.24611282868747870467008E-03
10.20 5.21925897602541072339832E-03
10.21 5.19247898004928688797666E-03
10.22 5.16577258238674376367161E-03
10.23 5.13913952579754008953561E-03
10.24 5.11257955416751560390187E-03
10.25 5.08609241250266175954353E-03
10.26 5.05967784692317075478929E-03
10.27 5.03333560465754094315205E-03
10.28 5.00706543403675076453485E-03
10.29 4.98086708448840231877597E-03
10.30 4.95567105927844416685124E-03
10.31 4.93171107352909348503500E-03
10.32 4.90781607228708491308389E-03
10.33 4.88398583092858936532954E-03
10.34 4.86022012580283272603632E-03
10.35 4.83651873422698622140281E-03
10.36 4.81288143448110536382067E-03
10.37 4.78930800580308711072997E-03
10.38 4.76579822838365217696488E-03
10.39 4.74235188336138632769767E-03
10.40 4.71896875281776345678608E-03
10.41 4.69564861977225626865629E-03
10.42 4.67239126817743568448327E-03
10.43 4.64919648291411968799025E-03
10.44 4.62606404978652911014203E-03
10.45 4.60299375551752147639473E-03
10.46 4.57998538774379189419950E-03
10.47 4.55703873501114506416876E-03
10.48 4.53415358676979417945629E-03
10.49 4.51132973336966329458431E-03
10.50 4.48856696605574867486865E-03
10.51 4.46586507696347927848235E-03
10.52 4.44322385911412667813813E-03
10.53 4.42064310641025054460229E-03
10.54 4.39812261363113111978240E-03
10.55 4.37566217642826760930719E-03
10.56 4.35326159132090693276718E-03
10.57 4.33092065569155599408235E-03
10.58 4.30863916778156681025580E-03
10.59 4.28641692668674072208557E-03
10.60 4.26425373235292132917396E-03
10.61 4.24214938557167329374886E-03
10.62 4.22010368797592645001560E-03
10.63 4.19811644203570144551207E-03
10.64 4.17618745105382323939969E-03
10.65 4.15431651916167189730889E-03
10.66 4.13250345131495680495171E-03
10.67 4.11074805328953511718293E-03
10.68 4.08905013167722240080559E-03
10.69 4.06740949388164057393125E-03
10.70 4.04696707133578737619617E-03
10.71 4.02727758135539189165986E-03
10.72 4.00763966074716045107085E-03
10.73 3.98805313768930188439432E-03
10.74 3.96851784107711113430694E-03
10.75 3.94903360051937751123985E-03
10.76 3.92960024633475218241996E-03
10.77 3.91021760954819198874421E-03
10.78 3.89088552188739198595124E-03
10.79 3.87160381577925181290079E-03
10.80 3.85237232434634943242791E-03
10.81 3.83319088140346604653974E-03
10.82 3.81405932145408759284533E-03
10.83 3.79497747968696348686013E-03
10.84 3.77594519197268097682185E-03
10.85 3.75696229486022865648454E-03
10.86 3.73802862557362849948994E-03
10.87 3.71914402200854187288681E-03
10.88 3.70030832272892715867352E-03
10.89 3.68152136696370474791551E-03
10.90 3.66278299460343678001228E-03
10.91 3.64409304619703984171042E-03
10.92 3.62545136294850590605310E-03
10.93 3.60685778671364669009658E-03
10.94 3.58831215999684798728664E-03
10.95 3.56981432594787170473061E-03
10.96 3.55136412835863404802161E-03
10.97 3.53296141166003184463928E-03
10.98 3.51460602091879185243650E-03
10.99 3.49629780183430705770009E-03
11.00 3.47803660073552761700100E-03
11.01 3.45982226457784442646970E-03
11.02 3.44165464093999567615767E-03
11.03 3.42353357802101156831531E-03
11.04 3.40545892463714168843514E-03
11.05 3.38743053021882747910531E-03
11.06 3.36944824480769119373624E-03
11.07 3.35151191905351834507409E-03
11.08 3.33362140421128265443951E-03
11.09 3.31577655213819138396714E-03
11.10 3.29797721529070681639739E-03
11.11 3.28158187758174598250283E-03
11.12 3.26555308126914032099131E-03
11.13 3.24956483253086058152204E-03
11.14 3.23361700109618113371801E-03
11.15 3.21770945721839033912270E-03
11.16 3.20184207167225221707385E-03
11.17 3.18601471575146377376853E-03
11.18 3.17022726126613054592474E-03
11.19 3.15447958054026296112471E-03
11.20 3.13877154640928917803122E-03
11.21 3.12310303221756142139087E-03
11.22 3.10747391181591045561383E-03
11.23 3.09188405955917490486318E-03
11.24 3.07633335030377827803982E-03
11.25 3.06082165940530816217180E-03
11.26 3.04534886271609411476091E-03
11.27 3.02991483658282241900328E-03
11.28 3.01451945784415170637160E-03
11.29 2.99916260382834592643220E-03
11.30 2.98384415235091642396026E-03
11.31 2.96856398171228700114122E-03
11.32 2.95332197069545377560162E-03
11.33 2.93811799856368450339916E-03
11.34 2.92295194505820705999088E-03
11.35 2.90782369039592090628754E-03
11.36 2.89273311526712590194266E-03
11.37 2.87768010083325588913117E-03
11.38 2.86266452872462441939239E-03
11.39 2.84768628103819953709119E-03
11.40 2.83274524033535731251665E-03
11.41 2.81784128963968958508923E-03
11.42 2.80297431243479392565243E-03
11.43 2.78814419266208528280782E-03
11.44 2.77335081471862020599528E-03
11.45 2.75859406345493884948894E-03
11.46 2.74387382417290090486084E-03
11.47 2.72918998262356273312723E-03
11.48 2.71454242500503628229835E-03
11.49 2.69993103796037142369513E-03
11.50 2.68535570857547211537364E-03
11.51 2.67081632437697787108011E-03
11.52 2.65633603348502077279303E-03
11.53 2.64336536029626196012132E-03
11.54 2.63042640595485084295535E-03
11.55 2.61751907208222995074309E-03
11.56 2.60464326068174508929665E-03
11.57 2.59179887413682778427026E-03
11.58 2.57898581520923713891746E-03
11.59 2.56620398703726959946381E-03
11.60 2.55345329313399734341705E-03
11.61 2.54073363738552531615467E-03
11.62 2.52804492404922961923397E-03
11.63 2.51538705775202842476745E-03
11.64 2.50275994348866676758592E-03
11.65 2.49016348661998615857116E-03
11.66 2.47759759287121935147913E-03
11.67 2.46506216833030939589166E-03
11.68 2.45255711944619573042226E-03
11.69 2.44008235302715491971126E-03
11.70 2.42763777623912707995246E-03
11.71 2.41522329660404664122830E-03
11.72 2.40283882199820433486770E-03
11.73 2.39048426065059660405865E-03
11.74 2.37815952114128498912082E-03
11.75 2.36586451239979194197116E-03
11.76 2.35359914370346454820515E-03
11.77 2.34136332467587901517980E-03
11.78 2.32915696528524169064966E-03
11.79 2.31697997584279398453067E-03
11.80 2.30483226700123333685610E-03
11.81 2.29271374975314806352045E-03
11.82 2.28062433542944352840576E-03
11.83 2.26856393569779260163677E-03
11.84 2.25653246256108741887858E-03
11.85 2.24452982835589807952825E-03
11.86 2.23255594575094825846029E-03
11.87 2.22061072774558778200604E-03
11.88 2.20869408766827951540179E-03
11.89 2.19680593917510056170550E-03
11.90 2.18494619624823175133010E-03
11.91 2.17311477319447879028025E-03
11.92 2.16131158464379037262293E-03
11.93 2.14953654554777672663901E-03
11.94 2.13778957117825244710341E-03
11.95 2.12641032168438747981809E-03
11.96 2.11602259268321539475988E-03
11.97 2.10565940975977880164627E-03
11.98 2.09532069944842963896137E-03
11.99 2.08500638855861923290358E-03
12.00 2.07471640417365493433421E-03
12.01 2.06445067364944894947043E-03
12.02 2.05420912461329362511120E-03
12.03 2.04399168496263760122500E-03
12.04 2.03379828286385719304796E-03
12.05 2.02362884675104598777851E-03
12.06 2.01348330532481528329369E-03
12.07 2.00336158755108195012040E-03
12.08 1.99326362265988535002470E-03
12.09 1.98318934014418734104734E-03
12.10 1.97313866975870220651923E-03
12.11 1.96311154151871400733165E-03
12.12 1.95310788569891193196260E-03
12.13 1.94312763283222044233267E-03
12.14 1.93317071370865457315136E-03
12.15 1.92323705937415549878378E-03
12.16 1.91332660112945255465045E-03
12.17 1.90343927052893002911660E-03
12.18 1.89357499937947964391283E-03
12.19 1.88373371973939206583393E-03
12.20 1.87391536391722022918127E-03
12.21 1.86411986447067193166383E-03
12.22 1.85434715420550286398005E-03
12.23 1.84459716617440616995283E-03
12.24 1.83486983367592195598439E-03
12.25 1.82516509025334246370253E-03
12.26 1.81548286969362526570293E-03
12.27 1.80582310602631209914271E-03
12.28 1.79618573352245875819622E-03
12.29 1.78657068669356086654254E-03
12.30 1.77697790029049439500253E-03
12.31 1.76740730930245314340976E-03
12.32 1.75785884895589771502455E-03
12.33 1.74833245471351164668228E-03
12.34 1.73882806227315927366517E-03
12.35 1.72934560756684077564849E-03
12.36 1.71988502675967476138186E-03
12.37 1.71044625624886155457194E-03
12.38 1.70102923266267011537245E-03
12.39 1.69225142890751245605685E-03
12.40 1.68398125069703472229954E-03
12.41 1.67572996292422553288315E-03
12.42 1.66749751100678917335729E-03
12.43 1.65928384055967557790534E-03
12.44 1.65108889739421903913863E-03
12.45 1.64291262751728255574191E-03
12.46 1.63475497713040001171447E-03
12.47 1.62661589262893223339912E-03
12.48 1.61849532060122066126628E-03
12.49 1.61039320782774253958125E-03
12.50 1.60230950128028236910394E-03
12.51 1.59424414812109815561825E-03
12.52 1.58619709570208505637623E-03
12.53 1.57816829156396830000086E-03
12.54 1.57015768343546835081326E-03
12.55 1.56216521923249838238457E-03
12.56 1.55419084705734527121490E-03
12.57 1.54623451519786533556178E-03
12.58 1.53829617212668484475813E-03
12.59 1.53037576650039705908335E-03
12.60 1.52247324715877141269871E-03
12.61 1.51458856312396117869967E-03
12.62 1.50672166359972045830695E-03
12.63 1.49887249797061336380188E-03
12.64 1.49104101580124965599483E-03
12.65 1.48322716683549501136274E-03
12.66 1.47543090099571359841146E-03
12.67 1.46765216838199308996282E-03
12.68 1.45989091927138290270827E-03
12.69 1.45214710411714089353941E-03
12.70 1.44442067354797333382510E-03
12.71 1.43671157836728268994420E-03
12.72 1.42901976955242516163780E-03
12.73 1.42134519825396323303157E-03
12.74 1.41368781579492602991366E-03
12.75 1.40604757367007574854478E-03
12.76 1.39842442354517018134052E-03
12.77 1.39081831725623846982010E-03
12.78 1.38322920680885707439556E-03
12.79 1.37565704437742010630974E-03
12.80 1.36810178230443025941543E-03
12.81 1.36056337309978106833719E-03
12.82 1.35304176944004328660143E-03
12.83 1.34553692416776232362863E-03
12.84 1.33890331255132988101664E-03
12.85 1.33234719864728525483277E-03
12.86 1.32580556705226993569058E-03
12.87 1.31927837734985070258786E-03
12.88 1.31276558926461390901241E-03
12.89 1.30626716266157242435364E-03
12.90 1.29978305754556802166511E-03
12.91 1.29331323406068634217225E-03
12.92 1.28685765248966882401405E-03
12.93 1.28041627325332853411244E-03
12.94 1.27398905690997402313791E-03
12.95 1.26757596415482559105981E-03
12.96 1.26117695581944369576100E-03
12.97 1.25479199287115953005689E-03
12.98 1.24842103641250061138446E-03
12.99 1.24206404768062569562992E-03
13.00 1.23572098804676749721210E-03
13.01 1.22939181901566196505882E-03
13.02 1.22307650222500010998850E-03
13.03 1.21677499944486421958045E-03
13.04 1.21048727257717925187563E-03
13.05 1.20421328365516748168385E-03
13.06 1.19795299484279187118840E-03
13.07 1.19170636843421895618989E-03
13.08 1.18547336685327457661554E-03
13.09 1.17925395265290676276304E-03
13.10 1.17304808851464276685250E-03
13.11 1.16685573724806517653674E-03
13.12 1.16067686179027371694283E-03
13.13 1.15451142520535637685242E-03
13.14 1.14835939068386899165886E-03
13.15 1.14222072154230506850492E-03
13.16 1.13609538122257992288910E-03
13.17 1.12998333329150939426111E-03
13.18 1.12388454144029289842599E-03
13.19 1.11779896948400753881048E-03
13.20 1.11172658136108421997323E-03
13.21 1.10566734113281173353116E-03
13.22 1.09962121298282544841485E-03
13.23 1.09358816121660077161359E-03
13.24 1.08756815026095723410171E-03
13.25 1.08156114466355932415831E-03
13.26 1.07556710909241710384665E-03
13.27 1.06958600833539398122785E-03
13.28 1.06361780729971730150019E-03
13.29 1.05798387619889986376032E-03
13.30 1.05283620776733992732699E-03
13.31 1.04769954301238334831714E-03
13.32 1.04257385224495058989591E-03
13.33 1.03745910587609339002790E-03
13.34 1.03235527441657821100252E-03
13.35 1.02726232847648400042795E-03
13.36 1.02218023876479865118261E-03
13.37 1.01710897608901329296216E-03
13.38 1.01204851135472439008223E-03
13.39 1.00699881556523367087674E-03
13.40 1.00195985982115065918152E-03
13.41 9.96931615320001494190416E-04
13.42 9.91914053355830811417593E-04
13.43 9.86907145318813598319774E-04
13.44 9.81910862694866616237621E-04
13.45 9.76925177065258087613642E-04
13.46 9.71950060106225406306169E-04
13.47 9.66985483588589595296825E-04
13.48 9.62031419377373342265158E-04
13.49 9.57087839431420010945228E-04
13.50 9.52154715803019049275013E-04
13.51 9.47232020637525326013650E-04
13.52 9.42319726172987466236708E-04
13.53 9.37417804739772175283419E-04
13.54 9.32526228760194851076515E-04
13.55 9.27644970748151280644234E-04
13.56 9.22774003308746517716676E-04
13.57 9.17913299137931674998025E-04
13.58 9.13062831022140608018545E-04
13.59 9.08222571837922370598106E-04
13.60 9.03392494551586463895354E-04
13.61 8.98572572218842339185352E-04
13.62 8.93762777984436190131801E-04
13.63 8.88963085081805417554668E-04
13.64 8.84173466832715530122622E-04
13.65 8.79393896646911464934360E-04
13.66 8.74624348021768474419069E-04
13.67 8.69864794541940194311236E-04
13.68 8.65115209879012457896974E-04
13.69 8.60375567791157110260347E-04
13.70 8.55645842122788207774475E-04
13.71 8.50926006804219193374594E-04
13.72 8.46216035851322348655679E-04
13.73 8.41515903365188462810498E-04
13.74 8.36825583531789645753973E-04
13.75 8.32147773574365792227658E-04
13.76 8.28136152015447797071490E-04
13.77 8.24132830288709953767134E-04
13.78 8.20137786736571693969877E-04
13.79 8.16150999772078137792231E-04
13.80 8.12172447878620586483867E-04
13.81 8.08202109609659834037199E-04
13.82 8.04239963588447310388618E-04
13.83 8.00285988507756090859502E-04
13.84 7.96340163129600955155274E-04
13.85 7.92402466284970372588370E-04
13.86 7.88472876873557403099024E-04
13.87 7.84551373863482900440636E-04
13.88 7.80637936291036171020108E-04
13.89 7.76732543260400670748211E-04
13.90 7.72835173943391411273407E-04
13.91 7.68945807579189764130456E-04
13.92 7.65064423474080216452942E-04
13.93 7.61191001001188644568829E-04
13.94 7.57325519600218744452336E-04
13.95 7.53467958777195943170790E-04
13.96 7.49618298104206539841932E-04
13.97 7.45776517219138581314686E-04
13.98 7.41942595825430110424714E-04
13.99 7.38116513691811234297580E-04
14.00 7.34298250652048469476474E-04
14.01 7.30487786604695592262981E-04
14.02 7.26685101512842103813061E-04
14.03 7.22890175403857250004125E-04
14.04 7.19102988369147810669701E-04
14.05 7.15323520563905372073032E-04
14.06 7.11551752206862272998045E-04
14.07 7.07787663580039853004899E-04
14.08 7.04031235028512313196825E-04
14.09 7.00282446960157891821530E-04
14.10 6.96541279845413943000443E-04
14.11 6.92807714217041014335974E-04
14.12 6.89081730669880202465316E-04
14.13 6.85363309860610508614243E-04
14.14 6.81652432507517578273715E-04
14.15 6.77949079390251273594115E-04
14.16 6.74253231349588666790340E-04
14.17 6.70564869287204948222758E-04
14.18 6.66883974165434685078824E-04
14.19 6.63210527007037850544258E-04
14.20 6.59544508894974092910735E-04
14.21 6.55885900972167355284237E-04
14.22 6.52234684441273531059491E-04
14.23 6.49023936000377990249155E-04
14.24 6.45952139092065215526806E-04
14.25 6.42886488638122650940421E-04
14.26 6.39826969134767143364273E-04
14.27 6.36773565127078905283298E-04
14.28 6.33726261208819802508985E-04
14.29 6.30685042022241667235283E-04
14.30 6.27649892257909247823833E-04
14.31 6.24620796654513183929214E-04
14.32 6.21597739998683632145493E-04
14.33 6.18580707124815167355369E-04
14.34 6.15569682914879432594768E-04
14.35 6.12564652298247438316769E-04
14.36 6.09565600251509042729892E-04
14.37 6.06572511798296877365277E-04
14.38 6.03585372009101273765852E-04
14.39 6.00604166001101670048501E-04
14.40 5.97628878937985007040179E-04
14.41 5.94659496029768352802491E-04
14.42 5.91696002532629875513004E-04
14.43 5.88738383748731142729171E-04
14.44 5.85786625026040721694875E-04
14.45 5.82840711758168513248468E-04
14.46 5.79900629384189568969743E-04
14.47 5.76966363388470835672772E-04
14.48 5.74037899300506681936340E-04
14.49 5.71115222694746509958519E-04
14.50 5.68198319190422801092111E-04
14.51 5.65287174451387834997473E-04
14.52 5.62381774185945204624915E-04
14.53 5.59482104146681873298175E-04
14.54 5.56588150130300882319212E-04
14.55 5.53699897977460346945588E-04
14.56 5.50817333572608223979383E-04
14.57 5.47940442843813067808068E-04
14.58 5.45069211762608989493839E-04
14.59 5.42203626343829123319928E-04
14.60 5.39343672645442779624292E-04
14.61 5.36489336768398018644166E-04
14.62 5.33640604856461405434975E-04
14.63 5.30797463096053753241199E-04
14.64 5.27959897716097576250704E-04
14.65 5.25127894987856410832783E-04
14.66 5.22301441224774570457057E-04
14.67 5.19480522782326224751070E-04
14.68 5.16665126057856238621369E-04
14.69 5.13855237490423721880006E-04
14.70 5.11050843560649807259533E-04
14.71 5.08578353098674412757774E-04
14.72 5.06234203700104681486471E-04
14.73 5.03894593519519946173135E-04
14.74 5.01559511478548263052613E-04
14.75 4.99228946532597091245709E-04
14.76 4.96902887670736957866080E-04
14.77 4.94581323915572004280838E-04
14.78 4.92264244323118121786365E-04
14.79 4.89951637982679352560644E-04
14.80 4.87643494016727163751362E-04
14.81 4.85339801580776685797913E-04
14.82 4.83040549863264956527431E-04
14.83 4.80745728085432688907880E-04
14.84 4.78455325501203274085604E-04
14.85 4.76169331397058477606254E-04
14.86 4.73887735091925736598956E-04
14.87 4.71610525937056566502664E-04
14.88 4.69337693315905564103718E-04
14.89 4.67069226644017542089682E-04
14.90 4.64805115368907724709285E-04
14.91 4.62545348969943407105299E-04
14.92 4.60289916958231198288592E-04
14.93 4.58038808876499547832750E-04
14.94 4.55792014298982573611285E-04
14.95 4.53549522831306762670617E-04
14.96 4.51311324110376696321090E-04
14.97 4.49077407804259582605605E-04
14.98 4.46847763612074179787048E-04
14.99 4.44622381263876846699962E-04
15.00 4.42401250520549544666127E-04
15.01 4.40184361173686429947322E-04
15.02 4.37971703045485270897746E-04
15.03 4.35763265988635287249281E-04
15.04 4.33559039886204989396740E-04
15.05 4.31359014651535113433339E-04
15.06 4.29163180228128195159432E-04
15.07 4.26971526589537547780040E-04
15.08 4.24784043739261552193043E-04
15.09 4.22600721710635562032576E-04
15.10 4.20421550566719959794726E-04
15.11 4.18246520400198675514181E-04
15.12 4.16075621333269357084161E-04
15.13 4.13908843517536630552539E-04
15.14 4.11746177133908667234580E-04
15.15 4.09587612392490281378737E-04
15.16 4.07433139532476678353751E-04
15.17 4.05282748822051648064646E-04
15.18 4.03136430558283535754288E-04
15.19 4.00994175067017526517543E-04
15.20 3.99165074034950524174692E-04
15.21 3.97364362140388842521699E-04
15.22 3.95567026851829017450313E-04
15.23 3.93773060191675739350609E-04
15.24 3.91982454205881919277743E-04
15.25 3.90195200963866343796954E-04
15.26 3.88411292558426396708676E-04
15.27 3.86630721105658695449514E-04
15.28 3.84853478744874957003658E-04
15.29 3.83079557638516237511039E-04
15.30 3.81308949972075845492869E-04
15.31 3.79541647954014448821530E-04
15.32 3.77777643815676591153296E-04
15.33 3.76016929811214309885281E-04
15.34 3.74259498217501701024246E-04
15.35 3.72505341334056748209963E-04
15.36 3.70754451482960170182607E-04
15.37 3.69006821008776545074703E-04
15.38 3.67262442278471856835914E-04
15.39 3.65521307681338739493243E-04
15.40 3.63783409628913860945493E-04
15.41 3.62048740554899751986628E-04
15.42 3.60317292915088912153704E-04
15.43 3.58589059187283361925663E-04
15.44 3.56864031871217826999421E-04
15.45 3.55142203488482597305287E-04
15.46 3.53423566582447416014462E-04
15.47 3.51708113718181519628814E-04
15.48 3.49995837482382134847603E-04
15.49 3.48286730483294030766284E-04
15.50 3.46580785350637582062361E-04
15.51 3.44877994735528917505385E-04
15.52 3.43178351310409446815741E-04
15.53 3.41481847768969044940729E-04
15.54 3.39788476826069344750858E-04
15.55 3.38098231217673860209832E-04
15.56 3.36411103700771875382042E-04
15.57 3.34727087053303200801790E-04
15.58 3.33046174074088784534259E-04
15.59 3.31368357582755143284081E-04
15.60 3.29693630419661070328485E-04
15.61 3.28021985445827596056950E-04
15.62 3.26353415542865183795324E-04
15.63 3.24687913612900275108636E-04
15.64 3.23025472578505846651953E-04
15.65 3.21366085382630015457317E-04
15.66 3.19709744988522963707323E-04
15.67 3.18056444379669284519552E-04
15.68 3.16406176559717237754821E-04
15.69 3.14854039237903336398428E-04
15.70 3.13440129644255516608298E-04
15.71 3.12028792169379302814253E-04
15.72 3.10620020922639059491460E-04
15.73 3.09213810030251556003333E-04
15.74 3.07810153635227202843783E-04
15.75 3.06409045897311233669358E-04
15.76 3.05010480992925917323455E-04
15.77 3.03614453115114016693021E-04
15.78 3.02220956473481434413630E-04
15.79 3.00829985294138069640973E-04
15.80 2.99441533819643770572561E-04
15.81 2.98055596308949679110190E-04
15.82 2.96672167037341960767194E-04
15.83 2.95291240296387052458732E-04
15.84 2.93912810393874470837189E-04
15.85 2.92536871653760650619641E-04
15.86 2.91163418416114951319668E-04
15.87 2.89792445037063441364705E-04
15.88 2.88423945888733007474058E-04
15.89 2.87057915359198662433315E-04
15.90 2.85694347852427166581379E-04
15.91 2.84333237788222763491736E-04
15.92 2.82974579602173620385130E-04
15.93 2.81618367745598160122034E-04
15.94 2.80264596685489712681733E-04
15.95 2.78913260904465232399574E-04
15.96 2.77564354900709624185406E-04
15.97 2.76217873187925057072017E-04
15.98 2.74873810295275236223467E-04
15.99 2.73532160767335475425044E-04
16.00 2.72192919164039300126273E-04
16.01 2.70856080060624616803050E-04
16.02 2.69521638047583893867815E-04
16.03 2.68189587730611469443970E-04
16.04 2.66859923730551075980733E-04
16.05 2.65532640683346888525046E-04
16.06 2.64207733239988989352304E-04
16.07 2.62885196066464307818045E-04
16.08 2.61565023843705662855846E-04
16.09 2.60247211267541401786413E-04
16.10 2.58931753048643954924490E-04
16.11 2.57618643912480233329476E-04
16.12 2.56307878599261376034724E-04
16.13 2.54999451863894719891301E-04
16.14 2.53693358475930511031216E-04
16.15 2.52389593219515609434644E-04
16.16 2.51088150893343615630005E-04
16.17 2.49789026310605214234450E-04
16.18 2.48492214298939222225787E-04
16.19 2.47235800846055107406196E-04
16.20 2.46102935282746211956284E-04
16.21 2.44972071989398368363489E-04
16.22 2.43843206517489188497883E-04
16.23 2.42716334430836131255682E-04
16.24 2.41591451305557173125441E-04
16.25 2.40468552730027602731475E-04
16.26 2.39347634304839878248428E-04
16.27 2.38228691642762129563118E-04
16.28 2.37111720368699289626657E-04
16.29 2.35996716119649888997872E-04
16.30 2.34883674544666726409503E-04
16.31 2.33772591304817566439447E-04
16.32 2.32663462073144021143370E-04
16.33 2.31556282534621515889484E-04
16.34 2.30451048386120014134851E-04
16.35 2.29347755336363793524784E-04
16.36 2.28246399105893173556159E-04
16.37 2.27146975427023586945399E-04
16.38 2.26049480043807605447390E-04
16.39 2.24953908711994851480145E-04
16.40 2.23860257198995135250949E-04
16.41 2.22768521283837336388958E-04
16.42 2.21678696757132026075310E-04
16.43 2.20590779421033004971051E-04
16.44 2.19504765089199762716915E-04
16.45 2.18420649586757687713595E-04
16.46 2.17338428750261312668093E-04
16.47 2.16258098427655933836816E-04
16.48 2.15179654478241100517416E-04
16.49 2.14103092772631421140256E-04
16.50 2.13028409192720269600685E-04
16.51 2.11955599631641946603219E-04
16.52 2.10884659993735738359524E-04
16.53 2.09815586194507698461834E-04
16.54 2.08748374160594028954574E-04
16.55 2.07683019829724678246424E-04
16.56 2.06619519150687941909383E-04
16.57 2.05557868083292163237027E-04
16.58 2.04498062598329954572818E-04
16.59 2.03440098677543882311342E-04
16.60 2.02383972313587815090863E-04
16.61 2.01329679509993042475433E-04
16.62 2.00277216281131899972001E-04
16.63 1.99226578652182830615411E-04
16.64 1.98177762659093847355182E-04
16.65 1.97130764348548163846647E-04
16.66 1.96085579777928524199473E-04
16.67 1.95042205015283457185046E-04
16.68 1.94000636139290575992930E-04
16.69 1.92960869239223076383738E-04
16.70 1.91981282824136754126820E-04
16.71 1.91071301685057863117140E-04
16.72 1.90162884430890055968352E-04
16.73 1.89256027689157639874382E-04
16.74 1.88350728096460968150408E-04
16.75 1.87446982298447790190460E-04
16.76 1.86544786949782731176259E-04
16.77 1.85644138714118777560083E-04
16.78 1.84745034264067244664589E-04
16.79 1.83847470281170563208284E-04
16.80 1.82951443455871000072846E-04
16.81 1.82056950487483038252784E-04
16.82 1.81163988084164618392810E-04
16.83 1.80272552962888841111139E-04
16.84 1.79382641849413934599308E-04
16.85 1.78494251478256474828521E-04
16.86 1.77607378592662139196040E-04
16.87 1.76722019944578411735497E-04
16.88 1.75838172294625336763291E-04
16.89 1.74955832412068115668674E-04
16.90 1.74074997074789351338142E-04
16.91 1.73195663069261346789923E-04
16.92 1.72317827190517888812440E-04
16.93 1.71441486242126980279674E-04
16.94 1.70566637036163355626087E-04
16.95 1.69693276393181728158022E-04
16.96 1.68821401142188519482051E-04
16.97 1.67951008120614944186047E-04
16.98 1.67082094174291016092093E-04
16.99 1.66214656157416925319134E-04
17.00 1.65348690932537505321812E-04
17.01 1.64484195370514585735067E-04
17.02 1.63621166350501730463521E-04
17.03 1.62759600759915804479502E-04
17.04 1.61899495494411874542753E-04
17.05 1.61040847457856348091607E-04
17.06 1.60183653562301440281823E-04
17.07 1.59327910727957635251412E-04
17.08 1.58473615883168884995932E-04
17.09 1.57620765964386019310217E-04
17.10 1.56769357916141673613131E-04
17.11 1.55919388691023319418530E-04
17.12 1.55070855249648598735840E-04
17.13 1.54223754560639032167371E-04
17.14 1.53378083600595814094819E-04
17.15 1.52533839354072680519897E-04
17.16 1.51691018813551921091271E-04
17.17 1.50849618979418493777689E-04
17.18 1.50009636859936036894919E-04
17.19 1.49171069471220170627249E-04
17.20 1.48333913837214942735288E-04
17.21 1.47514455064418775493557E-04
17.22 1.46791944837102746436799E-04
17.23 1.46070642782304856415604E-04
17.24 1.45350546369098627920088E-04
17.25 1.44631653073170918536935E-04
17.26 1.43913960376802540835559E-04
17.27 1.43197465768845683857860E-04
17.28 1.42482166744704261953855E-04
17.29 1.41768060806312854154471E-04
17.30 1.41055145462116673536410E-04
17.31 1.40343418227050262649461E-04
17.32 1.39632876622517544196525E-04
17.33 1.38923518176371248297393E-04
17.34 1.38215340422893423954695E-04
17.35 1.37508340902773863430666E-04
17.36 1.36802517163090830553535E-04
17.37 1.36097866757291382448086E-04
17.38 1.35394387245170444433739E-04
17.39 1.34692076192851429910710E-04
17.40 1.33990931172766236829930E-04
17.41 1.33290949763636057314592E-04
17.42 1.32592129550450804923931E-04
17.43 1.31894468124450114010146E-04
17.44 1.31197963083103336188323E-04
17.45 1.30502612030090946269173E-04
17.46 1.29808412575283996627865E-04
17.47 1.29115362334725604451929E-04
17.48 1.28423458930611192156668E-04
17.49 1.27732699991270110158326E-04
17.50 1.27043083151145470713686E-04
17.51 1.26354606050775797798300E-04
17.52 1.25667266336775619887597E-04
17.53 1.24981061661817390885665E-04
17.54 1.24295989684611432385050E-04
17.55 1.23612048069888288276408E-04
17.56 1.22929234488378910953796E-04
17.57 1.22247546616797720655731E-04
17.58 1.21566982137822073386547E-04
17.59 1.20887538740074981444272E-04
17.60 1.20209214118106288960407E-04
17.61 1.19532005972374863879241E-04
17.62 1.18855912009229407579405E-04
17.63 1.18180929940890863693616E-04
17.64 1.17507057485433702068676E-04
17.65 1.16834292366769167841913E-04
17.66 1.16162632314625277911088E-04
17.67 1.15492075064530449481602E-04
17.68 1.14822618357794499423415E-04
17.69 1.14154259941492137292972E-04
17.70 1.13486997568443869822442E-04
17.71 1.12820828997198762105175E-04
17.72 1.12155751992016995493250E-04
17.73 1.11529651765425723720232E-04
17.74 1.10972254873746288311893E-04
17.75 1.10415764563662657901828E-04
17.76 1.09860178990216645613862E-04
17.77 1.09305496313132693097202E-04
17.78 1.08751714696802651038444E-04
17.79 1.08198832310271982688928E-04
17.80 1.07646847327225750551652E-04
17.81 1.07095757925973803469100E-04
17.82 1.06545562289436993703116E-04
17.83 1.05996258605132865466235E-04
17.84 1.05447845065162143052100E-04
17.85 1.04900319866193985685922E-04
17.86 1.04353681209452529865013E-04
17.87 1.03807927300702550785054E-04
17.88 1.03263056350236533229188E-04
17.89 1.02719066572859736683095E-04
17.90 1.02175956187877117146284E-04
17.91 1.01633723419079232503856E-04
17.92 1.01092366494729421835808E-04
17.93 1.00551883647549006057381E-04
17.94 1.00012273114704589201118E-04
17.95 9.94735331377940857613615E-05
17.96 9.89356619628340084237825E-05
17.97 9.83986578402449533087976E-05
17.98 9.78625190248390638839485E-05
17.99 9.73272437758062073862031E-05
18.00 9.67928303567015200494991E-05
18.01 9.62592770354310956360672E-05
18.02 9.57265820842395442165015E-05
18.03 9.51947437796965616153486E-05
18.04 9.46637604026842713507428E-05
18.05 9.41336302383835501345066E-05
18.06 9.36043515762615324421123E-05
18.07 9.30759227100582748259602E-05
18.08 9.25483419377745721934661E-05
18.09 9.20216075616582290970513E-05
18.10 9.14957178881917540394855E-05
18.11 9.09706712280794439155068E-05
18.12 9.04464658962351596323270E-05
18.13 8.99231002117687058198398E-05
18.14 8.94005724979739723693589E-05
18.15 8.88788810823159646651304E-05
18.16 8.83580242964188909129616E-05
18.17 8.78380004760527722433919E-05
18.18 8.73188079611213809625228E-05
18.19 8.68004450956504091958116E-05
18.20 8.62829102277741332013491E-05
18.21 8.57662017097237175389246E-05
18.22 8.52503178978147060874601E-05
18.23 8.47352571524351500312222E-05
18.24 8.42210178380329633519852E-05
18.25 8.37252138836972273090026E-05
18.26 8.33117067637224325378151E-05
18.27 8.28988534855803647569128E-05
18.28 8.24866527561777331022455E-05
18.29 8.20751032856102783223304E-05
18.30 8.16642037871528387758466E-05
18.31 8.12539529772504057637122E-05
18.32 8.08443495755082030792063E-05
18.33 8.04353923046823899743393E-05
18.34 8.00270798906707370211702E-05
18.35 7.96194110625036814438832E-05
18.36 7.92123845523342575911108E-05
18.37 7.88059990954293420033910E-05
18.38 7.84002534301603021694299E-05
18.39 7.79951462979940112005967E-05
18.40 7.75906764434830629063172E-05
18.41 7.71868426142573285696560E-05
18.42 7.67836435610142533378722E-05
18.43 7.63810780375104265505284E-05
18.44 7.59791448005519187876289E-05
18.45 7.55778426099854998320218E-05
18.46 7.51771702286896533438953E-05
18.47 7.47771264225659303484517E-05
18.48 7.43777099605294624668980E-05
18.49 7.39789196145003696142295E-05
18.50 7.35807541593948288838334E-05
18.51 7.31832123731166042180166E-05
18.52 7.27862930365476138491049E-05
18.53 7.23899949335395954952421E-05
18.54 7.19943168509050668247770E-05
18.55 7.15992575784092888076596E-05
18.56 7.12048159087606434211604E-05
18.57 7.08109906376026512113755E-05
18.58 7.04177805635050130727767E-05
18.59 7.00251844879554245218087E-05
18.60 6.96332012153504955036948E-05
18.61 6.92418295529874969033990E-05
18.62 6.88510683110561341616421E-05
18.63 6.84609163026294128715984E-05
18.64 6.80713723436557512080913E-05
18.65 6.76824352529502792051586E-05
18.66 6.72941038521868156599762E-05
18.67 6.69063769658890454376798E-05
18.68 6.65192534214224421651798E-05
18.69 6.61327320489858385592699E-05
18.70 6.57468116816035524083497E-05
18.71 6.53614911551166316398820E-05
18.72 6.49767693081748854344246E-05
18.73 6.45926449822286307365926E-05
18.74 6.42091170215208182367808E-05
18.75 6.38261842730784536214736E-05
18.76 6.34438455867047100024403E-05
18.77 6.30620998149708506105501E-05
18.78 6.27402888141266525546397E-05
18.79 6.24462381754031244747091E-05
18.80 6.21526389687703477568079E-05
18.81 6.18594903268985954816750E-05
18.82 6.15667913845365427421771E-05
18.83 6.12745412785049376131266E-05
18.84 6.09827391476907600120771E-05
18.85 6.06913841330411569434215E-05
18.86 6.04004753775577639895132E-05
18.87 6.01100120262904169380659E-05
18.88 5.98199932263313919581123E-05
18.89 5.95304181268094221592645E-05
18.90 5.92412858788841749368981E-05
18.91 5.89525956357398958369159E-05
18.92 5.86643465525798045857690E-05
18.93 5.83765377866202946088338E-05
18.94 5.80891684970852816265879E-05
18.95 5.78022378452000982411267E-05
18.96 5.75157449941859170712381E-05
18.97 5.72296891092539231657259E-05
18.98 5.69440693575999336501284E-05
18.99 5.66588849083982313268627E-05
19.00 5.63741349327960284678815E-05
19.01 5.60898186039081474477640E-05
19.02 5.58059350968108475675965E-05
19.03 5.55224835885365260168545E-05
19.04 5.52394632580680122594698E-05
19.05 5.49568732863331673517589E-05
19.06 5.46747128561990699082730E-05
19.07 5.43929811524664731181913E-05
19.08 5.41116773618643972869856E-05
19.09 5.38308006730448579033564E-05
19.10 5.35503502765768008833311E-05
19.11 5.32703253649410339251070E-05
19.12 5.29907251325245954340186E-05
19.13 5.27115487756156926536441E-05
19.14 5.24327954923976843437487E-05
19.15 5.21544644829441273316088E-05
19.16 5.18765549492130708980793E-05
19.17 5.15990660950422795117710E-05
19.18 5.13219971261431138630400E-05
19.19 5.10453472500956655067382E-05
19.20 5.07691156763433697326690E-05
19.21 5.04933016161878691577952E-05
19.22 5.02179042827833148885698E-05
19.23 4.99429228911314740586326E-05
19.24 4.96683566580763291467386E-05
19.25 4.93942048022991109755553E-05
19.26 4.91204665443126269790478E-05
19.27 4.88471411064565178179742E-05
19.28 4.85742277128916872912245E-05
19.29 4.83017255895957486866964E-05
19.30 4.80296339643571768658267E-05
19.31 4.78306996336861169928645E-05
19.32 4.76342261154257928367634E-05
19.33 4.74380446918592718163858E-05
19.34 4.72421548180740907981433E-05
19.35 4.70465559504266487796977E-05
19.36 4.68512475465384731687299E-05
19.37 4.66562290652928316511509E-05
19.38 4.64614999668309578122888E-05
19.39 4.62670597125485681374094E-05
19.40 4.60729077650926161814626E-05
19.41 4.58790435883573352311531E-05
19.42 4.56854666474810602373215E-05
19.43 4.54921764088425957376673E-05
19.44 4.52991723400578683825408E-05
19.45 4.51064539099763084101929E-05
19.46 4.49140205886774547387220E-05
19.47 4.47218718474674719665952E-05
19.48 4.45300071588759587525030E-05
19.49 4.43384259966521531077556E-05
19.50 4.41471278357617272236103E-05
19.51 4.39561121523833722344286E-05
19.52 4.37653784239055388348948E-05
19.53 4.35749261289227306638387E-05
19.54 4.33847547472324549856261E-05
19.55 4.31948637598316583755161E-05
19.56 4.30052526489136367434697E-05
19.57 4.28159208978644235856631E-05
19.58 4.26268679912595848118147E-05
19.59 4.24380934148608915997686E-05
19.60 4.22495966556132168667759E-05
19.61 4.20613772016408489821081E-05
19.62 4.18734345422446050787729E-05
19.63 4.16857681678982260812909E-05
19.64 4.14983775702455374512559E-05
19.65 4.13112622420967154661040E-05
19.66 4.11244216774254411884103E-05
19.67 4.09378553713654242426738E-05
19.68 4.07515628202074551406607E-05
19.69 4.05655435213958951768710E-05
19.70 4.03797969735256542149829E-05
19.71 4.01943226763389584101256E-05
19.72 4.00091201307223889816964E-05
19.73 3.98241888387033111224543E-05
19.74 3.96395283034470279678180E-05
19.75 3.94551380292535212130842E-05
19.76 3.92710175215544898862444E-05
19.77 3.90871662869099486636686E-05
19.78 3.89035838330052937479760E-05
19.79 3.87202696686481519054712E-05
19.80 3.85372233037654598965423E-05
19.81 3.83544442494000356862899E-05
19.82 3.81719320177077595188792E-05
19.83 3.79977170037602200811794E-05
19.84 3.78758033360730635716665E-05
19.85 3.77540642593386657700945E-05
19.86 3.76324994577167162282047E-05
19.87 3.75111086160814208344608E-05
19.88 3.73898914200194350536573E-05
19.89 3.72688475558279869019086E-05
19.90 3.71479767105129050539479E-05
19.91 3.70272785717867892519607E-05
19.92 3.69067528280669164401397E-05
19.93 3.67863991684733976209910E-05
19.94 3.66662172828272262914244E-05
19.95 3.65462068616485098379587E-05
19.96 3.64263675961543553424860E-05
19.97 3.63066991782570806486866E-05
19.98 3.61872013005622763506461E-05
19.99 3.60678736563670575168521E-05
20.00 3.59487159396579494959577E-05
20.01 3.58297278451092209559416E-05
20.02 3.57109090680808374525072E-05
20.03 3.55922593046168419020879E-05
20.04 3.54737782514431794012380E-05
20.05 3.53554656059661319097466E-05
20.06 3.52373210662702718190369E-05
20.07 3.51193443311167814387987E-05
20.08 3.50015350999415014330782E-05
20.09 3.48838930728531351104296E-05
20.10 3.47664179506314120564857E-05
20.11 3.46491094347254279493808E-05
20.12 3.45319672272515506943058E-05
20.13 3.44149910309918076727759E-05
20.14 3.42981805493920629277285E-05
20.15 3.41815354865602621112566E-05
20.16 3.40650555472645080257524E-05
20.17 3.39487404369313733342763E-05
20.18 3.38325898616441116269725E-05
20.19 3.37166035281409565789110E-05
20.20 3.36007811438132313725489E-05
20.21 3.34851224167035936454644E-05
20.22 3.33696270555044701734693E-05
20.23 3.32542947695560578728544E-05
20.24 3.31391252688447584835024E-05
20.25 3.30241182640013083201408E-05
20.26 3.29092734662992332842456E-05
20.27 3.27945905876529108526583E-05
20.28 3.26800693406159844319088E-05
20.29 3.25657094383795744246303E-05
20.30 3.24515105947706858076189E-05
20.31 3.23374725242503514356131E-05
20.32 3.22235949419119989617713E-05
20.33 3.21098775634798042056227E-05
20.34 3.19963201053069496533274E-05
20.35 3.18829222843739439443092E-05
20.36 3.17821950303857027526379E-05
20.37 3.17139824423696235614935E-05
20.38 3.16458626033248689854091E-05
20.39 3.15778353514805737662155E-05
20.40 3.15099005254203118884561E-05
20.41 3.14420579640810598110595E-05
20.42 3.13743075067524171970282E-05
20.43 3.13066489930754956062114E-05
20.44 3.12390822630420917911491E-05
20.45 3.11716071569937254676433E-05
20.46 3.11042235156207584004934E-05
20.47 3.10369311799613915164864E-05
20.48 3.09697299914008043189226E-05
20.49 3.09026197916701791056603E-05
20.50 3.08356004228459149225407E-05
20.51 3.07686717273485298086884E-05
20.52 3.07018335479418950787270E-05
20.53 3.06350857277322730933510E-05
20.54 3.05684281101674227925334E-05
20.55 3.05018605390356984524702E-05
20.56 3.04353828584651416662606E-05
20.57 3.03689949129225868771145E-05
20.58 3.03026965472128211216696E-05
20.59 3.02364876064776048599034E-05
20.60 3.01703679361948317184505E-05
20.61 3.01043373821776882339179E-05
20.62 3.00383957905736746827989E-05
20.63 2.99725430078638088705022E-05
20.64 2.99067788808616774544509E-05
20.65 2.98411032567126939432211E-05
20.66 2.97755159828930585400823E-05
20.67 2.97100169072089890370814E-05
20.68 2.96446058777958399007776E-05
20.69 2.95792827431172586274272E-05
20.70 2.95140473519642946643223E-05
20.71 2.94488995534545252717902E-05
20.72 2.93838391970312322071680E-05
20.73 2.93188661324626156782277E-05
20.74 2.92539802098407779036397E-05
20.75 2.91891812795810217696924E-05
20.76 2.91244691924209360347087E-05
20.77 2.90598437994196296112626E-05
20.78 2.89953049519567693367503E-05
20.79 2.89308525017318515250558E-05
20.80 2.88664863007633041116270E-05
20.81 2.88022062013877311000866E-05
20.82 2.87380120562589774378583E-05
20.83 2.86739037183473870153052E-05
20.84 2.86098810409389285277278E-05
20.85 2.85459438776344399219757E-05
20.86 2.84820920823487474821817E-05
20.87 2.84183255093098323493424E-05
20.88 2.83546440130580885204559E-05
20.89 2.83044835693910545881564E-05
20.90 2.82667348862801185067645E-05
20.91 2.82290338824832214275479E-05
20.92 2.81913804785647428071283E-05
20.93 2.81537745952567509087616E-05
20.94 2.81162161534585115232280E-05
20.95 2.80787050742361118862035E-05
20.96 2.80412412788220168329955E-05
20.97 2.80038246886146385058059E-05
20.98 2.79664552251779162253889E-05
20.99 2.79291328102408760339186E-05
21.00 2.78918573656972173429106E-05
21.01 2.78546288136049300743300E-05
21.02 2.78174470761857999933503E-05
21.03 2.77803120758250394019880E-05
21.04 2.77432237350708737870248E-05
21.05 2.77061819766340911984793E-05
21.06 2.76691867233876492263196E-05
21.07 2.76322378983662718127806E-05
21.08 2.75953354247660020189675E-05
21.09 2.75584792259438259422275E-05
21.10 2.75216692254172458115442E-05
21.11 2.74849053468638564710642E-05
21.12 2.74481875141209760737317E-05
21.13 2.74115156511852090122881E-05
21.14 2.73748896822120461197209E-05
21.15 2.73383095315154479290534E-05
21.16 2.73017751235674855313749E-05
21.17 2.72652863829979035068408E-05
21.18 2.72288432345936997963295E-05
21.19 2.71924456032987936645283E-05
21.20 2.71560934142135513614819E-05
21.21 2.71197865925944473094143E-05
21.22 2.70835250638536304218593E-05
21.23 2.70473087535585412447686E-05
21.24 2.70111375874315595908056E-05
21.25 2.69750114913495200364996E-05
21.26 2.69389303913434137666486E-05
21.27 2.69028942135979447290543E-05
21.28 2.68669028844511704925534E-05
21.29 2.68309563303940719542796E-05
21.30 2.67950544780702450196712E-05
21.31 2.67591972542754025470978E-05
21.32 2.67233845859571168498449E-05
21.33 2.66876164002143419695309E-05
21.34 2.66518926242970477578746E-05
21.35 2.66162131856058844516476E-05
21.36 2.65805780116917862612551E-05
21.37 2.65449870302555343017353E-05
21.38 2.65094401691474618252935E-05
21.39 2.64739373563670273166969E-05
21.40 2.64384785200624587394366E-05
21.41 2.64030635885303876174944E-05
21.42 2.63741401454261802583205E-05
21.43 2.63453493680182081681466E-05
21.44 2.63165931341625740304182E-05
21.45 2.62878713883813845155184E-05
21.46 2.62591840753101978867858E-05
21.47 2.62305311396976953517302E-05
21.48 2.62019125264054269521495E-05
21.49 2.61733281804074998560042E-05
21.50 2.61447780467903242475336E-05
21.51 2.61162620707523355004492E-05
21.52 2.60877801976037027986005E-05
21.53 2.60593323727660377566416E-05
21.54 2.60309185417721572508055E-05
21.55 2.60025386502657649345164E-05
21.56 2.59741926440012140691639E-05
21.57 2.59458804688431856515837E-05
21.58 2.59176020707664749617542E-05
21.59 2.58893573958556730784091E-05
21.60 2.58611463903049026047572E-05
21.61 2.58329690004175567823348E-05
21.62 2.58048251726060182760676E-05
21.63 2.57767148533914118406496E-05
21.64 2.57486379894032960005505E-05
21.65 2.57205945273794360451860E-05
21.66 2.56925844141654990970564E-05
21.67 2.56646075967148338831808E-05
21.68 2.56366640220881420863131E-05
21.69 2.56087536374532919976939E-05
21.70 2.55808763900849424344219E-05
21.71 2.55530322273644410955001E-05
21.72 2.55252210967793908809667E-05
21.73 2.54974429459234838734379E-05
21.74 2.54696977224962438400915E-05
21.75 2.54419853743027213008061E-05
21.76 2.54143058492532732995945E-05
21.77 2.53866590953632618608751E-05
21.78 2.53590450607528337609049E-05
21.79 2.53314636936466630297640E-05
21.80 2.53039149423736561838900E-05
21.81 2.52763987553667455500384E-05
21.82 2.52489150811625877215538E-05
21.83 2.52214638684013501060670E-05
21.84 2.51940450658264263224251E-05
21.85 2.51666586222841820908065E-05
21.86 2.51393044867237621092099E-05
21.87 2.51119826081967342996156E-05
21.88 2.50846929358569373420557E-05
21.89 2.50574354189601655783573E-05
21.90 2.50302100068639623361034E-05
21.91 2.50030166490273522662217E-05
21.92 2.49758552950105736805732E-05
21.93 2.49487258944748684877813E-05
21.94 2.49142737951082647552496E-05
21.95 2.48780878921956794327941E-05
21.96 2.48419462523009327810982E-05
21.97 2.48058488046923250873888E-05
21.98 2.47697954787809257362185E-05
21.99 2.47337862041201971268368E-05
22.00 2.46978209104056795769339E-05
22.01 2.46618995274746152400122E-05
22.02 2.46260219853056296209978E-05
22.03 2.45901882140183622698758E-05
22.04 2.45543981438731211922478E-05
22.05 2.45186517052705542005480E-05
22.06 2.44829488287513134889967E-05
22.07 2.44472894449956693865757E-05
22.08 2.44116734848232223658270E-05
22.09 2.43761008791925201839596E-05
22.10 2.43405715592007597272532E-05
22.11 2.43050854560833973759017E-05
22.12 2.42696425012138711772066E-05
22.13 2.42342426261032044341581E-05
22.14 2.41988857623997244904960E-05
22.15 2.41635718418887103650042E-05
22.16 2.41283007964920132807501E-05
22.17 2.40930725582677856145414E-05
22.18 2.40578870594101590244061E-05
22.19 2.40227442322488310975145E-05
22.20 2.39876440092488180165584E-05
22.21 2.39525863230100784771227E-05
22.22 2.39175711062672392490103E-05
22.23 2.38825982918891919885591E-05
22.24 2.38476678128787984711767E-05
22.25 2.38127796023726330933244E-05
22.26 2.37779335936405424153841E-05
22.27 2.37431297200854147686974E-05
22.28 2.37083679152428075610683E-05
22.29 2.36736481127806423449024E-05
22.30 2.36389702464988998853457E-05
22.31 2.36043342503292711827105E-05
22.32 2.35697400583348457643509E-05
22.33 2.35351876047098270815922E-05
22.34 2.35006768237791632033661E-05
22.35 2.34662076499982825419314E-05
22.36 2.34317800179527279346402E-05
22.37 2.33973938623579093103177E-05
22.38 2.33630491180587106659749E-05
22.39 2.33287457200292393450555E-05
22.40 2.32944836033724804479940E-05
22.41 2.32602627033200190054089E-05
22.42 2.32260829552316977767920E-05
22.43 2.31919442945953292593061E-05
22.44 2.31578466570263636508699E-05
22.45 2.31219978585705609010811E-05
22.46 2.30739795532626720266870E-05
22.47 2.30260207725546285216674E-05
22.48 2.29781214220799974510667E-05
22.49 2.29302814076601500249946E-05
22.50 2.28825006353037093331446E-05
22.51 2.28347790112061539333742E-05
22.52 2.27871164417493401251232E-05
22.53 2.27395128335011224786529E-05
22.54 2.26919680932147981814329E-05
22.55 2.26444821278287241792491E-05
22.56 2.25970548444658767190708E-05
22.57 2.25496861504334142800501E-05
22.58 2.25023759532221693537533E-05
22.59 2.24551241605062893021919E-05
22.60 2.24079306801427315261853E-05
22.61 2.23607954201708907708643E-05
22.62 2.23137182888120976821666E-05
22.63 2.22666991944692088428899E-05
22.64 2.22197380457261934206138E-05
22.65 2.21728347513476588292493E-05
22.66 2.21259892202784407650926E-05
22.67 2.20792013616431729140874E-05
22.68 2.20324710847458566590883E-05
22.69 2.19857982990694341752548E-05
22.70 2.19391829142753276441283E-05
22.71 2.18926248402030530066081E-05
22.72 2.18461239868698032227413E-05
22.73 2.17996802644699874857998E-05
22.74 2.17532935833748110939379E-05
22.75 2.17069638541318587099827E-05
22.76 2.16606909874647453838597E-05
22.77 2.16144748942725575108475E-05
22.78 2.15683154856295478997170E-05
22.79 2.15222126727846614342807E-05
22.80 2.14761663671611725432917E-05
22.81 2.14301764803562040857289E-05
22.82 2.13842429241403614325646E-05
22.83 2.13383656104572886214998E-05
22.84 2.12925444514233159912578E-05
22.85 2.12467793593269621262119E-05
22.86 2.12010702466285916550741E-05
22.87 2.11554170259599781818947E-05
22.88 2.11098196101239315915655E-05
22.89 2.10642779120938406520278E-05
22.90 2.10187918450132969316446E-05
22.91 2.09733613221956916115168E-05
22.92 2.09279862571238326265921E-05
22.93 2.08826665634495075966632E-05
22.94 2.08374021549930908030809E-05
22.95 2.07921929457431501654663E-05
22.96 2.07460393728847006830467E-05
22.97 2.06919092860113833340537E-05
22.98 2.06378459304912769507398E-05
22.99 2.05838492021803830137137E-05
23.00 2.05299189971381162718011E-05
23.01 2.04760552116267558646952E-05
23.02 2.04222577421109743726381E-05
23.03 2.03685264852574380168692E-05
23.04 2.03148613379342340653534E-05
23.05 2.02612621972104337637801E-05
23.06 2.02077289603556146089808E-05
23.07 2.01542615248394300561923E-05
23.08 2.01008597883310640298381E-05
23.09 2.00475236486988006307918E-05
23.10 1.99942530040095464097943E-05
23.11 1.99410477525284068509807E-05
23.12 1.98879077927181374945299E-05
23.13 1.98348330232387475252458E-05
23.14 1.97818233429469780002615E-05
23.15 1.97288786508959427070699E-05
23.16 1.96759988463345284641966E-05
23.17 1.96231838287070393673627E-05
23.18 1.95704334976526750171887E-05
23.19 1.95177477530051544365661E-05
23.20 1.94651264947921604170442E-05
23.21 1.94125696232349498836743E-05
23.22 1.93600770387478693921636E-05
23.23 1.93076486419379519411926E-05
23.24 1.92552843336043918119876E-05
23.25 1.92029840147381617094288E-05
23.26 1.91507475865214876016226E-05
23.27 1.90985749503275302355141E-05
23.28 1.90464660077197989900867E-05
23.29 1.89944206604517825699979E-05
23.30 1.89424388104664712789964E-05
23.31 1.88905203598959877135579E-05
23.32 1.88386652110610344974025E-05
23.33 1.87868732664705453039213E-05
23.34 1.87351444288211800245393E-05
23.35 1.86834786009969724030096E-05
23.36 1.86318756860687879343269E-05
23.37 1.85803355872939681108901E-05
23.38 1.85288582081158560840514E-05
23.39 1.84774434521634070289608E-05
23.40 1.84260912232507002535883E-05
23.41 1.83748014253765393991730E-05
23.42 1.83235739627240187593540E-05
23.43 1.82724087396601200924875E-05
23.44 1.82213056607352484475917E-05
23.45 1.81702646306827849309509E-05
23.46 1.81192855544187716098584E-05
23.47 1.80691173377343936923885E-05
23.48 1.80190702987686354155823E-05
23.49 1.79690838969105541340215E-05
23.50 1.79191580394133082824049E-05
23.51 1.78692926337073741726094E-05
23.52 1.78194875874002037923795E-05
23.53 1.77697428082757809600627E-05
23.54 1.77200582042942723470357E-05
23.55 1.76704336835915361985944E-05
23.56 1.76208691544787767445119E-05
23.57 1.75713645254420901893784E-05
23.58 1.75219197051421530044769E-05
23.59 1.74725346024137001554877E-05
23.60 1.74232091262652100062316E-05
23.61 1.73739431858784503090107E-05
23.62 1.73247366906081393914292E-05
23.63 1.72755895499814887586020E-05
23.64 1.72265016736978303986579E-05
23.65 1.71774729716282102069246E-05
23.66 1.71285033538150356202234E-05
23.67 1.70795927304716249953403E-05
23.68 1.70307410119818315263982E-05
23.69 1.69819481088996603859644E-05
23.70 1.69332139319489095830810E-05
23.71 1.68845383920227024010779E-05
23.72 1.68359214001831621369213E-05
23.73 1.67873628676609885847400E-05
23.74 1.67388627058551327751734E-05
23.75 1.66904208263323192487897E-05
23.76 1.66420371408267275716974E-05
23.77 1.65937115612395755953352E-05
23.78 1.65454439996387975839523E-05
23.79 1.64972343682585597117625E-05
23.80 1.64490825794989754598738E-05
23.81 1.64009885459256583828923E-05
23.82 1.63529521802694137889295E-05
23.83 1.63049733954257813418106E-05
23.84 1.62570521044547131885548E-05
23.85 1.62091882205801978767464E-05
23.86 1.61613816571898571668522E-05
23.87 1.61136323278345902783835E-05
23.88 1.60659401462281842547404E-05
23.89 1.60183050262469954788235E-05
23.90 1.59707268819295159921652E-05
23.91 1.59232056274760312936187E-05
23.92 1.58757411772482374804662E-05
23.93 1.58283334457689329284255E-05
23.94 1.57809823477215575057275E-05
23.95 1.57336877979499045819133E-05
23.96 1.56907984822759861780715E-05
23.97 1.56493356450957340499607E-05
23.98 1.56079219468710309601852E-05
23.99 1.55665573140185764045365E-05
24.00 1.55252416730928550342699E-05
24.01 1.54839749507858859343522E-05
24.02 1.54427570739268194357791E-05
24.03 1.54015879694816999463496E-05
24.04 1.53604675645531135849600E-05
24.05 1.53193957863799272954564E-05
24.06 1.52783725623369297046648E-05
24.07 1.52373978199345397430576E-05
24.08 1.51964714868185051010237E-05
24.09 1.51555934907696176257991E-05
24.10 1.51147637597033711201553E-05
24.11 1.50739822216696682690004E-05
24.12 1.50332488048525190956492E-05
24.13 1.49925634375697732994124E-05
24.14 1.49519260482727611136266E-05
24.15 1.49113365655460205610452E-05
24.16 1.48707949181069840516485E-05
24.17 1.48303010348057361312201E-05
24.18 1.47898548446246221521258E-05
24.19 1.47494562766780212684833E-05
24.20 1.47091052602119991526541E-05
24.21 1.46688017246040911548089E-05
24.22 1.46285455993629126677721E-05
24.23 1.45883368141279236518621E-05
24.24 1.45481752986690915157783E-05
24.25 1.45080609828866810524306E-05
24.26 1.44679937968108631097175E-05
24.27 1.44279736706014604806416E-05
24.28 1.43880005345476971815579E-05
24.29 1.43480743190678528627309E-05
24.30 1.43081949547090019221867E-05
24.31 1.42683623721466950213252E-05
24.32 1.42285765021847456326173E-05
24.33 1.41888372757548539569760E-05
24.34 1.41491446239163646723339E-05
24.35 1.41094984778559738602434E-05
24.36 1.40698987688874732019263E-05
24.37 1.40303454284514145532269E-05
24.38 1.39908383881148575287939E-05
24.39 1.39513775795710781227462E-05
24.40 1.39119629346393162928550E-05
24.41 1.38725943852644388414302E-05
24.42 1.38332718635167090223594E-05
24.43 1.37939953015914680567195E-05
24.44 1.37563212581379864748489E-05
24.45 1.37190361515505695295340E-05
24.46 1.36817944720034282427490E-05
24.47 1.36445961556809767015446E-05
24.48 1.36074411388848786816624E-05
24.49 1.35703293580337511860029E-05
24.50 1.35332607496629188050712E-05
24.51 1.34962352504241613011587E-05
24.52 1.34592527970854594984587E-05
24.53 1.34223133265307208443918E-05
24.54 1.33854167757595236056553E-05
24.55 1.33485630818868712286693E-05
24.56 1.33117521821429416178234E-05
24.57 1.32749840138728160849344E-05
24.58 1.32382585145362218512297E-05
24.59 1.32015756217072914899908E-05
24.60 1.31649352730743308395253E-05
24.61 1.31283374064395072950426E-05
24.62 1.30917819597186549910759E-05
24.63 1.30552688709409715636873E-05
24.64 1.30187980782488453557460E-05
24.65 1.29823695198975216859479E-05
24.66 1.29459831342548877024462E-05
24.67 1.29096388598012572364836E-05
24.68 1.28733366351290590942668E-05
24.69 1.28370763989426320749940E-05
24.70 1.28008580900579640847068E-05
24.71 1.27646816474024719077242E-05
24.72 1.27285470100147115213741E-05
24.73 1.26924541170441578674275E-05
24.74 1.26564029077509609066098E-05
24.75 1.26203933215057169197042E-05
24.76 1.25844252977891855985485E-05
24.77 1.25484987761920833699951E-05
24.78 1.25126136964148208156975E-05
24.79 1.24767699982672959960715E-05
24.80 1.24409676216685979887634E-05
24.81 1.24052065066468137651380E-05
24.82 1.23694865933387588338016E-05
24.83 1.23338078219897841170897E-05
24.84 1.22981701329534811836016E-05
24.85 1.22625734666914806543590E-05
24.86 1.22270177637731879285261E-05
24.87 1.21915029648756019183594E-05
24.88 1.21560290107830185876757E-05
24.89 1.21205958423868208876815E-05
24.90 1.20827169334599192698516E-05
24.91 1.20397955236928978035513E-05
24.92 1.19969238354513301001835E-05
24.93 1.19541017966506608346091E-05
24.94 1.19113293353366794997440E-05
24.95 1.18686063796852713788732E-05
24.96 1.18259328580020567096148E-05
24.97 1.17833086987221670672221E-05
24.98 1.17407338304099336564589E-05
24.99 1.16982081817586535305064E-05
25.00 1.16557316815902355311907E-05
25.01 1.16133042588549682019557E-05
25.02 1.15709258426312114678702E-05
25.03 1.15285963621251848773910E-05
25.04 1.14863157466705864375367E-05
25.05 1.14440839257283808556506E-05
25.06 1.14019008288865335710559E-05
25.07 1.13597663858596821062717E-05
25.08 1.13176805264888988977875E-05
25.09 1.12756431807413948345325E-05
25.10 1.12336542787102888649132E-05
25.11 1.11917137506142725717666E-05
25.12 1.11498215267973763912667E-05
25.13 1.11079775377286748454589E-05
25.14 1.10661817140020680077595E-05
25.15 1.10244339863359325253815E-05
25.16 1.09827342855729047789003E-05
25.17 1.09410825426795945851171E-05
25.18 1.08994786887463412515704E-05
25.19 1.08579226549868917040161E-05
25.20 1.08164143727381921163220E-05
25.21 1.07749537734600660379486E-05
25.22 1.07335407887350212704364E-05
25.23 1.06921753502679076660957E-05
25.24 1.06508573898856985935060E-05
25.25 1.06095868395371961700503E-05
25.26 1.05683636312928296680739E-05
25.27 1.05271876973443116195074E-05
25.28 1.04860589700044277516964E-05
25.29 1.04449773817067557724622E-05
25.30 1.04039428650054366712070E-05
25.31 1.03629553525748613167223E-05
25.32 1.03220147772094603930192E-05
25.33 1.02811210718233977734004E-05
25.34 1.02402741694503858672785E-05
25.35 1.01917830445866333031980E-05
25.36 1.01368067703903406008396E-05
25.37 1.00818939175330867956187E-05
25.38 1.00270443952270413463801E-05
25.39 9.97225811284604350247934E-06
25.40 9.91753497992532617104182E-06
25.41 9.86287490616112458774109E-06
25.42 9.80827780141040696032170E-06
25.43 9.75374357569042723520303E-06
25.44 9.69927213917844218847488E-06
25.45 9.64486340221134381359841E-06
25.46 9.59051727528536794207224E-06
25.47 9.53623366905567411509065E-06
25.48 9.48201249433603726355074E-06
25.49 9.42785366209856818717986E-06
25.50 9.37375708347326462707358E-06
25.51 9.31972266974774529735021E-06
25.52 9.26575033236688904911531E-06
25.53 9.21183998293254179706192E-06
25.54 9.15799153320310316739230E-06
25.55 9.10420489509324697694533E-06
25.56 9.05047998067355531496333E-06
25.57 8.99681670217024918661478E-06
25.58 8.94321497196476499652075E-06
25.59 8.88967470259348688634352E-06
25.60 8.83619580674737404028980E-06
25.61 8.78277819727170488116070E-06
25.62 8.72942178716565016574624E-06
25.63 8.67612648958200701647999E-06
25.64 8.62289221782683977946937E-06
25.65 8.56971888535921744428202E-06
25.66 8.51660640579079690373580E-06
25.67 8.46355469288554851522381E-06
25.68 8.41056366055941898160139E-06
25.69 8.35763322288005352437949E-06
25.70 8.30476329406639269604170E-06
25.71 8.25195378848840471763294E-06
25.72 8.19920462066673311305343E-06
25.73 8.14651570527245276356985E-06
25.74 8.09388695712663114474866E-06
25.75 8.04131829120010301569215E-06
25.76 7.98880962261309603047576E-06
25.77 7.93636086663499018079102E-06
25.78 7.87456393919022804895897E-06
25.79 7.80949023419882434199086E-06
25.80 7.74449100818209993008813E-06
25.81 7.67956615594981813806980E-06
25.82 7.61471557249627265347896E-06
25.83 7.54993915299998174768883E-06
25.84 7.48523679282325120690200E-06
25.85 7.42060838751186770622346E-06
25.86 7.35605383279458211956284E-06
25.87 7.29157302458280712887219E-06
25.88 7.22716585897026062327523E-06
25.89 7.16283223223248034918853E-06
25.90 7.09857204082651643736171E-06
25.91 7.03438518139050449827195E-06
25.92 6.97027155074336916059253E-06
25.93 6.90623104588430907516084E-06
25.94 6.84226356399251993520468E-06
25.95 6.77836900242675317217666E-06
25.96 6.71454725872502796455224E-06
25.97 6.65079823060413572355550E-06
25.98 6.58712181595933431426521E-06
25.99 6.52351791286394571496490E-06
26.00 6.45998641956904769715004E-06
26.01 6.39652723450298508751748E-06
26.02 6.33314025627108431786222E-06
26.03 6.26982538365523329673560E-06
26.04 6.20658251561358833604549E-06
26.05 6.14341155128009557744116E-06
26.06 6.08031238996418690748516E-06
26.07 6.01728493115038693436585E-06
26.08 5.95432907449800975010221E-06
26.09 5.89144471984068713319230E-06
26.10 5.82863176718607378114755E-06
26.11 5.76589011671545428720526E-06
26.12 5.70321966878343227923698E-06
26.13 5.64062032391748572745117E-06
26.14 5.57809198281765523626859E-06
26.15 5.51563454635615695026548E-06
26.16 5.45324791557709371593848E-06
26.17 5.39093199169598582545185E-06
26.18 5.32832751719872415392589E-06
26.19 5.26467728601174299893437E-06
26.20 5.20109915575789846401778E-06
26.21 5.13759302597178835707433E-06
26.22 5.07415879636181571754822E-06
26.23 5.01079636680978816984551E-06
26.24 4.94750563737063247323096E-06
26.25 4.88428650827191764227870E-06
26.26 4.82113887991355425017594E-06
26.27 4.75806265286749457905967E-06
26.28 4.69505772787725404640146E-06
26.29 4.63212400585763846039842E-06
26.30 4.56926138789433829119147E-06
26.31 4.50646977524366185548698E-06
26.32 4.44374906933205843700746E-06
26.33 4.38109917175584045968481E-06
26.34 4.31851998428079978173530E-06
26.35 4.25601140884192055149036E-06
26.36 4.19357334754292773883579E-06
26.37 4.13120570265599406181191E-06
26.38 4.06890837662137406838042E-06
26.39 4.00668127204711529818935E-06
26.40 3.94452429170860342588041E-06
26.41 3.88243733854829036351288E-06
26.42 3.82042031567531140167152E-06
26.43 3.75847312636521161782451E-06
26.44 3.69659567405949144314734E-06
26.45 3.63478786236533645901260E-06
26.46 3.57304959505524216139432E-06
26.47 3.51138077606673909867663E-06
26.48 3.44978130950194563825758E-06
26.49 3.38825109962729945710489E-06
26.50 3.32679005087318188264378E-06
26.51 3.26539806783365531254342E-06
26.52 3.20407505526601047560653E-06
26.53 3.14282091809050554562168E-06
26.54 3.08163556138999302334998E-06
26.55 3.02051889040965885037740E-06
26.56 2.96441745761549824302429E-06
26.57 2.91476992690766948486056E-06
26.58 2.86517800860057935216250E-06
26.59 2.81564162622151330445455E-06
26.60 2.76616070342819267535825E-06
26.61 2.71673516400855994974012E-06
26.62 2.66736493188048399624601E-06
26.63 2.61804993109155254422905E-06
26.64 2.56879008581871515936234E-06
26.65 2.51958532036807572056692E-06
26.66 2.47043555917460315826022E-06
26.67 2.42134072680191757853695E-06
26.68 2.37230074794194636779248E-06
26.69 2.32331554741469803492589E-06
26.70 2.27438505016804960607029E-06
26.71 2.22550918127739002372193E-06
26.72 2.17668786594542363509652E-06
26.73 2.12792102950187711872944E-06
26.74 2.07920859740329916118371E-06
26.75 2.03055049523270766782747E-06
26.76 1.98194664869940045097028E-06
26.77 1.93339698363865665074919E-06
26.78 1.88490142601154403513325E-06
26.79 1.83645990190457192817338E-06
26.80 1.78807233752949427484211E-06
26.81 1.73973865922302207334801E-06
26.82 1.69145879344663279272257E-06
26.83 1.64323266678621906590528E-06
26.84 1.59506020595190234249528E-06
26.85 1.54694133777774256820864E-06
26.86 1.49887598922155099059710E-06
26.87 1.45086408736454308729782E-06
26.88 1.40290555941115137175213E-06
26.89 1.35500033268874269595935E-06
26.90 1.30714833464742682103070E-06
26.91 1.27327167108212385993060E-06
26.92 1.24349054678430851138520E-06
26.93 1.21374242098165068098870E-06
26.94 1.18402724885101587296737E-06
26.95 1.15434498564476161472977E-06
26.96 1.12469558669061696642999E-06
26.97 1.09507900739151078503759E-06
26.98 1.06549520322545864543914E-06
26.99 1.03594412974535319978380E-06
27.00 1.00642574257885046331012E-06
27.01 9.76939997428198501932444E-07
27.02 9.47486850070123718067804E-07
27.03 9.18066256355625127508798E-07
27.04 8.88678172209859162942785E-07
27.05 8.59322553631974820164525E-07
27.06 8.29999356694994755826204E-07
27.07 8.00708537545616658211308E-07
27.08 7.71450052404088098116663E-07
27.09 7.42223857564086461932162E-07
27.10 7.13029909392515346096069E-07
27.11 6.83868164329394336932758E-07
27.12 6.54738578887691509887393E-07
27.13 6.25641109653212574088956E-07
27.14 5.96575713284400760816459E-07
27.15 5.67542346512226179820206E-07
27.16 5.38540966140020224380610E-07
27.17 5.09571529043366621695348E-07
27.18 4.80633992169901638982928E-07
27.19 4.51728312539205822084121E-07
27.20 4.22854447242639565191072E-07
27.21 3.94012353443235114146525E-07
27.22 3.79873163391828824107078E-07
27.23 3.68531821213443799296189E-07
27.24 3.57202917531709834046358E-07
27.25 3.45886435635800420871901E-07
27.26 3.34582358842719060923004E-07
27.27 3.23290670497257124096598E-07
27.28 3.12011353971931009779580E-07
27.29 3.00744392666941065750874E-07
27.30 2.89489770010094455243672E-07
27.31 2.78247469456763811149696E-07
27.32 2.67017474489825508493165E-07
27.33 2.55799768619617736299909E-07
27.34 2.44594335383865376362856E-07
27.35 2.33401158347638286869383E-07
27.36 2.22220221103290289559330E-07
27.37 2.11051507270417903338607E-07
27.38 1.99895000495785487742474E-07
27.39 1.88750684453284453005178E-07
27.40 1.77618542843872300157531E-07
27.41 1.66498559395532122264118E-07
27.42 1.55390717863198171403056E-07
27.43 1.44295002028715545191665E-07
27.44 1.33211395700779968037867E-07
27.45 1.22139882714897451196080E-07
27.46 1.11080446933310600900804E-07
27.47 1.00033072244955432921199E-07
27.48 9.22366194702033696058743E-08
27.49 8.85431222211617385130057E-08
27.50 8.48536417988373761172579E-08
27.51 8.11681728556136337306118E-08
27.52 7.74867100527041414355050E-08
27.53 7.38092480601284691224878E-08
27.54 7.01357815566991165935496E-08
27.55 6.64663052300017803414249E-08
27.56 6.28008137763823568878099E-08
27.57 5.91393019009229611630425E-08
27.58 5.54817643174288107303101E-08
27.59 5.18281957484089359337649E-08
27.60 4.81785909250631435320698E-08
27.61 4.45329445872582402188712E-08
27.62 4.08912514835152146320273E-08
27.63 3.72535063709898482400492E-08
27.64 3.36197040154601157270112E-08
27.65 2.99898391913023820432434E-08
27.66 2.63639066814788060989638E-08
27.67 2.27419012775181468653452E-08
27.68 1.91238177795032299338729E-08
27.69 1.72280918378522910279068E-08
27.70 1.55678715811895617543443E-08
27.71 1.39094463958998152897157E-08
27.72 1.22528139087601297225917E-08
27.73 1.05979717504350309267989E-08
27.74 8.94491755547087931378373E-09
27.75 7.29364896228717864591564E-09
27.76 5.64416361317095699858662E-09
27.77 3.99645915426609116722528E-09
27.78 2.35053323556773891459387E-09
27.79 7.06383510913722126949667E-10
