  1.00000000000000002E-003       22.962710239669068            22.962817035593808            8.7591077639999426     
  1.03706397503149539E-003       22.310548899968204            22.310651878683675            8.6146885292001620     
  1.07550168830812618E-003       21.534725066019693            21.534824364688628            8.3284604352056260     
  1.11536405602990964E-003       20.785858822362595            20.785954572080513            8.0516921046414804     
  1.15670388155362982E-003       20.053094468239607            20.053186795858313            7.7741531985379781     
  1.19957592533836738E-003       19.339271837043164            19.339360864805844            7.4992865604817860     
  1.24403697748349173E-003       18.656242548138753            18.656328393885630            7.2395252686265801     
  1.29014593295519674E-003       18.094561374793237            18.094644152544497            7.0859847756019478     
  1.33796386960123343E-003       17.549198805202376            17.549278623935699            6.9341762093585775     
  1.38755412905717667E-003       16.987875935289978            16.987952901912038            6.7523419843307240     
  1.43898240065139997E-003       16.415921098107461            16.415995313914355            6.5463131192256387     
  1.49231680841990506E-003       15.863150217050695            15.863221780580247            6.3463902589499677     
  1.54762800134626132E-003       15.427637053160961            15.427706058832664            6.2511145615426456     
  1.60498924694620223E-003       15.004033350796767            15.004099890434500            6.1555884639038165     
  1.66447652832083502E-003       14.571624992026672            14.571689153505536            6.0395324339725542     
  1.72616864480702845E-003       14.128885293117550            14.128947161507101            5.9018388409583418     
  1.79014731635830648E-003       13.699179701744265            13.699239358833983            5.7662772096506592     
  1.85649729179450905E-003       13.311725811707355            13.311783336978225            5.6624547691147304     
  1.92530646106361990E-003       12.936693094974865            12.936748564063857            5.5609167013853948     
  1.99666597166445843E-003       12.537351323490261            12.537404810277675            5.4252950608349879     
  2.07067034938446639E-003       12.100048292623718            12.100099867642680            5.2422869775451177     
  2.14741762351251027E-003       11.677989141151643            11.678038872928816            5.0654344401035623     
  2.22700945669257119E-003       11.464864285197283            11.464912239564670            5.0887526753721692     
  2.30955127959032915E-003       11.280998598898694            11.281044839478602            5.1328797599609350     
  2.39515243055102344E-003       11.063911950366421            11.063956538209075            5.1356375706573143     
  2.48392630043359165E-003       10.787324801916935            10.787367796260346            5.0710377850875776     
  2.57599048281293742E-003       10.516375799920491            10.516417257593933            5.0044998568085770     
  2.67146692974928575E-003       10.222070215494600            10.222110191497386            4.9072998283950025     
  2.77048211333097904E-003       9.9285919631598247            9.9286305104195591            4.8038827086838065     
  2.87316719320468298E-003       9.6653630575780483            9.6654002271630066            4.7239222751654957     
  2.97965819031493270E-003       9.4653507512831716            9.4653865923770368            4.7006285454613614     
  3.09009616708315685E-003       9.2672894902537699            9.2673240503802834            4.6729700544164547     
  3.20462741426484621E-003       8.9781778993496957            8.9782112243364764            4.5481711494476853     
  3.32340364473240413E-003       8.6668564739085188            8.6668886078445411            4.3952899813625663     
  3.44658219444034675E-003       8.3897936354662477            8.3898246209710816            4.2710048482644805     
  3.57432623083908056E-003       8.2054141661485644            8.2054440442056418            4.2339429080550426     
  3.70680496901331985E-003       8.0234976125049560            8.0235264226925622            4.1940788501771369     
  3.84419389583145294E-003       7.8533836577915945            7.8534114382937847            4.1609405265703385     
  3.98667500240277705E-003       7.6893608610195781            7.6893876486448374            4.1289979399004073     
  4.13443702515052004E-003       7.5222099324583276            7.5222357626883589            4.0892067593946777     
  4.28767569581998877E-003       7.3310164396505098            7.3310413466822633            4.0208212586339647     
  4.44659400075301040E-003       7.1438810844440646            7.1439051012911499            3.9521048160539691     
  4.61140244977211854E-003       6.9837183175075985            6.9837414759648571            3.9061287449710362     
  4.78231935503064913E-003       6.8394430161964586            6.8394653469833218            3.8719591791921406     
  4.95957112019814166E-003       6.6985692635009615            6.6985907961480766            3.8372560523740060     
  5.14339254036409125E-003       6.5787784460131133            6.5787992090760232            3.8198413891413456     
  5.33402711305732552E-003       6.4589940342860972            6.4590140552598720            3.7987742717881852     
  5.53172736079300068E-003       6.3625886575321910            6.3626079629416950            3.7975580945717113     
  5.73675516557447477E-003       6.2825181034484192            6.2825367188750727            3.8092747367767537     
  5.94938211579312901E-003       6.1998272649331758            6.1998452150274002            3.8150906764571637     
  6.16988986598571067E-003       6.1077215947542376            6.1077389032988112            3.8083286061517465     
  6.39857050992568080E-003       6.0142804760495441            6.0142971659647202            3.7971809587009737     
  6.63572696754282949E-003       5.8901514487062823            5.8901675421117812            3.7524042833503892     
  6.88167338618365671E-003       5.7383674898359471            5.7383830080455986            3.6771366706585131     
  7.13673555674407441E-003       5.5899093558399544            5.5899243194110371            3.6024602337709988     
  7.40125134522562345E-003       5.5501485467738725            5.5501629755341826            3.6338442070616188     
  7.67557114028688797E-003       5.5096338077981937            5.5096477208539438            3.6619315770391507     
  7.96005831738294707E-003       5.4454419704689032            5.4454553862569544            3.6638900484765125     
  8.25508972010767679E-003       5.3544536337283164            5.3544665700172471            3.6366878457810725     
  8.56105615937650249E-003       5.2630135592513216            5.2630260331852776            3.6067542244009183     
  8.87836293111086278E-003       5.1500215983470996            5.1500336264412745            3.5530705096639243     
  9.20743035311011142E-003       5.0362277788015213            5.0362393769966669            3.4964652915336316     
  9.54869432182201688E-003       4.9481893005439019            4.9482004842027880            3.4635715243503999     
  9.90260688974940913E-003       4.8990621483433605            4.8990729322836160            3.4676182398696036     
  1.02696368642577959E-002       4.8471262175621828            4.8471366160667166            3.4669557697787714     
  1.06502704285771754E-002       4.8176464873532110            4.8176565141957193            3.4869170121993460     
  1.10450117858206295E-002       4.7885629978957871            4.7885726663641774            3.5055074988871504     
  1.14543838268728604E-002       4.7519165743441532            4.7519258972446279            3.5148312059360460     
  1.18789288230332375E-002       4.7043742239630841            4.7043832136443982            3.5116160345654692     
  1.23192091443310552E-002       4.6541605146225491            4.6541691829969283            3.5041452702777822     
  1.27758080044643087E-002       4.5937564717969153            4.5937648303477836            3.4849565576379722     
  1.32493302333489549E-002       4.5296336029128099            4.5296416627133524            3.4605759996202248     
  1.37404030783018407E-002       4.4710136427060583            4.4710214144339577            3.4402779752847024     
  1.42496770349186969E-002       4.4303262215173387            4.4303337154677660            3.4365428778095390     
  1.47778267087478009E-002       4.3868362574697368            4.3868434835712984            3.4286845739090741     
  1.53255517089005908E-002       4.3521677288736029            4.3521746966988735            3.4283742410787506     
  1.58935775747831784E-002       4.3186328553370119            4.3186395741181727            3.4279696112280735     
  1.64826567371760824E-002       4.2848855077868837            4.2848919864245145            3.4261684409885782     
  1.70935695149354826E-002       4.2601987893465347            4.2602050364229678            3.4322861507245404     
  1.77271251486361830E-002       4.2318035606071112            4.2318095843992154            3.4335944058597527     
  1.83841628725254225E-002       4.1950771530773467            4.1950829615667677            3.4255098843783336     
  1.90655530262076565E-002       4.1531132684558409            4.1531188693367405            3.4111642282178924     
  1.97721982075326624E-002       4.1122617571275182            4.1122671578204786            3.3969438720229128     
  2.05050344682144378E-002       4.0918314363479453            4.0918366440085938            3.4021929097897510     
  2.12650325537642945E-002       4.0676088559470616            4.0676138774737085            3.4027319072998541     
  2.20531991893809440E-002       4.0468157053085854            4.0468205473549075            3.4058153541578511     
  2.28705784135007605E-002       4.0268163119125155            4.0268209808938993            3.4088392057828254     
  2.37182529607746009E-002       4.0022310262754521            4.0022355283780886            3.4064543102442206     
  2.45973456963034486E-002       3.9627968770519377            3.9628012182404522            3.3884271037614058     
  2.55090211030322943E-002       3.9210693787698729            3.9210735647962354            3.3673414573937728     
  2.64544868242729755E-002       3.8917540094323138            3.8917580458422592            3.3579301922046603     
  2.74349952633988620E-002       3.8716359328842125            3.8716398250257895            3.3570048378480006     
  2.84518452428306652E-002       3.8479862772280251            3.8479900302584862            3.3518619459089591     
  2.95063837245109171E-002       3.8213421858625187            3.8213458047547078            3.3430631746200468     
  3.06000075941459046E-002       3.7916875459668375            3.7916910355149964            3.3306160498182686     
  3.17341655115789059E-002       3.7574894227141842            3.7574927875426511            3.3130104304717793     
  3.29103598297454183E-002       3.7189871467259867            3.7189903912924995            3.2905076263276376     
  3.41301485847526204E-002       3.6784375210592595            3.6784406496634547            3.2653856340135570     
  3.53951475597191270E-002       3.6711421719075967            3.6711451886944984            3.2729665158128713     
  3.67070324251086363E-002       3.6616991595482271            3.6617020685158508            3.2778680376820839     
  3.80675409583931673E-002       3.6460560469135226            3.6460588519159893            3.2760567639254026     
  3.94784753459854684E-002       3.6238542681529493            3.6238569729071024            3.2671924509266161     
  4.09417045704905946E-002       3.5985823357524604            3.5985849438426691            3.2547812785389656     
  4.24591668864381239E-002       3.5862788003382433            3.5862813152204063            3.2548788332918610     
  4.40328723877751529E-002       3.5722967307646898            3.5722991557711552            3.2528546110452798     
  4.56649056705206793E-002       3.5515330541649983            3.5515353925095190            3.2436213788003343     
  4.73574285941084430E-002       3.5219891013050044            3.5219913560861986            3.2251957410352374     
  4.91126831450763093E-002       3.4900205378325397            3.4900227120384519            3.2039480911869238     
  5.09329944068951587E-002       3.4748698729366336            3.4748719694484489            3.1991351398192829     
  5.28207736398716224E-002       3.4603613793272334            3.4603634009232316            3.1945948534146531     
  5.47785214752041089E-002       3.4437355169389785            3.4437374662985034            3.1875808962169878     
  5.68088312274232926E-002       3.4269144939515539            3.4269163736581230            3.1800282087431855     
  5.89143923296049574E-002       3.4068971320779204            3.4068989446226485            3.1689478899371690     
  6.10979938959051450E-002       3.3837520621956050            3.3837538099805813            3.1544204090641230     
  6.33625284161374452E-002       3.3578541943331963            3.3578558796750517            3.1368320913786669     
  6.57109955872855478E-002       3.3317524562901526            3.3317540814225399            3.1187428718657815     
  6.81465062870274391E-002       3.3106232170541059            3.3106247841309693            3.1053397332387425     
  7.06722866945334732E-002       3.2867486204415024            3.2867501315399421            3.0889150536391861     
  7.32916825639983172E-002       3.2606212903255236            3.2606227474483873            3.0699713254219088     
  7.60081636565666657E-002       3.2322760647751303            3.2322774698539911            3.0485529023661608     
  7.88253283365234481E-002       3.2051549462706705            3.2051563011680413            3.0281109624962275     
  8.17469083378377925E-002       3.1920612647769371            3.1920625712887727            3.0214576833088613     
  8.47767737073733818E-002       3.1758095579465340            3.1758108178048272            3.0114161336965291     
  8.79189379313141811E-002       3.1517087241550099            3.1517099390299834            2.9933034382834633     
  9.11775632515960249E-002       3.1225499385840974            3.1225511100862251            2.9699187044058100     
  9.45569661793857347E-002       3.0932820506374128            3.0932831803198506            2.9462184300346830     
  9.80616232129124799E-002       3.0771594893024985            3.0771605786629901            2.9354644192699211     
  0.10169617676722376            3.0582382981663230            3.0582393486492472            2.9217198271250666     
  0.10546544132372269            3.0331270772465566            3.0331280902447419            2.9016001107788449     
  0.10937440980763082            3.0033233801749724            3.0033243570315298            2.8766094358419778     
  0.11342826020182541            2.9717381936892826            2.9717391356996679            2.8496651646076416     
  0.11763236240581175            2.9377791668874043            2.9377800753006982            2.8201810937512102     
  0.12199228534891660            2.9024516850133772            2.9024525610343308            2.7891685362596563     
  0.12651380436712395            2.8710168148015573            2.8710176595919763            2.7618942746280504     
  0.13120290885332653            2.8428111430941527            2.8428119577744781            2.7377004070486022     
  0.13606581019112582            2.8129544255757706            2.8129552112265226            2.7117120034459687     
  0.14110894998268980            2.7861334216929232            2.7861341793562628            2.6886209474364278     
  0.14633900858156879            2.7577162734684988            2.7577170041495003            2.6638003219302626     
  0.15176291394176988            2.7279986155037856            2.7279993201718122            2.6375505256789262     
  0.15738785079481465            2.6971487967646923            2.6971494763546513            2.6100445013723217     
  0.16322127016693427            2.6650196094564005            2.6650202648700012            2.5811394705987647     
  0.16927089924901051            2.6294275274615595            2.6294281595684295            2.5486561781508366     
  0.17554475163233466            2.5927829481373967            2.5927835577764866            2.5150091394802390     
  0.18205113792374561            2.5585003869838672            2.5585009749642174            2.4836168408212971     
  0.18879867675420667            2.5280374717270240            2.5280380388291506            2.4559407385345189     
  0.19579630619540381            2.4964840326336120            2.4964845796102915            2.4270743544931630     
  0.20305329559948934            2.4578656662742011            2.4578661938516788            2.3910468447368793     
  0.21057925787765172            2.4178553054456340            2.4178558143244140            2.3535345741096587     
  0.21838416223377988            2.3785986066197520            2.3785990974756372            2.3166865082553132     
  0.22647834737008679            2.3410979413762409            2.3410984148611957            2.2815082094343562     
  0.23487253518218584            2.3032395898145315            2.3032400465575544            2.2458890341630204     
  0.24357784496176246            2.2649228098226932            2.2649232504306513            2.2097312065579633     
  0.25260580812565075            2.2263602930440842            2.2263607181024843            2.1732502782328260     
  0.26196838349083063            2.1879285920143645            2.1879290020882287            2.1368255592244556     
  0.27167797311557607            2.1501088389524363            2.1501092345868860            2.1009408404373868     
  0.28174743872773883            2.1121977503428626            2.1121981327502124            2.0648954017489785     
  0.29219011876193157            2.0707832603719090            2.0707836293491040            2.0252796488420182     
  0.30301984602817356            2.0284322026314641            2.0284325586694201            1.9846627981835603     
  0.31425096603540942            1.9871645087777909            1.9871648523504248            1.9450670788412916     
  0.32589835599416889            1.9488732305416170            1.9488735621063940            1.9083877575381312     
  0.33797744452354228            1.9107807567005606            1.9107810766990778            1.8718493585600895     
  0.35050423208857151            1.8711912864513587            1.8711915953100318            1.8337581399587681     
  0.36349531219513587            1.8311857937562914            1.8311860918868650            1.7951970606266365     
  0.37696789337040215            1.7919040270219351            1.7919043148220488            1.7573077826068593     
  0.39093982195795779            1.7545513131315100            1.7545515909852381            1.7212974776624295     
  0.40542960575782488            1.7175797225105007            1.7175799907888623            1.6856199947876633     
  0.42045643854266207            1.6762710230737674            1.6762712821352121            1.6455588165135304     
  0.43604022548263888            1.6328365017316682            1.6328367519226190            1.6033268826874778     
  0.45220160951265514            1.5905769855068832            1.5905772271621301            1.5622266137824770     
  0.46896199867683380            1.5515277242783996            1.5515279577215990            1.5242947957546629     
  0.48634359448651227            1.5132380082794421            1.5132382338235735            1.4870821995791936     
  0.50436942132928819            1.4736816073905878            1.4736818253383237            1.4485640225082728     
  0.52306335696808681            1.4334342859294011            1.4334344965735601            1.4093174047553199     
  0.54245016417064229            1.3941885751179319            1.3941887787419078            1.3710362037891615     
  0.56255552351129312            1.3562413682226373            1.3562415651007558            1.3340185912352602     
  0.58340606738854572            1.3192257800880598            1.3192259704859410            1.2978989141076938     
  0.60502941530345777            1.2802913638074374            1.2802915479824042            1.2598279131173413     
  0.62745421044558558            1.2396120639448018            1.2396122421462501            1.2199806774730595     
  0.65071015763494688            1.2002051501065929            1.2002053225763059            1.1813755799760193     
  0.67482806267026907            1.1623645690742241            1.1623647360467522            1.1443076306207149     
  0.69983987313563256            1.1257094081834074            1.1257095698863722            1.1083969413904677     
  0.72577872071957672            1.0884091401581735            1.0884092968126398            1.0718139724573124     
  0.75267896510271792            1.0500470506432833            1.0500472024640346            1.0341429610318538     
  0.78057623947201626            1.0130368072003682            1.0130369543962663           0.99779849163028089     
  0.80950749772198582           0.97764667978897835           0.97764682256324387           0.96304971778149739     
  0.83951106340536208           0.94352694911969359           0.94352708767023719           0.92954777156328006     
  0.87062668049808267           0.90869145651820593           0.90869159103792052           0.89530731460807655     
  0.90289556604581755           0.87197041076310022           0.87197054144015596           0.85915934604283861     
  0.93636046476178691           0.83671346484733278           0.83671359186548255           0.82445428031452883     
  0.97106570564819750           0.80102087732011495           0.80102100085900574           0.78929310955962562     
   1.0070572607162840           0.76646287420007975           0.76646299443551114           0.75524676651009448     
   1.0443828058827587           0.73284498375840135           0.73284510086263810           0.72212146023608248     
   1.0830917841233207           0.69953955378233634           0.69953966792440736           0.68929019433737915     
   1.1232354709668844           0.66767868867389979           0.66767880001986912           0.65788570493994447     
   1.1648670424172911           0.63593948054673510           0.63593958926002936           0.62658569266215702     
   1.2080416453924576           0.60526212822454661           0.60526223446623573           0.59633094245577734     
   1.2528164707742908           0.57535081398992061           0.57535091776815261           0.56682620117212379     
   1.2992508291661142           0.54496790311752885           0.54496800474601947           0.53683437788917021     
   1.3474062294579772           0.51602182663832719           0.51602192627269650           0.50826442744798861     
   1.3973464603038892           0.48723085759249102           0.48723095538725003           0.47983512745817958     
   1.4491376746189413           0.45936641137774059           0.45936650748661112           0.45231837938097957     
   1.5028484772082176           0.43262243463344996           0.43262252908491272           0.42590859813264365     
   1.5585500156435823           0.40612757687940804           0.40612766995606736           0.39973488442938465     
   1.6163160745087333           0.38097394761699283           0.38097403947206415           0.37488978258431110     
   1.6762231731373303           0.35628026337292329           0.35628035416022696           0.35049242823954224     
   1.7383506669737065           0.33244274359392006           0.33244283346827097           0.32693944494526428     
   1.8027808526904037           0.30978054268598859           0.30978063180356996           0.30455037688340342     
   1.8695990772017774           0.28779836836758477           0.28779845688637762           0.28283030790980290     
   1.9388938507180913           0.26699176788783913           0.26699185596803932           0.26227514855280532     
   2.0107569639898268           0.24675757396545131           0.24675766176992533           0.24228208232738177     
   2.0852836098975516           0.22726219695868863           0.22726228465344062           0.22301785918182607     
   2.1625725095483799           0.20884735464709728           0.20884744240177588           0.20482452567758305     
   2.2427260430460798           0.19149232401246402           0.19149241200088174           0.18768167769041708     
   2.3258503851080246           0.17511104711135983           0.17511113551204424           0.17150356718988682     
   2.4120556457086626           0.15911695993063671           0.15911704892742742           0.15570393195202747     
   2.5014560159357870           0.14357888019202236           0.14357896997468478           0.14035188459925885     
   2.5941699192528125           0.12894820159003945           0.12894829235493152           0.12589910792132153     
   2.6903201683674562           0.11577250570874387           0.11577259765951853           0.11289346820479465     
   2.7900341279145571           0.10337510602713611           0.10337519937235365           0.10065856085099223     
   2.8934438831686027           9.18263761030970044E-002      9.18264710665774170E-002      8.92650404779902762E-002
   3.0006864150093975           8.10925338274555846E-002      8.10926306394390700E-002      7.86794074987717529E-002
   3.1119037813726504           7.10086424596841070E-002      7.10087413610437784E-002      6.87370120260835799E-002
   3.2272433054258638           6.22103893803712601E-002      6.22104906235672259E-002      6.00738362352192801E-002
   3.3468577707187293           5.39941349352756686E-002      5.39942387854263142E-002      5.19865478410914475E-002
   3.4709056235666154           4.64321957803956742E-002      4.64323025163930619E-002      4.45477895118331219E-002
   3.5995511829351661           3.95488148207382498E-002      3.95489247364630425E-002      3.77821569309835376E-002
   3.7329648581040620           3.30981409124150305E-002      3.30982543180357580E-002      3.14441896317253153E-002
   3.8713233743982816           2.77969819724429995E-002      2.77970991958183151E-002      2.62511397606663248E-002
   4.0148100072858250           2.29344053715930668E-002      2.29345267597773593E-002      2.14925951504136535E-002
   4.1636148251520657           1.86263302296149902E-002      1.86264561504863035E-002      1.72851054282420480E-002
   4.3179349410722629           1.50425272264975568E-002      1.50426579999585336E-002      1.37992347382245462E-002
   4.4779747739157871           1.16910982726828976E-002      1.16912343833125501E-002      1.05441272493065601E-002
   4.6439463191278696           9.12038020249109418E-003      9.12052209076105215E-003      8.06955930450701034E-003
   4.8160694295476310           6.84249845638260426E-003      6.84264659093941456E-003      5.88976880872348844E-003
   4.9945721066343332           4.88646662877274558E-003      4.88662150855111947E-003      4.03711965384100698E-003
   5.1796908024876274           3.47936709815007197E-003      3.47952925396107123E-003      2.74461308083942318E-003
   5.3716707330618965           2.16660368213406280E-003      2.16677367691112989E-003      1.57005296293376176E-003
   5.5707662029895184           1.36623881552782505E-003      1.36641739485688415E-003      9.68290000431772362E-004
   5.7772409424434219           7.54967101898810296E-004      7.55154802401008553E-004      7.54967101898810296E-004
   5.9913684564850795           3.05531422445285458E-004      3.05729849305000920E-004      3.05531422445285458E-004
   6.2134323873607267           2.94611933112426101E-004      2.94820162628996098E-004      2.94611933112426101E-004
   6.4437268902257516            0.0000000000000000           2.19529912827839716E-007       0.0000000000000000     
   6.6825570227948550            0.0000000000000000           2.31741220406821654E-007       0.0000000000000000     
   6.9302391494342697            0.0000000000000000           2.44893338553649060E-007       0.0000000000000000     
   7.1871013602311944            0.0000000000000000           2.59047486287133283E-007       0.0000000000000000     
   7.4534839055956246            0.0000000000000000           2.74275818464798863E-007       0.0000000000000000     
   7.7297396469702750            0.0000000000000000           2.90658399104820803E-007       0.0000000000000000     
   8.0162345242455437            0.0000000000000000           3.08282814712783991E-007       0.0000000000000000     
   8.3133480404987932            0.0000000000000000           3.27244451151258019E-007       0.0000000000000000     
   8.6214737646999655            0.0000000000000000           3.47647039114731961E-007       0.0000000000000000     
   8.9410198530495002            0.0000000000000000           3.69603324706873732E-007       0.0000000000000000     
   9.2724095896390324            0.0000000000000000           3.93235860452231747E-007       0.0000000000000000     
   9.6160819471512156            0.0000000000000000           4.18677875128327829E-007       0.0000000000000000     
   9.9724921683412440            0.0000000000000000           4.46074251438824780E-007       0.0000000000000000     
   10.342112369070419            0.0000000000000000           4.75582599929857449E-007       0.0000000000000000     
   10.725432163690567            0.0000000000000000           5.07374444577376035E-007       0.0000000000000000     
   11.122959313607593            0.0000000000000000           5.41636535711387505E-007       0.0000000000000000     
   11.535220399883487            0.0000000000000000           5.78572291557994837E-007       0.0000000000000000     
   11.962761520767568            0.0000000000000000           6.18403390038138817E-007       0.0000000000000000     
   12.406149015081034            0.0000000000000000           6.61371528624192856E-007       0.0000000000000000     
   12.865970212413011            0.0000000000000000           7.07740362872344938E-007       0.0000000000000000     
   13.342834211121826            0.0000000000000000           7.57797661005173315E-007       0.0000000000000000     
   13.837372685172232            0.0000000000000000           8.11857670109501862E-007       0.0000000000000000     
   14.350240720876954            0.0000000000000000           8.70263749578869787E-007       0.0000000000000000     
   14.882117684651490            0.0000000000000000           9.33391279665707390E-007       0.0000000000000000     
   15.433708122931193            0.0000000000000000           1.00165089246037726E-006       0.0000000000000000     
   16.005742695442908            0.0000000000000000           1.07549205374211922E-006       0.0000000000000000     
   16.598979143067346            0.0000000000000000           1.15540703847958973E-006       0.0000000000000000     
   17.214203291574311            0.0000000000000000           1.24193535287585138E-006       0.0000000000000000     
   17.852230092560312            0.0000000000000000           1.33566865548063920E-006       0.0000000000000000     
   18.513904702967480            0.0000000000000000           1.43725622987490512E-006       0.0000000000000000     
   19.200103604613719            0.0000000000000000           1.54741108808947758E-006       0.0000000000000000     
   19.911735765217252            0.0000000000000000           1.66691677661395103E-006       0.0000000000000000     
   20.649743842453002            0.0000000000000000           1.79663497905524987E-006       0.0000000000000000     
   21.415105432636462            0.0000000000000000           1.93751400798453834E-006       0.0000000000000000     
   22.208834365688546            0.0000000000000000           2.09059830294628777E-006       0.0000000000000000     
   23.031982048097049            0.0000000000000000           2.25703907590986810E-006       0.0000000000000000     
   23.885638855653571            0.0000000000000000           2.43810623344298431E-006       0.0000000000000000     
   24.770935577810842            0.0000000000000000           2.63520175458534974E-006       0.0000000000000000     
   25.689044915573607            0.0000000000000000           2.84987472922775037E-006       0.0000000000000000     
   26.641183034907343            0.0000000000000000           3.08383825141992375E-006       0.0000000000000000     
   27.628611177722654            0.0000000000000000           3.33898844803166055E-006       0.0000000000000000     
   28.652637332568666            0.0000000000000000           3.61742591719063469E-006       0.0000000000000000     
   29.714617967249492            0.0000000000000000           3.92147991598883108E-006       0.0000000000000000     
   30.815959825658059            0.0000000000000000           4.25373567384483124E-006       0.0000000000000000     
   31.958121791207823            0.0000000000000000           4.61706528545196871E-006       0.0000000000000000     
   33.142616819330648            0.0000000000000000           5.01466267349914216E-006       0.0000000000000000     
   34.371013941600744            0.0000000000000000           5.45008321772489516E-006       0.0000000000000000     
   35.644940344139428            0.0000000000000000           5.92728871564219732E-006       0.0000000000000000     
   36.966083523053754            0.0000000000000000           6.45069845836569466E-006       0.0000000000000000     
   38.336193519764329            0.0000000000000000           7.02524731357034634E-006       0.0000000000000000     
   39.757085239183453            0.0000000000000000           7.65645185092558670E-006       0.0000000000000000     
   41.230640853813597            0.0000000000000000           8.35048570935304891E-006       0.0000000000000000     
   42.758812296951902            0.0000000000000000           9.11426558870094542E-006       0.0000000000000000     
   44.343623848302535            0.0000000000000000           9.95554944781676351E-006       0.0000000000000000     
   45.987174815422058            0.0000000000000000           1.08830487599632596E-005       0.0000000000000000     
   47.691642314549888            0.0000000000000000           1.19065569258991720E-005       0.0000000000000000     
   49.459284154507387            0.0000000000000000           1.30370962645880002E-005       0.0000000000000000     
   51.292441827485696            0.0000000000000000           1.42870863536778101E-005       0.0000000000000000     
   53.193543610683953            0.0000000000000000           1.56705368313781693E-005       0.0000000000000000     
   55.165107782907121            0.0000000000000000           1.72032681892473919E-005       0.0000000000000000     
   57.209745960382556            0.0000000000000000           1.89039125847188814E-005       0.0000000000000000     
   59.330166556216383            0.0000000000000000           2.07912035275288500E-005       0.0000000000000000     
   61.529178368070468            0.0000000000000000           2.28888082874226282E-005       0.0000000000000000     
   63.809694298813071            0.0000000000000000           2.52227000248511385E-005       0.0000000000000000     
   66.174735215071649            0.0000000000000000           2.78223305978581396E-005       0.0000000000000000     
   68.627433948798910            0.0000000000000000           3.07211048186627685E-005       0.0000000000000000     
   71.171039447152793            0.0000000000000000           3.39569058870293352E-005       0.0000000000000000     
   73.808921076187659            0.0000000000000000           3.75726667615778809E-005       0.0000000000000000     
   76.544573084056964            0.0000000000000000           4.16169731121498771E-005       0.0000000000000000     
   79.381619229640933            0.0000000000000000           4.61446673736263773E-005       0.0000000000000000     
   82.323817582728040            0.0000000000000000           5.12173946277009811E-005       0.0000000000000000     
   85.375065502111667            0.0000000000000000           5.69039913723835253E-005       0.0000000000000000     
   88.539404798194241            0.0000000000000000           6.32805028734890427E-005       0.0000000000000000     
   91.821027086938003            0.0000000000000000           7.04294918635951816E-005       0.0000000000000000     
   95.224279342254547            0.0000000000000000           7.84380193023685111E-005       0.0000000000000000     
   98.753669654188059            0.0000000000000000           8.73956645288215229E-005       0.0000000000000000     
   102.41387320051945            0.0000000000000000           9.73742022844905020E-005       0.0000000000000000     
   106.20973843970204            0.0000000000000000           1.08426593108778774E-004       0.0000000000000000     
   110.14629353333284            0.0000000000000000           1.20537344060776710E-004       0.0000000000000000     
   114.22875300666408            0.0000000000000000           1.33548592044430722E-004       0.0000000000000000     
   118.46252465598195            0.0000000000000000           1.46989240393151306E-004       0.0000000000000000     
   122.85321671199921            0.0000000000000000           1.59649011095817586E-004       0.0000000000000000     
   127.40664526875166            0.0000000000000000           1.68189852251663703E-004       0.0000000000000000     
   132.12884198783928            0.0000000000000000            0.0000000000000000            0.0000000000000000     
   137.02606208821700            0.0000000000000000            0.0000000000000000            0.0000000000000000     
   142.10479263211886            0.0000000000000000            0.0000000000000000            0.0000000000000000     
   147.37176111809160            0.0000000000000000            0.0000000000000000            0.0000000000000000     
   152.83394439251975            0.0000000000000000            0.0000000000000000            0.0000000000000000     
   158.49857789144909            0.0000000000000000            0.0000000000000000            0.0000000000000000     
   164.37316522494532            0.0000000000000000            0.0000000000000000            0.0000000000000000     
   170.46548811669061            0.0000000000000000            0.0000000000000000            0.0000000000000000     
   176.78361671197936            0.0000000000000000            0.0000000000000000            0.0000000000000000     
   183.33592026776964            0.0000000000000000            0.0000000000000000            0.0000000000000000     
   190.13107823895052            0.0000000000000000            0.0000000000000000            0.0000000000000000     
   197.17809177551035            0.0000000000000000            0.0000000000000000            0.0000000000000000     
   204.48629564583581            0.0000000000000000            0.0000000000000000            0.0000000000000000     
   212.06537060193565            0.0000000000000000            0.0000000000000000            0.0000000000000000     
   219.92535620297068            0.0000000000000000            0.0000000000000000            0.0000000000000000     
   228.07666411407035            0.0000000000000000            0.0000000000000000            0.0000000000000000     
   236.53009189806107            0.0000000000000000            0.0000000000000000            0.0000000000000000     
   245.29683731836820            0.0000000000000000            0.0000000000000000            0.0000000000000000     
   254.38851317204106            0.0000000000000000            0.0000000000000000            0.0000000000000000     
   263.81716267254887            0.0000000000000000            0.0000000000000000            0.0000000000000000     
   273.59527540272421            0.0000000000000000            0.0000000000000000            0.0000000000000000     
   283.73580385898600            0.0000000000000000            0.0000000000000000            0.0000000000000000     
   294.25218060875676            0.0000000000000000            0.0000000000000000            0.0000000000000000     
   305.15833608380228            0.0000000000000000            0.0000000000000000            0.0000000000000000     
   316.46871703306505            0.0000000000000000            0.0000000000000000            0.0000000000000000     
   328.19830565942806            0.0000000000000000            0.0000000000000000            0.0000000000000000     
   340.36263946576827            0.0000000000000000            0.0000000000000000            0.0000000000000000     
   352.97783183658146            0.0000000000000000            0.0000000000000000            0.0000000000000000     
   366.06059338244393            0.0000000000000000            0.0000000000000000            0.0000000000000000     
   379.62825407558535            0.0000000000000000            0.0000000000000000            0.0000000000000000     
   393.69878620589316            0.0000000000000000            0.0000000000000000            0.0000000000000000     
   408.29082818775851            0.0000000000000000            0.0000000000000000            0.0000000000000000     
   423.42370924929742            0.0000000000000000            0.0000000000000000            0.0000000000000000     
   439.11747503665663            0.0000000000000000            0.0000000000000000            0.0000000000000000     
   455.39291416730867            0.0000000000000000            0.0000000000000000            0.0000000000000000     
   472.27158576752583            0.0000000000000000            0.0000000000000000            0.0000000000000000     
   489.77584803049825            0.0000000000000000            0.0000000000000000            0.0000000000000000     
   507.92888783293029            0.0000000000000000            0.0000000000000000            0.0000000000000000     
   526.75475144934524            0.0000000000000000            0.0000000000000000            0.0000000000000000     
   546.27837640478560            0.0000000000000000            0.0000000000000000            0.0000000000000000     
   566.52562450809853            0.0000000000000000            0.0000000000000000            0.0000000000000000     
   587.52331610956912            0.0000000000000000            0.0000000000000000            0.0000000000000000     
   609.29926562827438            0.0000000000000000            0.0000000000000000            0.0000000000000000     
   631.88231839622938            0.0000000000000000            0.0000000000000000            0.0000000000000000     
   655.30238886811082            0.0000000000000000            0.0000000000000000            0.0000000000000000     
   679.59050024719807            0.0000000000000000            0.0000000000000000            0.0000000000000000     
   704.77882558000181            0.0000000000000000            0.0000000000000000            0.0000000000000000     
   730.90073037402578            0.0000000000000000            0.0000000000000000            0.0000000000000000     
   757.99081679511062            0.0000000000000000            0.0000000000000000            0.0000000000000000     
   786.08496950290760            0.0000000000000000            0.0000000000000000            0.0000000000000000     
   815.22040318519726            0.0000000000000000            0.0000000000000000            0.0000000000000000     
   845.43571185401754            0.0000000000000000            0.0000000000000000            0.0000000000000000     
   876.77091996890965            0.0000000000000000            0.0000000000000000            0.0000000000000000     
   909.26753545497877            0.0000000000000000            0.0000000000000000            0.0000000000000000     
   942.96860468603165            0.0000000000000000            0.0000000000000000            0.0000000000000000     
   977.91876950559890            0.0000000000000000            0.0000000000000000            0.0000000000000000     
   1014.1643263613854            0.0000000000000000            0.0000000000000000            0.0000000000000000     
   1051.7532876314774            0.0000000000000000            0.0000000000000000            0.0000000000000000     
   1090.7354452235440            0.0000000000000000            0.0000000000000000            0.0000000000000000     
   1131.1624365312766            0.0000000000000000            0.0000000000000000            0.0000000000000000     
   1173.0878128354377            0.0000000000000000            0.0000000000000000            0.0000000000000000     
   1216.5671102401197            0.0000000000000000            0.0000000000000000            0.0000000000000000     
   1261.6579232381982            0.0000000000000000            0.0000000000000000            0.0000000000000000     
   1308.4199810033876            0.0000000000000000            0.0000000000000000            0.0000000000000000     
   1356.9152265100070            0.0000000000000000            0.0000000000000000            0.0000000000000000     
   1407.2078985852302            0.0000000000000000            0.0000000000000000            0.0000000000000000     
   1459.3646170025165            0.0000000000000000            0.0000000000000000            0.0000000000000000     
   1513.4544707289463            0.0000000000000000            0.0000000000000000            0.0000000000000000     
   1569.5491094433492            0.0000000000000000            0.0000000000000000            0.0000000000000000     
   1627.7228384464638            0.0000000000000000            0.0000000000000000            0.0000000000000000     
   1688.0527170888352            0.0000000000000000            0.0000000000000000            0.0000000000000000     
   1750.6186608468640            0.0000000000000000            0.0000000000000000            0.0000000000000000     
   1815.5035471821625            0.0000000000000000            0.0000000000000000            0.0000000000000000     
   1882.7933253245142            0.0000000000000000            0.0000000000000000            0.0000000000000000     
   1952.5771301238085            0.0000000000000000            0.0000000000000000            0.0000000000000000     
   2024.9474001217866            0.0000000000000000            0.0000000000000000            0.0000000000000000     
