  1.00000000000000002E-003       23.160744959033810            23.160851754958550            9.7123873508301539     
  1.03706397503149539E-003       22.355334054246402            22.355437032961877            9.3877312274374738     
  1.07550168830812618E-003       21.567152358408109            21.567251657077044            9.0631224562283510     
  1.11536405602990964E-003       20.799434362946080            20.799530112663998            8.7424095978213412     
  1.15670388155362982E-003       20.065385934609964            20.065478262228673            8.4393906393216653     
  1.19957592533836738E-003       19.461276671055348            19.461365698818035            8.2509061388083058     
  1.24403697748349173E-003       18.874718815800637            18.874804661547518            8.0651188937470888     
  1.29014593295519674E-003       18.270678601916757            18.270761379668016            7.8475260143987695     
  1.33796386960123343E-003       17.655533441550155            17.655613260283470            7.6050168171890880     
  1.38755412905717667E-003       17.061020900245484            17.061097866867545            7.3698224767597891     
  1.43898240065139997E-003       16.593137394699671            16.593211610506561            7.2484153777171665     
  1.49231680841990506E-003       16.137526319786126            16.137597883315678            7.1268978723028802     
  1.54762800134626132E-003       15.672227318870704            15.672296324542408            6.9837521580465109     
  1.60498924694620223E-003       15.196045013315070            15.196111552952804            6.8182095939584650     
  1.66447652832083502E-003       14.733881448935046            14.733945610413910            6.6555837122925743     
  1.72616864480702845E-003       14.317325689055892            14.317387557445443            6.5278603563648625     
  1.79014731635830648E-003       13.913957994594153            13.914017651683871            6.4030023866800700     
  1.85649729179450905E-003       13.484000501974061            13.484058027244931            6.2416008652540240     
  1.92530646106361990E-003       13.013678281570682            13.013733750659673            6.0302366028490102     
  1.99666597166445843E-003       12.559750953258771            12.559804440046184            5.8260122458994328     
  2.07067034938446639E-003       12.331696657787557            12.331748232806518            5.8387367021968126     
  2.14741762351251027E-003       12.133905351198351            12.133955082975524            5.8731188733138620     
  2.22700945669257119E-003       11.899895561026021            11.899943515393407            5.8629848334412165     
  2.30955127959032915E-003       11.602402757773143            11.602448998353053            5.7813666083204938     
  2.39515243055102344E-003       11.310974607483798            11.311019195326455            5.6980978204673436     
  2.48392630043359165E-003       10.994240503551559            10.994283497894971            5.5820835997952534     
  2.57599048281293742E-003       10.678590326254923            10.678631783928363            5.4599797085581674     
  2.67146692974928575E-003       10.395896990285870            10.395936966288655            5.3639154409150294     
  2.77048211333097904E-003       10.180755443873149            10.180793991132882            5.3287329618369119     
  2.87316719320468298E-003       9.9677132496848948            9.9677504192698532            5.2892182151796465     
  2.97965819031493270E-003       9.6560969041668940            9.6561327452607610            5.1449275591525421     
  3.09009616708315685E-003       9.3212683479432386            9.3213029080697538            4.9714445809577557     
  3.20462741426484621E-003       9.0238586950473039            9.0238920200340829            4.8296141197246483     
  3.32340364473240413E-003       8.8255360533850897            8.8255681873211120            4.7813103700617656     
  3.44658219444034675E-003       8.6298630754992036            8.6298940610040376            4.7302947057786264     
  3.57432623083908056E-003       8.4469552404490571            8.4469851185061309            4.6868742250710742     
  3.70680496901331985E-003       8.2705260063890567            8.2705548165766611            4.6449471568529797     
  3.84419389583145294E-003       8.0905673936923268            8.0905951741945188            4.5946836886967226     
  3.98667500240277705E-003       7.8849235335047156            7.8849503211299750            4.5140997513359284     
  4.13443702515052004E-003       7.6836447409571260            7.6836705711871582            4.4334113195074023     
  4.28767569581998877E-003       7.5115676967939295            7.5115926038256839            4.3776148129927703     
  4.44659400075301040E-003       7.3563791076097802            7.3564031244568664            4.3345509684245682     
  4.61140244977211854E-003       7.2049663396594887            7.2049894981167473            4.2912556771788095     
  4.78231935503064913E-003       7.0761081046709284            7.0761304354577916            4.2666508679178419     
  4.95957112019814166E-003       6.9472575813986994            6.9472791140458146            4.2383278178288633     
  5.14339254036409125E-003       6.8437677883944090            6.8437885514573198            4.2317727083558312     
  5.33402711305732552E-003       6.7576234329604645            6.7576434539342385            4.2390986505289137     
  5.53172736079300068E-003       6.6686215501931674            6.6686408556026704            4.2402264941066523     
  5.73675516557447477E-003       6.5695368411176522            6.5695554565443048            4.2280503297064351     
  5.94938211579312901E-003       6.4690167449966998            6.4690346950909232            4.2113327192879382     
  6.16988986598571067E-003       6.3351839101365259            6.3352012186810995            4.1583073194201274     
  6.39857050992568080E-003       6.1719287095297730            6.1719453994449491            4.0729715440040275     
  6.63572696754282949E-003       6.0122508429227661            6.0122669363282641            3.9884283081070180     
  6.88167338618365671E-003       5.9700436982445790            5.9700592164542305            4.0186705261324978     
  7.13673555674407441E-003       5.9264396651586049            5.9264546287296884            4.0449265571876962     
  7.40125134522562345E-003       5.8571397923179074            5.8571542210782166            4.0429899894899082     
  7.67557114028688797E-003       5.7592617485846054            5.7592756616403555            4.0100677241463627     
  7.96005831738294707E-003       5.6608985725792671            5.6609119883673182            3.9743388429131863     
  8.25508972010767679E-003       5.5392351097972883            5.5392480460862190            3.9130711592888328     
  8.56105615937650249E-003       5.4168361486432222            5.4168486225771781            3.8489094644493851     
  8.87836293111086278E-003       5.3224733647431162            5.3224853928372911            3.8107025775354360     
  9.20743035311011142E-003       5.2696124617508051            5.2696240599459507            3.8119905886469505     
  9.54869432182201688E-003       5.2137315906918191            5.2137427743507052            3.8083233767220670     
  9.90260688974940913E-003       5.1821571188445548            5.1821679027848102            3.8270964734335151     
  1.02696368642577959E-002       5.1508502508247123            5.1508606493292453            3.8443377758877202     
  1.06502704285771754E-002       5.1113524911450297            5.1113625179875388            3.8516530975329681     
  1.10450117858206295E-002       5.0601970896744026            5.0602067581427930            3.8456376987989187     
  1.14543838268728604E-002       5.0061694778423504            5.0061788007428252            3.8351368054490074     
  1.18789288230332375E-002       4.9411313684699296            4.9411403581512445            3.8120697876132565     
  1.23192091443310552E-002       4.8721478681165529            4.8721565364909312            3.7835573485120677     
  1.27758080044643087E-002       4.8092237747115574            4.8092321332624266            3.7596578957322211     
  1.32493302333489549E-002       4.7654414737043185            4.7654495335048619            3.7535055083925428     
  1.37404030783018407E-002       4.7186458519384678            4.7186536236663663            3.7429949194918151     
  1.42496770349186969E-002       4.6814204297665851            4.6814279237170124            3.7407577140527124     
  1.47778267087478009E-002       4.6453301470136443            4.6453373731152059            3.7384051787536037     
  1.53255517089005908E-002       4.6090929685373982            4.6090999363626688            3.7346999688821803     
  1.58935775747831784E-002       4.5825176520479509            4.5825243708291117            3.7394939353527268     
  1.64826567371760824E-002       4.5519547095585029            4.5519611881961355            3.7391791432414130     
  1.70935695149354826E-002       4.5123936646538692            4.5123999117303031            3.7287851840966808     
  1.77271251486361830E-002       4.4672406676282161            4.4672466914203204            3.7117568441532103     
  1.83841628725254225E-002       4.4234255365642507            4.4234313450536709            3.6950611965896361     
  1.90655530262076565E-002       4.4014283509421732            4.4014339518230736            3.6992142444874232     
  1.97721982075326624E-002       4.3753534536306562            4.3753588543236166            3.6983549704072280     
  2.05050344682144378E-002       4.3530279274965720            4.3530331351572205            3.7003438588844495     
  2.12650325537642945E-002       4.3314945720403237            4.3314995935669725            3.7022559173095151     
  2.20531991893809440E-002       4.3049638495680691            4.3049686916143912            3.6983326647639689     
  2.28705784135007605E-002       4.2625324263980087            4.2625370953793924            3.6777007143658982     
  2.37182529607746009E-002       4.2176352146964655            4.2176397167991011            3.6538238547748385     
  2.45973456963034486E-002       4.1862283452632045            4.1862326864517208            3.6426860612282068     
  2.55090211030322943E-002       4.1645684347299108            4.1645726207562737            3.6405707996235290     
  2.64544868242729755E-002       4.1391125311198014            4.1391165675297454            3.6339610076437454     
  2.74349952633988620E-002       4.1104354368754521            4.1104393290170291            3.6234564520797261     
  2.84518452428306652E-002       4.0785212548883205            4.0785250079187820            3.6090653079284127     
  2.95063837245109171E-002       4.0417017787737066            4.0417053976658943            3.5891425805547787     
  3.06000075941459046E-002       4.0002740901438374            4.0002775796919954            3.5640077337122715     
  3.17341655115789059E-002       3.9566451320040015            3.9566484968324684            3.5360892925871670     
  3.29103598297454183E-002       3.9489749611396254            3.9489782057061387            3.5435681247743633     
  3.41301485847526204E-002       3.9387955633738154            3.9387986919780111            3.5479962831017851     
  3.53951475597191270E-002       3.9219212940451298            3.9219243108320314            3.5452074726897842     
  3.67070324251086363E-002       3.8980224482189616            3.8980253571865848            3.5348906467940480     
  3.80675409583931673E-002       3.8708223901793457            3.8708251951818129            3.5207871610128572     
  3.94784753459854684E-002       3.8576635067384788            3.8576662114926314            3.5202567504286542     
  4.09417045704905946E-002       3.8426038018321012            3.8426064099223098            3.5173741471837157     
  4.24591668864381239E-002       3.8202039553632074            3.8202064702453704            3.5067161614827391     
  4.40328723877751529E-002       3.7884106510709703            3.7884130760774357            3.4862450308286599     
  4.56649056705206793E-002       3.7540103434804784            3.7540126818249995            3.4627622075756181     
  4.73574285941084430E-002       3.7378187531737885            3.7378210079549836            3.4570978740667342     
  4.91126831450763093E-002       3.7221937455091232            3.7221959197150358            3.4516238405100381     
  5.09329944068951587E-002       3.7043152649480420            3.7043173614598568            3.4435334977775631     
  5.28207736398716224E-002       3.6862037869157609            3.6862058085117591            3.4348602870774076     
  5.47785214752041089E-002       3.6646553715058539            3.6646573208653783            3.4224127708334682     
  5.68088312274232926E-002       3.6397425651958408            3.6397444449024103            3.4062755509621812     
  5.89143923296049574E-002       3.6118710835781704            3.6118728961228981            3.3868659675727040     
  6.10979938959051450E-002       3.5838325648595784            3.5838343126445542            3.3669868678646089     
  6.33625284161374452E-002       3.5610891915736325            3.5610908769154870            3.3521112426884159     
  6.57109955872855478E-002       3.5353938551523245            3.5353954802847123            3.3340024054343362     
  6.81465062870274391E-002       3.5072783542211776            3.5072799212980406            3.3132022041328502     
  7.06722866945334732E-002       3.4767760525565703            3.4767775636550096            3.2897536927239193     
  7.32916825639983172E-002       3.4476956266686294            3.4476970837914926            3.2674748914759522     
  7.60081636565666657E-002       3.4335938339144487            3.4335952389933091            3.2599315674762348     
  7.88253283365234481E-002       3.4160962770749901            3.4160976319723608            3.2487580111425638     
  8.17469083378377925E-002       3.3901173761192589            3.3901186826310949            3.2288770194955188     
  8.47767737073733818E-002       3.3587409945316149            3.3587422543899090            3.2033805335824486     
  8.79189379313141811E-002       3.3273383162265882            3.3273395311015608            3.1776475260922701     
  9.11775632515960249E-002       3.3099803098337528            3.3099814813358805            3.1657564759577790     
  9.45569661793857347E-002       3.2896130215503150            3.2896141512327519            3.1506606711568126     
  9.80616232129124799E-002       3.2625563331305449            3.2625574224910365            3.1286869762945644     
  0.10169617676722376            3.2304872874197170            3.2304883379026412            3.1015191673874414     
  0.10546544132372269            3.1964983111245830            3.1964993241227679            3.0722561635527095     
  0.10937440980763082            3.1599614226327697            3.1599623994893267            3.0402762434281678     
  0.11342826020182541            3.1219532550997835            3.1219541971101683            3.0066620765519048     
  0.11763236240581175            3.0881838896573570            3.0881847980706514            2.9771295645668698     
  0.12199228534891660            3.0578343300079291            3.0578352060288827            2.9508653235256350     
  0.12651380436712395            3.0257095793065059            3.0257104240969248            2.9226797682068195     
  0.13120290885332653            2.9968741906190539            2.9968750052993793            2.8976426697421664     
  0.13606581019112582            2.9662978118574559            2.9662985975082088            2.8707287074638139     
  0.14110894998268980            2.9343258321710652            2.9343265898344058            2.8422881219609351     
  0.14633900858156879            2.9011339797805622            2.9011347104615637            2.8125013193402975     
  0.15176291394176988            2.8665666225211939            2.8665673271892214            2.7812171779663317     
  0.15738785079481465            2.8282623101438378            2.8282629897337963            2.7460785967373589     
  0.16322127016693427            2.7888399753033033            2.7888406307169036            2.7097087018353117     
  0.16927089924901051            2.7519996789161740            2.7520003110230444            2.6758115976388801     
  0.17554475163233466            2.7192250327212832            2.7192256423603736            2.6458747946405401     
  0.18205113792374561            2.6852779455001530            2.6852785334805027            2.6146639608318973     
  0.18879867675420667            2.6436961213675416            2.6436966884696682            2.5757204249743251     
  0.19579630619540381            2.6006557097390615            2.6006562567157405            2.5352238313684636     
  0.20305329559948934            2.5584425250140321            2.5584430525915098            2.4954633641671147     
  0.21057925787765172            2.5181013574061337            2.5181018662849137            2.4574870626702223     
  0.21838416223377988            2.4773758241746697            2.4773763150305559            2.4190416768606817     
  0.22647834737008679            2.4361564316905469            2.4361569051755017            2.3800207336207677     
  0.23487253518218584            2.3946742267243759            2.3946746834673989            2.3406581920221172     
  0.24357784496176246            2.3533382075962646            2.3533386482042236            2.3013658583341194     
  0.25260580812565075            2.3126552327054930            2.3126556577638930            2.2626532982740297     
  0.26196838349083063            2.2718743038528819            2.2718747139267461            2.2237721239165622     
  0.27167797311557607            2.2273012825891487            2.2273016782235988            2.1810307135009901     
  0.28174743872773883            2.1817465588648526            2.1817469412722019            2.1372418834159714     
  0.29219011876193157            2.1373749401580153            2.1373753091352108            2.0945727805425953     
  0.30301984602817356            2.0961863100687728            2.0961866661067292            2.0550255439492688     
  0.31425096603540942            2.0552117194461972            2.0552120630188311            2.0156333990077222     
  0.32589835599416889            2.0126140086407345            2.0126143402055114            1.9745612825275205     
  0.33797744452354228            1.9695828650505163            1.9695831850490337            1.9330009030811905     
  0.35050423208857151            1.9273394536288191            1.9273397624874919            1.8921753741909173     
  0.36349531219513587            1.8871614129187342            1.8871617110493080            1.8533642129464447     
  0.37696789337040215            1.8473934544090336            1.8473937422091473            1.8149139418515960     
  0.39093982195795779            1.8029209852239330            1.8029212630776610            1.7717117139154388     
  0.40542960575782488            1.7562039151884685            1.7562041834668300            1.7262191220330032     
  0.42045643854266207            1.7107640218624349            1.7107642809238794            1.6819595662515958     
  0.43604022548263888            1.6687630520645385            1.6687633022554895            1.6410963574473372     
  0.45220160951265514            1.6275790967940789            1.6275793384493262            1.6010090943221171     
  0.46896199867683380            1.5850139109559234            1.5850141443991230            1.5595009851295067     
  0.48634359448651227            1.5417254594507639            1.5417256849948953            1.5172313956942991     
  0.50436942132928819            1.4995161091702272            1.4995163271179632            1.4760040432678412     
  0.52306335696808681            1.4587015388143270            1.4587017494584860            1.4361359081391438     
  0.54245016417064229            1.4188890076825871            1.4188892113065630            1.3972355041555231     
  0.56255552351129312            1.3769828518025766            1.3769830486806949            1.3562083765188482     
  0.58340606738854572            1.3332312194187015            1.3332314098165829            1.3133038388825047     
  0.60502941530345777            1.2908480752589686            1.2908482594339354            1.2717369791689777     
  0.62745421044558558            1.2501513597138463            1.2501515379152948            1.2318268202442990     
  0.65071015763494688            1.2107277322301289            1.2107279046998423            1.1931610647543249     
  0.67482806267026907            1.1705887577243339            1.1705889246968619            1.1537522829293603     
  0.69983987313563256            1.1293301624004339            1.1293303241033985            1.1131971697438767     
  0.72577872071957672            1.0895254835005628            1.0895256401550288            1.0740701959618379     
  0.75267896510271792            1.0514650720028755            1.0514652238236266            1.0366626120836540     
  0.78057623947201626            1.0147690861913352            1.0147692333872336            1.0005954431213233     
  0.80950749772198582           0.97727634759656623           0.97727649037083164           0.96370834570265174     
  0.83951106340536208           0.93778361746422412           0.93778375601476771           0.92479888566271173     
  0.87062668049808267           0.89986549999714038           0.89986563451685497           0.88744244237048908     
  0.90289556604581755           0.86146738851019000           0.86146751918724584           0.84958515593132333     
  0.93636046476178691           0.82430133851726184           0.82430146553541161           0.81293980128616916     
  0.97106570564819750           0.78813772728414833           0.78813785082303922           0.77727744874312699     
   1.0070572607162840           0.75231904957470974           0.75231916981014102           0.74194126067024013     
   1.0443828058827587           0.71805395491144142           0.71805407201567839           0.70814052967232610     
   1.0830917841233207           0.68391119933683187           0.68391131347890310           0.67444463123989695     
   1.1232354709668844           0.65091918425220785           0.65091929559817718           0.64188256344856587     
   1.1648670424172911           0.61873791607744077           0.61873802479073492           0.61011490745406105     
   1.2080416453924576           0.58606293316730806           0.58606303940899718           0.57783775522045699     
   1.2528164707742908           0.55493320056024276           0.55493330433847465           0.54709060518330110     
   1.2992508291661142           0.52396135858124915           0.52396146020973977           0.51648661111061267     
   1.3474062294579772           0.49399511001944957           0.49399520965381899           0.48687397082968464     
   1.3973464603038892           0.46522677455266304           0.46522687234742205           0.45844548084074344     
   1.4491376746189413           0.43673363266183868           0.43673372877070921           0.43027888110000895     
   1.5028484772082176           0.40968290842660665           0.40968300287806941           0.40354183853197534     
   1.5585500156435823           0.38312025789597054           0.38312035097262981           0.37728043611066103     
   1.6163160745087333           0.35748510115674836           0.35748519301181969           0.35193450563619116     
   1.6762231731373303           0.33311077114298371           0.33311086193028738           0.32783777728667890     
   1.7383506669737065           0.30947100436181635           0.30947109423616720           0.30446437092562795     
   1.8027808526904037           0.28709549421875197           0.28709558333633334           0.28234435037071953     
   1.8695990772017774           0.26533072348862979           0.26533081200742270           0.26082455646590424     
   1.9388938507180913           0.24436546632562636           0.24436555440582650           0.24009410991062921     
   2.0107569639898268           0.22456244620494664           0.22456253400942067           0.22051607002144702     
   2.0852836098975516           0.20589898408722251           0.20589907178197450           0.20206808376989843     
   2.1625725095483799           0.18828272775516397           0.18828281550984255           0.18465811606313498     
   2.2427260430460798           0.17107753597321412           0.17107762396163184           0.16765033493951267     
   2.3258503851080246           0.15436819999046114           0.15436828839114558           0.15112983422697879     
   2.4120556457086626           0.13863649225720331           0.13863658125399400           0.13557868357045269     
   2.5014560159357870           0.12446906865783186           0.12446915844049430           0.12158383217793177     
   2.5941699192528125           0.11113723322215033           0.11113732398704239           0.10841687531011632     
   2.6903201683674562           9.87193133446833820E-002      9.87194052954580570E-002      9.61564316277150472E-002
   2.7900341279145571           8.71764813307433772E-002      8.71765746759609189E-002      8.47639673311162967E-002
   2.8934438831686027           7.63326213840729295E-002      7.63327163475533560E-002      7.40636663686131680E-002
   3.0006864150093975           6.68751231363736570E-002      6.68752199483571425E-002      6.47432280421029738E-002
   3.1119037813726504           5.80396804053345330E-002      5.80397793066941906E-002      5.60386710270500202E-002
   3.2272433054258638           4.99097881292184381E-002      4.99098893724144038E-002      4.80338372419662485E-002
   3.3468577707187293           4.25077051623985597E-002      4.25078090125492122E-002      4.07513639881723205E-002
   3.4709056235666154           3.55709634462127791E-002      3.55710701822101599E-002      3.39292060383967684E-002
   3.5995511829351661           2.98748761495948138E-002      2.98749860653196135E-002      2.83431619670591779E-002
   3.7329648581040620           2.46459110735952509E-002      2.46460244792159749E-002      2.32202744259435087E-002
   3.8713233743982816           2.00169434122550345E-002      2.00170606356303502E-002      1.86941231882148083E-002
   4.0148100072858250           1.61631185608357014E-002      1.61632399490199870E-002      1.49407517051634905E-002
   4.1636148251520657           1.25591923302372666E-002      1.25593182511085782E-002      1.14361129156969211E-002
   4.3179349410722629           9.79847842326556431E-003      9.79860919672653936E-003      8.77520303621410168E-003
   4.4779747739157871           7.34898823279655708E-003      7.34912434342620876E-003      6.42855790945006528E-003
   4.6439463191278696           5.24876961549378563E-003      5.24891150376374620E-003      4.43835433849957845E-003
   4.8160694295476310           3.73566877133043197E-003      3.73581690588724053E-003      3.05009460720903234E-003
   4.9945721066343332           2.32401810473424316E-003      2.32417298451261748E-003      1.79570740490039155E-003
   5.1796908024876274           1.46636490456602186E-003      1.46652706037702090E-003      1.19786622808732671E-003
   5.3716707330618965           8.09049336374178022E-004      8.09219331151245333E-004      8.09049336374178022E-004
   5.5707662029895184           3.28599560671088010E-004      3.28778140000147003E-004      3.28599560671088010E-004
   5.7772409424434219           3.16855631458134860E-004      3.17043331960333117E-004      3.16855631458134860E-004
   5.9913684564850795            0.0000000000000000           1.98426859715454769E-007       0.0000000000000000     
   6.2134323873607267            0.0000000000000000           2.08229516569983846E-007       0.0000000000000000     
   6.4437268902257516            0.0000000000000000           2.19529912827839716E-007       0.0000000000000000     
   6.6825570227948550            0.0000000000000000           2.31741220406821654E-007       0.0000000000000000     
   6.9302391494342697            0.0000000000000000           2.44893338553649060E-007       0.0000000000000000     
   7.1871013602311944            0.0000000000000000           2.59047486287133283E-007       0.0000000000000000     
   7.4534839055956246            0.0000000000000000           2.74275818464798863E-007       0.0000000000000000     
   7.7297396469702750            0.0000000000000000           2.90658399104820803E-007       0.0000000000000000     
   8.0162345242455437            0.0000000000000000           3.08282814712783991E-007       0.0000000000000000     
   8.3133480404987932            0.0000000000000000           3.27244451151258019E-007       0.0000000000000000     
   8.6214737646999655            0.0000000000000000           3.47647039114731961E-007       0.0000000000000000     
   8.9410198530495002            0.0000000000000000           3.69603324706873732E-007       0.0000000000000000     
   9.2724095896390324            0.0000000000000000           3.93235860452231747E-007       0.0000000000000000     
   9.6160819471512156            0.0000000000000000           4.18677875128327829E-007       0.0000000000000000     
   9.9724921683412440            0.0000000000000000           4.46074251438824780E-007       0.0000000000000000     
   10.342112369070419            0.0000000000000000           4.75582599929857449E-007       0.0000000000000000     
   10.725432163690567            0.0000000000000000           5.07374444577376035E-007       0.0000000000000000     
   11.122959313607593            0.0000000000000000           5.41636535711387505E-007       0.0000000000000000     
   11.535220399883487            0.0000000000000000           5.78572291557994837E-007       0.0000000000000000     
   11.962761520767568            0.0000000000000000           6.18403390038138817E-007       0.0000000000000000     
   12.406149015081034            0.0000000000000000           6.61371528624192856E-007       0.0000000000000000     
   12.865970212413011            0.0000000000000000           7.07740362872344938E-007       0.0000000000000000     
   13.342834211121826            0.0000000000000000           7.57797661005173315E-007       0.0000000000000000     
   13.837372685172232            0.0000000000000000           8.11857670109501862E-007       0.0000000000000000     
   14.350240720876954            0.0000000000000000           8.70263749578869787E-007       0.0000000000000000     
   14.882117684651490            0.0000000000000000           9.33391279665707390E-007       0.0000000000000000     
   15.433708122931193            0.0000000000000000           1.00165089246037726E-006       0.0000000000000000     
   16.005742695442908            0.0000000000000000           1.07549205374211922E-006       0.0000000000000000     
   16.598979143067346            0.0000000000000000           1.15540703847958973E-006       0.0000000000000000     
   17.214203291574311            0.0000000000000000           1.24193535287585138E-006       0.0000000000000000     
   17.852230092560312            0.0000000000000000           1.33566865548063920E-006       0.0000000000000000     
   18.513904702967480            0.0000000000000000           1.43725622987490512E-006       0.0000000000000000     
   19.200103604613719            0.0000000000000000           1.54741108808947758E-006       0.0000000000000000     
   19.911735765217252            0.0000000000000000           1.66691677661395103E-006       0.0000000000000000     
   20.649743842453002            0.0000000000000000           1.79663497905524987E-006       0.0000000000000000     
   21.415105432636462            0.0000000000000000           1.93751400798453834E-006       0.0000000000000000     
   22.208834365688546            0.0000000000000000           2.09059830294628777E-006       0.0000000000000000     
   23.031982048097049            0.0000000000000000           2.25703907590986810E-006       0.0000000000000000     
   23.885638855653571            0.0000000000000000           2.43810623344298431E-006       0.0000000000000000     
   24.770935577810842            0.0000000000000000           2.63520175458534974E-006       0.0000000000000000     
   25.689044915573607            0.0000000000000000           2.84987472922775037E-006       0.0000000000000000     
   26.641183034907343            0.0000000000000000           3.08383825141992375E-006       0.0000000000000000     
   27.628611177722654            0.0000000000000000           3.33898844803166055E-006       0.0000000000000000     
   28.652637332568666            0.0000000000000000           3.61742591719063469E-006       0.0000000000000000     
   29.714617967249492            0.0000000000000000           3.92147991598883108E-006       0.0000000000000000     
   30.815959825658059            0.0000000000000000           4.25373567384483124E-006       0.0000000000000000     
   31.958121791207823            0.0000000000000000           4.61706528545196871E-006       0.0000000000000000     
   33.142616819330648            0.0000000000000000           5.01466267349914216E-006       0.0000000000000000     
   34.371013941600744            0.0000000000000000           5.45008321772489516E-006       0.0000000000000000     
   35.644940344139428            0.0000000000000000           5.92728871564219732E-006       0.0000000000000000     
   36.966083523053754            0.0000000000000000           6.45069845836569466E-006       0.0000000000000000     
   38.336193519764329            0.0000000000000000           7.02524731357034634E-006       0.0000000000000000     
   39.757085239183453            0.0000000000000000           7.65645185092558670E-006       0.0000000000000000     
   41.230640853813597            0.0000000000000000           8.35048570935304891E-006       0.0000000000000000     
   42.758812296951902            0.0000000000000000           9.11426558870094542E-006       0.0000000000000000     
   44.343623848302535            0.0000000000000000           9.95554944781676351E-006       0.0000000000000000     
   45.987174815422058            0.0000000000000000           1.08830487599632596E-005       0.0000000000000000     
   47.691642314549888            0.0000000000000000           1.19065569258991720E-005       0.0000000000000000     
   49.459284154507387            0.0000000000000000           1.30370962645880002E-005       0.0000000000000000     
   51.292441827485696            0.0000000000000000           1.42870863536778101E-005       0.0000000000000000     
   53.193543610683953            0.0000000000000000           1.56705368313781693E-005       0.0000000000000000     
   55.165107782907121            0.0000000000000000           1.72032681892473919E-005       0.0000000000000000     
   57.209745960382556            0.0000000000000000           1.89039125847188814E-005       0.0000000000000000     
   59.330166556216383            0.0000000000000000           2.07912035275288500E-005       0.0000000000000000     
   61.529178368070468            0.0000000000000000           2.28888082874226282E-005       0.0000000000000000     
   63.809694298813071            0.0000000000000000           2.52227000248511385E-005       0.0000000000000000     
   66.174735215071649            0.0000000000000000           2.78223305978581396E-005       0.0000000000000000     
   68.627433948798910            0.0000000000000000           3.07211048186627685E-005       0.0000000000000000     
   71.171039447152793            0.0000000000000000           3.39569058870293352E-005       0.0000000000000000     
   73.808921076187659            0.0000000000000000           3.75726667615778809E-005       0.0000000000000000     
   76.544573084056964            0.0000000000000000           4.16169731121498771E-005       0.0000000000000000     
   79.381619229640933            0.0000000000000000           4.61446673736263773E-005       0.0000000000000000     
   82.323817582728040            0.0000000000000000           5.12173946277009811E-005       0.0000000000000000     
   85.375065502111667            0.0000000000000000           5.69039913723835253E-005       0.0000000000000000     
   88.539404798194241            0.0000000000000000           6.32805028734890427E-005       0.0000000000000000     
   91.821027086938003            0.0000000000000000           7.04294918635951816E-005       0.0000000000000000     
   95.224279342254547            0.0000000000000000           7.84380193023685111E-005       0.0000000000000000     
   98.753669654188059            0.0000000000000000           8.73956645288215229E-005       0.0000000000000000     
   102.41387320051945            0.0000000000000000           9.73742022844905020E-005       0.0000000000000000     
   106.20973843970204            0.0000000000000000           1.08426593108778774E-004       0.0000000000000000     
   110.14629353333284            0.0000000000000000           1.20537344060776710E-004       0.0000000000000000     
   114.22875300666408            0.0000000000000000           1.33548592044430722E-004       0.0000000000000000     
   118.46252465598195            0.0000000000000000           1.46989240393151306E-004       0.0000000000000000     
   122.85321671199921            0.0000000000000000           1.59649011095817586E-004       0.0000000000000000     
   127.40664526875166            0.0000000000000000           1.68189852251663703E-004       0.0000000000000000     
   132.12884198783928            0.0000000000000000            0.0000000000000000            0.0000000000000000     
   137.02606208821700            0.0000000000000000            0.0000000000000000            0.0000000000000000     
   142.10479263211886            0.0000000000000000            0.0000000000000000            0.0000000000000000     
   147.37176111809160            0.0000000000000000            0.0000000000000000            0.0000000000000000     
   152.83394439251975            0.0000000000000000            0.0000000000000000            0.0000000000000000     
   158.49857789144909            0.0000000000000000            0.0000000000000000            0.0000000000000000     
   164.37316522494532            0.0000000000000000            0.0000000000000000            0.0000000000000000     
   170.46548811669061            0.0000000000000000            0.0000000000000000            0.0000000000000000     
   176.78361671197936            0.0000000000000000            0.0000000000000000            0.0000000000000000     
   183.33592026776964            0.0000000000000000            0.0000000000000000            0.0000000000000000     
   190.13107823895052            0.0000000000000000            0.0000000000000000            0.0000000000000000     
   197.17809177551035            0.0000000000000000            0.0000000000000000            0.0000000000000000     
   204.48629564583581            0.0000000000000000            0.0000000000000000            0.0000000000000000     
   212.06537060193565            0.0000000000000000            0.0000000000000000            0.0000000000000000     
   219.92535620297068            0.0000000000000000            0.0000000000000000            0.0000000000000000     
   228.07666411407035            0.0000000000000000            0.0000000000000000            0.0000000000000000     
   236.53009189806107            0.0000000000000000            0.0000000000000000            0.0000000000000000     
   245.29683731836820            0.0000000000000000            0.0000000000000000            0.0000000000000000     
   254.38851317204106            0.0000000000000000            0.0000000000000000            0.0000000000000000     
   263.81716267254887            0.0000000000000000            0.0000000000000000            0.0000000000000000     
   273.59527540272421            0.0000000000000000            0.0000000000000000            0.0000000000000000     
   283.73580385898600            0.0000000000000000            0.0000000000000000            0.0000000000000000     
   294.25218060875676            0.0000000000000000            0.0000000000000000            0.0000000000000000     
   305.15833608380228            0.0000000000000000            0.0000000000000000            0.0000000000000000     
   316.46871703306505            0.0000000000000000            0.0000000000000000            0.0000000000000000     
   328.19830565942806            0.0000000000000000            0.0000000000000000            0.0000000000000000     
   340.36263946576827            0.0000000000000000            0.0000000000000000            0.0000000000000000     
   352.97783183658146            0.0000000000000000            0.0000000000000000            0.0000000000000000     
   366.06059338244393            0.0000000000000000            0.0000000000000000            0.0000000000000000     
   379.62825407558535            0.0000000000000000            0.0000000000000000            0.0000000000000000     
   393.69878620589316            0.0000000000000000            0.0000000000000000            0.0000000000000000     
   408.29082818775851            0.0000000000000000            0.0000000000000000            0.0000000000000000     
   423.42370924929742            0.0000000000000000            0.0000000000000000            0.0000000000000000     
   439.11747503665663            0.0000000000000000            0.0000000000000000            0.0000000000000000     
   455.39291416730867            0.0000000000000000            0.0000000000000000            0.0000000000000000     
   472.27158576752583            0.0000000000000000            0.0000000000000000            0.0000000000000000     
   489.77584803049825            0.0000000000000000            0.0000000000000000            0.0000000000000000     
   507.92888783293029            0.0000000000000000            0.0000000000000000            0.0000000000000000     
   526.75475144934524            0.0000000000000000            0.0000000000000000            0.0000000000000000     
   546.27837640478560            0.0000000000000000            0.0000000000000000            0.0000000000000000     
   566.52562450809853            0.0000000000000000            0.0000000000000000            0.0000000000000000     
   587.52331610956912            0.0000000000000000            0.0000000000000000            0.0000000000000000     
   609.29926562827438            0.0000000000000000            0.0000000000000000            0.0000000000000000     
   631.88231839622938            0.0000000000000000            0.0000000000000000            0.0000000000000000     
   655.30238886811082            0.0000000000000000            0.0000000000000000            0.0000000000000000     
   679.59050024719807            0.0000000000000000            0.0000000000000000            0.0000000000000000     
   704.77882558000181            0.0000000000000000            0.0000000000000000            0.0000000000000000     
   730.90073037402578            0.0000000000000000            0.0000000000000000            0.0000000000000000     
   757.99081679511062            0.0000000000000000            0.0000000000000000            0.0000000000000000     
   786.08496950290760            0.0000000000000000            0.0000000000000000            0.0000000000000000     
   815.22040318519726            0.0000000000000000            0.0000000000000000            0.0000000000000000     
   845.43571185401754            0.0000000000000000            0.0000000000000000            0.0000000000000000     
   876.77091996890965            0.0000000000000000            0.0000000000000000            0.0000000000000000     
   909.26753545497877            0.0000000000000000            0.0000000000000000            0.0000000000000000     
   942.96860468603165            0.0000000000000000            0.0000000000000000            0.0000000000000000     
   977.91876950559890            0.0000000000000000            0.0000000000000000            0.0000000000000000     
   1014.1643263613854            0.0000000000000000            0.0000000000000000            0.0000000000000000     
   1051.7532876314774            0.0000000000000000            0.0000000000000000            0.0000000000000000     
   1090.7354452235440            0.0000000000000000            0.0000000000000000            0.0000000000000000     
   1131.1624365312766            0.0000000000000000            0.0000000000000000            0.0000000000000000     
   1173.0878128354377            0.0000000000000000            0.0000000000000000            0.0000000000000000     
   1216.5671102401197            0.0000000000000000            0.0000000000000000            0.0000000000000000     
   1261.6579232381982            0.0000000000000000            0.0000000000000000            0.0000000000000000     
   1308.4199810033876            0.0000000000000000            0.0000000000000000            0.0000000000000000     
   1356.9152265100070            0.0000000000000000            0.0000000000000000            0.0000000000000000     
   1407.2078985852302            0.0000000000000000            0.0000000000000000            0.0000000000000000     
   1459.3646170025165            0.0000000000000000            0.0000000000000000            0.0000000000000000     
   1513.4544707289463            0.0000000000000000            0.0000000000000000            0.0000000000000000     
   1569.5491094433492            0.0000000000000000            0.0000000000000000            0.0000000000000000     
   1627.7228384464638            0.0000000000000000            0.0000000000000000            0.0000000000000000     
   1688.0527170888352            0.0000000000000000            0.0000000000000000            0.0000000000000000     
   1750.6186608468640            0.0000000000000000            0.0000000000000000            0.0000000000000000     
   1815.5035471821625            0.0000000000000000            0.0000000000000000            0.0000000000000000     
   1882.7933253245142            0.0000000000000000            0.0000000000000000            0.0000000000000000     
   1952.5771301238085            0.0000000000000000            0.0000000000000000            0.0000000000000000     
   2024.9474001217866            0.0000000000000000            0.0000000000000000            0.0000000000000000     
