0.01	3.0245177766570217
0.02	2.9355856677386876
0.03	2.9838406277991507
0.04	3.0228421543327797
0.05	3.0258681438609893
0.06	3.010266328371433
0.07	2.9772233673454043
0.08	2.93470379112846
0.09	2.8862789641114244
0.1	2.8344007909995628
0.11	2.7811723630660397
0.12	2.7292287410226064
0.13	2.677446883067491
0.14	2.627302353092443
0.15	2.576071626550621
0.16	2.5272394234143407
0.17	2.4786904818189477
0.18	2.433731865309141
0.19	2.3867140250684677
0.2	2.342948360775925
0.21	2.3004346611200988
0.22	2.257605919306955
0.23	2.2174265087872906
0.24	2.178569477756471
0.25	2.1393317289957263
0.26	2.102298940331332
0.27	2.0672693019839365
0.28	2.031826496897832
0.29	1.9975461275481419
0.3	1.9649774226187615
0.31	1.9339820063123978
0.32	1.9022542125796136
0.33	1.8712264614248464
0.34	1.841608786492948
0.35000000000000003	1.8132983848718183
0.36	1.785936463223267
0.37	1.7573863960245568
0.38	1.730036124755917
0.39	1.7038055976080992
0.4	1.6786219816662666
0.41000000000000003	1.6544188508914832
0.42	1.6292289041059786
0.43	1.6044815665469068
0.44	1.5806662646647924
0.45	1.5577278849181209
0.46	1.535615704456345
0.47000000000000003	1.5142829550208945
0.48	1.492540939466918
0.49	1.4710099715968936
0.5	1.45021528225086
0.51	1.4301177090829416
0.52	1.4106808879211437
0.53	1.3918710036713562
0.54	1.373656567610318
0.55	1.3549053249673857
0.56	1.3361925521214975
0.5700000000000001	1.3180626401119426
0.58	1.3004876783171002
0.59	1.2834415439319702
0.6	1.2668997595065499
0.61	1.250839363989714
0.62	1.2352387958007216
0.63	1.2192184228168856
0.64	1.2031208846459567
0.65	1.1874805659976608
0.66	1.172277741545297
0.67	1.157493818992076
0.68	1.1431112582658596
0.6900000000000001	1.1291134975655956
0.7000000000000001	1.1154848855887929
0.71	1.1022106193435484
0.72	1.0888112671673047
0.73	1.0749774466535111
0.74	1.0615040510126457
0.75	1.0483770070066927
0.76	1.0355829689355631
0.77	1.0231092720614563
0.78	1.01094388957408
0.79	0.9990753927860967
0.8	0.9874929142789702
0.81	0.9761861137467862
0.8200000000000001	0.9651451463100219
0.8300000000000001	0.9534917538714057
0.84	0.9418425987501681
0.85	0.9304711188908602
0.86	0.9193675441535911
0.87	0.9085225564980196
0.88	0.8979272641640669
0.89	0.8875731776006556
0.9	0.8774521870060277
0.91	0.8675565413552189
0.92	0.8578788288011358
0.93	0.8484119583454574
0.9400000000000001	0.8391491426844707
0.9500000000000001	0.8295271082961707
0.96	0.8197059475265577
0.97	0.8101010430937068
0.98	0.8007054765781473
0.99	0.7915126184925397
1.	0.7825161134483591
1.01	0.7737098662233259
1.02	0.7650880286665929
1.03	0.7566449873836862
1.04	0.7483753521477102
1.05	0.7402739449874899
1.06	0.7323357899070928
1.07	0.7245561031946516
1.08	0.7169302842815529
1.09	0.7089786883140051
1.1	0.7008520281421176
1.11	0.6928908076451775
1.12	0.6850902135016763
1.1300000000000001	0.6774456137373547
1.1400000000000001	0.6699525493636987
1.1500000000000001	0.6626067264712426
1.16	0.6554040087492344
1.17	0.6483404104052305
1.18	0.6414120894600334
1.19	0.6346153413950923
1.2	0.6279465931310554
1.21	0.621402397317625
1.22	0.6149794269162002
1.23	0.6086744700580428
1.24	0.6024844251618404
1.25	0.5960488707260265
1.26	0.5894081450442777
1.27	0.5828930288607207
1.28	0.5765001850444527
1.29	0.5702263902657296
1.3	0.5640685302709739
1.31	0.5580235953884761
1.32	0.5520886762518727
1.33	0.5462609597292881
1.34	0.5405377250467944
1.35	0.5349163400955407
1.36	0.5293942579125702
1.37	0.523969013325946
1.3800000000000001	0.518638219755381
1.3900000000000001	0.5133995661601013
1.4000000000000001	0.5082508141261626
1.41	0.5031897950859078
1.42	0.4982144076626821
1.43	0.49327654653269926
1.44	0.4878870834665892
1.45	0.4825931940801694
1.46	0.47739254179578167
1.47	0.47228286263604985
1.48	0.4672619624937348
1.49	0.46232771452185983
1.5	0.4574780566380374
1.51	0.45271098913728236
1.52	0.4480245724079118
1.53	0.443416924745438
1.54	0.43888622025964186
1.55	0.4344306868702804
1.56	0.43004860438713216
1.57	0.4257383026703183
1.58	0.4214981598670558
1.59	0.41732660072120836
1.6	0.4132220949521948
1.61	0.4091831556999943
1.62	0.405208338033167
1.6300000000000001	0.4012962375169612
1.6400000000000001	0.3974454888387391
1.6500000000000001	0.39322909000814976
1.6600000000000001	0.38903792020651934
1.67	0.38491619297509383
1.68	0.3808623521758724
1.69	0.3768748855231681
1.7	0.3729523230977302
1.71	0.3690932359195889
1.72	0.3652962345769743
1.73	0.36155996790879785
1.74	0.3578831217383055
1.75	0.354264417655637
1.76	0.3507026118471354
1.77	0.3471964939693579
1.78	0.34374488606583953
1.79	0.34034664152475963
1.8	0.3370006440757449
1.81	0.3337058068241346
1.82	0.33046107132110997
1.83	0.32726540666816906
1.84	0.324117808654496
1.85	0.32101729892584957
1.86	0.317962924183653
1.87	0.3149537554130353
1.8800000000000001	0.31198888713862505
1.8900000000000001	0.3088446767717111
1.9000000000000001	0.30559735713707026
1.9100000000000001	0.30240095977550235
1.92	0.29925442578204536
1.93	0.2961567236295909
1.94	0.29310684832391687
1.95	0.29010382058898787
1.96	0.28714668608128857
1.97	0.2842345146320164
1.98	0.2813663995160071
1.99	0.2785414567463237
2.	0.27575882439348326
2.0100000000000002	0.2730176619283419
2.02	0.2703171495877058
2.0300000000000002	0.26765648776177114
2.04	0.2650348964025418
2.05	0.26245161445240583
2.06	0.25990589929209046
2.07	0.25739702620724736
2.08	0.2549242878729543
2.09	0.2524869938554478
2.1	0.2500844701304323
2.11	0.24771605861733756
2.12	0.2453811167289261
2.13	0.24307901693567174
2.14	0.24080914634436093
2.15	0.23857090629038835
2.16	0.23636371194323935
2.17	0.23398489782092075
2.18	0.231546628878159
2.19	0.22914475362713682
2.2	0.22677856637272234
2.21	0.224447378225798
2.22	0.22215051662934246
2.23	0.21988732489993573
2.24	0.21765716178411934
2.25	0.21545940102906733
2.2600000000000002	0.21329343096704342
2.27	0.21115865411314536
2.2800000000000002	0.2090544867758536
2.29	0.20698035867992365
2.3000000000000003	0.20493571260117852
2.31	0.20292000401277646
2.32	0.20093270074254502
2.33	0.1989732826409905
2.34	0.19704124125960437
2.35	0.19513607953910708
2.36	0.19325731150727918
2.37	0.1914044619860485
2.38	0.18957706630750953
2.39	0.1877746700385688
2.4	0.1859968287139178
2.41	0.18424310757704943
2.42	0.1825130813290427
2.43	0.18080633388485187
2.44	0.17912245813684657
2.45	0.1774610557253579
2.46	0.17582173681599608
2.47	0.17420411988351187
2.48	0.17260783150198683
2.49	0.17088346639308466
2.5	0.16909694123680527
2.5100000000000002	0.16733611398047038
2.52	0.16560051479347487
2.5300000000000002	0.16388968425226824
2.54	0.16220317306989498
2.5500000000000003	0.160540541833594
2.56	0.15890136075018507
2.57	0.15728520939898324
2.58	0.1556916764919905
2.59	0.1541203596411213
2.6	0.1525708651322323
2.61	0.1510428077057295
2.62	0.14953581034353872
2.63	0.14804950406223114
2.64	0.1465835277121027
2.65	0.1451375277820154
2.66	0.14371115820981317
2.67	0.14230408019813412
2.68	0.14091596203544438
2.69	0.13954647892212882
2.7	0.13819531280147537
2.71	0.13686215219539974
2.72	0.13554669204475905
2.73	0.13424863355411124
2.74	0.13296768404077963
2.75	0.1317035567880891
2.7600000000000002	0.13045597090264313
2.77	0.12922465117551665
2.7800000000000002	0.1280093279472433
2.79	0.12680973697648132
2.8000000000000003	0.1256256193122428
2.81	0.12445672116958037
2.82	0.12330279380862251
2.83	0.12216359341685917
2.84	0.12103888099457637
2.85	0.11992842224334681
2.86	0.11868133247769819
2.87	0.11742185283504347
2.88	0.11618005046114949
2.89	0.11495561715549181
2.9	0.1137482511314918
2.91	0.11255765686153012
2.92	0.11138354492622232
2.93	0.11022563186782364
2.94	0.10908364004763733
2.95	0.10795729750730357
2.96	0.10684633783385075
2.97	0.10575050002839487
2.98	0.1046695283783762
2.99	0.10360317233322726
3.	0.10255118638336762
3.0100000000000002	0.10151332994242714
3.02	0.10048936723260006
3.0300000000000002	0.09947906717303728
3.04	0.09848220327118683
3.0500000000000003	0.0974985535169938
3.06	0.09652790027987815
3.0700000000000003	0.09557003020840564
3.08	0.094624734132575
3.09	0.09369180696864446
3.1	0.09277104762642305
3.11	0.09186225891895639
3.12	0.09096524747453576
3.13	0.0900798236509661
3.14	0.0892058014520252
3.15	0.08834299844605321
3.16	0.08749123568661121
3.17	0.08665033763514912
3.18	0.08582013208562707
3.19	0.08500045009103403
3.2	0.08419112589175069
3.21	0.08339199684570445
3.22	0.08260290336026667
3.23	0.08182368882584279
3.24	0.08105419955110883
3.25	0.08029428469984831
3.2600000000000002	0.07954379622934502
3.27	0.07880258883028914
3.2800000000000002	0.07798911781616065
3.29	0.07712956168477146
3.3000000000000003	0.0762820448350113
3.31	0.0754463629202544
3.3200000000000003	0.0746223156649586
3.33	0.07380970677162484
3.34	0.07300834383015482
3.35	0.07221803822953668
3.36	0.0714386050717936
3.37	0.07066986308812928
3.38	0.06991163455720942
3.39	0.06916374522551752
3.4	0.0684260242297271
3.41	0.0676983040210333
3.42	0.06698042029138859
3.43	0.06627221190159
3.44	0.06557352081116545
3.45	0.06488419201000921
3.46	0.06420407345171872
3.47	0.0635330159885842
3.48	0.06287087330818714
3.49	0.062217501871562005
3.5	0.06157276085287903
3.5100000000000002	0.0609365120806064
3.52	0.06030861998011083
3.5300000000000002	0.059688951517658656
3.54	0.05907737614577778
3.5500000000000003	0.05847376574994544
3.56	0.0578779945965645
3.5700000000000003	0.05728993928219442
3.58	0.05670947868400331
3.59	0.05613649391140778
3.6	0.05557086825886942
3.61	0.05501248715981702
3.62	0.05446123814166459
3.63	0.05391701078189616
3.64	0.05337969666518923
3.65	0.05284918934154987
3.66	0.05232538428543188
3.67	0.05180817885581609
3.68	0.05129747225722247
3.69	0.050793165501632744
3.7	0.05029516137129878
3.71	0.049803364382414006
3.72	0.049317680749625836
3.73	0.04883801835136692
3.74	0.048364286695985186
3.75	0.04789639688865088
3.7600000000000002	0.04742897472552494
3.77	0.04690535677919179
3.7800000000000002	0.04638888377343398
3.79	0.045879439696424336
3.8000000000000003	0.04537691071908832
3.81	0.04488118514843826
3.8200000000000003	0.04439215338202386
3.83	0.043909707863470315
3.84	0.04343374303907456
3.85	0.04296415531543247
3.86	0.04250084301806931
3.87	0.04204370635104751
3.88	0.04159264735752638
3.89	0.04114756988124841
3.9	0.04070837952892868
3.91	0.040274983633523415
3.92	0.03984729121835551
3.93	0.03942521296207439
3.94	0.03900866116442892
3.95	0.03859754971283292
3.96	0.03819179404970211
3.97	0.03779131114054369
3.98	0.03739601944277862
3.99	0.03700583887527881
4.	0.036620690788600106
4.01	0.03624049793589433
4.0200000000000005	0.0358651844444829
4.03	0.03548714493858099
4.04	0.035082718195403484
4.05	0.034683883258748965
4.0600000000000005	0.03429054929170477
4.07	0.03390262715155302
4.08	0.03352002935411555
4.09	0.03314267003893391
4.1	0.03277046493526347
4.11	0.032403331328860155
4.12	0.03204118802953965
4.13	0.03168395533948957
4.14	0.03133155502231474
4.15	0.030983910272797614
4.16	0.030640945687354985
4.17	0.030302587235173695
4.18	0.02996876223000845
4.19	0.029639399302623944
4.2	0.0293144283738666
4.21	0.02899378062834867
4.22	0.02867738848873022
4.23	0.02836518559058387
4.24	0.028057106757827393
4.25	0.02775308797871067
4.26	0.027453066382342562
4.2700000000000005	0.027156980215744773
4.28	0.02686476882141961
4.29	0.026576372615418724
4.3	0.02629173306590087
4.3100000000000005	0.026010792672166275
4.32	0.025721092435606167
4.33	0.025415596252522574
4.34	0.025114420736310154
4.3500000000000005	0.02481749503414295
4.36	0.02452474961415766
4.37	0.024236116237873646
4.38	0.023951527933250182
4.39	0.023670918968364783
4.4	0.023394224825696797
4.41	0.023121382177001205
4.42	0.022852328858757685
4.43	0.02258700384818047
4.44	0.022325347239775015
4.45	0.02206730022242787
4.46	0.021812805057016348
4.47	0.021561805054525096
4.48	0.02131424455465713
4.49	0.021070068904926846
4.5	0.020829224440223244
4.51	0.020591658462831938
4.5200000000000005	0.02035731922290431
4.53	0.020126155899363004
4.54	0.01989811858123333
4.55	0.0196731582493896
4.5600000000000005	0.019451226758706985
4.57	0.019232276820608303
4.58	0.01901626198599676
4.59	0.018803136628564986
4.6000000000000005	0.018592855928471208
4.61	0.01838537585637404
4.62	0.018180653157816827
4.63	0.017966117072364087
4.64	0.017742908886808458
4.65	0.017522945415001694
4.66	0.01730617266309229
4.67	0.017092537648826737
4.68	0.016881988380486962
4.69	0.016674473836309413
4.7	0.01646994394437512
4.71	0.016268349562957595
4.72	0.016069642461318454
4.73	0.015873775300938798
4.74	0.01568070161717589
4.75	0.01549037580133466
4.76	0.015302753083143706
4.7700000000000005	0.015117789513625876
4.78	0.01493544194835365
4.79	0.014755668031080183
4.8	0.01457842617773642
4.8100000000000005	0.014403675560785695
4.82	0.014231376093926874
4.83	0.014061488417137755
4.84	0.01389397388205038
4.8500000000000005	0.01372879453765011
4.86	0.013565913116290981
4.87	0.013405293020019339
4.88	0.013246898307198609
4.89	0.013090693679427763
4.9	0.01293664446874672
4.91	0.012784716625121574
4.92	0.012634876704202958
4.93	0.012487091855351304
4.94	0.012341329809922502
4.95	0.012197558869807616
4.96	0.012048038200369078
4.97	0.011890889706958627
4.98	0.011736100697150934
4.99	0.011583631113145504
5.	0.01143344165553791
5.01	0.011285493767484646
5.0200000000000005	0.011139749619229073
5.03	0.010996172092979957
5.04	0.010854724768133652
5.05	0.01071537190683153
5.0600000000000005	0.010578078439844396
5.07	0.010442809952775774
5.08	0.010309532672576551
5.09	0.01017821345436286
5.1000000000000005	0.010048819768530259
5.11	0.009921319688156799
5.12	0.009795681876687924
5.13	0.009671875575896395
5.14	0.009549870594110589
5.15	0.009429637294704779
5.16	0.009311146584844776
5.17	0.009194369904483192
5.18	0.009079279215597922
5.19	0.008965846991668424
5.2	0.008854046207383608
5.21	0.008743850328576254
5.22	0.008635233302378373
5.23	0.008528169547592118
5.24	0.00842263394527138
5.25	0.008318601829508847
5.26	0.008216048978423863
5.2700000000000005	0.008114951605346091
5.28	0.008015286350190652
5.29	0.00791703027102003
5.3	0.007820160835788329
5.3100000000000005	0.0077246559142638595
5.32	0.007618480199209524
5.33	0.007513908057782809
5.34	0.0074109632764270275
5.3500000000000005	0.0073096175533723775
5.36	0.007209843130626821
5.37	0.007111612782540824
5.38	0.007014899804633421
5.39	0.006919678002672835
5.4	0.006825921682005694
5.41	0.006733605637128488
5.42	0.0066427051414955
5.43	0.006553195937557465
5.44	0.006465054227024976
5.45	0.006378256661351729
5.46	0.006292780332431704
5.47	0.006208602763505468
5.48	0.006125701900270308
5.49	0.006044056102189395
5.5	0.005963644133995146
5.51	0.005884445157381979
5.5200000000000005	0.005806438722884129
5.53	0.005729604761933864
5.54	0.00565392357909594
5.55	0.005579375844473924
5.5600000000000005	0.005505942586284433
5.57	0.005433605183595178
5.58	0.005362345359222929
5.59	0.00529214517278767
5.6000000000000005	0.0052229870139191125
5.61	0.005154853595612124
5.62	0.005087727947727376
5.63	0.0050215934106339274
5.64	0.004956433628990322
5.65	0.004892232545660977
5.66	0.004828974395764631
5.67	0.004766643700851869
5.68	0.004705225263208615
5.69	0.004644592668970175
5.7	0.004579059913838573
5.71	0.0045145642383299725
5.72	0.004451087456958802
5.73	0.004388611734114886
5.74	0.004327119576738032
5.75	0.004266593827158316
5.76	0.004207017656098109
5.7700000000000005	0.004148374555831988
5.78	0.004090648333500565
5.79	0.004033823104574621
5.8	0.00397788328646585
5.8100000000000005	0.0039228135922807095
5.82	0.0038685990247140077
5.83	0.003815224870078623
5.84	0.003762676692468416
5.8500000000000005	0.00371094032805094
5.86	0.0036600018794868514
5.87	0.0036098477104730795
5.88	0.0035604644404067906
5.89	0.0035118389391671947
5.9	0.0034639583220124927
5.91	0.0034168099445891806
5.92	0.0033703813980510864
5.93	0.0033246605042855063
5.94	0.003279635311243922
5.95	0.0032352940883749147
5.96	0.003191625322156736
5.97	0.003148617711727324
5.98	0.003106260164609391
5.99	0.003064541792528437
6.	0.0030234519073214497
6.01	0.002982980016934203
6.0200000000000005	0.0029431158215051318
6.03	0.002903849209533705
6.04	0.0028651702541313767
6.05	0.002827069209353186
6.0600000000000005	0.0027895365066081764
6.07	0.0027525627511467534
6.08	0.002716138718623269
6.09	0.0026802553517320535
6.1000000000000005	0.0026448897316236285
6.11	0.002610018884396537
6.12	0.0025756636839026526
6.13	0.002541815681156511
6.140000000000001	0.0025084665790679216
6.15	0.0024756082294700734
6.16	0.002443232630210458
6.17	0.002411331922303272
6.18	0.0023798983871417823
6.19	0.0023489244437693868
6.2	0.0023184026462080426
6.21	0.002288325680842681
6.22	0.0022586863638604706
6.23	0.0022294776387435725
6.24	0.002200692573814291
6.25	0.0021723243598313663
6.26	0.0021443663076362862
6.2700000000000005	0.002116811845848549
6.28	0.0020896545186086814
6.29	0.0020628879833680573
6.3	0.0020365060087243875
6.3100000000000005	0.002010502472301941
6.32	0.0019848713586754106
6.33	0.0019596067573365746
6.34	0.001934702860702703
6.3500000000000005	0.0019101539621658337
6.36	0.001885954454182038
6.37	0.0018620988263997338
6.38	0.001838581663826259
6.390000000000001	0.0018153976450317945
6.4	0.0017925415403898853
6.41	0.0017700082103537043
6.42	0.001747792603767328
6.43	0.0017258897562111978
6.44	0.001704294788381089
6.45	0.0016830029044998234
6.46	0.0016620093907609946
6.47	0.0016413096138040773
6.48	0.0016208990192201655
6.49	0.0016007731300877405
6.5	0.001580927545537764
6.51	0.001561357939347525
6.5200000000000005	0.001542060058562574
6.53	0.0015230297221461514
6.54	0.0015071238648357956
6.55	0.0014924988368152526
6.5600000000000005	0.001478037716446468
6.57	0.0014637384210884371
6.58	0.0014495988976746738
6.59	0.001435617122249196
6.6000000000000005	0.0014217910995104408
6.61	0.0014081188623630422
6.62	0.0013945984714772524
6.63	0.00138122801485592
6.640000000000001	0.0013680056074088399
6.65	0.001354929390534376
6.66	0.0013419975317082
6.67	0.0013292082240790098
6.68	0.0013165596860711323
6.69	0.0013040501609938272
6.7	0.001291677916657242
6.71	0.0012794412449948153
6.72	0.0012673384616920772
6.73	0.0012553679058216905
6.74	0.0012435279394846382
6.75	0.0012318169474574289
6.76	0.0012202333368452243
6.7700000000000005	0.0012087755367407788
6.78	0.0011974419978890687
6.79	0.0011862311923575358
6.8	0.0011751416132118229
6.8100000000000005	0.001164171774196905
6.82	0.0011533202094235286
6.83	0.0011425854730598437
6.84	0.0011319661390281628
6.8500000000000005	0.0011214608007067248
6.86	0.0011110680706363965
6.87	0.0011007865802322126
6.88	0.0010906149794996673
6.890000000000001	0.001080551936755671
6.9	0.0010705961383541101
6.91	0.0010607462884158825
6.92	0.0010510011085633755
6.93	0.0010413593376592874
6.94	0.0010318197315497013
6.95	0.0010223810628113758
6.96	0.0010130421205031173
6.97	0.0010038017099212341
6.98	0.0009946586523589382
6.99	0.0010330274923266733
7.	0.0011055178916932107