0.01	3.295970431728358
0.02	2.1921694236173903
0.03	1.8002746416819546
0.04	1.6006703951186663
0.05	1.4758051739940434
0.06	1.3929591949911457
0.07	1.3365835594342306
0.08	1.2936961369826532
0.09	1.2593202083354187
0.1	1.2312947670905747
0.11	1.2085262196657214
0.12	1.189941310589213
0.13	1.1736725825817071
0.14	1.1588632830756702
0.15	1.145141995601952
0.16	1.1319887912596127
0.17	1.1197709006125744
0.18	1.1084185360536227
0.19	1.097787099966018
0.2	1.08744190669826
0.21	1.0772831230994002
0.22	1.0676854101189586
0.23	1.0580803698910788
0.24	1.0485728361658535
0.25	1.039533755510678
0.26	1.030834412373373
0.27	1.0222526498218276
0.28	1.014050621467185
0.29	1.006198834618709
0.3	0.9982663313926299
0.31	0.9901032874193754
0.32	0.9822630429635517
0.33	0.9747233276878585
0.34	0.967439967902897
0.35000000000000003	0.959773521360573
0.36	0.9523812736427076
0.37	0.9452461997095395
0.38	0.9383527559937935
0.39	0.9316839573825402
0.4	0.9243622610119131
0.41000000000000003	0.9172767937576666
0.42	0.9104144449854975
0.43	0.9037631220611889
0.44	0.8973116497919169
0.45	0.8909128962307139
0.46	0.8842378623443544
0.47000000000000003	0.8777548012363966
0.48	0.8714542801365603
0.49	0.8653275140764519
0.5	0.8593663092526616
0.51	0.8535630123618494
0.52	0.8475717137894119
0.53	0.8415059020241277
0.54	0.8355956800073864
0.55	0.8298342845432187
0.56	0.8242153626006289
0.5700000000000001	0.8187329396408486
0.58	0.8133813908970737
0.59	0.8081554152858219
0.6	0.8025919391953784
0.61	0.7971466025097501
0.62	0.7918258618108345
0.63	0.7866249245456878
0.64	0.7815392548475126
0.65	0.7765645560328039
0.66	0.771696754540227
0.67	0.7669319851726297
0.68	0.7621530625025335
0.6900000000000001	0.7571006730435078
0.7000000000000001	0.7521537567811062
0.71	0.7473086516765836
0.72	0.7425618721226541
0.73	0.7379100981340682
0.74	0.7333501653380948
0.75	0.7288790556958006
0.76	0.7244938888918246
0.77	0.720191914336398
0.78	0.7159097249575369
0.79	0.7114527759053246
0.8	0.7070791170234073
0.81	0.7027861795328425
0.8200000000000001	0.6985715043357035
0.8300000000000001	0.6944327360629426
0.84	0.6903676175124894
0.85	0.6863739844476887
0.86	0.6824497607288066
0.87	0.6785929537526819
0.88	0.6748016501777329
0.89	0.671074011913442
0.9	0.6671712645441109
0.91	0.6632150295240258
0.92	0.6593251101507627
0.93	0.6554996919408533
0.9400000000000001	0.6517370288791738
0.9500000000000001	0.6480354401400946
0.96	0.6443933069982496
0.97	0.640809069916112
0.98	0.6372812257965514
0.99	0.6338083253894532
1.	0.630388970842299
1.01	0.6270218133853721
1.02	0.6237055511429358
1.03	0.6202899669415088
1.04	0.6167286076131308
1.05	0.6132214839405484
1.06	0.6097672651379921
1.07	0.6063646652286081
1.08	0.6030124411340055
1.09	0.5997093908620708
1.1	0.59645435178714
1.11	0.5932461990170379
1.12	0.5900838438418526
1.1300000000000001	0.586966232259668
1.1400000000000001	0.5838923435747967
1.1500000000000001	0.5808611890643408
1.16	0.5778718107091949
1.17	0.5749232799858494
1.18	0.5719571744573204
1.19	0.5688418273886172
1.2	0.565769307056244
1.21	0.5627386751324681
1.22	0.5597490213818856
1.23	0.5567994625984967
1.24	0.5538891415912554
1.25	0.5510172262155191
1.26	0.5481829084479654
1.27	0.5453854035027039
1.28	0.542623948986438
1.29	0.5398978040906601
1.3	0.5372062488189902
1.31	0.5345485832478628
1.32	0.5319241268188909
1.33	0.5293322176613119
1.34	0.5267722119430297
1.35	0.5242434832488373
1.36	0.521591950972438
1.37	0.5189310518707988
1.3800000000000001	0.5163029319370015
1.3900000000000001	0.5137069541988403
1.4000000000000001	0.5111424985281445
1.41	0.5086089610789282
1.42	0.5061057537481085
1.43	0.503632303657739
1.44	0.5011880526577495
1.45	0.4987724568482486
1.46	0.4963849861204908
1.47	0.49402512371565244
1.48	0.4916923658006159
1.49	0.4893862210599913
1.5	0.4871062103036528
1.51	0.48485186608909986
1.52	0.48262273235798914
1.53	0.4804183640862165
1.54	0.4782383269469599
1.55	0.4760821969861203
1.56	0.47378864485062017
1.57	0.4714676558706753
1.58	0.46917266551474723
1.59	0.46690322075829166
1.6	0.4646588792547872
1.61	0.46243920901924246
1.62	0.46024378812298006
1.6300000000000001	0.4580722043992306
1.6400000000000001	0.45592405515908835
1.6500000000000001	0.45379894691740674
1.6600000000000001	0.45169649512822335
1.67	0.44961632392933065
1.68	0.44755806589562463
1.69	0.44552136180087787
1.7	0.4435058603876004
1.71	0.4415112181446713
1.72	0.43953709909243216
1.73	0.43758317457495133
1.74	0.4356491230591797
1.75	0.43373462994073214
1.76	0.43183938735603755
1.77	0.42996309400061566
1.78	0.4281054549532474
1.79	0.42612848052161034
1.8	0.4241259751861437
1.81	0.4221438965147655
1.82	0.42018192500720075
1.83	0.4182397478799105
1.84	0.4163170588891367
1.85	0.41441355815954134
1.86	0.41252895201823153
1.87	0.41066295283397725
1.8800000000000001	0.4088152788614285
1.8900000000000001	0.4069856540901532
1.9000000000000001	0.40517380809832243
1.9100000000000001	0.4033794759108738
1.92	0.4016023978619958
1.93	0.39984231946177884
1.94	0.3980989912668855
1.95	0.39637216875509995
1.96	0.39466161220361917
1.97	0.39296708657095786
1.98	0.3912883613823413
1.99	0.3896252106184655
2.	0.38797741260751034
2.0100000000000002	0.38634474992029394
2.02	0.38472700926846265
2.0300000000000002	0.38312398140561377
2.04	0.38153546103125263
2.05	0.37991093144167243
2.06	0.378204775400631
2.07	0.3765144883749513
2.08	0.3748398471689448
2.09	0.3731806327792352
2.1	0.37153663029641953
2.11	0.3699076288094949
2.12	0.36829342131295467
2.13	0.3666938046164709
2.14	0.36510857925707524
2.15	0.36353754941376343
2.16	0.3619805228244408
2.17	0.36043731070513646
2.18	0.3589077276714132
2.19	0.3573915916619045
2.2	0.35588872386391013
2.21	0.35439894864098875
2.22	0.35292209346248093
2.23	0.35145798883490736
2.24	0.35000646823517984
2.25	0.3485673680455728
2.2600000000000002	0.34714052749039953
2.27	0.345725788574341
2.2800000000000002	0.34432299602237854
2.29	0.3429319972212798
2.3000000000000003	0.34155264216259307
2.31	0.3401847833871041
2.32	0.33882827593071096
2.33	0.3374829772716759
2.34	0.33614874727921334
2.35	0.33482273803194484
2.36	0.3333788026980524
2.37	0.33194716043960765
2.38	0.3305276553884748
2.39	0.32912013429669856
2.4	0.32772444648172505
2.41	0.32634044377298976
2.42	0.32496798045983444
2.43	0.3236069132407133
2.44	0.3222571011736524
2.45	0.3209184056279248
2.46	0.3195906902369091
2.47	0.3182738208520958
2.48	0.31696766549820954
2.49	0.3156720943294158
2.5	0.3143869795865832
2.5100000000000002	0.3131121955555676
2.52	0.31184761852649523
2.5300000000000002	0.31059312675401257
2.54	0.30934860041847845
2.5500000000000003	0.3081139215880718
2.56	0.30688897418179056
2.57	0.3056736439333158
2.58	0.3044678183557206
2.59	0.30327138670699716
2.6	0.3020842399563822
2.61	0.3009062707514593
2.62	0.2997373733860164
2.63	0.2985774437686389
2.64	0.2974263793920179
2.65	0.2962840793029571
2.66	0.2951504440730563
2.67	0.2940253757700571
2.68	0.29290877792983067
2.69	0.2918005555289937
2.7	0.29067687999970665
2.71	0.28947150165720686
2.72	0.28827553392802907
2.73	0.2870888691475709
2.74	0.285911401271348
2.75	0.2847430258448133
2.7600000000000002	0.28358363997384567
2.77	0.2824331422958919
2.7800000000000002	0.28129143295174247
2.79	0.2801584135579284
2.8000000000000003	0.2790339871797208
2.81	0.27791805830471883
2.82	0.2768105328170111
2.83	0.27571131797189663
2.84	0.27462032237114986
2.85	0.2735374559388178
2.86	0.27246262989753517
2.87	0.27139575674534405
2.88	0.2703367502330081
2.89	0.2692855253418053
2.9	0.26824199826179085
2.91	0.2672060863705172
2.92	0.2661777082122002
2.93	0.2651567834773206
2.94	0.26414323298265
2.95	0.26313697865169244
2.96	0.2621379434955291
2.97	0.26114605159405896
2.98	0.2601612280776249
2.99	0.2591833991090149
3.	0.25821249186583234
3.0100000000000002	0.25724843452322327
3.02	0.25629115623695486
3.0300000000000002	0.25534058712683544
3.04	0.25439665826046876
3.0500000000000003	0.25345930163733355
3.06	0.25252845017318293
3.0700000000000003	0.2516040376847539
3.08	0.2506859988747812
3.09	0.24977426931730803
3.1	0.24884418603373434
3.11	0.2478416454129009
3.12	0.2468463428393632
3.13	0.24585820310808298
3.14	0.2448771520323421
3.15	0.2439031164267665
3.16	0.24293602409068515
3.17	0.24197580379181807
3.18	0.2410223852502845
3.19	0.24007569912292426
3.2	0.23913567698792604
3.21	0.2382022513297544
3.22	0.2372753555243698
3.23	0.23635492382473416
3.24	0.23544089134659668
3.25	0.23453319405455275
3.2600000000000002	0.23363176874836997
3.27	0.23273655304957594
3.2800000000000002	0.23184748538830177
3.29	0.23096450499037463
3.3000000000000003	0.2300875518646562
3.31	0.229216566790619
3.3200000000000003	0.2283514913061575
3.33	0.22749226769562747
3.34	0.22663883897810935
3.35	0.22579114889589097
3.36	0.22494914190316423
3.37	0.22411276315493095
3.38	0.2232819584961152
3.39	0.22245667445087489
3.4	0.2216368582121111
3.41	0.22082245763116906
3.42	0.2200134212077276
3.43	0.21920969807987264
3.44	0.2184112380143515
3.45	0.21761799139700308
3.46	0.21682990922336204
3.47	0.21604694308943082
3.48	0.21526904518261902
3.49	0.2144961682728436
3.5	0.21372826570378867
3.5100000000000002	0.21296529138432177
3.52	0.21220719978006053
3.5300000000000002	0.21145394590509095
3.54	0.2107054853138304
3.5500000000000003	0.2099617740930344
3.56	0.20919449774910845
3.5700000000000003	0.20837856375209024
3.58	0.2075680811988916
3.59	0.20676299859181174
3.6	0.20596326506124882
3.61	0.20516883035632205
3.62	0.2043796448356586
3.63	0.20359565945834257
3.64	0.20281682577502358
3.65	0.20204309591918046
3.66	0.2012744225985373
3.67	0.20051075908662985
3.68	0.1997520592145171
3.69	0.1989982773626375
3.7	0.1982493684528049
3.71	0.19750528794034355
3.72	0.1967659918063565
3.73	0.19603143655012825
3.74	0.19530157918165567
3.75	0.1945763772143074
3.7600000000000002	0.19385578865760708
3.77	0.19313977201013963
3.7800000000000002	0.1924282862525766
3.79	0.19172129084082035
3.8000000000000003	0.19101874569926186
3.81	0.19032061121415356
3.8200000000000003	0.18962684822709094
3.83	0.18893741802860475
3.84	0.1882522823518588
3.85	0.18757140336645226
3.86	0.1868947436723255
3.87	0.1862222662937654
3.88	0.18555393467351028
3.89	0.1848897126669512
3.9	0.18422956453642833
3.91	0.18357345494562063
3.92	0.182921348954027
3.93	0.18227321201153723
3.94	0.1816290099530904
3.95	0.18098870899342082
3.96	0.18035227572188758
3.97	0.17971967709738804
3.98	0.17909088044335283
3.99	0.17846585344282093
4.	0.17784456413359348
4.01	0.17722698090346475
4.0200000000000005	0.17661307248552893
4.03	0.17600280795356157
4.04	0.17539615671747366
4.05	0.1747930885188376
4.0600000000000005	0.1741935734264839
4.07	0.17359758183216653
4.08	0.1730050844462967
4.09	0.1723711143940941
4.1	0.17171718671228747
4.11	0.17106732380309034
4.12	0.17042149060214565
4.13	0.16977965243168786
4.14	0.16914177499535787
4.15	0.16850782437309972
4.16	0.1678777670161377
4.17	0.16725156974203223
4.18	0.16662919972981374
4.19	0.16601062451519186
4.2	0.1653958119858403
4.21	0.1647847303767541
4.22	0.16417734826567976
4.23	0.1635736345686159
4.24	0.16297355853538312
4.25	0.16237708974526283
4.26	0.16178419810270234
4.2700000000000005	0.16119485383308674
4.28	0.16060902747857472
4.29	0.16002668989399862
4.3	0.15944781224282642
4.3100000000000005	0.15887236599318524
4.32	0.15830032291394586
4.33	0.1577316550708653
4.34	0.15716633482278852
4.3500000000000005	0.156604334817907
4.36	0.1560456279900736
4.37	0.1554901875551726
4.38	0.15493798700754438
4.39	0.1543890001164629
4.4	0.153843200922666
4.41	0.1533005637349374
4.42	0.15276106312673884
4.43	0.1522246739328927
4.44	0.15169137124631282
4.45	0.1511611304147843
4.46	0.15063392703778994
4.47	0.1501097369633833
4.48	0.149588536285108
4.49	0.14907030133896124
4.5	0.1485550087004022
4.51	0.14804263518140343
4.5200000000000005	0.1475331578275451
4.53	0.14702655391515163
4.54	0.14652280094846898
4.55	0.14602187665688335
4.5600000000000005	0.145523758992179
4.57	0.1450284261258364
4.58	0.14453585644636813
4.59	0.14404602855669305
4.6000000000000005	0.14355892127154835
4.61	0.14307451361493792
4.62	0.1425927848176168
4.63	0.1421137143146117
4.64	0.14163728174277607
4.65	0.14116346693837997
4.66	0.14069224993473373
4.67	0.1402236109598448
4.68	0.13975753043410757
4.69	0.1392855880859362
4.7	0.13877038610342035
4.71	0.1382581787402021
4.72	0.13774894228730963
4.73	0.13724265327316837
4.74	0.1367392884607287
4.75	0.13623882484463393
4.76	0.13574123964842866
4.7700000000000005	0.13524651032180662
4.78	0.1347546145378971
4.79	0.13426553019058965
4.8	0.13377923539189604
4.8100000000000005	0.13329570846934963
4.82	0.13281492796344083
4.83	0.13233687262508806
4.84	0.13186152141314456
4.8500000000000005	0.13138885349193882
4.86	0.13091884822885042
4.87	0.13045148519191802
4.88	0.12998674414748138
4.89	0.12952460505785537
4.9	0.12906504807903604
4.91	0.12860805355843818
4.92	0.1281536020326639
4.93	0.12770167422530154
4.94	0.1272522510447547
4.95	0.12680531358210093
4.96	0.12636084310897913
4.97	0.1259188210755061
4.98	0.12547922910822046
4.99	0.12504204900805554
5.	0.1246072627483383
5.01	0.12417485247281584
5.0200000000000005	0.12374480049370847
5.03	0.12331708928978835
5.04	0.12289170150448434
5.05	0.1224686199440118
5.0600000000000005	0.12204782757552715
5.07	0.12162930752530757
5.08	0.12121304307695406
5.09	0.12079901766961883
5.1000000000000005	0.12038721489625571
5.11	0.11997761850189412
5.12	0.11957021238193517
5.13	0.11916498058047054
5.14	0.11876190728862313
5.15	0.11836097684290961
5.16	0.11796217372362433
5.17	0.11756548255324402
5.18	0.11717088809485364
5.19	0.11677837525059219
5.2	0.11638792906011915
5.21	0.11599953469910042
5.22	0.11561317747771375
5.23	0.11522884283917367
5.24	0.11484651635827525
5.25	0.11446618373995639
5.26	0.11408783081787888
5.2700000000000005	0.11371144355302723
5.28	0.1133370080323256
5.29	0.11296451046727224
5.3	0.11259393719259131
5.3100000000000005	0.11222527466490172
5.32	0.11185850946140309
5.33	0.11149362827857794
5.34	0.1111306179309105
5.3500000000000005	0.11076946534962165
5.36	0.11041015758141955
5.37	0.11005268178726622
5.38	0.10969702524115937
5.39	0.1093120215573961
5.4	0.10891534427789118
5.41	0.10852083640124195
5.42	0.10812848208595915
5.43	0.10773826563516725
5.44	0.1073501714950208
5.45	0.10696418425314168
5.46	0.10658028863707546
5.47	0.10619846951276826
5.48	0.10581871188306216
5.49	0.10544100088621021
5.5	0.10506532179441
5.51	0.10469166001235572
5.5200000000000005	0.10432000107580844
5.53	0.10395033065018468
5.54	0.10358263452916222
5.55	0.10321689863330372
5.5600000000000005	0.1028531090086974
5.57	0.10249125182561497
5.58	0.10213131337718581
5.59	0.10177328007808802
5.6000000000000005	0.10141713846325559
5.61	0.10106287518660181
5.62	0.10071047701975788
5.63	0.10035993085082806
5.64	0.10001122368315908
5.65	0.09966434263412574
5.66	0.09931927493393063
5.67	0.09897600792441896
5.68	0.09863452905790791
5.69	0.0982948258960301
5.7	0.09795688610859143
5.71	0.09762069747244247
5.72	0.09728624787036404
5.73	0.0969535252899658
5.74	0.09662251782259873
5.75	0.09629321366228025
5.76	0.09596560110463274
5.7700000000000005	0.0956396685458346
5.78	0.0953154044815839
5.79	0.09499279750607484
5.8	0.09467183631098601
5.8100000000000005	0.09435250968448096
5.82	0.09403480651022104
5.83	0.09371871576638938
5.84	0.09340422652472702
5.8500000000000005	0.0930913279495802
5.86	0.09278000929695913
5.87	0.09247025991360798
5.88	0.09216206923608537
5.89	0.09185542678985652
5.9	0.09155032218839541
5.91	0.09124674513229786
5.92	0.09094468540840499
5.93	0.09064413288893676
5.94	0.09034507753063589
5.95	0.09004750937392195
5.96	0.08975141854205451
5.97	0.08945679524030724
5.98	0.08916362975515053
5.99	0.0888719124534444
6.	0.08858163378164009
6.01	0.08829278426499147
6.0200000000000005	0.08800535450677524
6.03	0.0877193351875202
6.04	0.08743471706424548
6.05	0.08715149096970723
6.0600000000000005	0.08686964781165432
6.07	0.08658917857209257
6.08	0.08631007430655702
6.09	0.08603232614339278
6.1000000000000005	0.08575592528304408
6.11	0.08548086299735146
6.12	0.08520713062885674
6.13	0.08493471959011598
6.140000000000001	0.08466362136302041
6.15	0.08439382749812478
6.16	0.08412532961398331
6.17	0.08385811939649329
6.18	0.08359218859824602
6.19	0.08329285064376897
6.2	0.08299289751728284
6.21	0.08269450537604964
6.22	0.08239766360246956
6.23	0.08210236166807222
6.24	0.08180858913262681
6.25	0.08151633564326292
6.26	0.08122559093360109
6.2700000000000005	0.08093634482289365
6.28	0.08064858721517544
6.29	0.0803623080984241
6.3	0.08007749754373031
6.3100000000000005	0.07979414570447714
6.32	0.07951224281552913
6.33	0.07923177919243049
6.34	0.0789527452306123
6.3500000000000005	0.07867513140460913
6.36	0.07839892826728402
6.37	0.07812412644906283
6.38	0.0778507166571767
6.390000000000001	0.07757868967491356
6.4	0.07730803636087792
6.41	0.07703874764825865
6.42	0.07677081454410581
6.43	0.07650422812861472
6.44	0.0762389795544187
6.45	0.07597506004588947
6.46	0.07571246089844537
6.47	0.07545117347786737
6.48	0.07519118921962271
6.49	0.07493249962819616
6.5	0.0746750962764284
6.51	0.07441897080486214
6.5200000000000005	0.0741641149210952
6.53	0.073910520399141
6.54	0.07365817907879586
6.55	0.07340708286501339
6.5600000000000005	0.07315722372728584
6.57	0.07290859369903226
6.58	0.07266118487699318
6.59	0.0724149894206322
6.6000000000000005	0.07216999955154389
6.61	0.07192620755286838
6.62	0.07168360576871229
6.63	0.07144218660357562
6.640000000000001	0.07120194252178562
6.65	0.07096286604693607
6.66	0.070724949761333
6.67	0.07048818630544657
6.68	0.0702525683773683
6.69	0.07001808873227493
6.7	0.06978474018189755
6.71	0.06955251559399644
6.72	0.06932140789184184
6.73	0.06909141005370018
6.74	0.0688625151123256
6.75	0.06863471615445742
6.76	0.06840800632032239
6.7700000000000005	0.0681823788031426
6.78	0.06795782684864882
6.79	0.06773434375459826
6.8	0.06751192287029857
6.8100000000000005	0.06729055759613586
6.82	0.06707024138310834
6.83	0.06685096773236468
6.84	0.06663273019474718
6.8500000000000005	0.06641552237034007
6.86	0.06619933790802217
6.87	0.06598417050502457
6.88	0.06577001390649274
6.890000000000001	0.06555686190505337
6.9	0.06534470834038572
6.91	0.06513354709879741
6.92	0.06492337211280469
6.93	0.06471417736071709
6.94	0.06450595686622627
6.95	0.06429870469799945
6.96	0.06409241496927662
6.97	0.0638870818374724
6.98	0.06368269950378166
6.99	0.0634792622127893
7.	0.0632767642520843
7.01	0.06307519995187745
7.0200000000000005	0.06287456368462305
7.03	0.06267484986464479
7.04	0.06247605294776501
7.05	0.062278167430938246
7.0600000000000005	0.06208118785188808
7.07	0.061885108788748124
7.08	0.061689924859706306
7.09	0.06149563072265293
7.1000000000000005	0.06129171311421227
7.11	0.06107118531810484
7.12	0.06085175925891409
7.13	0.06063342789665356
7.140000000000001	0.06041618424610771
7.15	0.06020002137633002
7.16	0.05998493241014617
7.17	0.05977091052366247
7.18	0.059557948945779655
7.19	0.05934604095771149
7.2	0.059135179892508834
7.21	0.05892535913458801
7.22	0.0587165721192651
7.23	0.058508812332294026
7.24	0.05830207330941033
7.25	0.05809634863587916
7.26	0.05789163194604818
7.2700000000000005	0.05768791692290515
7.28	0.0574851972976399
7.29	0.057283466849211165
7.3	0.057082719403917556
7.3100000000000005	0.05688294883497317
7.32	0.056684149062087595
7.33	0.056486314051050056
7.34	0.05628943781331806
7.3500000000000005	0.05609351440561011
7.36	0.05589853792950274
7.37	0.05570450253103152
7.38	0.05551140240029619
7.390000000000001	0.05531923177107002
7.4	0.055127984920412834
7.41	0.054937656168288246
7.42	0.05474823987718464
7.43	0.0545597304517401
7.44	0.05437212233837095
7.45	0.05418541002490457
7.46	0.05399958804021508
7.47	0.053814650953863646
7.48	0.05363059337574165
7.49	0.05344740995571797
7.5	0.05326509538328961
7.51	0.05308364438723565
7.5200000000000005	0.05290305173527518
7.53	0.05272331223372814
7.54	0.05254442072717989
7.55	0.05236637209814896
7.5600000000000005	0.05218916126675818
7.57	0.05201278319040927
7.58	0.05183723286346018
7.59	0.051662505316906235
7.6000000000000005	0.05148859561806409
7.61	0.051315498870258824
7.62	0.05114321021251437
7.63	0.050971724819246694
7.640000000000001	0.05080103789996029
7.65	0.05063114469894752
7.66	0.05046204049499088
7.67	0.05029372060106845
7.68	0.050126180364061815
7.69	0.04995941516446726
7.7	0.049793420416109666
7.71	0.04962819156585901
7.72	0.04946372409335
7.73	0.04930001351070411
7.74	0.04913705536225463
7.75	0.04897484522427405
7.76	0.048813378704704403
7.7700000000000005	0.048652651442890195
7.78	0.04849265910931368
7.79	0.04833339740533296
7.8	0.04817486206292253
7.8100000000000005	0.048017048844416314
7.82	0.04785995354225324
7.83	0.04770357197872517
7.84	0.04754790000572743
7.8500000000000005	0.04739293350451146
7.86	0.04723866838544018
7.87	0.047085100587745475
7.88	0.04693222607928799
7.890000000000001	0.046780040856319476
7.9	0.04662854094324706
7.91	0.046477722392400014
7.92	0.04632758128379873
7.930000000000001	0.04617811372492566
7.94	0.04602931585049885
7.95	0.045881183822247214
7.96	0.04573371382868818
7.97	0.04558690208490742
7.98	0.045440744832340514
7.99	0.0452952383385569
8.	0.04515037889704569
8.01	0.045006162827003614
8.02	0.04486258647312486
8.03	0.044719646205393
8.040000000000001	0.044577338418874804
8.05	0.044435659533515956
8.06	0.04429460599393879
8.07	0.04415417426924187
8.08	0.04401436085280136
8.09	0.04387516226207439
8.1	0.04373657503840417
8.11	0.04359859574682689
8.120000000000001	0.04346122097588059
8.13	0.04332444733741552
8.14	0.043188271466406546
8.15	0.04304736165512997
8.16	0.042890228706297995
8.17	0.0427338607241038
8.18	0.0425782530549924
8.19	0.042423401079358575
8.2	0.04226930021125811
8.21	0.0421159458981219
8.22	0.041963333620472845
8.23	0.041811458891645344
8.24	0.04166031725750769
8.25	0.04150990429618694
8.26	0.04136021561779672
8.27	0.04121124686416735
8.28	0.04106299370857876
8.290000000000001	0.04091545185549598
8.3	0.040768617040307015
8.31	0.04062248502906339
8.32	0.040477051618223125
8.33	0.04033231263439616
8.34	0.04018826393409227
8.35	0.04004490140347121
8.36	0.039902220958095515
8.370000000000001	0.03976021854268551
8.38	0.039618890130876536
8.39	0.039478231724978684
8.4	0.03933823935573877
8.41	0.03919890908210441
8.42	0.039060236990990524
8.43	0.038922219197047955
8.44	0.038784851842434284
8.45	0.03864813109658683
8.46	0.03851205315599761
8.47	0.03837661424399089
8.48	0.038241810610502205
8.49	0.038107638531859944
8.5	0.037974094310568716
8.51	0.03784117427509489
8.52	0.037708874779654025
8.53	0.037577192204000416
8.540000000000001	0.03744612295321844
8.55	0.03731566345751608
8.56	0.03718581017202004
8.57	0.0370565595765732
8.58	0.03692790817553347
8.59	0.036799852497574954
8.6	0.03667238909549064
8.61	0.036545514545997054
8.620000000000001	0.036419225449540724
8.63	0.036293518430106454
8.64	0.0361683901350272
8.65	0.036043837234795956
8.66	0.0359198564228791
8.67	0.03579644441553176
8.68	0.03567359795161452
8.69	0.03555131379241222
8.700000000000001	0.03542958872145396
8.71	0.03530841954433517
8.72	0.035187803088541005
8.73	0.035067736203271554
8.74	0.034948215759268486
8.75	0.034829238648643436
8.76	0.03471080178470775
8.77	0.03459290210180405
8.78	0.034475536555139
8.790000000000001	0.03435870212061792
8.8	0.03424239579468065
8.81	0.03412661459413897
8.82	0.03401135555601559
8.83	0.03389661573738449
8.84	0.033782392215212696
8.85	0.0336686820862035
8.86	0.03355548246664112
8.870000000000001	0.0334427904922368
8.88	0.0333306033179761
8.89	0.03321891811796778
8.9	0.03310773208529396
8.91	0.032997042431861454
8.92	0.0328868463882548
8.93	0.032777141203590196
8.94	0.032667924145371
8.950000000000001	0.03255919249934451
8.96	0.03245094356935982
8.97	0.032343174677227186
8.98	0.03223588316257843
8.99	0.0321290663827288
9.	0.0320227217125398
9.01	0.03191684654428346
9.02	0.03181143828750769
9.03	0.03170649436890279
9.040000000000001	0.03160201223216932
9.05	0.03149798933788684
9.06	0.0313944231633841
9.07	0.03129131120261024
9.08	0.031188650966007033
9.09	0.031086439980382418
9.1	0.030984675788785006
9.11	0.030883355950379818
9.120000000000001	0.030782478040324975
9.13	0.03068203964964954
9.14	0.030582038385132397
9.15	0.03048247186918222
9.16	0.030383337739718408
9.17	0.030284633650053225
9.18	0.030186357268774704
9.19	0.030088506279630854
9.200000000000001	0.029991078381414592
9.21	0.02989407128784995
9.22	0.029797482727479
9.23	0.029701310443549952
9.24	0.02960555219390615
9.25	0.02951020575087594
9.26	0.029415268901163694
9.27	0.029320739445741536
9.28	0.029226615199742158
9.290000000000001	0.02913289399235251
9.3	0.029039573666708358
9.31	0.028946652079789834
9.32	0.028854127102317766
9.33	0.028761996618651017
9.34	0.028670258526684648
9.35	0.028578910737748847
9.36	0.028479646835039143
9.370000000000001	0.028373492087242703
9.38	0.028267845618993682
9.39	0.02816270445860856
9.4	0.028058065654916656
9.41	0.027953926277096874
9.42	0.027850283414515967
9.43	0.027747134176568246
9.44	0.027644475692516757
9.450000000000001	0.027542305111335826
9.46	0.027440619601555024
9.47	0.027339416351104668
9.48	0.027238692567162465
9.49	0.02713844547600176
9.5	0.027038672322840886
9.51	0.02693937037169422
9.52	0.026840536905224165
9.53	0.02674216922459474
9.540000000000001	0.026644264649326344
9.55	0.026546820517151824
9.56	0.02644983418387388
9.57	0.026353303023223622
9.58	0.026257224426720484
9.59	0.026161595803533378
9.6	0.02606641458034296
9.61	0.02597167820120522
9.620000000000001	0.025877384127416303
9.63	0.025783529837378364
9.64	0.025690112826466792
9.65	0.025597130606898454
9.66	0.025504580707601154
9.67	0.02541246067408432
9.68	0.025320768068310653
9.69	0.025229500468569015
9.700000000000001	0.025138655469348424
9.71	0.025048230681213115
9.72	0.02495822373067872
9.73	0.02486863226008953
9.74	0.024779453927496753
9.75	0.024690686406537977
9.76	0.024602327386317478
9.77	0.02451437457128783
9.78	0.024426825681132282
9.790000000000001	0.02433967845064832
9.8	0.02425293062963219
9.81	0.024166579982764384
9.82	0.024080624289496175
9.83	0.023995061343937096
9.84	0.02390988895474341
9.85	0.023825104945007527
9.86	0.02374070715214835
9.870000000000001	0.02365669342780261
9.88	0.023573061637717135
9.89	0.023489809661641978
9.9	0.02340693539322454
9.91	0.023324436739904527
9.92	0.023242311622809892
9.93	0.02316055797665359
9.94	0.023079173749631223
9.950000000000001	0.022998156903319616
9.96	0.0229175054125762
9.97	0.022837217265439285
9.98	0.02275729046302912
9.99	0.022677723019449897
10.	0.02259851296169251
10.01	0.0225196583295381
10.02	0.022441157175462603
10.03	0.022363007564541817
10.040000000000001	0.022285207574357594
10.05	0.022207755294904513
10.06	0.02213064882849762
10.07	0.022053886289680684
10.08	0.021977465805135477
10.09	0.021901385513591637
10.1	0.02182564356573733
10.11	0.021750238124130704
10.120000000000001	0.021675167363112098
10.13	0.021600429468716844
10.14	0.021526022638589055
10.15	0.02145194508189581
10.16	0.021378195019242395
10.17	0.021304770682587956
10.18	0.02123167031516206
10.19	0.02115889217138186
10.200000000000001	0.02108643451676994
10.21	0.021014295627872857
10.22	0.020942473792180463
10.23	0.020870967308045673
10.24	0.02079977448460514
10.25	0.020728893641700396
10.26	0.020658323109799752
10.27	0.020588061229920834
10.28	0.020518106353553722
10.290000000000001	0.020448456842584735
10.3	0.020379111069220888
10.31	0.020310067415914835
10.32	0.02024132427529069
10.33	0.020172880050070095
10.34	0.020104733152999307
10.35	0.020036882006776478
10.36	0.01996932504397982
10.370000000000001	0.019902060706996304
10.38	0.019835087447950796
10.39	0.019768403728635916
10.4	0.019702008020442467
10.41	0.019635898804290345
10.42	0.01957007457056006
10.43	0.019504533819024842
10.44	0.019439275058783265
10.450000000000001	0.019374296808192377
10.46	0.019309597594801494
10.47	0.01924517595528639
10.48	0.019181030435384154
10.49	0.019117159589828403
10.5	0.01905356198228524
10.51	0.018990236185289507
10.52	0.018927180780181747
10.53	0.018864394357045487
10.540000000000001	0.01880187551464523
10.55	0.01873962286036474
10.56	0.018677635010145965
10.57	0.018615910588428427
10.58	0.018554448228089014
10.59	0.01849324657038241
10.6	0.018432304264881804
10.61	0.018371619969420258
10.620000000000001	0.018311192350032444
10.63	0.018251020080896834
10.64	0.018191101844278454
10.65	0.018131436330471942
10.66	0.0180720222377452
10.67	0.01801285827228341
10.68	0.017953943148133533
10.69	0.017895275587149227
10.700000000000001	0.01783685431893623
10.71	0.017778678080798117
10.72	0.017720745617682585
10.73	0.017663055682128025
10.74	0.017605607034210696
10.75	0.01754099669178679
10.76	0.01747618273072752
10.77	0.01741166813190253
10.78	0.017347451236583336
10.790000000000001	0.01728353039675891
10.8	0.017219903975056603
10.81	0.017156570344663644
10.82	0.017093527889249473
10.83	0.01703077500288843
10.84	0.01696831008998346
10.85	0.01690613156519001
10.86	0.016844237853340965
10.870000000000001	0.016782627389371963
10.88	0.016721298618247324
10.89	0.016660249994886765
10.9	0.0165994799840925
10.91	0.016538987060477094
10.92	0.01647876970839185
10.93	0.016418826421855798
10.94	0.016359155704485245
10.950000000000001	0.01629975606942392
10.96	0.016240626039273665
10.97	0.016181764146025807
10.98	0.016123168930992866
10.99	0.016064838944741058
11.	0.01600677274702318
11.01	0.015948968906712144
11.02	0.01589142600173501
11.03	0.01583414261900751
11.040000000000001	0.015777117354369236
11.05	0.01572034881251921
11.06	0.015663835606952
11.07	0.015607576359894527
11.08	0.01555156970224309
11.09	0.015495814273501194
11.1	0.015440308721717602
11.11	0.015385051703425192
11.120000000000001	0.015330041883580003
11.13	0.015275277935500983
11.14	0.015220758540810135
11.15	0.01516648238937319
11.16	0.01511244817924066
11.17	0.01505865461658952
11.18	0.015005100415665207
11.19	0.014951784298724182
11.200000000000001	0.01489870499597688
11.21	0.01484586124553121
11.22	0.014793251793336425
11.23	0.014740875393127417
11.24	0.014688730806369617
11.25	0.01463681680220409
11.26	0.014585132157393309
11.27	0.014533675656267217
11.28	0.014482446090669707
11.290000000000001	0.014431442259905669
11.3	0.014380662970688244
11.31	0.014330107037086726
11.32	0.014279773280474693
11.33	0.014229660529478633
11.34	0.014179767619927005
11.35	0.01413009339479959
11.36	0.014080636704177366
11.370000000000001	0.014031396405192721
11.38	0.013982371361980035
11.39	0.013933560445626719
11.4	0.013884962534124549
11.41	0.013836576512321492
11.42	0.01378840127187379
11.43	0.01374043571119853
11.44	0.013692678735426528
11.450000000000001	0.013645129256355552
11.46	0.013597786192404001
11.47	0.013550648468564882
11.48	0.01350371501636012
11.49	0.013456984773795335
11.5	0.013410456685314837
11.51	0.013363586539508593
11.52	0.013312958513991809
11.53	0.01326256597256793
11.540000000000001	0.01321240761712616
11.55	0.013162482157827664
11.56	0.013112788313045687
11.57	0.013063324809306337
11.58	0.013014090381229635
11.59	0.01296508377147121
11.6	0.012916303730664352
11.61	0.012867749017362574
11.620000000000001	0.012819418397982708
11.63	0.012771310646748333
11.64	0.0127234245456337
11.65	0.012675758884308162
11.66	0.01262831246008098
11.67	0.012581084077846662
11.68	0.012534072550030589
11.69	0.012487276696535236
11.700000000000001	0.012440695344686737
11.71	0.012394327329181864
11.72	0.012348171492035513
11.73	0.012302226682528521
11.74	0.012256491757155933
11.75	0.0122109655795757
11.76	0.012165647020557734
11.77	0.012120534957933454
11.78	0.012075628276545602
11.790000000000001	0.012030925868198634
11.8	0.01198642663160932
11.81	0.011942129472357838
11.82	0.011898033302839282
11.83	0.011854137042215463
11.84	0.011810439616367156
11.85	0.011766939957846707
11.86	0.011723637005830985
11.870000000000001	0.01168052970607478
11.88	0.011637617010864484
11.89	0.01159489787897219
11.9	0.011552371275610106
11.91	0.011510036172385402
11.92	0.011467891547255325
11.93	0.011425936384482728
11.94	0.011384169674591918
11.950000000000001	0.01134259041432487
11.96	0.011301197606597735
11.97	0.011259990260457783
11.98	0.01121896739104056
11.99	0.011178128019527486
12.	0.011137471173103734
12.01	0.011096995884916411
12.02	0.011056701194033155
12.030000000000001	0.01101658614540094
12.040000000000001	0.010976649789805304
12.05	0.010936891183829811
12.06	0.010897309389815866
12.07	0.010857903475822888
12.08	0.010818672515588662
12.09	0.010779615588490143
12.1	0.010740731779504489
12.11	0.01070202017917036
12.120000000000001	0.010663479883549631
12.13	0.01062510999418927
12.14	0.010586909618083592
12.15	0.01054887786763681
12.16	0.010511013860625772
12.17	0.010473316720163153
12.18	0.010435785574660737
12.19	0.010398419557793184
12.200000000000001	0.010361217808461859
12.21	0.010324179470759136
12.22	0.010287303693932853
12.23	0.010250589632351072
12.24	0.010214036445467128
12.25	0.010177643297784882
12.26	0.010141409358824368
12.27	0.010105333803087545
12.280000000000001	0.0100694158100244
12.290000000000001	0.010033654563999328
12.3	0.009998049254257683
12.31	0.009962599074892662
12.32	0.009927303224812424
12.33	0.009892160907707408
12.34	0.009854071341574554
12.35	0.00981543517054692
12.36	0.009776981573490133
12.370000000000001	0.009738709540988788
12.38	0.009700618070017899
12.39	0.009662706163897378
12.4	0.00962497283224679
12.41	0.009587417090940499
12.42	0.009550037962063208
12.43	0.009512834473865738
12.44	0.009475805660721318
12.450000000000001	0.009438950563082048
12.46	0.009402268227435858
12.47	0.009365757706263718
12.48	0.009329418057997165
12.49	0.009293248346976276
12.5	0.009257247643407828
12.51	0.00922141502332393
12.52	0.009185749568540852
12.530000000000001	0.00915025036661827
12.540000000000001	0.0091149165108188
12.55	0.009079747100067785
12.56	0.009044741238913561
12.57	0.009009898037487802
12.58	0.008975216611466424
12.59	0.008940696082030604
12.6	0.008906335575828168
12.61	0.008872134224935328
12.620000000000001	0.00883809116681863
12.63	0.008804205544297259
12.64	0.00877047650550565
12.65	0.008736903203856294
12.66	0.008703484798002962
12.67	0.008670220451804106
12.68	0.008637109334286618
12.69	0.008604150619609837
12.700000000000001	0.008571343487029825
12.71	0.008538687120863921
12.72	0.008506180710455634
12.73	0.008473823450139702
12.74	0.008441614539207498
12.75	0.008409553181872654
12.76	0.008377638587237028
12.77	0.008345869969256795
12.780000000000001	0.008314246546708974
12.790000000000001	0.008282767543158057
12.8	0.00825143218692297
12.81	0.008220239711044304
12.82	0.008189189353251733
12.83	0.008158280355931769
12.84	0.008127511966095645
12.85	0.008096883435347566
12.86	0.00806639401985313
12.870000000000001	0.008036042980308003
12.88	0.00800582958190687
12.89	0.007975753094312548
12.9	0.007945812791625416
12.91	0.007916007952353017
12.92	0.007886337859379913
12.93	0.007856801799937826
12.94	0.007827399065575865
12.950000000000001	0.007798128952131128
12.96	0.007768990759699441
12.97	0.007739983792606353
12.98	0.007711107359378343
12.99	0.007682360772714216
13.	0.0076537433494567745
13.01	0.0076252544105646575
13.02	0.007596893281084387
13.030000000000001	0.007568659290122702
13.040000000000001	0.0075405517708189785
13.05	0.007512570060317949
13.06	0.007484713499742613
13.07	0.007456981434167327
13.08	0.0074293732125911135
13.09	0.007401888187911159
13.1	0.007374525716896533
13.11	0.0073472851601620705
13.120000000000001	0.007320165882142472
13.13	0.0072931672510666325
13.14	0.007266288638932068
13.15	0.007239529421479622
13.16	0.007212888978168324
13.17	0.007186366692150457
13.18	0.007159961950246758
13.19	0.007133674142921874
13.200000000000001	0.007107502664259956
13.21	0.007081446911940446
13.22	0.007053862019916086
13.23	0.0070253723374830235
13.24	0.006997019117135271
13.25	0.006968801602907605
13.26	0.006940719043588677
13.27	0.006912770692687554
13.280000000000001	0.006884955808400561
13.290000000000001	0.006857273653578312
13.3	0.006829723495693072
13.31	0.0068023046068063035
13.32	0.006775016263536508
13.33	0.0067478577470273405
13.34	0.0067208283429158805
13.35	0.006693927341301237
13.36	0.006667154036713358
13.370000000000001	0.0066405077280821
13.38	0.0066139877187065136
13.39	0.006587593316224353
13.4	0.00656132383258189
13.41	0.006535178584003885
13.42	0.006509156890963807
13.43	0.006483258078154355
13.44	0.006457481474458066
13.450000000000001	0.006431826412918286
13.46	0.006406292230710278
13.47	0.006380878269112589
13.48	0.006355583873478662
13.49	0.006330408393208549
13.5	0.006305351181721008
13.51	0.006280411596425677
13.52	0.006255588998695535
13.530000000000001	0.006230882753839541
13.540000000000001	0.006206292231075505
13.55	0.006181816803503128
13.56	0.006157455848077292
13.57	0.0061332087455815126
13.58	0.006109074880601667
13.59	0.006085053641499784
13.6	0.006061144420388198
13.61	0.006037346613103777
13.620000000000001	0.00601365961918239
13.63	0.005990082841833588
13.64	0.005966615687915441
13.65	0.005943257567909579
13.66	0.0059200078958964245
13.67	0.005896866089530606
13.68	0.005873831570016594
13.69	0.005850903762084439
13.700000000000001	0.005828082093965773
13.71	0.0058053659973699686
13.72	0.0057827549074604325
13.73	0.005760248262831168
13.74	0.00573784550548342
13.75	0.005715546080802548
13.76	0.005693349437535075
13.77	0.005671255027765867
13.780000000000001	0.005649262306895561
13.790000000000001	0.0056273707336180565
13.8	0.0056055797698982635
13.81	0.005583888880949984
13.82	0.005562297535213959
13.83	0.005540805204336074
13.84	0.0055194113631457506
13.85	0.005498115489634461
13.86	0.005476917064934446
13.870000000000001	0.005455815573297545
13.88	0.0054348105020742615
13.89	0.005413901341692866
13.9	0.005393087585638761
13.91	0.005372368730433951
13.92	0.005351744275616667
13.93	0.0053312137237211624
13.94	0.005310776580257625
13.950000000000001	0.00529043235369227
13.96	0.005270180555427561
13.97	0.005250020699782579
13.98	0.005229952303973576
13.99	0.0052099748880945875
14.	0.0051900879750982586
14.01	0.005170291090776816
14.02	0.00515058376374311
14.030000000000001	0.005130965525411882
14.040000000000001	0.005111435909981112
14.05	0.0050919944544135145
14.06	0.005072640698418188
14.07	0.00505337418443238
14.08	0.005034194457603415
14.09	0.0050151010657707
14.1	0.004996093559447925
14.11	0.004977171491805342
14.120000000000001	0.004958334418652223
14.13	0.004939581898419401
14.14	0.004920913492141955
14.15	0.004902328763442043
14.16	0.004883633476579345
14.17	0.004863436007394372
14.18	0.004843336230183753
14.19	0.00482333360403175
14.200000000000001	0.004803427591395814
14.21	0.004783617658083194
14.22	0.004763903273227744
14.23	0.004744283909266864
14.24	0.004724759041918639
14.25	0.004705328150159181
14.26	0.0046859907162000915
14.27	0.0046667462254661165
14.280000000000001	0.004647594166573015
14.290000000000001	0.004628534031305499
14.3	0.0046095653145954325
14.31	0.004590687514500154
14.32	0.004571900132180974
14.33	0.004553202671881824
14.34	0.004534594640908066
14.35	0.004516075549605499
14.36	0.0044976449113394695
14.370000000000001	0.00447930224247416
14.38	0.00446104706235209
14.39	0.004442878893273655
14.4	0.0044247972604769285
14.41	0.004406801692117557
14.42	0.004388891719248834
14.43	0.00437106687580191
14.44	0.004353326698566144
14.450000000000001	0.004335670727169623
14.46	0.004318098504059819
14.47	0.004300609574484371
14.48	0.004283203486472062
14.49	0.004265879790813878
14.5	0.004248638041044243
14.51	0.00423147779342239
14.52	0.004214398606913884
14.530000000000001	0.004197400043172243
14.540000000000001	0.004180481666520735
14.55	0.004163643043934299
14.56	0.004146883745021592
14.57	0.004130203342007173
14.58	0.004113601409713856
14.59	0.004097077525545107
14.6	0.004080631269467671
14.61	0.0040642622239942605
14.620000000000001	0.004047969974166409
14.63	0.004031754107537434
14.64	0.00401561421415552
14.65	0.003999549886546954
14.66	0.003983560719699455
14.67	0.003967646311045641
14.68	0.003951806260446642
14.69	0.003936040170175767
14.700000000000001	0.0039203476449023635
14.71	0.0039047282916757665
14.72	0.0038891817199093437
14.73	0.003873707541364722
14.74	0.0038583053701360358
14.75	0.0038429748226343806
14.76	0.0038277155175723394
14.77	0.0038125270759486176
14.780000000000001	0.0037974091210328078
14.790000000000001	0.00378236127835026
14.8	0.0037673831756670564
14.81	0.0037524744429751097
14.82	0.0037376347124773498
14.83	0.0037228636185730577
14.84	0.00370816079784325
14.85	0.003693525889036224
14.86	0.003678958533053174
14.870000000000001	0.0036644583729339253
14.88	0.003650025053842781
14.89	0.003635658223054451
14.9	0.003621357529940095
14.91	0.003607122625953469
14.92	0.0035929531646171774
14.93	0.0035788488015090093
14.94	0.0035648091942483825
14.950000000000001	0.0035508340024828842
14.96	0.003536922887874926
14.97	0.0035230755140884602
14.98	0.003509291546775828
14.99	0.003495570653564682
15.	0.0034819125040450086
15.01	0.0034683167697562444
15.02	0.003454783124174484
15.030000000000001	0.003441311242699801
15.040000000000001	0.0034279008026436137
15.05	0.0034145514832161815
15.06	0.00340126296551419
15.07	0.0033880349325084
15.08	0.0033748670690314122
15.09	0.003361759061765502
15.1	0.00334871059923055
15.11	0.003335721371772052
15.120000000000001	0.0033227910715492304
15.13	0.003309919392523224
15.14	0.003297106030445341
15.15	0.003284350682845424
15.16	0.003271653049020301
15.17	0.0032590128300222817
15.18	0.003245441300972525
15.19	0.003231754500110139
15.200000000000001	0.003218134370278913
15.21	0.0032045805431689996
15.22	0.0031910926527454215
15.23	0.003177670335232555
15.24	0.0031643132290986864
15.25	0.0031510209750407314
15.26	0.003137793215969049
15.27	0.003124629596992351
15.280000000000001	0.0031115297654027603
15.290000000000001	0.00309849337066095
15.3	0.003085520064381406
15.31	0.0030726095003177968
15.32	0.0030597613343484507
15.33	0.0030469752244619646
15.34	0.0030342508307428647
15.35	0.003021587815357424
15.36	0.0030089858425395763
15.370000000000001	0.0029964445785769156
15.38	0.0029839636917968087
15.39	0.00297154285255263
15.4	0.0029591817332100512
15.41	0.002946880008133484
15.42	0.0029346373536726054
15.43	0.0029224534481489535
15.44	0.0029103279718426687
15.450000000000001	0.002898260606979296
15.46	0.0028862510377167068
15.47	0.0028742989501321214
15.48	0.0028624040322091852
15.49	0.002850565973825193
15.5	0.002838784466738383
15.51	0.0028270592045753122
15.52	0.0028153898828183485
15.530000000000001	0.002803776198793246
15.540000000000001	0.0027922178516568007
15.55	0.0027807145423846074
15.56	0.0027692659737589016
15.57	0.002757871850356509
15.58	0.002746531878536843
15.59	0.0027352457664300317
15.6	0.002724013223925103
15.610000000000001	0.0027128339626582734
15.620000000000001	0.002701707696001316
15.63	0.002690634139050012
15.64	0.0026796130086126804
15.65	0.0026686440231988066
15.66	0.002657726903007739
15.67	0.002646861369917495
15.68	0.00263604714747359
15.69	0.002625283960878012
15.700000000000001	0.002614571536978248
15.71	0.0026039096042563825
15.72	0.0025932978928182894
15.73	0.002582736134382895
15.74	0.0025722240622715214
15.75	0.0025617614113973013
15.76	0.0025513479182546774
15.77	0.002540983320908987
15.780000000000001	0.002530667358986088
15.790000000000001	0.002520399773662087
15.8	0.0025101803076531485
15.81	0.002500008705205352
15.82	0.0024898847120846316
15.83	0.002479808075566811
15.84	0.0024697785444276663
15.85	0.0024597958689330963
15.860000000000001	0.0024498598008293538
15.870000000000001	0.0024399700933333416
15.88	0.0024301265011229803
15.89	0.0024203287803276443
15.9	0.002410576688518681
15.91	0.0024008699846999573
15.92	0.0023912084292985404
15.93	0.002381591784155376
15.94	0.002372019812516069
15.950000000000001	0.002362492279021742
15.96	0.002353008949699916
15.97	0.002343569591955508
15.98	0.002334173974561847
15.99	0.0023248218676517815
16.	0.0023155130427088507
16.01	0.002306247272558491
16.02	0.0022970243313593422
16.03	0.0022878439945945997
16.04	0.002278706039063408
16.05	0.0022696102428723473
16.06	0.002260556385426965
16.07	0.0022515442474233785
16.080000000000002	0.002242573610839902
16.09	0.0022336442589287915
16.1	0.0022247559762079844
16.11	0.002215908548452962
16.12	0.002207101762688604
16.13	0.0021983354071811526
16.14	0.0021896092714302133
16.15	0.0021809231461608035
16.16	0.0021722768233154634
16.17	0.002163670096046451
16.18	0.002155102758707934
16.19	0.0021465746068482804
16.2	0.002138085437202407
16.21	0.002129635047684145
16.22	0.0021212232373786933
16.23	0.002112849806535113
16.240000000000002	0.0021045145565588637
16.25	0.002096217290004413
16.26	0.0020877895232791566
16.27	0.0020790740656174813
16.28	0.0020704003121774436
16.29	0.0020617680379675023
16.3	0.0020531770193469626
16.31	0.0020446270340170637
16.32	0.002036117861012103
16.330000000000002	0.0020276492806906156
16.34	0.0020192210747266696
16.35	0.002010833026101153
16.36	0.0020024849190931793
16.37	0.0019941765392715314
16.38	0.0019859076734861647
16.39	0.001977678109859781
16.4	0.0019694876377794554
16.41	0.0019613360478883323
16.42	0.0019532231320773734
16.43	0.0019451486834771612
16.44	0.0019371124964497723
16.45	0.0019291143665807037
16.46	0.0019211540906708521
16.47	0.0019132314667285647
16.48	0.0019053462939617246
16.490000000000002	0.0018974983727699103
16.5	0.0018896875047366125
16.51	0.0018819134926214944
16.52	0.0018741761403527136
16.53	0.0018664752530192957
16.54	0.0018588106368635745
16.55	0.001851182099273664
16.56	0.0018435894487759997
16.57	0.0018360324950279416
16.580000000000002	0.0018285110488103962
16.59	0.0018210249220205316
16.6	0.0018135739276645111
16.61	0.0018061578798503036
16.62	0.0017987765937805278
16.63	0.0017914298857453488
16.64	0.001784117573115438
16.65	0.001776839474334974
16.66	0.0017695954089146763
16.67	0.0017623851974249338
16.68	0.0017552086614889275
16.69	0.0017480656237758368
16.7	0.001740955907994088
16.71	0.0017338793388846343
16.72	0.00172683574221432
16.73	0.0017198249447692333
16.740000000000002	0.0017128467743481664
16.75	0.0017059010597560847
16.76	0.0016989876307976482
16.77	0.0016921063182707917
16.78	0.0016852569539603324
16.79	0.0016784393706316353
16.8	0.0016716534020243137
16.81	0.0016648988828459766
16.82	0.0016581756487660411
16.830000000000002	0.0016514835364095373
16.84	0.0016448223833510122
16.85	0.0016381920281084443
16.86	0.0016315923101372046
16.87	0.0016250230698240688
16.88	0.0016184841484812682
16.89	0.0016119753883405705
16.9	0.0016054966325474188
16.91	0.0015990477251551023
16.92	0.001592628511118973
16.93	0.0015862388362906919
16.94	0.001579878547412524
16.95	0.001573547492111679
16.96	0.0015672455188946693
16.97	0.0015609724771417392
16.98	0.0015547282171012977
16.990000000000002	0.0015485125898844192
17.	0.0015423254474593662
17.01	0.0015361666426461488
17.02	0.0015300360291111426
17.03	0.0015239334613617096
17.04	0.001517858794740886
17.05	0.0015118118854220955
17.06	0.0015057925904038965
17.07	0.001499800767504767
17.080000000000002	0.0014938362753579362
17.09	0.0014878989734062288
17.1	0.0014819887218969693
17.11	0.001476105381876902
17.12	0.001470248815187169
17.13	0.0014644188844582908
17.14	0.0014586154531052086
17.150000000000002	0.0014528383853223523
17.16	0.0014470875460787355
17.17	0.0014413628011130913
17.18	0.0014356640169290486
17.19	0.0014299910607903142
17.2	0.0014243438007159265
17.21	0.0014187221054755045
17.22	0.0014131258445845673
17.23	0.00140755488829984
17.240000000000002	0.0014020091076146356
17.25	0.0013964883742542409
17.26	0.0013909925606713418
17.27	0.0013855215400414868
17.28	0.0013800751862585688
17.29	0.0013746533739303459
17.3	0.0013692559783739897
17.31	0.0013638828756116668
17.32	0.0013585339423661507
17.330000000000002	0.0013532090560564537
17.34	0.0013479080947935034
17.35	0.0013426309373758352
17.36	0.0013373774632853292
17.37	0.0013321475526829583
17.38	0.0013269410864045748
17.39	0.0013217579459567288
17.400000000000002	0.0013165980135125077
17.41	0.001311461171907406
17.42	0.001306355126946535
17.43	0.001301371060513309
17.44	0.0012964088518338667
17.45	0.0012914683925996863
17.46	0.0012865495751005547
17.47	0.0012816522922209257
17.48	0.001276776437436292
17.490000000000002	0.0012719219048096008
17.5	0.0012670885889876683
17.51	0.001262276385197637
17.52	0.001257485189243454
17.53	0.0012527148975023568
17.54	0.001247965406921409
17.55	0.0012432366150140288
17.56	0.0012385284198565742
17.57	0.0012338407200849157
17.580000000000002	0.0012291734148910612
17.59	0.0012245264040197823
17.6	0.001219899587765277
17.61	0.0012152928669678469
17.62	0.001210706143010599
17.63	0.0012061393178161668
17.64	0.0012015922938434572
17.650000000000002	0.0011970649740844145
17.66	0.0011925572620608087
17.67	0.0011880690618210493
17.68	0.001183600277936999
17.69	0.0011791508155008475
17.7	0.0011747205801219602
17.71	0.0011703094779237813
17.72	0.0011659174155407514
17.73	0.001161544300115225
17.740000000000002	0.0011571900392944342
17.75	0.0011528545412274548
17.76	0.0011485377145622063
17.77	0.0011442394684424572
17.78	0.0011399597125048566
17.79	0.001135698356875993
17.8	0.001131455312169454
17.81	0.0011272304894829207
17.82	0.0011230238003952825
17.830000000000002	0.0011188351569637535
17.84	0.0011146644717210225
17.85	0.0011105116576724228
17.86	0.001106376628293108
17.87	0.0011022592975252613
17.88	0.0010981595797753066
17.89	0.0010940773899111537
17.900000000000002	0.0010900126432594505
17.91	0.0010859652556028559
17.92	0.0010819351431773372
17.93	0.0010779222226694708
17.94	0.0010739264112137746
17.95	0.0010699476263900502
17.96	0.0010659857862207389
17.97	0.0010620408091683129
17.98	0.001058112614132656
17.990000000000002	0.0010542011204484813
18.	0.0010503062478827666
18.01	0.0010464279166321835
18.02	0.0010425660473205778
18.03	0.0010387205609964356
18.04	0.0010348913791303803
18.05	0.0010310784236126842
18.06	0.0010272816167507962
18.07	0.0010235008812668836
18.080000000000002	0.0010197361402953908
18.09	0.0010159873173806104
18.1	0.0010122543364742777
18.11	0.0010085371219331726
18.12	0.0010048355985167437
18.13	0.00100114969138474
18.14	0.0009974793260948646
18.150000000000002	0.0009938244286004407
18.16	0.0009901849252480902
18.17	0.0009865607427754371
18.18	0.000982951808308808
18.19	0.0009793580493609633
18.2	0.0009757793938288404
18.21	0.0009722157699912981
18.22	0.0009686671065068953
18.23	0.000965133332411672
18.240000000000002	0.0009616143771169379
18.25	0.0009581101704070957
18.26	0.0009546206424374593
18.27	0.0009511457237320958
18.28	0.0009476853451816733
18.29	0.0009442394380413326
18.3	0.000940807933928569
18.31	0.0009373907648211161
18.32	0.000933987863054864
18.330000000000002	0.0009305991613217725
18.34	0.0009272245926678066
18.35	0.0009238640904908822
18.36	0.0009205175885388265
18.37	0.0009171850209073519
18.38	0.0009138663220380394
18.39	0.0009105614267163334
18.400000000000002	0.0009072702700695606
18.41	0.0009039927875649454
18.42	0.0009007289150076506
18.43	0.0008974785885388252
18.44	0.0008942417446336604
18.45	0.0008910183200994683
18.46	0.0008878082520737622
18.47	0.000884611478022359
18.48	0.0008814279357374818
18.490000000000002	0.0008782575633358839
18.5	0.0008751002992569844
18.51	0.0008719560822610062
18.52	0.0008688248514271375
18.53	0.0008657065461516976
18.54	0.0008626011061463167
18.55	0.0008595084714361257
18.56	0.0008564285823579558
18.57	0.0008533613795585609
18.580000000000002	0.0008503068039928298
18.59	0.0008472647969220305
18.6	0.0008442352999120541
18.61	0.0008412182548316702
18.62	0.0008382136038508028
18.63	0.0008352212894387977
18.64	0.0008322412543627241
18.650000000000002	0.0008292734416856699
18.66	0.0008263177947650513
18.67	0.0008237624737099357
18.68	0.0008216170671052604
18.69	0.0008194783917117284
18.7	0.0008173464228255998
18.71	0.0008152211358469422
18.72	0.0008131025062791342
18.73	0.0008109905097283789
18.740000000000002	0.0008088851219032202
18.75	0.0008067863186140544
18.76	0.0008046940757726535
18.77	0.0008026083693916837
18.78	0.0008005291755842311
18.79	0.0007984564705633271
18.8	0.0007963902306414774
18.81	0.0007943304322301948
18.82	0.0007922770518395309
18.830000000000002	0.0007902300660776133
18.84	0.0007881894516501866
18.85	0.0007861551853601477
18.86	0.0007841272441070951
18.87	0.0007821056048868746
18.88	0.0007800902447911235
18.89	0.0007780811410068228
18.900000000000002	0.0007760782708158521
18.91	0.0007740816115945434
18.92	0.0007720911408132403
18.93	0.000770106836035855
18.94	0.0007681286749194329
18.95	0.0007661566352137168
18.96	0.0007641906947607113
18.97	0.0007622308314942573
18.98	0.0007602770234395978
18.990000000000002	0.0007583292487129525
19.	0.0007563874855210967
19.01	0.000754451712160935
19.02	0.0007525219070190838
19.03	0.0007505980485714539
19.04	0.0007486801153828344
19.05	0.0007467680861064767
19.06	0.0007448619394836873
19.07	0.0007429616543434172
19.080000000000002	0.0007410672096018541
19.09	0.0007391785842620178
19.1	0.0007372957574133568
19.11	0.0007354187082313492
19.12	0.0007335474159771034
19.13	0.0007316818599969602
19.14	0.0007298220197221001
19.150000000000002	0.0007279678746681476
19.16	0.0007261194044347838
19.17	0.000724276588705359
19.18	0.0007224394072465022
19.19	0.0007206078399077364
19.2	0.0007187818666211025
19.21	0.0007169614674007684
19.22	0.0007151466223426624
19.23	0.0007133373116240852
19.240000000000002	0.0007115335155033426
19.25	0.0007097352143193695
19.26	0.0007079423884913588
19.27	0.0007061550185183945
19.28	0.0007043730849790829
19.29	0.0007025965685311857
19.3	0.0007008254499112601
19.31	0.0006990597099342955
19.32	0.000697299329493353
19.330000000000002	0.0006955442895592091
19.34	0.0006937945711799976
19.35	0.0006920501554808577
19.36	0.0006903110236635794
19.37	0.0006885771570062552
19.38	0.0006868485368629289
19.39	0.0006851251446632492
19.400000000000002	0.0006834069619121259
19.41	0.000681693970189382
19.42	0.0006799861511494197
19.43	0.0006782834865208717
19.44	0.0006765859581062665
19.45	0.0006748935477816956
19.46	0.0006732062374964701
19.47	0.0006715240092727952
19.48	0.000669846845205435
19.490000000000002	0.0006681747274613828
19.5	0.0006665076382795327
19.51	0.0006648455599703541
19.52	0.0006631884749155676
19.53	0.0006615363655678178
19.54	0.0006598892144503558
19.55	0.0006582470041567171
19.56	0.0006566097173504046
19.57	0.0006549773367645695
19.580000000000002	0.0006533498452016984
19.59	0.0006517272255332985
19.6	0.0006501094606995852
19.61	0.0006484965337091732
19.62	0.0006468884276387663
19.63	0.0006452851256328499
19.64	0.0006436866109033854
19.650000000000002	0.0006420928667295069
19.66	0.000640503876457218
19.67	0.0006389196234990881
19.68	0.0006373400913339573
19.69	0.000635765263506634
19.7	0.0006341951236276009
19.71	0.0006326296553727164
19.72	0.0006310688424829266
19.73	0.0006295126687639669
19.740000000000002	0.0006279611180860732
19.75	0.0006264141743836948
19.76	0.0006248718216552041
19.77	0.0006233340439626099
19.78	0.0006218008254312747
19.79	0.0006202721502496264
19.8	0.0006187480026688808
19.81	0.0006172283670027598
19.82	0.0006157132276272103
19.830000000000002	0.0006142025689801255
19.84	0.000612696375561071
19.85	0.0006111946319310085
19.86	0.0006096973227120208
19.87	0.0006082044325870388
19.88	0.0006067159462995739
19.89	0.0006052318486534441
19.900000000000002	0.0006037521245125057
19.91	0.0006022767588003888
19.92	0.0006008057365002301
19.93	0.0005993390426544078
19.94	0.0005978766623642776
19.95	0.0005964185807899128
19.96	0.000601926254879968
19.97	0.0006122127569222299
19.98	0.0006226697659749569
19.990000000000002	0.0006333000208604184
20.	0.000644106302990514