0.01	3.4699789433166073
0.02	2.0507859453058987
0.03	1.5830721488405528
0.04	1.3511344965481162
0.05	1.204554416475916
0.06	1.10758048942568
0.07	1.038070406904765
0.08	0.9857533784541405
0.09	0.9456425754523875
0.1	0.9147532871685466
0.11	0.8900447243983642
0.12	0.8688100539020643
0.13	0.8501908606983014
0.14	0.834668886837699
0.15	0.8214786959375955
0.16	0.8093121277851081
0.17	0.7980356033383952
0.18	0.7877221498027226
0.19	0.7785073726357739
0.2	0.7698650217397695
0.21	0.7620127233538476
0.22	0.7547384393865424
0.23	0.7478524541055498
0.24	0.7416826251767678
0.25	0.736004282399876
0.26	0.7305896311586166
0.27	0.7253678894091449
0.28	0.7201662580022546
0.29	0.7151825414700427
0.3	0.7104005542758286
0.31	0.7057435635433515
0.32	0.7010439776008378
0.33	0.6965188845480681
0.34	0.6921568045786755
0.35000000000000003	0.6879473231656722
0.36	0.6836965834405992
0.37	0.6794929084818134
0.38	0.6754261676643135
0.39	0.6714884688486712
0.4	0.6676725625588388
0.41000000000000003	0.6639468974740333
0.42	0.6602973235294797
0.43	0.6567529891509423
0.44	0.6533085158961894
0.45	0.6499589146152013
0.46	0.6466995493542511
0.47000000000000003	0.6433619371783443
0.48	0.639876918906486
0.49	0.6364820605732426
0.5	0.633173259789305
0.51	0.6299466781834525
0.52	0.6267987196254484
0.53	0.6237260106249375
0.54	0.6205356112937921
0.55	0.6172365319700854
0.56	0.6140139676526861
0.5700000000000001	0.6108648241803606
0.58	0.6077861840270843
0.59	0.6047752933781049
0.6	0.6018295503524836
0.61	0.5989464942531746
0.62	0.5959991186209475
0.63	0.5930239081177316
0.64	0.5901100568101354
0.65	0.5872553697650637
0.66	0.584457762803953
0.67	0.5817152553362734
0.68	0.5790259637558294
0.6900000000000001	0.5763880953481106
0.7000000000000001	0.5737999426623723
0.71	0.571111128522996
0.72	0.5683131992858244
0.73	0.5655672887349621
0.74	0.5628717367896602
0.75	0.5602249578701635
0.76	0.5576254366138816
0.77	0.5550717238905452
0.78	0.5525624330918955
0.79	0.5500962366737495
0.8	0.5476718629303149
0.81	0.5452816191546512
0.8200000000000001	0.5427404633953746
0.8300000000000001	0.5402417385037509
0.84	0.5377842374411368
0.85	0.5353668013533655
0.86	0.5329883171073468
0.87	0.5306477149805717
0.88	0.5283439664923943
0.89	0.5260760823668944
0.9	0.5238431106179547
0.91	0.5216441347479578
0.92	0.5194782720521919
0.93	0.5173365987201449
0.9400000000000001	0.5150178830623551
0.9500000000000001	0.5127339328602352
0.96	0.5104838690604864
0.97	0.5082668436969623
0.98	0.5060820384843716
0.99	0.5039286634892014
1.	0.5018059558728873
1.01	0.4997131787026274
1.02	0.49764961982556616
1.03	0.49561459080239184
1.04	0.49360742589666595
1.05	0.4916274811164676
1.06	0.4896741333051784
1.07	0.4877030421612265
1.08	0.48563730417322687
1.09	0.4835992347712164
1.1	0.4815882145778758
1.11	0.47960364354960566
1.12	0.47764494020538323
1.1300000000000001	0.47571154089294393
1.1400000000000001	0.4738028990901692
1.1500000000000001	0.47191848473970166
1.16	0.4700577836149319
1.17	0.4682202967156198
1.18	0.4664055396915312
1.19	0.4646130422925588
1.2	0.4628423478439053
1.21	0.4610930127449856
1.22	0.4593646059907895
1.23	0.4575823512283407
1.24	0.4557314927608654
1.25	0.45390289738036527
1.26	0.4520961223800345
1.27	0.4503107372797558
1.28	0.44854632339535566
1.29	0.4468024734262647
1.3	0.4450787910606568
1.31	0.44337489059720114
1.32	0.44169039658260584
1.33	0.44002494346418053
1.34	0.43837817525668676
1.35	0.4367497452227902
1.36	0.4351393155664583
1.37	0.43354655713869195
1.3800000000000001	0.43197114915500834
1.3900000000000001	0.43041277892412355
1.4000000000000001	0.4288711415873125
1.41	0.42730747756777554
1.42	0.4256691109469225
1.43	0.4240484575815476
1.44	0.4224452040910933
1.45	0.42085904476567293
1.46	0.4192896813269787
1.47	0.4177368226982241
1.48	0.41620018478271364
1.49	0.4146794902506654
1.5	0.41317446833392274
1.51	0.4116848546282159
1.52	0.41021039090264483
1.53	0.40875082491607545
1.54	0.4073059102401565
1.55	0.40587540608867284
1.56	0.40445907715297474
1.57	0.40305669344322426
1.58	0.40166803013522073
1.59	0.40029286742257525
1.6	0.3989309903740126
1.61	0.3975821887955944
1.62	0.396194774260748
1.6300000000000001	0.3947578527776655
1.6400000000000001	0.3933348836192961
1.6500000000000001	0.3919256474672497
1.6600000000000001	0.39052992975267575
1.67	0.3891475205255478
1.68	0.3877782143283049
1.69	0.3864218100736767
1.7	0.38507811092653166
1.71	0.3837469241895926
1.72	0.38242806119287065
1.73	0.3811213371866775
1.74	0.37982657123807784
1.75	0.3785435861306548
1.76	0.37727220826746183
1.77	0.376012267577044
1.78	0.37476359742241416
1.79	0.3735260345128749
1.8	0.37229941881858364
1.81	0.3710835934877566
1.82	0.369878404766422
1.83	0.3686837019206261
1.84	0.36749933716100486
1.85	0.36632516556963834
1.86	0.36509960450959883
1.87	0.3638270037658696
1.8800000000000001	0.3625655906725796
1.8900000000000001	0.3613152081492025
1.9000000000000001	0.3600757021365918
1.9100000000000001	0.3588469215233359
1.92	0.35762871807428465
1.93	0.35642094636116933
1.94	0.35522346369524654
1.95	0.3540361300618952
1.96	0.3528588080571012
1.97	0.35169136282576535
1.98	0.35053366200177444
1.99	0.3493855756497746
2.	0.34824697620859285
2.0100000000000002	0.3471177384362487
2.02	0.3459977393565079
2.0300000000000002	0.34488685820692294
2.04	0.34378497638831595
2.05	0.34269197741565427
2.06	0.34160774687027584
2.07	0.3405321723534192
2.08	0.3394651434410165
2.09	0.3384065516397123
2.1	0.33735629034406356
2.11	0.33631425479488963
2.12	0.3352803420387325
2.13	0.3342516652219429
2.14	0.33315190059939154
2.15	0.3320608563346162
2.16	0.3309784232018119
2.17	0.32990449384065124
2.18	0.3288389627160051
2.19	0.3277817260787164
2.2	0.32673268192738886
2.21	0.3256917299711641
2.22	0.3246587715934557
2.23	0.3236337098166107
2.24	0.3226164492674718
2.25	0.3216068961438136
2.2600000000000002	0.32060495818162577
2.27	0.3196105446232188
2.2800000000000002	0.3186235661861296
2.29	0.3176439350327995
2.3000000000000003	0.3166715647410065
2.31	0.31570637027502846
2.32	0.31474826795751376
2.33	0.3137971754420422
2.34	0.312853011686356
2.35	0.3119156969262385
2.36	0.3109851526500271
2.37	0.31006130157373785
2.38	0.3091440676167888
2.39	0.30823337587830035
2.4	0.3073291526139618
2.41	0.30643132521344374
2.42	0.3055398221783443
2.43	0.30465457310065286
2.44	0.3037755086417177
2.45	0.3028606410353908
2.46	0.30190744939753345
2.47	0.3009611064302368
2.48	0.30002153549614313
2.49	0.29908866111995047
2.5	0.2981624089662124
2.5100000000000002	0.2972427058176489
2.52	0.296329479553954
2.5300000000000002	0.29542265913108806
2.54	0.29452217456104
2.5500000000000003	0.293627956892049
2.56	0.2927399381892717
2.57	0.291858051515884
2.58	0.2909822309146067
2.59	0.2901124113896424
2.6	0.28924852888901376
2.61	0.2883905202872932
2.62	0.28753832336871243
2.63	0.28669187681064434
2.64	0.28585112016744485
2.65	0.28501599385464815
2.66	0.2841864391335037
2.67	0.28336239809584984
2.68	0.2825438136493114
2.69	0.2817306295028165
2.7	0.28092279015242216
2.71	0.28012024086744347
2.72	0.2793229276768757
2.73	0.2785307973561048
2.74	0.2777437974138975
2.75	0.27696187607966516
2.7600000000000002	0.2761849822909936
2.77	0.27541306568143376
2.7800000000000002	0.2746460765685448
2.79	0.27388396594218617
2.8000000000000003	0.2731266854530501
2.81	0.27235598146348283
2.82	0.27153750421300893
2.83	0.27072437086404855
2.84	0.2699165278271077
2.85	0.26911392223629427
2.86	0.26831650193705076
2.87	0.267524215474137
2.88	0.26673701207985745
2.89	0.265954841662526
2.9	0.26517765479516375
2.91	0.26440540270442414
2.92	0.2636380372597397
2.93	0.26287551096268563
2.94	0.2621177769365544
2.95	0.26136478891613796
2.96	0.260616501237711
2.97	0.259872868829212
2.98	0.25913384720061716
2.99	0.25839939243450144
3.	0.25766946117678535
3.0100000000000002	0.2569440106276602
3.02	0.25622299853268987
3.0300000000000002	0.2555063831740833
3.04	0.25479412336213664
3.0500000000000003	0.2540861784268377
3.06	0.2533825082096322
3.0700000000000003	0.25268307305534576
3.08	0.2519878338042602
3.09	0.2512967517843399
3.1	0.2506097888036032
3.11	0.24992690714263988
3.12	0.24924806954726633
3.13	0.24857323922131994
3.14	0.2479023798195862
3.15	0.24723545544085868
3.16	0.2465724306211255
3.17	0.2459132703268835
3.18	0.24525793994857412
3.19	0.24460640529413988
3.2	0.24395863258269893
3.21	0.24331458843833456
3.22	0.24267423988399764
3.23	0.2419985880198618
3.24	0.24130715279539625
3.25	0.24061981478828892
3.2600000000000002	0.23993653722467312
3.27	0.23925728377220123
3.2800000000000002	0.2385820185334141
3.29	0.23791070603922845
3.3000000000000003	0.23724331124254291
3.31	0.2365797995119578
3.3200000000000003	0.23592013662560624
3.33	0.23526428876509686
3.34	0.23461222250956193
3.35	0.23396390482981244
3.36	0.23331930308259563
3.37	0.23267838500495278
3.38	0.23204111870867758
3.39	0.2314074726748697
3.4	0.23077741574858426
3.41	0.23015091713357444
3.42	0.22952794638712395
3.43	0.22890847341497053
3.44	0.2282924684663154
3.45	0.2276799021289193
3.46	0.22707074532428226
3.47	0.22646496930290552
3.48	0.22586254563963465
3.49	0.22526344622908118
3.5	0.22466764328112196
3.5100000000000002	0.22407510931647476
3.52	0.2234858171623478
3.5300000000000002	0.22289973994816292
3.54	0.22231685110135024
3.5500000000000003	0.22173712434321205
3.56	0.22116053368485783
3.5700000000000003	0.2205870534232033
3.58	0.22001665813703974
3.59	0.21944932268316478
3.6	0.21888502219257844
3.61	0.21832373206674202
3.62	0.21776542797389709
3.63	0.21721008584544507
3.64	0.21665768187238643
3.65	0.21610819250181645
3.66	0.21556159443347833
3.67	0.21501786461637265
3.68	0.21447698024541992
3.69	0.21393891875817833
3.7	0.21340365783161258
3.71	0.2128218902861837
3.72	0.2122382521080948
3.73	0.21165777486706705
3.74	0.21108043303801952
3.75	0.21050620136950562
3.7600000000000002	0.20993505488006042
3.77	0.20936696885460496
3.7800000000000002	0.20880191884090846
3.79	0.20823988064610763
3.8000000000000003	0.2076808303332791
3.81	0.2071247442180681
3.8200000000000003	0.2065715988653687
3.83	0.20602137108605703
3.84	0.20547403793377592
3.85	0.20492957670176867
3.86	0.20438796491976374
3.87	0.2038491803509066
3.88	0.20331320098874003
3.89	0.2027800050542306
3.9	0.20224957099284138
3.91	0.20172187747164969
3.92	0.20119690337650886
3.93	0.2006746278092541
3.94	0.2001550300849498
3.95	0.1996380897291804
3.96	0.19912378647538131
3.97	0.19861210026221054
3.98	0.1981030112309602
3.99	0.1975964997230075
4.	0.19709254627730283
4.01	0.1965911316278971
4.0200000000000005	0.19609223670150502
4.03	0.19559584261510507
4.04	0.1951019306735757
4.05	0.19461048236736572
4.0600000000000005	0.19412147937020027
4.07	0.19363490353681984
4.08	0.19315073690075346
4.09	0.19266896167212383
4.1	0.19218956023548528
4.11	0.1917125151476932
4.12	0.19123780913580485
4.13	0.19076542509501007
4.14	0.19029534608659282
4.15	0.1898275553359219
4.16	0.1893620362304713
4.17	0.1888987723178679
4.18	0.18843774730396862
4.19	0.18797894505096466
4.2	0.18752234957551273
4.21	0.18706794504689309
4.22	0.1866157157851942
4.23	0.18616564625952295
4.24	0.18571772108624002
4.25	0.18526848505857557
4.26	0.18478012673956112
4.2700000000000005	0.1842941962252075
4.28	0.18381067580259797
4.29	0.18332954792902809
4.3	0.18285079522997874
4.3100000000000005	0.18237440049711673
4.32	0.1819003466863246
4.33	0.1814286169157579
4.34	0.1809591944639297
4.3500000000000005	0.1804920627678228
4.36	0.18002720542102735
4.37	0.1795646061719057
4.38	0.17910424892178192
4.39	0.17864611772315736
4.4	0.17819019677795037
4.41	0.1777364704357611
4.42	0.17728492319215963
4.43	0.17683553968699853
4.44	0.17638830470274788
4.45	0.17594320316285414
4.46	0.17550022013012043
4.47	0.17505934080510996
4.48	0.17462055052457082
4.49	0.17418383475988225
4.5	0.17374917911552223
4.51	0.1733165693275558
4.5200000000000005	0.17288599126214352
4.53	0.1724574309140708
4.54	0.17203087440529644
4.55	0.171606307983521
4.5600000000000005	0.171183718020774
4.57	0.17076309101202097
4.58	0.17034441357378782
4.59	0.16992767244280477
4.6000000000000005	0.16951285447466735
4.61	0.16909994664251615
4.62	0.1686889360357331
4.63	0.1682798098586556
4.64	0.1678725554293075
4.65	0.16746716017814653
4.66	0.1670636116468289
4.67	0.16666189748698887
4.68	0.1662620054590356
4.69	0.16586392343096484
4.7	0.1654676393771865
4.71	0.16507314137736717
4.72	0.16468041761528798
4.73	0.16428945637771689
4.74	0.1639002460532961
4.75	0.163512775131443
4.76	0.16312703220126581
4.7700000000000005	0.16274300595049335
4.78	0.16236068516441768
4.79	0.16198005872485116
4.8	0.16160111560909618
4.8100000000000005	0.16122384488892838
4.82	0.16084823572959256
4.83	0.1604742773888114
4.84	0.1601019592158067
4.8500000000000005	0.1597312706503331
4.86	0.1593622012217239
4.87	0.15899474054794846
4.88	0.15862374451976602
4.89	0.15821781425831283
4.9	0.15781374889994648
4.91	0.1574115360972761
4.92	0.15701116360958567
4.93	0.15661261930169823
4.94	0.15621589114285384
4.95	0.15582096720560232
4.96	0.15542783566470963
4.97	0.15503648479607798
4.98	0.15464690297567935
4.99	0.15425907867850314
5.	0.15387300047751584
5.01	0.15348865704263445
5.0200000000000005	0.15310603713971263
5.03	0.1527251296295391
5.04	0.15234592346684878
5.05	0.15196840769934591
5.0600000000000005	0.1515925714667395
5.07	0.15121840399979056
5.08	0.1508458946193709
5.09	0.15047503273553373
5.1000000000000005	0.15010580784659552
5.11	0.1497382095382292
5.12	0.14937222748256798
5.13	0.14900785143732115
5.14	0.14864507124489912
5.15	0.14828387683155048
5.16	0.1479242582065087
5.17	0.14756620546114949
5.18	0.1472097087681579
5.19	0.1468547583807061
5.2	0.14650134463164075
5.21	0.14614945793267958
5.22	0.14579908877361866
5.23	0.14545022772154817
5.24	0.1451028654200781
5.25	0.14475699258857289
5.26	0.1444126000213955
5.2700000000000005	0.14406967858715972
5.28	0.14372821922799225
5.29	0.14338821295880314
5.3	0.1430496508665642
5.3100000000000005	0.14271252410959698
5.32	0.1423768239168684
5.33	0.14204254158729496
5.34	0.14170966848905475
5.3500000000000005	0.14137819605890786
5.36	0.14104811580152468
5.37	0.1407194192888217
5.38	0.1403920981593053
5.39	0.14006614411742324
5.4	0.13974154893292315
5.41	0.13941830444021935
5.42	0.13909640253776584
5.43	0.13877583518743733
5.44	0.13845659441391717
5.45	0.13813867230409219
5.46	0.13782206100645447
5.47	0.13750675273051016
5.48	0.13719273974619473
5.49	0.13688001438329514
5.5	0.1365685690308785
5.51	0.13625839613672697
5.5200000000000005	0.13594948820677963
5.53	0.13564183780458003
5.54	0.13533543755073035
5.55	0.13503028012235144
5.5600000000000005	0.13472635825254947
5.57	0.13442366472988782
5.58	0.13412219239786533
5.59	0.1338219341544005
5.6000000000000005	0.13352288295132095
5.61	0.13319679094512032
5.62	0.1328667923284786
5.63	0.13253819577903805
5.64	0.1322109928653178
5.65	0.13188517522136853
5.66	0.13156073454614847
5.67	0.13123766260290626
5.68	0.13091595121857072
5.69	0.1305955922831474
5.7	0.1302765777491223
5.71	0.12995889963087162
5.72	0.12964255000407876
5.73	0.12932752100515735
5.74	0.12901380483068076
5.75	0.12870139373681846
5.76	0.12839028003877787
5.7700000000000005	0.12808045611025273
5.78	0.12777191438287805
5.79	0.12746464734569002
5.8	0.1271586475445929
5.8100000000000005	0.12685390758183118
5.82	0.12655042011546785
5.83	0.12624817785886788
5.84	0.12594717358018817
5.8500000000000005	0.12564740010187242
5.86	0.12534885030015158
5.87	0.12505151710455004
5.88	0.12475539349739696
5.89	0.12446047251334295
5.9	0.12416674723888188
5.91	0.12387421081187829
5.92	0.12358285642109915
5.93	0.12329267730575139
5.94	0.12300366675502411
5.95	0.12271581810763549
5.96	0.12242912475138511
5.97	0.12214358012271037
5.98	0.12185917770624825
5.99	0.12157591103440146
6.	0.12129377368690923
6.01	0.12101275929042268
6.0200000000000005	0.12073286151808484
6.03	0.12045407408911463
6.04	0.12017639076839617
6.05	0.11989980536607134
6.0600000000000005	0.11962431173713738
6.07	0.11934990378104858
6.08	0.11907657544132193
6.09	0.11880432070514708
6.1000000000000005	0.11853313360300043
6.11	0.11826300820826323
6.12	0.11799393863684354
6.13	0.11772591904680213
6.140000000000001	0.11745894363798265
6.15	0.11719300665164509
6.16	0.11692810237010343
6.17	0.11666422511636687
6.18	0.11640136925378496
6.19	0.11613952918569603
6.2	0.11587869935507968
6.21	0.11561887424421255
6.22	0.1153600483743277
6.23	0.11510221630527755
6.24	0.11484537263520009
6.25	0.11458951200018894
6.26	0.11433462907396608
6.2700000000000005	0.11408071856755853
6.28	0.11382777522897816
6.29	0.1135757938429045
6.3	0.11332476923037116
6.3100000000000005	0.11307469624845497
6.32	0.11282556978996881
6.33	0.1125773847831571
6.34	0.11233013619139443
6.3500000000000005	0.11208381901288748
6.36	0.11183842828037965
6.37	0.11159395906085881
6.38	0.11135040645526785
6.390000000000001	0.11110776559821826
6.4	0.11086603165770666
6.41	0.11062519983483363
6.42	0.11038526536352607
6.43	0.11014622351026195
6.44	0.10988449104918944
6.45	0.10961972049104439
6.46	0.10935599660513244
6.47	0.10909331364317845
6.48	0.1088316658972949
6.49	0.10857104769963628
6.5	0.10831145342205713
6.51	0.10805287747577325
6.5200000000000005	0.10779531431102661
6.53	0.10753875841675356
6.54	0.10728320432025626
6.55	0.10702864658687745
6.5600000000000005	0.10677507981967842
6.57	0.10652249865912031
6.58	0.10627089778274854
6.59	0.1060202719048803
6.6000000000000005	0.10577061577629512
6.61	0.10552192418392878
6.62	0.10527419195056993
6.63	0.10502741393455972
6.640000000000001	0.10478158502949475
6.65	0.10453670016393245
6.66	0.1042927543010999
6.67	0.1040497424386048
6.68	0.10380765960815021
6.69	0.10356650087525111
6.7	0.10332626133895446
6.71	0.10308693613156164
6.72	0.10284852041835363
6.73	0.10261100939731896
6.74	0.10237439829888438
6.75	0.1021386823856478
6.76	0.1019038569521142
6.7700000000000005	0.10166991732443377
6.78	0.10143685886014316
6.79	0.10120467694790819
6.8	0.10097336700727015
6.8100000000000005	0.10074292448839396
6.82	0.1005133448718187
6.83	0.1002846236682108
6.84	0.10005675641811937
6.8500000000000005	0.09982973869173414
6.86	0.0996035660886455
6.87	0.09937823423760662
6.88	0.0991537387962985
6.890000000000001	0.09893007545109647
6.9	0.09870723991683959
6.91	0.09848522793660168
6.92	0.09826403528146488
6.93	0.09804365775029526
6.94	0.09782409116952046
6.95	0.09760533139290951
6.96	0.09738737430135479
6.97	0.09717021580265577
6.98	0.09695385183130513
6.99	0.09673827834827663
7.	0.09652349134081514
7.01	0.09630948682222842
7.0200000000000005	0.09609626083168106
7.03	0.09588380943399023
7.04	0.09567212871942339
7.05	0.09546121480349774
7.0600000000000005	0.09525106382678172
7.07	0.09504167195469826
7.08	0.0948330353773298
7.09	0.09462515030922519
7.1000000000000005	0.09441801298920839
7.11	0.09421161968018887
7.12	0.09400596666897369
7.13	0.09380105026608145
7.140000000000001	0.09359686680555804
7.15	0.09339341264479363
7.16	0.09319068416434191
7.17	0.09298867776774049
7.18	0.0927873898813333
7.19	0.09258681695409439
7.2	0.09238695545745347
7.21	0.09218780188512282
7.22	0.0919893527529262
7.23	0.0917916045986287
7.24	0.0915945539817687
7.25	0.09139819748349104
7.26	0.0912025317063817
7.2700000000000005	0.09100755327430417
7.28	0.09081325883223701
7.29	0.09061964504611318
7.3	0.09042670860266053
7.3100000000000005	0.09023444620924383
7.32	0.09004285459370831
7.33	0.0898519305042245
7.34	0.08966167070913444
7.3500000000000005	0.08947207199679924
7.36	0.08928313117544817
7.37	0.08909484507302888
7.38	0.08890721053705901
7.390000000000001	0.08870744542326879
7.4	0.08849870569594899
7.41	0.08829073805566119
7.42	0.0880835386104272
7.43	0.08787710349309698
7.44	0.08767142886115693
7.45	0.08746651089654035
7.46	0.08726234580543914
7.47	0.08705892981811744
7.48	0.08685625918872704
7.49	0.08665433019512431
7.5	0.08645313913868868
7.51	0.08625268234414296
7.5200000000000005	0.08605295615937524
7.53	0.08585395695526224
7.54	0.08565568112549429
7.55	0.08545812508640203
7.5600000000000005	0.08526128527678445
7.57	0.08506515815773845
7.58	0.08486974021249026
7.59	0.08467502794622785
7.6000000000000005	0.08448101788593519
7.61	0.08428770658022793
7.62	0.08409509059919025
7.63	0.08390316653421366
7.640000000000001	0.0837119309978367
7.65	0.08352138062358647
7.66	0.08333151206582114
7.67	0.08314232199957432
7.68	0.08295380712040039
7.69	0.08276596414422133
7.7	0.0825787898071751
7.71	0.08239228086546493
7.72	0.0822064340952102
7.73	0.08202124629229861
7.74	0.08183671427223962
7.75	0.08165283487001913
7.76	0.08146960493995524
7.7700000000000005	0.08128702135555567
7.78	0.0811050810093762
7.79	0.08092378081288014
7.8	0.08074311769629942
7.8100000000000005	0.08056308860849648
7.82	0.08038369051682763
7.83	0.0802049204070075
7.84	0.08002677528297458
7.8500000000000005	0.07984925216675799
7.86	0.07967234809834556
7.87	0.07949606013555244
7.88	0.07932038535389167
7.890000000000001	0.0791453208464453
7.9	0.07897086372373667
7.91	0.07879701111360395
7.92	0.0786237601610746
7.930000000000001	0.07845110802824101
7.94	0.0782790518941371
7.95	0.07810758895461607
7.96	0.07793671642222902
7.97	0.07776643152610488
7.98	0.07759673151183094
7.99	0.07742761364133485
8.	0.07725907519276724
8.01	0.07709111346038552
8.02	0.07692372575443865
8.03	0.07675690940105277
8.040000000000001	0.0765906617421179
8.05	0.07642498013517553
8.06	0.07625986195330718
8.07	0.07609530458502385
8.08	0.07593130543415649
8.09	0.07576786191974719
8.1	0.07560497147594146
8.11	0.0754426315518814
8.120000000000001	0.07528083961159962
8.13	0.07511959313391414
8.14	0.0749588896123241
8.15	0.07479872655490646
8.16	0.07463910148421335
8.17	0.07448001193717046
8.18	0.07432145546497625
8.19	0.07416342963300164
8.2	0.07400593202069122
8.21	0.07384896022146452
8.22	0.07369251184261863
8.23	0.07353658450523128
8.24	0.07338117584406494
8.25	0.07322628350747168
8.26	0.07307190515729853
8.27	0.07291803846879402
8.28	0.07276468113051518
8.290000000000001	0.0726118308442354
8.3	0.07245948532485315
8.31	0.07230764230030118
8.32	0.07215629951145662
8.33	0.07200545471205189
8.34	0.07185510566858612
8.35	0.07170525016023752
8.36	0.07155588597877617
8.370000000000001	0.0714070109284778
8.38	0.07125862282603808
8.39	0.07111071950048767
8.4	0.07096329879310793
8.41	0.07081635855734732
8.42	0.07066989665873843
8.43	0.07052391097481576
8.44	0.07037839939503404
8.45	0.07023335982068735
8.46	0.07008879016482862
8.47	0.06994468835219021
8.48	0.06979805222706639
8.49	0.0696369234910126
8.5	0.06947635573912427
8.51	0.06931634636174516
8.52	0.06915689276440598
8.53	0.06899799236771834
8.540000000000001	0.06883964260726942
8.55	0.06868184093351783
8.56	0.0685245848116898
8.57	0.06836787172167685
8.58	0.06821169915793372
8.59	0.06805606462937756
8.6	0.06790096565928751
8.61	0.06774639978520541
8.620000000000001	0.06759236455883746
8.63	0.06743885754595605
8.64	0.06728587632630303
8.65	0.06713341849349344
8.66	0.06698148165491992
8.67	0.06683006343165829
8.68	0.06667916145837344
8.69	0.06652877338322627
8.700000000000001	0.06637889686778116
8.71	0.06622952958691444
8.72	0.06608066922872328
8.73	0.06593231349443561
8.74	0.06578446009832042
8.75	0.06563710676759926
8.76	0.06549025124235786
8.77	0.06534389127545888
8.78	0.06519802463245514
8.790000000000001	0.06505264909150377
8.8	0.06490776244328068
8.81	0.06476336249089595
8.82	0.06461944704980997
8.83	0.06447601394774996
8.84	0.0643330610246273
8.85	0.06419058613245561
8.86	0.06404858713526933
8.870000000000001	0.06390706190904288
8.88	0.0637660083416108
8.89	0.06362542433258786
8.9	0.06348530779329066
8.91	0.06334565664665907
8.92	0.0632064688271787
8.93	0.06306774228080388
8.94	0.06292947496488117
8.950000000000001	0.06279166484807366
8.96	0.06265430991028553
8.97	0.06251740814258756
8.98	0.06238095754714295
8.99	0.06224495613713378
9.	0.06210940193668821
9.01	0.06197429298080796
9.02	0.06183962731529651
9.03	0.061705402996687905
9.040000000000001	0.06157161809217592
9.05	0.061438270679544056
9.06	0.061305358847095724
9.07	0.061172880693585195
9.08	0.06104083432814912
9.09	0.060909217870238355
9.1	0.06077802944955049
9.11	0.06064726720596287
9.120000000000001	0.060516929289465955
9.13	0.060387013860097566
9.14	0.06025751908787714
9.15	0.06012844315274091
9.16	0.05999978424447728
9.17	0.05987154056266292
9.18	0.0597437103165992
9.19	0.059616291725249064
9.200000000000001	0.05948928301717462
9.21	0.05936268243047499
9.22	0.05923648821272452
9.23	0.05911069862091182
9.24	0.05898531192137899
9.25	0.05886032638976141
9.26	0.05873574031092783
9.27	0.058611551978921164
9.28	0.05848775969689953
9.290000000000001	0.058364361777077746
9.3	0.05824135654066945
9.31	0.05811874231782936
9.32	0.057996517447596124
9.33	0.057874680277835745
9.34	0.057753229165185105
9.35	0.05763216247499617
9.36	0.05751147858128049
9.370000000000001	0.05739117586665405
9.38	0.0572712527222828
9.39	0.05715170754782825
9.4	0.057032538751393726
9.41	0.05691374474947076
9.42	0.05679532396688628
9.43	0.0566772748367497
9.44	0.056559595800400805
9.450000000000001	0.056442285307357884
9.46	0.05632534181526598
9.47	0.05620876378984612
9.48	0.056092549704844216
9.49	0.055976698041980966
9.5	0.055861207290901556
9.51	0.05574607594912634
9.52	0.05563130252200127
9.53	0.05551688552264911
9.540000000000001	0.055402823471920826
9.55	0.05528911489834745
9.56	0.05517575833809208
9.57	0.055062752334902446
9.58	0.0549500954400638
9.59	0.05483778621235189
9.6	0.05472582321798675
9.61	0.054614205030586255
9.620000000000001	0.05450293023112053
9.63	0.05439199740786637
9.64	0.05428140515636206
9.65	0.054171152079362586
9.66	0.054061236786795086
9.67	0.053951657895714704
9.68	0.05384241403026066
9.69	0.0537335038216128
9.700000000000001	0.05362492590794816
9.71	0.053516678934398244
9.72	0.05340876155300625
9.73	0.05330117242268481
9.74	0.05318567541577264
9.75	0.053064014230921004
9.76	0.052942755632832995
9.77	0.05282189787887464
9.78	0.05270143923572814
9.790000000000001	0.052581377979332614
9.8	0.05246171239482516
9.81	0.05234244077648261
9.82	0.05222356142766353
9.83	0.052105072660750616
9.84	0.05198697279709357
9.85	0.05186926016695255
9.86	0.05175193310944179
9.870000000000001	0.051634989972473656
9.88	0.05151842911270334
9.89	0.0514022488954737
9.9	0.05128644769476066
9.91	0.05117102389311894
9.92	0.051055975881628204
9.93	0.050941302059839544
9.94	0.05082700083572246
9.950000000000001	0.05071307062561221
9.96	0.050599509854157405
9.97	0.05048631695426807
9.98	0.05037349036706424
9.99	0.05026102854182457
10.	0.0501489299359357
10.01	0.050037193014841705
10.02	0.049925816251994055
10.03	0.049814798128801935
10.040000000000001	0.04970413713458276
10.05	0.049593831766513295
10.06	0.04948388052958094
10.07	0.04937428193653544
10.08	0.0492650345078409
10.09	0.04915613677162823
10.1	0.04904758726364779
10.11	0.04893938452722252
10.120000000000001	0.04883152711320124
10.13	0.048724013579912566
10.14	0.04861684249311881
10.15	0.04851001242597035
10.16	0.04840352195896049
10.17	0.04829736967988037
10.18	0.048191554183774334
10.19	0.04808607407289568
10.200000000000001	0.04798092795666254
10.21	0.04787611445161426
10.22	0.04777163218136792
10.23	0.04766747977657534
10.24	0.047563655874880206
10.25	0.04746015912087567
10.26	0.047356988166062076
10.27	0.04725414166880515
10.28	0.04715161829429437
10.290000000000001	0.047049416714501684
10.3	0.04694753560814049
10.31	0.04684597366062488
10.32	0.046744729564029266
10.33	0.046643802017048167
10.34	0.0465431897249564
10.35	0.04644289139956939
10.36	0.046342905759203974
10.370000000000001	0.0462432315286392
10.38	0.04614386743907773
10.39	0.04604481222810715
10.4	0.045946064639661915
10.41	0.04584762342398527
10.42	0.045749487337591495
10.43	0.0456516551432286
10.44	0.045554125609841054
10.450000000000001	0.045456897512532866
10.46	0.04535996963253092
10.47	0.04526334075714847
10.48	0.04516700967974913
10.49	0.04507097519971085
10.5	0.04497523612239022
10.51	0.044879791259087136
10.52	0.044784639427009484
10.53	0.04468977944923834
10.540000000000001	0.04459521015469316
10.55	0.04450093037809738
10.56	0.04440693895994412
10.57	0.0443132347464622
10.58	0.044219816589582524
10.59	0.04412668334690427
10.6	0.04403383388166184
10.61	0.043941267062691594
10.620000000000001	0.04384898176439917
10.63	0.0437569768667267
10.64	0.043665251255120496
10.65	0.043573803820498816
10.66	0.04348263345921994
10.67	0.043391739073050356
10.68	0.04330111956913325
10.69	0.04321077385995724
10.700000000000001	0.04312070086332512
10.71	0.0430308995023231
10.72	0.042941368705290084
10.73	0.04285210740578706
10.74	0.042763114542566955
10.75	0.04267438905954455
10.76	0.04258592990576647
10.77	0.04249773603538167
10.78	0.04240980640761185
10.790000000000001	0.04232213998672222
10.8	0.04223473574199239
10.81	0.042147592647687505
10.82	0.042060709683029524
10.83	0.041974085832168724
10.84	0.041887720084155415
10.85	0.04180161143291172
10.86	0.04171575887720377
10.870000000000001	0.04163016142061384
10.88	0.04154481807151281
10.89	0.041459727843032784
10.9	0.041374889753039934
10.91	0.04129030282410735
10.92	0.04120596608348833
10.93	0.041121878563089645
10.94	0.041038039299445
10.950000000000001	0.04095444733368883
10.96	0.04087110171153009
10.97	0.040788001483226255
10.98	0.040705145703557565
10.99	0.0406225334318014
11.	0.040540163731706796
11.01	0.04045803567146911
11.02	0.04037614832370501
11.03	0.04029450076542733
11.040000000000001	0.04021309207802046
11.05	0.040131921347215604
11.06	0.04005098766306627
11.07	0.039970290119924055
11.08	0.03988982781641437
11.09	0.03980959985541249
11.1	0.03972960534401982
11.11	0.03964984339353996
11.120000000000001	0.0395703131194554
11.13	0.039491013641403956
11.14	0.03941194408315572
11.15	0.03933310357258979
11.16	0.039254491241671505
11.17	0.03917610622642951
11.18	0.039094204193556754
11.19	0.039005228352959796
11.200000000000001	0.03891653422262494
11.21	0.038828120660283356
11.22	0.03873998652931096
11.23	0.038652130698695705
11.24	0.03856455204300484
11.25	0.03847724944235242
11.26	0.03839022178236716
11.27	0.03830346795416035
11.28	0.038216986854294026
11.290000000000001	0.038130777384749494
11.3	0.03804483845289577
11.31	0.03795916897145855
11.32	0.037873767858489185
11.33	0.03778863403733393
11.34	0.03770376643660339
11.35	0.03761916399014215
11.36	0.03753482563699865
11.370000000000001	0.03745075032139521
11.38	0.03736693699269832
11.39	0.037283384605389026
11.4	0.037200092119033606
11.41	0.037117058498254404
11.42	0.0370342827127008
11.43	0.03695176373702059
11.44	0.03686950055083118
11.450000000000001	0.03678749213869129
11.46	0.0367057374900728
11.47	0.036624235599332575
11.48	0.03654298546568474
11.49	0.03646198609317295
11.5	0.036381236490642926
11.51	0.036300735671715156
11.52	0.03622048265475777
11.53	0.03614047646285956
11.540000000000001	0.036060716123803314
11.55	0.03598120067003907
11.56	0.035901929138657813
11.57	0.03582290057136516
11.58	0.035744114014455326
11.59	0.035665568518785204
11.6	0.035587263139748554
11.61	0.035509196937250576
11.620000000000001	0.03543136897568234
11.63	0.03535377832389569
11.64	0.035276424055178064
11.65	0.03519930524722758
11.66	0.03512242098212836
11.67	0.03504577034632586
11.68	0.03496935243060248
11.69	0.034893166330053245
11.700000000000001	0.0348172111440617
11.71	0.034741485976275986
11.72	0.03466598993458492
11.73	0.03459072213109448
11.74	0.03451568168210415
11.75	0.0344408677080837
11.76	0.034366279333649864
11.77	0.034291915687543355
11.78	0.03421777590260595
11.790000000000001	0.034143859115757666
11.8	0.034070164467974215
11.81	0.03399669110426451
11.82	0.033923438173648304
11.83	0.03385040482913402
11.84	0.03377759022769674
11.85	0.033704993530256216
11.86	0.03363261390165523
11.870000000000001	0.033560450510637795
11.88	0.03348850252982786
11.89	0.033416769135707784
11.9	0.03334524950859722
11.91	0.03327394283263198
11.92	0.033202848295743104
11.93	0.03313196508963604
11.94	0.03306129240976998
11.950000000000001	0.032990829455337246
11.96	0.032920575429242906
11.97	0.03285052953808444
11.98	0.03278069099213167
11.99	0.03271105900530654
12.	0.032641632795163376
12.01	0.032572411582868985
12.02	0.032503394593183
12.030000000000001	0.03243458105443836
12.040000000000001	0.032365970198521936
12.05	0.03229756126085511
12.06	0.03222935348037466
12.07	0.03216134609951372
12.08	0.032093538364182835
12.09	0.032025929523751065
12.1	0.03195851883102739
12.11	0.031891305542242024
12.120000000000001	0.031824288917028
12.13	0.03175746821840279
12.14	0.03169084271275008
12.15	0.031624411669801594
12.16	0.03155817436261911
12.17	0.03149213006757654
12.18	0.031426278064342165
12.19	0.03136061763586092
12.200000000000001	0.0312951480683368
12.21	0.03122986865121541
12.22	0.031164778677166636
12.23	0.031099877442067332
12.24	0.031035164244984235
12.25	0.030970638388156873
12.26	0.030906299176980637
12.27	0.030842145919989985
12.280000000000001	0.030778177928841677
12.290000000000001	0.03071439451829815
12.3	0.03065079500621104
12.31	0.030587378713504663
12.32	0.030524144964159797
12.33	0.030461093085197403
12.34	0.030398222406662512
12.35	0.030335532261608202
12.36	0.030273021986079653
12.370000000000001	0.030210690919098355
12.38	0.03014853840264635
12.39	0.0300865637816506
12.4	0.03002476640396742
12.41	0.029963145620367084
12.42	0.0299017007845184
12.43	0.02984043125297352
12.44	0.029779336385152736
12.450000000000001	0.02971841554332939
12.46	0.029657668092614903
12.47	0.02959709340094389
12.48	0.029536690839059344
12.49	0.02947645978049796
12.5	0.02941639960157541
12.51	0.029356509681371917
12.52	0.029296789401717708
12.530000000000001	0.02923723814717873
12.540000000000001	0.02917785530504235
12.55	0.029118640265303135
12.56	0.029059592420648744
12.57	0.02900071116644597
12.58	0.028941995900726717
12.59	0.028883446024174225
12.6	0.028825060940109223
12.61	0.028766840054476328
12.620000000000001	0.028708782775830343
12.63	0.028650888515322805
12.64	0.02859315668668851
12.65	0.02853558670623214
12.66	0.028478177992814997
12.67	0.028420929967841808
12.68	0.02836384205524754
12.69	0.02830691368148442
12.700000000000001	0.028250144275508936
12.71	0.028193533268768917
12.72	0.028137080095190774
12.73	0.02808078419116666
12.74	0.028024644995541942
12.75	0.02796866194960246
12.76	0.02791283449706214
12.77	0.027857162084050452
12.780000000000001	0.027801644159100095
12.790000000000001	0.02774628017313469
12.8	0.027691069579456523
12.81	0.027636011833734455
12.82	0.02758110639399178
12.83	0.027526352720594244
12.84	0.027465119616680026
12.85	0.027401891052409047
12.86	0.027338857065432962
12.870000000000001	0.027276016906360064
12.88	0.02721336982926395
12.89	0.027150915091664896
12.9	0.027088651954511208
12.91	0.027026579682160812
12.92	0.026964697542362828
12.93	0.026903004806239382
12.94	0.026841500748267477
12.950000000000001	0.026780184646260946
12.96	0.02671905578135255
12.97	0.02665811343797622
12.98	0.026597356903849286
12.99	0.026536785469954995
13.	0.02647639843052494
13.01	0.02641619508302179
13.02	0.026356174728121975
13.030000000000001	0.026296336669698488
13.040000000000001	0.02623668021480394
13.05	0.02617720467365354
13.06	0.026117909359608293
13.07	0.026058793589158205
13.08	0.02599985668190568
13.09	0.025941097960549008
13.1	0.025882516750865878
13.11	0.02582411238169707
13.120000000000001	0.025765884184930216
13.13	0.025707831495483613
13.14	0.025649953651290292
13.15	0.02559224999328193
13.16	0.025534719865373128
13.17	0.025477362614445578
13.18	0.025420177590332417
13.19	0.025363164145802704
13.200000000000001	0.025306321636545896
13.21	0.025249649421156532
13.22	0.02519314686111888
13.23	0.025136813320791807
13.24	0.025080648167393603
13.25	0.025024650770987086
13.26	0.024968820504464567
13.27	0.024913156743533085
13.280000000000001	0.02485765886669964
13.290000000000001	0.024802326255256527
13.3	0.024747158293266826
13.31	0.02469215436754987
13.32	0.024637313867666853
13.33	0.024582636185906555
13.34	0.024528120717271094
13.35	0.024473766859461805
13.36	0.02441957401286517
13.370000000000001	0.024365541580538875
13.38	0.024311668968197923
13.39	0.02425795558420078
13.4	0.02420440083953571
13.41	0.02415100414780713
13.42	0.024097764925222018
13.43	0.02404468259057645
13.44	0.02399175656524222
13.450000000000001	0.023938986273153492
13.46	0.023886371140793596
13.47	0.0238339105971818
13.48	0.02378160407386031
13.49	0.02372945100488118
13.5	0.023677450826793418
13.51	0.02362560297863017
13.52	0.023573906901895852
13.530000000000001	0.02352236204055354
13.540000000000001	0.023470967841012262
13.55	0.02341972375211449
13.56	0.023368629225123623
13.57	0.023317683713711634
13.58	0.023266886673946663
13.59	0.023216237564280807
13.6	0.0231657358455379
13.61	0.023115380980901403
13.620000000000001	0.023065172435902354
13.63	0.02301510967840741
13.64	0.02296519217860683
13.65	0.02291541940900282
13.66	0.022865790844397587
13.67	0.022816305961881743
13.68	0.02276696424082263
13.69	0.022717765162852732
13.700000000000001	0.022668708211858214
13.71	0.022619792873967495
13.72	0.022571018637539825
13.73	0.022522384993154055
13.74	0.022473891433597317
13.75	0.022425537453853936
13.76	0.02237732255109427
13.77	0.0223292462246637
13.780000000000001	0.022281307976071633
13.790000000000001	0.022233507308980573
13.8	0.022185843729195326
13.81	0.022138316744652112
13.82	0.02209092586540795
13.83	0.022043670603629908
13.84	0.021996550473584543
13.85	0.021949564991627327
13.86	0.021902713676192186
13.870000000000001	0.021855996047781077
13.88	0.021809411628953626
13.89	0.021762959944316786
13.9	0.021716640520514665
13.91	0.021670452886218237
13.92	0.021624396572115345
13.93	0.02157847111090049
13.94	0.021532676037264928
13.950000000000001	0.021487010887886668
13.96	0.021441475201420573
13.97	0.021396068518488517
13.98	0.021350790381669617
13.99	0.02130564033549048
14.	0.02126061792641554
14.01	0.021215722702837413
14.02	0.021170954215067386
14.030000000000001	0.02112631201532583
14.040000000000001	0.021081795657732827
14.05	0.02103740469829868
14.06	0.020993138694914624
14.07	0.020948997207343494
14.08	0.0209049797972105
14.09	0.020861086027994007
14.1	0.020817315465016435
14.11	0.020773667675435106
14.120000000000001	0.020730142228233297
14.13	0.020686738694211133
14.14	0.020643456645976766
14.15	0.020600295657937407
14.16	0.020557255306290517
14.17	0.020514335169015036
14.18	0.020471534825862604
14.19	0.02042885385834891
14.200000000000001	0.020386291849745032
14.21	0.020343848385068843
14.22	0.020301523051076492
14.23	0.020259315436253835
14.24	0.02021722513080811
14.25	0.020175251726659398
14.26	0.020133394817432374
14.27	0.020091653998447923
14.280000000000001	0.02005002886671494
14.290000000000001	0.020008519020922082
14.3	0.01996712406142959
14.31	0.019925843590261165
14.32	0.019884677211095915
14.33	0.019843624529260303
14.34	0.019802685151720123
14.35	0.01976185868707264
14.36	0.01972114474553859
14.370000000000001	0.019680542938954364
14.38	0.01964005288076423
14.39	0.019599674186012495
14.4	0.019559406471335812
14.41	0.01951924935495549
14.42	0.019479202456669842
14.43	0.019439265397846607
14.44	0.01939943780141535
14.450000000000001	0.019359719291859968
14.46	0.01932010949521124
14.47	0.019280608039039315
14.48	0.019241214552446404
14.49	0.019201928666059357
14.5	0.019162750012022414
14.51	0.01912367822398986
14.52	0.01908471293711883
14.530000000000001	0.019045853788062127
14.540000000000001	0.01900710041496104
14.55	0.018968452457438244
14.56	0.01892990955659073
14.57	0.018891471354982713
14.58	0.01885313749663871
14.59	0.018814907627036522
14.6	0.018776781393100343
14.61	0.01873875844319386
14.620000000000001	0.018700838427113377
14.63	0.018663020996081067
14.64	0.018625305802738152
14.65	0.018587692501138148
14.66	0.018550180746740228
14.67	0.018512770196402493
14.68	0.018475460508375372
14.69	0.018438251342295042
14.700000000000001	0.01840114235917684
14.71	0.018364133221408778
14.72	0.018327223592745006
14.73	0.01829041313829942
14.74	0.01824971343810844
14.75	0.018206838851845184
14.76	0.018164093947448928
14.77	0.01812147824521149
14.780000000000001	0.018078991267522316
14.790000000000001	0.018036632538857837
14.8	0.01799440158577098
14.81	0.017952297936880704
14.82	0.017910321122861568
14.83	0.017868470676433407
14.84	0.017826746132351075
14.85	0.017785147027394182
14.86	0.017743672900356923
14.870000000000001	0.017702323292037987
14.88	0.017661097745230534
14.89	0.01761999580471213
14.9	0.01757901701723487
14.91	0.017538160931515466
14.92	0.017497427098225406
14.93	0.017456815069981237
14.94	0.01741632440133481
14.950000000000001	0.01737595464876363
14.96	0.017335705370661245
14.97	0.017295576127327707
14.98	0.01725556648096006
14.99	0.017215675995642915
15.	0.017175904237339047
15.01	0.01713625077388007
15.02	0.01709671517495712
15.030000000000001	0.017057297012111665
15.040000000000001	0.017017995858726306
15.05	0.01697881129001566
15.06	0.016939742883017247
15.07	0.016900790216582504
15.08	0.016861952871367783
15.09	0.016823230429825448
15.1	0.016784622476194982
15.11	0.016746128596494162
15.120000000000001	0.01670774837851031
15.13	0.016669481411791504
15.14	0.016631327287637974
15.15	0.01659328559909343
15.16	0.016555355940936465
15.17	0.016517537909672066
15.18	0.016479831103523104
15.19	0.01644223512242189
15.200000000000001	0.016404749568001777
15.21	0.016367374043588855
15.22	0.01633010815419359
15.23	0.016292951506502642
15.24	0.016255903708870572
15.25	0.016218964371311772
15.26	0.016182133105492286
15.27	0.016145409524721745
15.280000000000001	0.01610879324394539
15.290000000000001	0.016072283879736006
15.3	0.016035881050286076
15.31	0.015999584375399806
15.32	0.015963393476485323
15.33	0.015927307976546876
15.34	0.015891327500177004
15.35	0.015855451673548897
15.36	0.01581968012440867
15.370000000000001	0.015784012482067743
15.38	0.01574844837739523
15.39	0.0157129874428104
15.4	0.01567762931227516
15.41	0.015642373621286607
15.42	0.015607220006869545
15.43	0.015572168107569161
15.44	0.015537217563443643
15.450000000000001	0.015502368016056851
15.46	0.015467619108471095
15.47	0.015432970485239887
15.48	0.015398421792400762
15.49	0.015363972677468089
15.5	0.015329622789426012
15.51	0.015295371778721353
15.52	0.015261219297256578
15.530000000000001	0.015227164998382833
15.540000000000001	0.015193208536892924
15.55	0.01515934956901447
15.56	0.015125587752402978
15.57	0.015091922746135002
15.58	0.015058354210701369
15.59	0.015024881808000368
15.6	0.014991505201331018
15.610000000000001	0.014958224055386432
15.620000000000001	0.014925038036247092
15.63	0.014891946811374256
15.64	0.014858950049603333
15.65	0.014826047421137401
15.66	0.01479323859754062
15.67	0.014760523251731791
15.68	0.014727901057977898
15.69	0.014695371691887678
15.700000000000001	0.014662934830405277
15.71	0.01463059015180389
15.72	0.014598337335679442
15.73	0.014566176062944323
15.74	0.01453410601582117
15.75	0.014502126877836601
15.76	0.014470238333815095
15.77	0.01443844006987283
15.780000000000001	0.014406731773411563
15.790000000000001	0.01437511313311259
15.8	0.014343583838930656
15.81	0.014312143582088002
15.82	0.01428079205506829
15.83	0.014249528951610793
15.84	0.014218353966704348
15.85	0.01418726679658157
15.860000000000001	0.014156267138712928
15.870000000000001	0.01412535469180097
15.88	0.014094529155774542
15.89	0.014063790231782959
15.9	0.014033137622190371
15.91	0.014002571030569998
15.92	0.01397209016169847
15.93	0.013941694721550242
15.94	0.0139113844172919
15.950000000000001	0.013881158957276667
15.96	0.013851018051038807
15.97	0.0138209614092881
15.98	0.013790988743904413
15.99	0.013761099767932149
16.	0.013731294195574893
16.01	0.01370157174218997
16.02	0.013671932124283087
16.03	0.013642375059502956
16.04	0.013612900266636035
16.05	0.013583507465601179
16.06	0.01355419637744441
16.07	0.013524966724333669
16.080000000000002	0.01349581822955362
16.09	0.013466750617500477
16.1	0.013437763613676832
16.11	0.013408856944686527
16.12	0.013380030338229579
16.13	0.01335128352309712
16.14	0.01332261622916627
16.15	0.013294028187395262
16.16	0.013265519129818291
16.17	0.013237088789540656
16.18	0.013208736900733806
16.19	0.013180463198630367
16.2	0.013152267419519335
16.21	0.013124149300741132
16.22	0.013096108580682842
16.23	0.013068144998773354
16.240000000000002	0.013040258295478582
16.25	0.013012448212296706
16.26	0.012984714491753452
16.27	0.012957056877397332
16.28	0.01292947511379501
16.29	0.012901968946526605
16.3	0.01287453812218107
16.31	0.01284718238835155
16.32	0.012819901493630806
16.330000000000002	0.012792695187606673
16.34	0.012765563220857467
16.35	0.012738505344947483
16.36	0.012711521312422518
16.37	0.012684610876805362
16.38	0.012657773792591394
16.39	0.012631009815244093
16.4	0.012604318701190671
16.41	0.012577700207817701
16.42	0.012551154093466724
16.43	0.012524680117429939
16.44	0.012498278039945866
16.45	0.012471947622195056
16.46	0.012445688626295855
16.47	0.01241950081530009
16.48	0.012393383953188921
16.490000000000002	0.012367337804868548
16.5	0.012341362136166108
16.51	0.012315456713825463
16.52	0.01228962130550306
16.53	0.012263855679763855
16.54	0.012238159606077163
16.55	0.012212532854812573
16.56	0.012186975197235996
16.57	0.012161486405505453
16.580000000000002	0.012136066252667223
16.59	0.012110714512651777
16.6	0.012085430960269756
16.61	0.012060215371208141
16.62	0.012035067522026183
16.63	0.012009987190151589
16.64	0.011984974153876563
16.65	0.011960028192353976
16.66	0.011935149085593484
16.67	0.011910336614457694
16.68	0.011885590560658377
16.69	0.01186091070675262
16.7	0.011836296836139086
16.71	0.011811748733054262
16.72	0.011787266182568671
16.73	0.011762848970583219
16.740000000000002	0.01173849688382545
16.75	0.011714209709845849
16.76	0.011689987237014234
16.77	0.011665829254516043
16.78	0.011641735552348771
16.79	0.011617705921318318
16.8	0.01159374015303539
16.81	0.011569838039911975
16.82	0.011545999375157753
16.830000000000002	0.011522223952776543
16.84	0.01149851156756284
16.85	0.011474862015098244
16.86	0.011451275091748035
16.87	0.011427750594657662
16.88	0.011404288321749348
16.89	0.01138088807171858
16.9	0.011357549644030763
16.91	0.0113342728389178
16.92	0.011309943899058135
16.93	0.011283617370359843
16.94	0.011257367614182051
16.95	0.011231194361521148
16.96	0.011205097344474033
16.97	0.011179076296232928
16.98	0.011153130951080241
16.990000000000002	0.011127261044383559
17.	0.011101466312590461
17.01	0.01107574649322356
17.02	0.011050101324875493
17.03	0.011024530547203875
17.04	0.010999033900926394
17.05	0.010973611127815856
17.06	0.010948261970695258
17.07	0.010922986173432932
17.080000000000002	0.010897783480937678
17.09	0.01087265363915394
17.1	0.010847596395056969
17.11	0.01082261149664806
17.12	0.010797698692949831
17.13	0.010772857734001412
17.14	0.010748088370853804
17.150000000000002	0.01072339035556517
17.16	0.010698763441196175
17.17	0.010674207381805367
17.18	0.010649721932444536
17.19	0.010625306849154163
17.2	0.010600961888958841
17.21	0.010576686809862726
17.22	0.010552481370845038
17.23	0.010528345331855562
17.240000000000002	0.010504278453810193
17.25	0.010480280498586458
17.26	0.01045635122901913
17.27	0.0104324904088958
17.28	0.010408697802952522
17.29	0.01038497317686945
17.3	0.010361316297266504
17.31	0.010337726931699046
17.32	0.010314204848653637
17.330000000000002	0.010290749817543719
17.34	0.010267361608705425
17.35	0.010244039993393312
17.36	0.010220784743776168
17.37	0.010197595632932878
17.38	0.010174472434848203
17.39	0.010151414924408703
17.400000000000002	0.010128422877398586
17.41	0.010105496070495629
17.42	0.01008263428126711
17.43	0.010059837288165731
17.44	0.010037104870525638
17.45	0.010014436808558376
17.46	0.009991832883348886
17.47	0.009969292876851584
17.48	0.009946816571886357
17.490000000000002	0.009924403752134705
17.5	0.00990205420213576
17.51	0.009879767707282432
17.52	0.00985754405381756
17.53	0.009835383028830018
17.54	0.009813284420250942
17.55	0.009791248016849859
17.56	0.009769273608230933
17.57	0.00974736098482922
17.580000000000002	0.00972550993790684
17.59	0.009703720259549327
17.6	0.00968199174266186
17.61	0.009660324180965602
17.62	0.00963871736899399
17.63	0.009617171102089117
17.64	0.009595685176398059
17.650000000000002	0.009574259388869282
17.66	0.009552893537249021
17.67	0.009531587420077689
17.68	0.009510340836686358
17.69	0.009489153587193147
17.7	0.009468025472499744
17.71	0.009446956294287863
17.72	0.009425945855015758
17.73	0.009404993957914765
17.740000000000002	0.009384100406985804
17.75	0.009363265006995991
17.76	0.009342487563475157
17.77	0.009321767882712467
17.78	0.009301105771753046
17.79	0.00928050103839459
17.8	0.009259953491183996
17.81	0.009239462939414047
17.82	0.009219029193120069
17.830000000000002	0.009198652063076653
17.84	0.00917833136079433
17.85	0.009158066898516335
17.86	0.009137858489215323
17.87	0.009117705946590126
17.88	0.009097609085062568
17.89	0.009077567719774209
17.900000000000002	0.009057581666583192
17.91	0.00903765074206103
17.92	0.009017774763489483
17.93	0.008997953548857393
17.94	0.008978186916857546
17.95	0.008958474686883601
17.96	0.008938816679026938
17.97	0.008919212714073603
17.98	0.008899662613501256
17.990000000000002	0.00888016619947609
18.	0.008860723294849823
18.01	0.008841333723156637
18.02	0.008821997308610215
18.03	0.008802713876100727
18.04	0.008783483251191852
18.05	0.00876430526011783
18.06	0.008745179729780506
18.07	0.008726106487746377
18.080000000000002	0.008707085362243724
18.09	0.008688116182159653
18.1	0.008669198777037253
18.11	0.008650332977072689
18.12	0.008631518613112333
18.13	0.008612108480207908
18.14	0.008591626055726699
18.150000000000002	0.008571203593133568
18.16	0.008550840883999357
18.17	0.008530537720733632
18.18	0.008510293896580862
18.19	0.008490109205616533
18.2	0.008469983442743457
18.21	0.008449916403687896
18.22	0.008429907884995863
18.23	0.008409957684029383
18.240000000000002	0.008390065598962741
18.25	0.008370231428778827
18.26	0.008350454973265432
18.27	0.008330736033011585
18.28	0.008311074409403896
18.29	0.008291469904622989
18.3	0.008271922321639827
18.31	0.00825243146421217
18.32	0.00823299713688099
18.330000000000002	0.008213619144966905
18.34	0.008194297294566692
18.35	0.008175031392549712
18.36	0.008155821246554475
18.37	0.008136666664985092
18.38	0.008117567457007868
18.39	0.008098523432547843
18.400000000000002	0.008079534402285359
18.41	0.008060600177652649
18.42	0.008041720570830444
18.43	0.008022895394744602
18.44	0.008004124463062765
18.45	0.007985407590190981
18.46	0.007966744591270416
18.47	0.007948135282174027
18.48	0.00792957947950327
18.490000000000002	0.007911077000584833
18.5	0.00789262766346738
18.51	0.007874231286918306
18.52	0.007855887690420504
18.53	0.007837596694169158
18.54	0.00781935811906858
18.55	0.007801171786728973
18.56	0.007783037519463338
18.57	0.007764955140284271
18.580000000000002	0.007746924472900868
18.59	0.007728945341715606
18.6	0.00771101757182123
18.61	0.007693140988997693
18.62	0.00767531541970907
18.63	0.007657540691100505
18.64	0.007639816630995206
18.650000000000002	0.00762214306789136
18.66	0.0076045198309592195
18.67	0.007586946750038007
18.68	0.0075694236556330214
18.69	0.007551950378912628
18.7	0.007534526751705337
18.71	0.007517152606496855
18.72	0.007499827776427186
18.73	0.007482552095287694
18.740000000000002	0.007465325397518258
18.75	0.007448147518204372
18.76	0.007431018293074289
18.77	0.007413937558496164
18.78	0.007396905151475241
18.79	0.007379920909651037
18.8	0.007362984671294509
18.81	0.007346096275305309
18.82	0.00732925556120895
18.830000000000002	0.007312462369154099
18.84	0.007295716539909811
18.85	0.007279017914862758
18.86	0.007262366336014576
18.87	0.00724576164597908
18.88	0.007229203687979626
18.89	0.007212692305846415
18.900000000000002	0.007196227344013814
18.91	0.00717980864751769
18.92	0.0071634360619928185
18.93	0.007147109433670183
18.94	0.007130828609374423
18.95	0.007114593436521193
18.96	0.007098403763114572
18.97	0.007082259437744518
18.98	0.007066160309584249
18.990000000000002	0.007050106228387753
19.	0.007034097044487201
19.01	0.007018132608790419
19.02	0.007002212772778423
19.03	0.00698633738850284
19.04	0.006970506308583496
19.05	0.0069547193862058735
19.06	0.006938976475118672
19.07	0.006923277429631359
19.080000000000002	0.006907622104611725
19.09	0.006892010355483436
19.1	0.00687644203822363
19.11	0.006860917009360505
19.12	0.006845435125970935
19.13	0.006829996245678061
19.14	0.006814600226648951
19.150000000000002	0.006799246927592207
19.16	0.006783936207755639
19.17	0.006768667926923922
19.18	0.006753441945416267
19.19	0.006738258124084103
19.2	0.00672311632430878
19.21	0.006708016407999269
19.22	0.00669295823758989
19.23	0.00667794167603803
19.240000000000002	0.006662966586821903
19.25	0.006648032833938275
19.26	0.006633140281900232
19.27	0.006618288795734987
19.28	0.006603478240981611
19.29	0.006588708483688875
19.3	0.006573979390413014
19.31	0.006559290828215572
19.32	0.006544642664661227
19.330000000000002	0.006530034767815604
19.34	0.006515467006243156
19.35	0.006500939249004991
19.36	0.006486451365656746
19.37	0.0064720032262464925
19.38	0.006457594701312589
19.39	0.006443225661881598
19.400000000000002	0.006428895979466191
19.41	0.006414605526063061
19.42	0.006400354174150869
19.43	0.006385120704027847
19.44	0.006369546493685147
19.45	0.006354018251121354
19.46	0.006338535817131821
19.47	0.006323099033144707
19.48	0.006307707741218109
19.490000000000002	0.006292361784037272
19.5	0.006277061004911765
19.51	0.0062618052477726735
19.52	0.006246594357169845
19.53	0.006231428178269082
19.54	0.0062163065568494255
19.55	0.006201229339300399
19.56	0.006186196372619272
19.57	0.006171207504408358
19.580000000000002	0.00615626258287231
19.59	0.006141361456815437
19.6	0.006126503975639035
19.61	0.006111689989338705
19.62	0.006096919348501734
19.63	0.0060821919043044514
19.64	0.006067507508509589
19.650000000000002	0.006052866013463712
19.66	0.006038267272094597
19.67	0.0060237111379086335
19.68	0.006009197464988312
19.69	0.0059947261079896065
19.7	0.005980296922139471
19.71	0.005965909763233287
19.72	0.00595156448763235
19.73	0.00593726095226137
19.740000000000002	0.005922999014605972
19.75	0.005908778532710217
19.76	0.00589459936517412
19.77	0.00588046137115121
19.78	0.005866364410346087
19.79	0.005852308343011963
19.8	0.005838293029948268
19.81	0.005824318332498234
19.82	0.005810384112546474
19.830000000000002	0.005796490232516644
19.84	0.00578263655536902
19.85	0.005768822944598169
19.86	0.005755049264230583
19.87	0.005741315378822336
19.88	0.005727621153456778
19.89	0.005713966453742187
19.900000000000002	0.005700351145809499
19.91	0.0056867750963099815
19.92	0.005673238172412965
19.93	0.005659740241803596
19.94	0.005646281172680518
19.95	0.005632860833753694
19.96	0.0056194790942420934
19.97	0.005606135823871529
19.98	0.005592830892872412
19.990000000000002	0.005579564171977535
20.	0.005566335532419913
20.01	0.00555314484593055
20.02	0.0055399919847363074
20.03	0.0055268768215577255
20.04	0.005513799229606866
20.05	0.005500759082585183
20.06	0.0054877562546813705
20.07	0.00547479062056926
20.080000000000002	0.005461862055405708
20.09	0.00544897043482848
20.1	0.005436115634954178
20.11	0.0054232975323761454
20.12	0.005410516004162403
20.13	0.005397770927853601
20.14	0.005385062181460933
20.150000000000002	0.005372389643464138
20.16	0.005359753192809439
20.17	0.005347152708907538
20.18	0.005334588071631598
20.19	0.005322059161315243
20.2	0.005309565858750559
20.21	0.005297108045186135
20.22	0.005284685602325058
20.23	0.005272298412322976
20.240000000000002	0.005259946357786123
20.25	0.005247629321769409
20.26	0.005235347187774429
20.27	0.005223099839747599
20.28	0.00521088716207819
20.29	0.005198709039596455
20.3	0.005186565357571708
20.31	0.005174456001710457
20.32	0.005162380858154483
20.330000000000002	0.005150339813479029
20.34	0.0051383327546908825
20.35	0.005126359569226565
20.36	0.0051144201449504515
20.37	0.005102514370152964
20.38	0.005090642133548718
20.39	0.005078803324274742
20.400000000000002	0.005066997831888621
20.41	0.005055225546366744
20.42	0.0050434863581024615
20.43	0.005031780157904357
20.44	0.005020106836994419
20.45	0.005008466287006317
20.46	0.004996858399983615
20.47	0.004985283068378043
20.48	0.004973740185047727
20.490000000000002	0.004962229643255491
20.5	0.004950751336667113
20.51	0.004939305159349595
20.52	0.004927891005769485
20.53	0.004916508770791147
20.54	0.004905158349675095
20.55	0.004893839638076282
20.56	0.00488255253204246
20.57	0.004871296928012456
20.580000000000002	0.004860072722814573
20.59	0.004848879813664892
20.6	0.004837718098165649
20.61	0.00482658747430359
20.62	0.004815487840448347
20.63	0.004804419095350801
20.64	0.004793381138141497
20.650000000000002	0.004782373868329008
20.66	0.004771397185798352
20.67	0.004760450990809391
20.68	0.004749535183995268
20.69	0.004738649666360792
20.7	0.004727794339280919
20.71	0.004716969104499134
20.72	0.00470617386412596
20.73	0.004695408520637343
20.740000000000002	0.00468467297687317
20.75	0.004673967136035698
20.76	0.004663290901688058
20.77	0.004652644177752709
20.78	0.004642026868509952
20.79	0.004631438878596398
20.8	0.004620880113003508
20.81	0.004610350477076061
20.82	0.004598977676248913
20.830000000000002	0.004587441780921805
20.84	0.004575940337751922
20.85	0.004564473227389528
20.86	0.0045530403309552965
20.87	0.004541641530038236
20.88	0.0045302767066936304
20.89	0.004518945743440955
20.900000000000002	0.004507648523261857
20.91	0.0044963849295980955
20.92	0.004485154846349531
20.93	0.004473958157872088
20.94	0.0044627947489757685
20.95	0.004451664504922635
20.96	0.004440567311424842
20.97	0.004429503054642623
20.98	0.0044184716211823636
20.990000000000002	0.004407472898094603
21.	0.004396506772872114
21.01	0.0043855731334479404
21.02	0.004374671868193485
21.03	0.004363802865916558
21.04	0.0043529660158595045
21.05	0.004342161207697265
21.06	0.004331388331535504
21.07	0.004320647277908715
21.080000000000002	0.004309937937778348
21.09	0.004299260202530936
21.1	0.004288613963976254
21.11	0.004277999114345442
21.12	0.0042674155462892075
21.13	0.004256863152875941
21.14	0.004246341827589943
21.150000000000002	0.0042358514643295805
21.16	0.0042253919574055014
21.17	0.004214963201538825
21.18	0.00420456509185935
21.19	0.004194197523903805
21.2	0.004183860393614046
21.21	0.004173553597335313
21.22	0.004163277031814465
21.23	0.004153030594198265
21.240000000000002	0.004142814182031589
21.25	0.004132627693255765
21.26	0.00412247102620679
21.27	0.004112344079613681
21.28	0.0041022467525967075
21.29	0.004092178944665754
21.3	0.004082140555718596
21.31	0.00407213148603924
21.32	0.004062151636296243
21.330000000000002	0.0040522009075410655
21.34	0.0040422792012063825
21.35	0.004032386419104488
21.36	0.004022522463425606
21.37	0.0040126872367363025
21.38	0.004002880641977822
21.39	0.003993102582464507
21.400000000000002	0.00398335296188217
21.41	0.003973631684286503
21.42	0.003963938654101478
21.43	0.003954273776117771
21.44	0.003944636955491166
21.45	0.003935028097741017
21.46	0.003925447108748657
21.47	0.003915893894755865
21.48	0.00390636836236329
21.490000000000002	0.0038968704185289482
21.5	0.0038873999705666576
21.51	0.0038779569261445383
21.52	0.0038685411932834705
21.53	0.0038591526803556054
21.54	0.00384979129608284
21.55	0.003840456949535347
21.56	0.0038311495501300546
21.57	0.003821869007629195
21.580000000000002	0.0038126152321388005
21.59	0.003803388134107262
21.6	0.0037941876243238397
21.61	0.003785013613917235
21.62	0.003775866014354119
21.63	0.003766744737437716
21.64	0.003757649695306343
21.650000000000002	0.0037485808004320037
21.66	0.0037395379656189587
21.67	0.003730521104002319
21.68	0.0037215301290466204
21.69	0.0037125649545444476
21.7	0.0037036254946150203
21.71	0.0036947116637028187
21.72	0.0036858233765761942
21.73	0.0036769605483260013
21.740000000000002	0.00366812309436422
21.75	0.003659310930422611
21.76	0.0036505239725513425
21.77	0.003641762137117655
21.78	0.0036330253408045116
21.79	0.0036243135006092625
21.8	0.00361562653384232
21.81	0.0036069643581258257
21.82	0.0035983268913923447
21.830000000000002	0.0035897140518835443
21.84	0.0035811257581488992
21.85	0.003572561929044373
21.86	0.0035640224837311585
21.87	0.003555507341674351
21.88	0.003547016422641697
21.89	0.003538549646702309
21.900000000000002	0.0035301069342254035
21.91	0.0035216882058790137
21.92	0.0035132933826287726
21.93	0.0035049223857366177
21.94	0.0034965751367595907
21.95	0.0034882515575485463
21.96	0.0034799515702469766
21.97	0.003471675097289727
21.98	0.0034634220614018166
21.990000000000002	0.0034551923855971963
22.	0.003446985993177548
22.01	0.0034388028077310777
22.02	0.0034306427531313136
22.03	0.003422505753535911
22.04	0.0034143917333854744
22.05	0.003406300617402347
22.06	0.0033982323305894787
22.07	0.0033901867982291988
22.080000000000002	0.0033821639458820967
22.09	0.003374163699385824
22.1	0.003366185984853975
22.11	0.0033582307286748906
22.12	0.0033502978575105633
22.13	0.0033423872982954526
22.14	0.003334498978235381
22.150000000000002	0.003326632824806377
22.16	0.0033187887657535942
22.17	0.003310966729090129
22.18	0.0033031666430959686
22.19	0.0032953884363168397
22.2	0.0032876320375631314
22.21	0.003279897375908769
22.22	0.0032721843806901517
22.23	0.0032644929815050364
22.240000000000002	0.00325682310821148
22.25	0.003249174690926721
22.26	0.003241547660026162
22.27	0.0032339419461422454
22.28	0.0032263574801634264
22.29	0.003218794193233094
22.3	0.0032112520167485352
22.31	0.0032030669581113312
22.32	0.003194886489204194
22.330000000000002	0.0031867305630319913
22.34	0.003178599095021031
22.35	0.003170492000926718
22.36	0.0031624091968321605
22.37	0.003154350599146705
22.38	0.0031463161246045646
22.39	0.003138305690263381
22.400000000000002	0.003130319213502848
22.41	0.0031223566120233024
22.42	0.0031144178038443426
22.43	0.0031065027073034508
22.44	0.0030986112410546114
22.45	0.003090743324066956
22.46	0.0030828988756233912
22.47	0.0030750778153192564
22.48	0.0030672800630609605
22.490000000000002	0.003059505539064655
22.5	0.0030517541638548935
22.51	0.003044025858263312
22.52	0.003036320543427281
22.53	0.00302863814078862
22.54	0.003020978572092274
22.55	0.0030133417593850064
22.56	0.0030057276250141074
22.57	0.002998136091626114
22.580000000000002	0.0029905670821654884
22.59	0.002983020519873386
22.6	0.0029754963282863506
22.61	0.0029679944312350592
22.62	0.0029605147528430575
22.63	0.0029530572175255135
22.64	0.00294562174998795
22.650000000000002	0.002938208275225023
22.66	0.0029308167185192733
22.67	0.0029234470054398964
22.68	0.002916099061841508
22.69	0.002908772813862954
22.7	0.002901468187926053
22.71	0.0028941851107344286
22.72	0.002886923509272282
22.73	0.002879683310803202
22.740000000000002	0.0028724644428689745
22.75	0.002865266833288399
22.76	0.0028580904101560994
22.77	0.00285093510184137
22.78	0.0028438008369869694
22.79	0.002836687544508
22.8	0.0028295951535907177
22.81	0.0028225235936914
22.82	0.00281547279453518
22.830000000000002	0.002808442686114925
22.84	0.0028014331986900777
22.85	0.0027944442627855465
22.86	0.0027874758091905602
22.87	0.0027805277689575683
22.88	0.0027736000734010966
22.89	0.0027666926540966703
22.900000000000002	0.0027598054428796827
22.91	0.002752938371844312
22.92	0.002746091373342414
22.93	0.002739264379982444
22.94	0.002732457324628358
22.95	0.0027256701403985503
22.96	0.002718902760664764
22.97	0.0027121551190510355
22.98	0.002705427149432611
22.990000000000002	0.0026987187859349067
23.	0.0026920299629324433
23.01	0.0026853606150477995
23.02	0.00267871067715056
23.03	0.0026720800843562952
23.04	0.002665468772025495
23.05	0.0026588766757625693
23.06	0.0026523037314148067
23.07	0.0026457498750713493
23.080000000000002	0.0026392150430621926
23.09	0.002632699171957156
23.1	0.002626202198564891
23.11	0.002619724059931865
23.12	0.0026132646933413853
23.13	0.0026068240363125795
23.14	0.0026004020265994274
23.150000000000002	0.0025939986021897687
23.16	0.0025876137013043274
23.17	0.0025812472623957306
23.18	0.002574899224147551
23.19	0.0025685695254733213
23.2	0.0025622581055156006
23.21	0.0025559649036449882
23.22	0.0025496898594591978
23.23	0.0025434329127820825
23.240000000000002	0.0025371940036627203
23.25	0.0025309730723744516
23.26	0.0025247700594139572
23.27	0.002518584905500317
23.28	0.0025124175515741027
23.29	0.002506267938796424
23.3	0.0025001360085480486
23.31	0.002494021702428456
23.32	0.002487924962254951
23.330000000000002	0.0024818457300617427
23.34	0.002475783948099056
23.35	0.0024697395588322195
23.36	0.0024637125049407926
23.37	0.0024577027293176514
23.38	0.0024517101750681355
23.39	0.0024457347855091315
23.400000000000002	0.002439776504168227
23.41	0.0024338352747828194
23.42	0.002427911041299257
23.43	0.002422003747871969
23.44	0.0024161133388626048
23.45	0.002410239758839181
23.46	0.002404382952575226
23.47	0.002398542865048925
23.48	0.002392719441442291
23.490000000000002	0.0023869126271403003
23.5	0.00238112236773008
23.51	0.0023753486090000555
23.52	0.0023695912969391294
23.53	0.002363850377735848
23.54	0.0023581257977775935
23.55	0.0023524175036497455
23.56	0.002346725442134887
23.57	0.002341049560211969
23.580000000000002	0.002335389805055531
23.59	0.0023297461240348715
23.6	0.002324118464713265
23.61	0.002318506774847153
23.62	0.0023129110023853657
23.63	0.0023073310954683152
23.64	0.0023017670024272257
23.650000000000002	0.002296218671783337
23.66	0.002290686052247137
23.67	0.00228516909271758
23.68	0.0022796677422813223
23.69	0.002274181950211937
23.7	0.002268711665969169
23.71	0.0022632568391981675
23.72	0.0022578174197287193
23.73	0.0022523933575745053
23.740000000000002	0.002246984602932341
23.75	0.0022415911061814385
23.76	0.00223621281788265
23.77	0.0022308496887777406
23.78	0.0022255016697886325
23.79	0.0022201687120166963
23.8	0.0022148507667419863
23.81	0.00220954778542255
23.82	0.002204259719693669
23.830000000000002	0.002198986521367167
23.84	0.002193728142430669
23.85	0.002188484535046901
23.86	0.0021832556515529716
23.87	0.0021780414444596665
23.88	0.0021728418664507397
23.89	0.002167656870382216
23.900000000000002	0.002162291309654131
23.91	0.0021567310338919095
23.92	0.0021511873722882963
23.93	0.0021456602682854084
23.94	0.0021401496655414133
23.95	0.0021346555079296238
23.96	0.00212917773953757
23.97	0.0021237163046661104
23.98	0.0021182711478285165
23.990000000000002	0.00211284221374959
24.	0.0021074294473647417
24.01	0.0021020327938191343
24.02	0.0020966521984667717
24.03	0.0020912876068696342
24.04	0.002085938964796785
24.05	0.0020806062182235096
24.060000000000002	0.0020752893133304407
24.07	0.0020699881965026996
24.080000000000002	0.002064702814329017
24.09	0.0020594331136008994
24.1	0.0020541790413117554
24.11	0.002048940544656062
24.12	0.002043717571028501
24.13	0.0020385100680231417
24.14	0.0020333179834325765
24.150000000000002	0.0020281412652471105
24.16	0.0020229798616539113
24.17	0.002017833721036198
24.18	0.002012702791972411
24.19	0.002007587023235397
24.2	0.002002486363791586
24.21	0.0019974007628001935
24.22	0.0019923301696124023
24.23	0.001987274533770564
24.240000000000002	0.0019822338050073944
24.25	0.001977207933245186
24.26	0.001972196868595001
24.27	0.0019672005613559002
24.28	0.001962218962014139
24.29	0.001957252021242405
24.3	0.0019522996898990166
24.310000000000002	0.001947361919027172
24.32	0.0019424386598541619
24.330000000000002	0.0019375298637906073
24.34	0.0019326354824297004
24.35	0.0019277554675464319
24.36	0.0019228897710968495
24.37	0.0019180383452172818
24.38	0.0019132011422236196
24.39	0.0019083781146105381
24.400000000000002	0.001903569215050776
24.41	0.0018987743963943772
24.42	0.0018939936116679748
24.43	0.0018892268140740364
24.44	0.0018844739569901512
24.45	0.0018797349939682932
24.46	0.001875009878734106
24.47	0.0018702985651861718
24.48	0.001865601007395307
24.490000000000002	0.0018609171596038398
24.5	0.0018562469762249082
24.51	0.0018515904118417362
24.52	0.0018469474212069608
24.53	0.001842317959241895
24.54	0.0018377019810358582
24.55	0.0018330994418454681
24.560000000000002	0.0018285102970939566
24.57	0.0018239345023704744
24.580000000000002	0.0018193720134294154
24.59	0.0018148227861897283
24.6	0.0018102867767342422
24.61	0.0018057639413089801
24.62	0.0018012542363225093
24.63	0.0017967576183452456
24.64	0.0017922740441088068
24.650000000000002	0.001787803470505337
24.66	0.0017833458545868557
24.67	0.0017789011535645919
24.68	0.0017744693248083363
24.69	0.0017700503258457805
24.7	0.0017656441143618885
24.71	0.0017612506481982182
24.72	0.0017568698853523213
24.73	0.0017525017839770582
24.740000000000002	0.0017481463023799962
24.75	0.001743803399022758
24.76	0.001739473032520399
24.77	0.0017351551616407665
24.78	0.0017308497453038913
24.79	0.0017265567425813514
24.8	0.0017222761126956597
24.810000000000002	0.0017180078150196363
24.82	0.001713751809075818
24.830000000000002	0.0017095080545358105
24.84	0.0017052765112197143
24.85	0.0017010571390954964
24.86	0.0016968498982783981
24.87	0.0016926547490303287
24.88	0.001688471651759269
24.89	0.0016843005670186776
24.900000000000002	0.0016801414555068974
24.91	0.0016759942780665584
24.92	0.0016718589956840107
24.93	0.0016677355694887062
24.94	0.0016636239607526573
24.95	0.001659524130889816
24.96	0.0016554360414555369
24.97	0.0016513596541459672
24.98	0.001647294930797498
24.990000000000002	0.0016432418333861881
25.	0.0016392003240271922
25.01	0.0016351703649742076
25.02	0.0016311519186189
25.03	0.0016271449474903562
25.04	0.0016231494142545158
25.05	0.0016191652817136295
25.060000000000002	0.0016151925128056934
25.07	0.0016112310706039139
25.080000000000002	0.0016072809183161484
25.09	0.0016033420192843708
25.1	0.0015994143369841226
25.11	0.001595497835023974
25.12	0.0015915924771449919
25.13	0.0015876982272202012
25.14	0.001583815049254047
25.150000000000002	0.0015799429073818773
25.16	0.0015760817658694037
25.17	0.0015722315891121845
25.18	0.0015683923416350892
25.19	0.0015645639880917945
25.2	0.0015607464932642522
25.21	0.00155693982206218
25.22	0.001553143939522543
25.23	0.0015493588108090512
25.240000000000002	0.0015455844012116306
25.25	0.001541820676145944
25.26	0.0015380676011528599
25.27	0.0015343251418979658
25.28	0.0015305932641710622
25.29	0.0015268719338856647
25.3	0.001523161117078506
25.310000000000002	0.0015194607799090495
25.32	0.0015157708886589859
25.330000000000002	0.0015120914097317562
25.34	0.0015084223096520533
25.35	0.0015047635550653447
25.36	0.0015011151127373834
25.37	0.001497476949553734
25.38	0.0014938490325192835
25.39	0.0014902313287577782
25.400000000000002	0.0014866238055113344
25.41	0.0014830264301399785
25.42	0.0014794391701211666
25.43	0.0014758619930493235
25.44	0.0014722948666353666
25.45	0.0014687377587062585
25.46	0.0014651906372045232
25.47	0.0014616534701878039
25.48	0.001458126225828394
25.490000000000002	0.0014546088724127883
25.5	0.0014511013783412184
25.51	0.0014476037121272098
25.52	0.0014441158423971273
25.53	0.001440637737889733
25.54	0.0014371693674557259
25.55	0.0014337107000573107
25.560000000000002	0.0014302617047677495
25.57	0.001426822350770925
25.580000000000002	0.0014233926073608924
25.59	0.0014199724439414587
25.6	0.0014165618300257267
25.61	0.001413083386805909
25.62	0.001409559860609363
25.63	0.0014060464902274868
25.64	0.0014025432424429557
25.650000000000002	0.001399050084159975
25.66	0.001395566982403808
25.67	0.0013920939043202722
25.68	0.001388630817175259
25.69	0.0013851776883542415
25.7	0.0013817344853618045
25.71	0.0013783011758211434
25.72	0.0013748777274736064
25.73	0.001371464108178201
25.740000000000002	0.0013680602859111322
25.75	0.0013646662287653186
25.76	0.0013612819049499288
25.77	0.0013579072827899124
25.78	0.0013545423307255334
25.79	0.0013511870173119006
25.8	0.0013478413112185167
25.810000000000002	0.0013445051812288047
25.82	0.0013411785962396613
25.830000000000002	0.0013378615252609904
25.84	0.001334553937415261
25.85	0.0013312558019370395
25.86	0.0013279670881725574
25.87	0.001324687765579245
25.88	0.001321417803725304
25.89	0.001318157172289245
25.900000000000002	0.0013149058410594574
25.91	0.0013116637799337632
25.92	0.0013084309589189858
25.93	0.0013052073481305017
25.94	0.001301992917791818
25.95	0.0012987876382341283
25.96	0.001295591479895893
25.97	0.0012924044133224017
25.98	0.0012892264091653547
25.990000000000002	0.0012860574381824278
26.	0.001282897471236857
26.01	0.0012797464792970112
26.02	0.0012766044334359796
26.03	0.0012734713048311475
26.04	0.0012703470647637864
26.05	0.0012672316846186287
26.060000000000002	0.0012641251358834688
26.07	0.0012610273901487474
26.080000000000002	0.0012579384191071402
26.09	0.0012548581945531513
26.1	0.0012517866883827145
26.11	0.0012487238725927819
26.12	0.0012456697192809246
26.13	0.0012426242006449363
26.14	0.0012395872889824334
26.150000000000002	0.0012365589566904534
26.16	0.0012335391762650682
26.17	0.0012305279203009872
26.18	0.0012275251614911663
26.19	0.0012245308726264172
26.2	0.0012215450265950225
26.21	0.001218567596382347
26.22	0.0012155985550704556
26.23	0.001212637875837725
26.240000000000002	0.0012096855319584728
26.25	0.0012067414968025651
26.26	0.0012038057438350472
26.27	0.0012008782466157702
26.28	0.0011979589787990052
26.29	0.001195047914133081
26.3	0.0011921450264600047
26.310000000000002	0.0011892502897150983
26.32	0.0011863636779266258
26.330000000000002	0.0011834851652154327
26.34	0.0011806147257945733
26.35	0.0011777523339689532
26.36	0.0011748979641349627
26.37	0.0011720515907801218
26.38	0.001169213188482716
26.39	0.0011663827319114473
26.400000000000002	0.0011635601958250666
26.41	0.0011607455550720312
26.42	0.0011579387845901438
26.43	0.0011551398594062082
26.44	0.0011523487546356737
26.45	0.0011495654454822916
26.46	0.0011467899072377644
26.47	0.001144022115281405
26.48	0.0011412620450797924
26.490000000000002	0.0011385096721864268
26.5	0.0011357649722413899
26.51	0.0011330279209710115
26.52	0.0011302984941875184
26.53	0.0011275766677887153
26.54	0.0011248624177576357
26.55	0.0011221557201622167
26.560000000000002	0.0011194565511549615
26.57	0.0011167648869726168
26.580000000000002	0.0011140807039358336
26.59	0.0011114039784488482
26.6	0.0011087346869991497
26.61	0.0011060728061571606
26.62	0.0011034183125759062
26.63	0.0011007711829907024
26.64	0.0010981313942188245
26.650000000000002	0.0010954989231591933
26.66	0.0010928737467920582
26.67	0.0010902558421786769
26.68	0.0010876451864610026
26.69	0.0010850417568613704
26.7	0.0010824455306821792
26.71	0.0010798564853055906
26.72	0.001077274598193208
26.73	0.0010746998468857776
26.740000000000002	0.0010721322090028722
26.75	0.0010695716622425929
26.76	0.0010670181843812567
26.77	0.0010644717532731043
26.78	0.0010619323468499821
26.79	0.0010593999431210573
26.8	0.0010568745201725072
26.810000000000002	0.0010543560561672282
26.82	0.001051844529344531
26.830000000000002	0.0010493399180198538
26.84	0.0010468422005844608
26.85	0.0010443513555051518
26.86	0.0010418673613239698
26.87	0.0010393901966579092
26.88	0.001036919840198629
26.89	0.0010344562707121621
26.900000000000002	0.0010319994670386278
26.91	0.001029549408091947
26.92	0.0010271060728595587
26.93	0.0010246694404021334
26.94	0.0010222394898532937
26.95	0.0010198162004193304
26.96	0.0010173995513789284
26.97	0.0010149895220828765
26.98	0.001012586091953804
26.990000000000002	0.001010189240485893
27.	0.0010077989472446114
27.01	0.00100541519186643
27.02	0.0010030379540585616
27.03	0.0010006672135986756
27.04	0.0009983029503346388
27.05	0.0009959451441842355
27.060000000000002	0.0009935937751349132
27.07	0.0009912488232434982
27.080000000000002	0.0009889102686359448
27.09	0.0009865780915070605
27.1	0.0009842522721202468
27.11	0.0009819327908072346
27.12	0.0009796196279678257
27.13	0.000977312764069623
27.14	0.0009750121796477859
27.150000000000002	0.0009727178553047577
27.16	0.000970429771710018
27.17	0.00096814790959982
27.18	0.0009658722497769416
27.19	0.0009636027731104228
27.2	0.0009613394605353232
27.21	0.0009590822930524618
27.22	0.0009568312517281713
27.23	0.0009545863176940408
27.240000000000002	0.000952347472146678
27.25	0.0009501146963474526
27.26	0.0009478879716222555
27.27	0.0009456672793612434
27.28	0.000943452601018609
27.29	0.0009412439181123234
27.3	0.0009390412122239039
27.310000000000002	0.0009368444649981626
27.32	0.0009346536581429764
27.330000000000002	0.000932468773429038
27.34	0.0009302897926896221
27.35	0.0009281166978203492
27.36	0.0009259494707789457
27.37	0.000923788093585006
27.38	0.0009216325483197651
27.39	0.0009194828171258583
27.400000000000002	0.000917338882207094
27.41	0.000915200725828216
27.42	0.0009130683303146782
27.43	0.0009109416780524093
27.44	0.0009088647072265845
27.45	0.0009068437396142605
27.46	0.0009048279995093663
27.47	0.0009028174714939398
27.48	0.0009008121402010873
27.490000000000002	0.0008988119903147869
27.5	0.0008968170065697046
27.51	0.0008948271737510101
27.52	0.0008928424766941866
27.53	0.0008908629002848527
27.54	0.0008888884294585733
27.55	0.0008869190492006787
27.560000000000002	0.0008849547445460791
27.57	0.0008829955005790914
27.580000000000002	0.0008810413024332452
27.59	0.0008790921352911183
27.6	0.0008771479843841417
27.61	0.0008752088349924307
27.62	0.0008732746724446045
27.63	0.0008713454821176095
27.64	0.0008694212494365404
27.650000000000002	0.000867501959874465
27.66	0.0008655875989522522
27.67	0.0008636781522383944
27.68	0.0008617736053488297
27.69	0.0008598739439467829
27.7	0.0008579791537425744
27.71	0.0008560892204934645
27.72	0.0008542041300034703
27.73	0.0008523238681232059
27.740000000000002	0.0008504484207497044
27.75	0.0008485777738262545
27.76	0.000846711913342226
27.77	0.0008448508253329121
27.78	0.0008429944958793488
27.79	0.0008411429111081648
27.8	0.0008392960571914003
27.810000000000002	0.0008374539203463534
27.82	0.0008356164868354083
27.830000000000002	0.0008337837429658786
27.84	0.0008319556750898359
27.85	0.0008301322696039588
27.86	0.0008283135129493562
27.87	0.0008264993916114223
27.88	0.0008246898921196625
27.89	0.0008228850010475455
27.900000000000002	0.000821084705012332
27.91	0.0008192889906749268
27.92	0.0008174978447397152
27.93	0.0008157112539544077
27.94	0.0008139292051098821
27.95	0.0008121516850400287
27.96	0.0008103786806215946
27.97	0.0008086101787740307
27.98	0.000806846166459329
27.990000000000002	0.0008050866306818851
28.	0.0008033315584883283
28.01	0.000801580936967381
28.02	0.0007998347532497021
28.03	0.0007980929945077362
28.04	0.0007963556479555626
28.05	0.0007946227008487484
28.060000000000002	0.0007928941404841954
28.07	0.0007911699541999952
28.080000000000002	0.0007894501293752753
28.09	0.000787734653430059
28.1	0.0007860235138251112
28.11	0.0007843166980617997
28.12	0.0007826141936819389
28.13	0.000780915988267657
28.14	0.0007792220694412405
28.150000000000002	0.0007775324248649961
28.16	0.0007758470422411073
28.17	0.0007741659093114868
28.18	0.0007724890138576389
28.19	0.0007708163437005157
28.2	0.000769147886700376
28.21	0.0007674836307566433
28.22	0.000765823563807769
28.23	0.0007641676738310878
28.240000000000002	0.0007625159488426835
28.25	0.0007608683768972485
28.26	0.0007592249460879456
28.27	0.0007575856445462678
28.28	0.000755950460441908
28.29	0.0007543193819826172
28.3	0.0007526923974140717
28.310000000000002	0.0007510694950197327
28.32	0.0007494506631207198
28.330000000000002	0.0007478358900756683
28.34	0.0007462251642806034
28.35	0.0007446184741687983
28.36	0.000743015808210652
28.37	0.0007414171549135445
28.38	0.000739822502821719
28.39	0.0007382318405161374
28.400000000000002	0.000736645156614362
28.41	0.000735062439770414
28.42	0.0007334836786746531
28.43	0.0007319088620536426
28.44	0.000730337978670026
28.45	0.0007287710173223907
28.46	0.0007272079668451508
28.47	0.0007256488161084115
28.48	0.0007240935540178462
28.490000000000002	0.0007225421695145716
28.5	0.0007209946515750191
28.51	0.0007194509892108108
28.52	0.0007179111714686358
28.53	0.0007163751874301249
28.54	0.000714843026211728
28.55	0.0007133146769645906
28.560000000000002	0.0007117901288744286
28.57	0.0007102693711614121
28.580000000000002	0.000708752393080036
28.59	0.0007072391839190047
28.6	0.0007057297330011096
28.61	0.0007042240296831066
28.62	0.0007027220633555985
28.63	0.0007012238234429157
28.64	0.0006997292994029961
28.650000000000002	0.0006982384807272675
28.66	0.0006967513569405292
28.67	0.0006952679176008326
28.68	0.0006937881522993701
28.69	0.000692312050660349
28.7	0.0006908396023408853
28.71	0.0006893707970308791
28.72	0.0006879056244529062
28.73	0.0006864440743620993
28.740000000000002	0.0006849861365460353
28.75	0.0006835318008246188
28.76	0.000682081057049974
28.77	0.0006806338951063238
28.78	0.0006791903049098846
28.79	0.0006777502764087496
28.8	0.0006763137995827793
28.810000000000002	0.000674880864443486
28.82	0.0006734514610339293
28.830000000000002	0.0006720255794286013
28.84	0.0006706032097333163
28.85	0.0006691843420851039
28.86	0.0006677689666520964
28.87	0.0006663570736334239
28.88	0.0006649486532591011
28.89	0.000663543695789924
28.900000000000002	0.0006621421915173587
28.91	0.0006607441307634383
28.92	0.0006593495038806494
28.93	0.0006579583012518341
28.94	0.0006565705132900769
28.95	0.0006551861304386056
28.96	0.0006538051431706788
28.97	0.0006524275419894882
28.98	0.0006510533174280491
28.990000000000002	0.0006496824600491017
29.	0.0006483149604450015
29.01	0.0006469508092376212
29.02	0.0006455899970782428
29.03	0.000644232514647463
29.04	0.000642878352655084
29.05	0.0006415275018400143
29.060000000000002	0.0006401799529701692
29.07	0.0006388356968423678
29.080000000000002	0.0006374947242822341
29.09	0.0006361570261440965
29.1	0.0006348225933108866
29.11	0.0006334914166940439
29.12	0.0006321634872334109
29.13	0.0006308387958971414
29.14	0.0006295173336815976
29.150000000000002	0.0006281990916112536
29.16	0.0006268840607386002
29.17	0.0006255722321440432
29.18	0.000624263596935811
29.19	0.0006229581462498573
29.2	0.0006216558712497629
29.21	0.0006203567631266447
29.22	0.0006190608130990548
29.23	0.0006177680124128918
29.240000000000002	0.0006164783523413013
29.25	0.0006151918241845833
29.26	0.0006139084192701005
29.27	0.0006126281289521837
29.28	0.0006113509446120352
29.29	0.0006100768576576433
29.3	0.000608805859523684
29.310000000000002	0.0006075379416714312
29.32	0.0006062730955886637
29.330000000000002	0.0006050113127895774
29.34	0.0006037525848146918
29.35	0.0006024969032307579
29.36	0.0006012442596306703
29.37	0.0005999946456333785
29.38	0.0005987480528837939
29.39	0.0005975044730527022
29.400000000000002	0.0005963518703030597
29.41	0.0005954668014856978
29.42	0.0005945833464538697
29.43	0.0005937015017180562
29.44	0.0005928212637974617
29.45	0.0005919426292199958
29.46	0.0005910655945222459
29.47	0.000590190156249452
29.48	0.0005893163109554836
29.490000000000002	0.0005884440552028126
29.5	0.000587573385562495
29.51	0.0005867042986141386
29.52	0.0005858367909458842
29.53	0.0005849708591543804
29.54	0.0005841064998447574
29.55	0.0005832437096306072
29.560000000000002	0.0005823824851339543
29.57	0.0005815228229852351
29.580000000000002	0.0005806647198232764
29.59	0.0005798081722952659
29.6	0.0005789531770567319
29.61	0.0005780997307715209
29.62	0.0005772478301117716
29.63	0.0005763974717578927
29.64	0.0005755486523985405
29.650000000000002	0.0005747013687305924
29.66	0.0005738556174591284
29.67	0.0005730113952974026
29.68	0.0005721686989668259
29.69	0.000571327525196938
29.7	0.000570487870725388
29.71	0.0005696497322979101
29.72	0.0005688131066683006
29.73	0.0005679779905983954
29.740000000000002	0.0005671443808580477
29.75	0.000566312274225106
29.76	0.0005654816674853907
29.77	0.0005646525574326715
29.78	0.0005638249408686462
29.79	0.0005629988146029181
29.8	0.0005621741754529723
29.810000000000002	0.0005613510202441562
29.82	0.0005605293458096556
29.830000000000002	0.0005597091489904724
29.84	0.0005588904266354053
29.85	0.0005580731756010244
29.86	0.0005572573927516523
29.87	0.0005564430749593401
29.88	0.0005556302191038497
29.89	0.0005548188220726253
29.900000000000002	0.00055400888076078
29.91	0.0005532003920710688
29.92	0.0005523933529138684
29.93	0.0005515877602071572
29.94	0.0005507836108764927
29.95	0.0005499809018549923
29.96	0.0005491796300833092
29.97	0.0005483797925096135
29.98	0.0005475813860895711
29.990000000000002	0.0005467844077863218
30.	0.00054598885457046
30.01	0.0005451947234200122
30.02	0.0005444020113204174
30.03	0.0005436107152645061
30.04	0.0005428208322524804
30.05	0.0005420323592918912
30.060000000000002	0.000541245293397621
30.07	0.0005404596315918616
30.080000000000002	0.0005396753709040941
30.09	0.0005388925083710688
30.1	0.0005381110410367835
30.11	0.0005373309659524677
30.12	0.0005365522801765559
30.13	0.0005357749807746746
30.14	0.0005349990648196167
30.150000000000002	0.0005342245293913249
30.16	0.00053345137157687
30.17	0.0005326795884704338
30.18	0.0005319091771732866
30.19	0.0005311401347937679
30.2	0.0005303724584472692
30.21	0.0005296061452562116
30.22	0.0005288411923500272
30.23	0.0005280775968651412
30.240000000000002	0.0005273153559449508
30.25	0.0005265544667398066
30.26	0.0005257949264069939
30.27	0.0005250367321107121
30.28	0.0005242798810220566
30.29	0.0005235243703190001
30.3	0.0005227701971863731
30.310000000000002	0.0005220173588158451
30.32	0.000521265852405905
30.330000000000002	0.0005205156751618441
30.34	0.0005197668242957344
30.35	0.0005190192970264147
30.36	0.0005182730905794655
30.37	0.0005175282021871964
30.38	0.0005167846290886244
30.39	0.0005160423685294554
30.400000000000002	0.0005153014177620681
30.41	0.0005145617740454937
30.42	0.0005138234346453964
30.43	0.0005130863968340587
30.44	0.00051235065789036
30.45	0.0005116162150997615
30.46	0.0005108830657542836
30.47	0.0005101512071524941
30.48	0.0005094206365994841
30.490000000000002	0.0005086913514068542
30.5	0.0005079633488926955
30.51	0.0005072366263815703
30.52	0.000506511181204497
30.53	0.0005057870106989307
30.54	0.0005050641122087455
30.55	0.0005043424830842187
30.560000000000002	0.0005036221206820101
30.57	0.0005029030223651479
30.580000000000002	0.0005021851855030092
30.59	0.0005014686074713044
30.6	0.0005007532856520564
30.61	0.0005000392174335875
30.62	0.0004993264002104997
30.63	0.0004986148313836597
30.64	0.0004979045083601774
30.650000000000002	0.0004971954285533951
30.66	0.000496487589382864
30.67	0.0004957809882743342
30.68	0.0004950756226597303
30.69	0.0004943714899771414
30.7	0.0004936685876707986
30.71	0.0004929669131910638
30.72	0.0004922664639944078
30.73	0.0004915672375433972
30.740000000000002	0.0004908692313066763
30.75	0.000490172442758951
30.76	0.0004894768693809726
30.77	0.0004887825086595199
30.78	0.0004880893580873851
30.79	0.0004873974151633562
30.8	0.0004867066773922004
30.810000000000002	0.00048601714228464765
30.82	0.0004853288073573771
30.830000000000002	0.00048464167013299614
30.84	0.00048395572814003047
30.85	0.00048327097891290164
30.86	0.0004825874199919171
30.87	0.0004819050489232482
30.88	0.0004812238632589201
30.89	0.0004805438605567911
30.900000000000002	0.0004798650383805417
30.91	0.00047918739429965353
30.92	0.0004785109258893974
30.93	0.000477835630730817
30.94	0.00047716150641071206
30.95	0.0004764885505216238
30.96	0.00047581676066181923
30.970000000000002	0.0004751461344352762
30.98	0.00047447666945166683
30.990000000000002	0.00047380836332634193
31.	0.0004731412136803185
31.01	0.00047247521814026137
31.02	0.00047181037433846845
31.03	0.0004711466799128568
31.04	0.00047048413250694727
31.05	0.00046982272976984867
31.060000000000002	0.00046916246935624264
31.07	0.0004685033489263693
31.080000000000002	0.0004678453661460124
31.09	0.00046718851868648303
31.1	0.00046653280422460724
31.11	0.0004658782204427086
31.12	0.0004652247650285954
31.13	0.00046457243567554394
31.14	0.0004639212300822865
31.150000000000002	0.0004632711459529942
31.16	0.00046262218099726345
31.17	0.00046197433293010127
31.18	0.00046132759947191176
31.19	0.00046068197834847976
31.2	0.0004600374672909576
31.21	0.00045939406403585037
31.220000000000002	0.0004587517663250026
31.23	0.00045811057190558204
31.240000000000002	0.00045747047853006656
31.25	0.00045683148395623033
31.26	0.0004561935859471291
31.27	0.0004555567822710851
31.28	0.00045492107070167596
31.29	0.0004542864490177171
31.3	0.0004536529150032497
31.310000000000002	0.0004530204664475259
31.32	0.00045238910114499666
31.330000000000002	0.00045175881689529524
31.34	0.0004511296115032259
31.35	0.00045050148277874744
31.36	0.0004498744285369624
31.37	0.00044924844659810075
31.38	0.00044862353478750767
31.39	0.00044799969093563095
31.400000000000002	0.0004473769128780032
31.41	0.0004467551984552342
31.42	0.000446134545512992
31.43	0.0004466849965997015
31.44	0.00045086881486900874
31.45	0.00045509047109112266
31.46	0.0004593502952733116
31.470000000000002	0.00046364862019473426
31.48	0.000467985781428853
31.490000000000002	0.00047236211736597386
31.5	0.0004767779692360041