0.01	3.0177186044610034
0.02	3.0265409998779162
0.03	3.131202771320573
0.04	3.193394938470365
0.05	3.2096337122190337
0.06	3.1978210637136155
0.07	3.1649695288901016
0.08	3.1189641994213413
0.09	3.0669293947074197
0.1	3.0109275951242207
0.11	2.952224344065754
0.12	2.892967069887288
0.13	2.8358126773828225
0.14	2.77718444747381
0.15	2.7204898357201843
0.16	2.6647650337746214
0.17	2.6116221731522935
0.18	2.558254224661253
0.19	2.508776537043035
0.2	2.4583777637289903
0.21	2.4104486381061854
0.22	2.3656200942683347
0.23	2.319312021954589
0.24	2.275720718665508
0.25	2.2346791579431664
0.26	2.1936277606429546
0.27	2.153935438224873
0.28	2.1163664459913454
0.29	2.080737254008347
0.3	2.043352222403724
0.31	2.007710597435539
0.32	1.9737931468356331
0.33	1.941466381783921
0.34	1.9086600939202951
0.35000000000000003	1.876379242913264
0.36	1.8455310225997121
0.37	1.816014639126027
0.38	1.7877388698053949
0.39	1.7585496434338597
0.4	1.7297959650238626
0.41000000000000003	1.7022052624119317
0.42	1.6757038144907803
0.43	1.6502241858425175
0.44	1.6255979288175741
0.45	1.60008264411549
0.46	1.5755156044383893
0.47000000000000003	1.5518420811649625
0.48	1.529011582161697
0.49	1.5069774438243413
0.5	1.4856964698005855
0.51	1.4640726375247892
0.52	1.4423106227260987
0.53	1.421277464839477
0.54	1.4009356793911854
0.55	1.3812503575661272
0.56	1.3621889463035686
0.5700000000000001	1.3437210507037556
0.58	1.3257030555145548
0.59	1.30670128588978
0.6	1.2882844413196137
0.61	1.2704252104434406
0.62	1.2530979776007756
0.63	1.2362786922723463
0.64	1.2199447504587257
0.65	1.2040748867379385
0.66	1.1886490758932498
0.67	1.1729337291227118
0.68	1.1569141971428334
0.6900000000000001	1.1413425710700233
0.7000000000000001	1.1262001044754084
0.71	1.1114690886475735
0.72	1.0971327815273508
0.73	1.0831753424166006
0.74	1.0695817719201253
0.75	1.0563378566370714
0.76	1.043430118168635
0.77	1.0299922375359305
0.78	1.016409574152999
0.79	1.0031756613775609
0.8	0.9902772979575959
0.81	0.9777019391287588
0.8200000000000001	0.9654376563613195
0.8300000000000001	0.9534731000304092
0.84	0.9417974647650099
0.85	0.9304004572542036
0.86	0.9192722663099
0.87	0.9084035350037543
0.88	0.8974217460575945
0.89	0.8859268724476334
0.9	0.8747052195601975
0.91	0.8637473644667398
0.92	0.8530443080337555
0.93	0.8425874515140218
0.9400000000000001	0.8323685746659395
0.9500000000000001	0.8223798152861954
0.96	0.8126136500507019
0.97	0.8030628765675669
0.98	0.7937205965538459
0.99	0.7845802000550745
1.	0.7756353506331699
1.01	0.7665751189364606
1.02	0.7570914663935244
1.03	0.7478159586299986
1.04	0.7387420723747241
1.05	0.729863548899167
1.06	0.7211743808977907
1.07	0.7126688001354637
1.08	0.704341265810381
1.09	0.6961864535848752
1.1	0.6881992452400713
1.11	0.6803747189136102
1.12	0.672708139882672
1.1300000000000001	0.6651949518572885
1.1400000000000001	0.6578307687514724
1.1500000000000001	0.650611366902017
1.16	0.6432042972176314
1.17	0.6354826487440394
1.18	0.6279182384732467
1.19	0.6205065723259972
1.2	0.6132433209877648
1.21	0.606124312558517
1.22	0.5991455255878326
1.23	0.5923030824722191
1.24	0.585593243193017
1.25	0.5790123993747541
1.26	0.5725570686451343
1.27	0.5662238892791006
1.28	0.5600096151105601
1.29	0.5539111106964253
1.3	0.5479253467186187
1.31	0.542049395610608
1.32	0.53628042739589
1.33	0.5304174372790968
1.34	0.5241767457688902
1.35	0.5180550647759619
1.36	0.5120492682128996
1.37	0.506156334277548
1.3800000000000001	0.5003733412451589
1.3900000000000001	0.4946974634593155
1.4000000000000001	0.48912596751088944
1.41	0.48365620859494635
1.42	0.4782856270361159
1.43	0.4730117449735184
1.44	0.46783216319686666
1.45	0.46274455812585186
1.46	0.45774667892539345
1.47	0.45283634474976014
1.48	0.44801144210897353
1.49	0.4432699223512871
1.5	0.4386097992558851
1.51	0.4340291467302821
1.52	0.4295260966072057
1.53	0.4247526224320394
1.54	0.41985825655080244
1.55	0.4150514217633539
1.56	0.4103300029807071
1.57	0.4056919493360867
1.58	0.40113527184175096
1.59	0.3966580411454685
1.6	0.3922583853818175
1.61	0.38793448811373915
1.62	0.38368458636001856
1.6300000000000001	0.3795069687046043
1.6400000000000001	0.37539997348389376
1.6500000000000001	0.37136198704831686
1.6600000000000001	0.3673914420947449
1.67	0.36348681606643274
1.68	0.35964662961737537
1.69	0.3558694451381202
1.7	0.3521538653402293
1.71	0.34849853189673025
1.72	0.3449021241360285
1.73	0.3413633577868825
1.74	0.3378809837721666
1.75	0.33443196584653184
1.76	0.3306305832632476
1.77	0.32689358188732087
1.78	0.32321951678516864
1.79	0.31960698332119725
1.8	0.3160546158169052
1.81	0.3125610862617448
1.82	0.3091251030734722
1.83	0.3057454099058285
1.84	0.3024207845014951
1.85	0.29915003758837244
1.86	0.29593201181731965
1.87	0.2927655807395866
1.8800000000000001	0.289649647822252
1.8900000000000001	0.2865831455000619
1.9000000000000001	0.28356503426213847
1.9100000000000001	0.28059430177210143
1.92	0.27766996202021305
1.93	0.2747910545062209
1.94	0.2719566434516358
1.95	0.2691658170402383
1.96	0.2664176866856643
1.97	0.26371138632497293
1.98	0.26104607173714667
1.99	0.2584209198855249
2.	0.2558351282832152
2.0100000000000002	0.25324219942226756
2.02	0.2503884433295221
2.0300000000000002	0.24758070132620832
2.04	0.24481801025766786
2.05	0.24209943171522968
2.06	0.2394240512837481
2.07	0.23679097781553393
2.08	0.23419934272963244
2.09	0.23164829933544612
2.1	0.22913702217974363
2.11	0.22666470641614225
2.12	0.2242305671961852
2.13	0.22183383908118012
2.14	0.21947377547399338
2.15	0.21714964807003784
2.16	0.21486074632671692
2.17	0.21260637695062462
2.18	0.21038586340182738
2.19	0.20819854541458466
2.2	0.2060437785338906
2.21	0.2039209336672453
2.22	0.20182939665108937
2.23	0.1997685678313585
2.24	0.19773786165763782
2.25	0.1957367062904162
2.2600000000000002	0.19376454322096195
2.27	0.1918208269033606
2.2800000000000002	0.18990502439827459
2.29	0.18801661502800107
2.3000000000000003	0.18615509004242303
2.31	0.18421671975663506
2.32	0.1821342917428778
2.33	0.18008420940475228
2.34	0.17806583472109627
2.35	0.17607854490791577
2.36	0.17412173199168957
2.37	0.17219480239636595
2.38	0.1702971765435579
2.39	0.16842828846546073
2.4	0.16658758543003796
2.41	0.16477452757803432
2.42	0.1629885875713994
2.43	0.1612292502527146
2.44	0.1594960123152375
2.45	0.15778838198318973
2.46	0.15610587870193085
2.47	0.1544480328376731
2.48	0.15281438538640743
2.49	0.15120448769172032
2.5	0.14961790117119764
2.5100000000000002	0.14805419705112013
2.52	0.14651295610916748
2.5300000000000002	0.14499376842485812
2.54	0.14349623313746468
2.5500000000000003	0.1420199582111502
2.56	0.1405645602070843
2.57	0.13912966406230476
2.58	0.13771490287510013
2.59	0.13631991769669605
2.6	0.13494435732903712
2.61	0.1335878781284635
2.62	0.1322501438150877
2.63	0.1309308252876867
2.64	0.12962960044392782
2.65	0.1283028583310558
2.66	0.12682663426745686
2.67	0.12537283938606905
2.68	0.12394105080655901
2.69	0.12253085515803212
2.7	0.12114184833089511
2.71	0.11977363523608253
2.72	0.1184258295714011
2.73	0.1170980535947575
2.74	0.11578993790404121
2.75	0.11450112122344511
2.7600000000000002	0.11323125019601171
2.77	0.11197997918220313
2.7800000000000002	0.11074697006429725
2.79	0.10953189205642362
2.8000000000000003	0.10833442152005475
2.81	0.10715424178477898
2.82	0.10599104297418449
2.83	0.10484452183669234
2.84	0.10371438158117963
2.85	0.10260033171724224
2.86	0.1015020878999495
2.87	0.10041937177894966
2.88	0.09935191085179006
2.89	0.09829943832131903
2.9	0.09726169295704357
2.91	0.09623841896031889
2.92	0.09522936583325198
2.93	0.09423428825120386
2.94	0.0932529459387807
2.95	0.09228510354920579
2.96	0.09133053054697049
2.97	0.09038900109366282
2.98	0.08946029393687879
2.99	0.08854419230212192
3.	0.08764048378760185
3.0100000000000002	0.0867489602618445
3.02	0.08586941776402976
3.0300000000000002	0.08500165640697499
3.04	0.08414548028268658
3.0500000000000003	0.08314446132112081
3.06	0.08215415925140553
3.0700000000000003	0.08117882579107939
3.08	0.08021818702900098
3.09	0.0792719749328045
3.1	0.0783399272042507
3.11	0.0774217871385885
3.12	0.07651730348780397
3.13	0.0756262303276368
3.14	0.07474832692824934
3.15	0.0738833576284365
3.16	0.07303109171326796
3.17	0.07219130329506009
3.18	0.07136377119757516
3.19	0.070548278843352
3.2	0.06974461414407258
3.21	0.06895256939387495
3.22	0.06817194116552305
3.23	0.06740253020934955
3.24	0.06664414135488873
3.25	0.06589658341511953
3.2600000000000002	0.06515966909324286
3.27	0.0644332148919168
3.2800000000000002	0.0637170410248799
3.29	0.06301097133089015
3.3000000000000003	0.062314833189914286
3.31	0.06162845744150117
3.3200000000000003	0.060951678305275266
3.33	0.0602843333034906
3.34	0.05962626318558375
3.35	0.05897731185467055
3.36	0.05833732629592942
3.37	0.05770615650681775
3.38	0.05708365542906969
3.39	0.05646967888242411
3.4	0.05586408550003396
3.41	0.05526673666551017
3.42	0.05467749645155301
3.43	0.054096231560127106
3.44	0.053522811264137146
3.45	0.05295710735056147
3.46	0.0523989940650041
3.47	0.05184834805762499
3.48	0.05130504833041093
3.49	0.050768976185749916
3.5	0.05016842931629983
3.5100000000000002	0.04957130194574731
3.52	0.04898295043462788
3.5300000000000002	0.04840322142156985
3.54	0.047831964648974976
3.5500000000000003	0.04726903289167605
3.56	0.04671428188742926
3.5700000000000003	0.04616757026918874
3.58	0.045628759499113915
3.59	0.045097713804259296
3.6	0.04457430011390016
3.61	0.044058387998447676
3.62	0.04354984960990937
3.63	0.043048559623851186
3.64	0.0425543951828195
3.65	0.042067235841182576
3.66	0.04158696351135192
3.67	0.04111346241134543
3.68	0.04064661901365533
3.69	0.04018632199538502
3.7	0.03973246218961997
3.71	0.03928493253799885
3.72	0.038843628044452176
3.73	0.0384084457300768
3.74	0.03797928458911532
3.75	0.037511511297129305
3.7600000000000002	0.03704908460066677
3.77	0.036593564110014416
3.7800000000000002	0.03614482877267901
3.79	0.03570275997026872
3.8000000000000003	0.03526724146330184
3.81	0.03483815933740849
3.8200000000000003	0.03441540195088558
3.83	0.03399885988356792
3.84	0.03358842588697934
3.85	0.03318399483572793
3.86	0.03278546368011213
3.87	0.03239273139990354
3.88	0.03200569895927497
3.89	0.03162426926284213
3.9	0.031248347112788736
3.91	0.03087783916704581
3.92	0.03051265389849644
3.93	0.030152701555178442
3.94	0.029797894121457825
3.95	0.029448145280147577
3.96	0.029103370375545563
3.97	0.028763486377367774
3.98	0.028428411845552736
3.99	0.028098066895913636
4.	0.027772373166616432
4.01	0.027443188107159563
4.0200000000000005	0.027089361697996712
4.03	0.02674095932518397
4.04	0.02639788468903946
4.05	0.026060043431949242
4.0600000000000005	0.025727343094539133
4.07	0.02539969307294045
4.08	0.02507700457711956
4.09	0.024759190590242446
4.1	0.02444616582904593
4.11	0.02413784670518841
4.12	0.02383415128755342
4.13	0.02353499926548044
4.14	0.023240311912897996
4.15	0.022950012053334436
4.16	0.022664024025783512
4.17	0.022382273651401177
4.18	0.02210468820101206
4.19	0.021831196363403475
4.2	0.021561728214386604
4.21	0.02129621518660412
4.22	0.02103459004006474
4.23	0.02077678683338529
4.24	0.020522740895722206
4.25	0.020272388799373677
4.26	0.020025668333035228
4.2700000000000005	0.019782518475692002
4.28	0.01954287937113025
4.29	0.01930669230305304
4.3	0.019058365298863254
4.3100000000000005	0.01880123753473687
4.32	0.018548162714033794
4.33	0.018299067791737848
4.34	0.018053881203650746
4.3500000000000005	0.01781253283305561
4.36	0.017574953978204896
4.37	0.017341077320611232
4.38	0.017110836894119005
4.39	0.01688416805473607
4.4	0.016661007451205165
4.41	0.016441292996295084
4.42	0.0162249638387928
4.43	0.016011960336177387
4.44	0.015802224027958216
4.45	0.015595697609659202
4.46	0.015392324907432834
4.47	0.015192050853286357
4.48	0.014994821460905125
4.49	0.014800583802056512
4.5	0.014609285983559754
4.51	0.01442087712480672
4.5200000000000005	0.014235307335819215
4.53	0.014052527695829004
4.54	0.01387249023236686
4.55	0.013695147900847521
4.5600000000000005	0.01352045456463766
4.57	0.01334836497559457
4.58	0.013178834755063193
4.59	0.013011820375320105
4.6000000000000005	0.012847279141452547
4.61	0.012668322320456457
4.62	0.012488967113051344
4.63	0.012312530767337791
4.64	0.01213895963013429
4.65	0.011968201147069533
4.66	0.011800203837783282
4.67	0.011634917271738184
4.68	0.011472292044626848
4.69	0.011312279755357757
4.7	0.011154832983605145
4.71	0.010999905267907312
4.72	0.010847451084299334
4.73	0.010697425825465711
4.74	0.010549785780399409
4.75	0.010404488114553911
4.76	0.01026149085047523
4.7700000000000005	0.010120752848901507
4.78	0.009982233790317778
4.79	0.0098458941569541
4.8	0.009711695215215407
4.8100000000000005	0.00957959899853206
4.82	0.009449568290619954
4.83	0.009321566609139688
4.84	0.009195558189744438
4.8500000000000005	0.00907150797050662
4.86	0.008949381576713426
4.87	0.008829145306021871
4.88	0.00871076611396414
4.89	0.008594211599794139
4.9	0.00847944999266682
4.91	0.008366450138141383
4.92	0.008255181485000679
4.93	0.008145614072378063
4.94	0.008024752070972118
4.95	0.007904882242008861
4.96	0.007787039488301606
4.97	0.0076711855470485224
4.98	0.007557282952586108
4.99	0.007445295018228142
5.	0.007335185818553651
5.01	0.007226920172131919
5.0200000000000005	0.00712046362467291
5.03	0.007015782432591935
5.04	0.006912843546977268
5.05	0.006811614597950456
5.0600000000000005	0.006712063879408642
5.07	0.006614160334139016
5.08	0.006517873539295472
5.09	0.006423173692228137
5.1000000000000005	0.006330031596656325
5.11	0.006238418649176183
5.12	0.006148306826094016
5.13	0.0060596686705770425
5.14	0.005972477280113263
5.15	0.005886706294272287
5.16	0.005802329882759614
5.17	0.005719322733756457
5.18	0.0056376600425380174
5.19	0.005557317500362874
5.2	0.00547827128362659
5.21	0.005400498043272756
5.22	0.005323974894454872
5.23	0.005248679406442655
5.24	0.0051745895927665896
5.25	0.005101683901594541
5.26	0.005029941206334708
5.2700000000000005	0.004959340796459021
5.28	0.004889862368541461
5.29	0.004816949712663366
5.3	0.004742962280747749
5.3100000000000005	0.00467024754886793
5.32	0.0045987812893378026
5.33	0.004528539779969234
5.34	0.004459499792604476
5.3500000000000005	0.004391638581929591
5.36	0.004324933874561342
5.37	0.0042593638584005914
5.38	0.00419490717224497
5.39	0.0041315428956542714
5.4	0.00406925053906178
5.41	0.004008010034125253
5.42	0.003947801724311254
5.43	0.0038886063557067915
5.44	0.00383040506805239
5.45	0.003773179385990839
5.46	0.0037169112105260495
5.47	0.003661582810686606
5.48	0.0036071768153887918
5.49	0.003553676205493863
5.5	0.003501064306054694
5.51	0.0034493247787468514
5.5200000000000005	0.0033984416144795066
5.53	0.003348399126181461
5.54	0.0032991819417579034
5.55	0.0032507749972136035
5.5600000000000005	0.0032031635299381864
5.57	0.0031563330721495466
5.58	0.003110269444491213
5.59	0.0030649587497800406
5.6000000000000005	0.0030203873669001112
5.61	0.002976541944839504
5.62	0.002933409396866089
5.63	0.00289097689483902
5.64	0.0028492318636524293
5.65	0.002808161975808129
5.66	0.002767755146113988
5.67	0.002728258315125524
5.68	0.0026894300891413345
5.69	0.0026512213084318686
5.7	0.0026136210279720734
5.71	0.0025766185148371652
5.72	0.002540203243731098
5.73	0.002504364892616799
5.74	0.002469093338445875
5.75	0.002434378652985168
5.76	0.0024002110987379767
5.7700000000000005	0.002366581124957473
5.78	0.002333479363750221
5.79	0.002300896626267488
5.8	0.002268823898982316
5.8100000000000005	0.0022372523400502322
5.82	0.0022061732757515697
5.83	0.002175578197013477
5.84	0.002145458756009661
5.8500000000000005	0.002115806762836009
5.86	0.002086614182260266
5.87	0.002057873130544019
5.88	0.002029575872335212
5.89	0.0020017148176295673
5.9	0.0019742825187992275
5.91	0.0019472716676870278
5.92	0.001920675092764885
5.93	0.0018944857563546955
5.94	0.0018686967519103757
5.95	0.00184330130135949
5.96	0.0018182927525031533
5.97	0.0017936645764727655
5.98	0.0017694103652423057
5.99	0.001745523829194818
6.	0.001721998794741889
6.01	0.0016988292019948054
6.0200000000000005	0.001676009102486258
6.03	0.0016535326569413512
6.04	0.0016313941330968118
6.05	0.0016095879035672633
6.0600000000000005	0.0015881084437574715
6.07	0.001568655051593752
6.08	0.0015521661603078727
6.09	0.001535877263319436
6.1000000000000005	0.00151978561244723
6.11	0.0015038885016899692
6.12	0.001488183266511335
6.13	0.0014726672831382919
6.140000000000001	0.0014573379678723788
6.15	0.0014421927764137435
6.16	0.0014272292031976593
6.17	0.0014124447807432375
6.18	0.0013978370790141647
6.19	0.0013834037047911493
6.2	0.0013691423010558893
6.21	0.0013550505463863138
6.22	0.0013411261543628899
6.23	0.0013273668729857455
6.24	0.001313770484102435
6.25	0.0013003348028460932
6.26	0.0012870576770838214
6.2700000000000005	0.0012739369868750355
6.28	0.0012609706439396723
6.29	0.0012481565911359657
6.3	0.0012354928019476677
6.3100000000000005	0.0012229772799805124
6.32	0.0012106080584677297
6.33	0.0011983831997844474
6.34	0.0011863007949707946
6.3500000000000005	0.0011743589632635613
6.36	0.0011625558516362127
6.37	0.0011508896343471295
6.38	0.0011393585124958867
6.390000000000001	0.0011279607135874395
6.4	0.0011166944911040477
6.41	0.001105558124084794
6.42	0.0010945499167125518
6.43	0.001083668197908254
6.44	0.0010729113209323308
6.45	0.0010622776629931703
6.46	0.0010517656248624765
6.47	0.001041373630497377
6.48	0.0010311001266691822
6.49	0.001064042073925672
6.5	0.0011452610748146706