0.01	3.115265723673935
0.02	2.4004406905848037
0.03	2.1668971703826343
0.04	2.0417014866394885
0.05	1.9652363888108955
0.06	1.910300400797401
0.07	1.8642976723623745
0.08	1.8281849516269437
0.09	1.797113197178914
0.1	1.7694663201187475
0.11	1.7443473962136151
0.12	1.721106614969928
0.13	1.6982552897609042
0.14	1.676912813175334
0.15	1.6549222704550504
0.16	1.6345541690713394
0.17	1.6138146639528492
0.18	1.5942995218985114
0.19	1.5749742008716794
0.2	1.5558598313455714
0.21	1.5378935653643016
0.22	1.5194381458888258
0.23	1.5015768085233163
0.24	1.4846725437183512
0.25	1.4674708812630377
0.26	1.4504591345304674
0.27	1.434275707822946
0.28	1.4188225453607215
0.29	1.4023221626042996
0.3	1.3865634923777783
0.31	1.371490088019287
0.32	1.357051446161539
0.33	1.3418662537159927
0.34	1.3271024848592525
0.35000000000000003	1.3129221706081913
0.36	1.2992865461494592
0.37	1.286023806876174
0.38	1.272164318319539
0.39	1.2588084651179587
0.4	1.2459257198459457
0.41000000000000003	1.2334881101646156
0.42	1.221469948810285
0.43	1.209047145796805
0.44	1.196600023212605
0.45	1.1845565001523577
0.46	1.172894948447361
0.47000000000000003	1.1615953370867125
0.48	1.1506390832728712
0.49	1.139661176285829
0.5	1.1284246140243457
0.51	1.117518098041195
0.52	1.1069257425891939
0.53	1.0966327132465594
0.54	1.0866251390704829
0.55	1.0768900335617657
0.56	1.0672715585749593
0.5700000000000001	1.0571906377647662
0.58	1.047377801021302
0.59	1.037821478451757
0.6	1.02851078473339
0.61	1.019435468008929
0.62	1.0105858633627238
0.63	1.0019528504006154
0.64	0.9935278145128597
0.65	0.9846222257941037
0.66	0.97584989156534
0.67	0.9672858821349848
0.68	0.958922250125983
0.6900000000000001	0.9507514624701991
0.7000000000000001	0.9427663731826962
0.71	0.9349601982844508
0.72	0.9273264926764057
0.73	0.9198591287882938
0.74	0.9122636700771947
0.75	0.9043954611085067
0.76	0.8966979928215079
0.77	0.8891653857716543
0.78	0.8817920359231053
0.79	0.8745725984173391
0.8	0.8675019724897459
0.81	0.8605752874398027
0.8200000000000001	0.8537878895692675
0.8300000000000001	0.8471353300107085
0.84	0.8406133533757925
0.85	0.8339560572308153
0.86	0.8271593075942849
0.87	0.8204955732428324
0.88	0.8139607664951086
0.89	0.8075509698818284
0.9	0.8012624272425216
0.91	0.7950915353808607
0.92	0.7890348362378219
0.93	0.7830890095453119
0.9400000000000001	0.7772508659259639
0.9500000000000001	0.7715173404075859
0.96	0.7658854863232746
0.97	0.7603524695705207
0.98	0.7543926042194651
0.99	0.7485228035648154
1.	0.7427569837497077
1.01	0.7370922903585749
1.02	0.7315259745808859
1.03	0.7260553883155857
1.04	0.7206779795474204
1.05	0.7153912879776015
1.06	0.7101929408925436
1.07	0.7050806492556084
1.08	0.7000522040078473
1.09	0.6951054725647615
1.1	0.6902383954969956
1.11	0.6854489833837412
1.12	0.6804593914793015
1.1300000000000001	0.6753633678078748
1.1400000000000001	0.6703499061289362
1.1500000000000001	0.6654169620572076
1.16	0.6605625590292908
1.17	0.6557847854928781
1.18	0.6510817922352996
1.19	0.6464517898433896
1.2	0.6418930462871706
1.21	0.6374038846203514
1.22	0.6329826807910743
1.23	0.628627861556778
1.24	0.6243379024974172
1.25	0.6201113261216555
1.26	0.6159467000609747
1.27	0.611842635346957
1.28	0.6077633389753706
1.29	0.603391185792142
1.3	0.5990838845190891
1.31	0.5948399853661431
1.32	0.5906580816945565
1.33	0.5865368084176793
1.34	0.5824748404724975
1.35	0.5784708913583042
1.36	0.5745237117390807
1.37	0.5706320881063672
1.3800000000000001	0.5667948414995844
1.3900000000000001	0.5630108262809413
1.4000000000000001	0.5592789289622294
1.41	0.5555980670809518
1.42	0.5519671881233785
1.43	0.5483852684922574
1.44	0.5448513125170295
1.45	0.5413643515045173
1.46	0.5379234428281655
1.47	0.5344837494310278
1.48	0.5308171111377433
1.49	0.5272000647594685
1.5	0.5236316134326368
1.51	0.5201107868006776
1.52	0.516636640139442
1.53	0.5132082535170116
1.54	0.5098247309863254
1.55	0.5064851998091364
1.56	0.5031888097098924
1.57	0.4999347321582024
1.58	0.49672215967861827
1.59	0.493550305186529
1.6	0.4904184013490211
1.61	0.48732569996961744
1.62	0.4842714713958608
1.6300000000000001	0.4812550039487601
1.6400000000000001	0.47827560337316005
1.6500000000000001	0.47533259230815095
1.6600000000000001	0.472425309776667
1.67	0.4695531106934672
1.68	0.4667153653907347
1.69	0.46379378928826676
1.7	0.46071711851918007
1.71	0.4576787236223893
1.72	0.454677908736746
1.73	0.4517139945996814
1.74	0.44878631805819147
1.75	0.44589423159693997
1.76	0.4430371028827862
1.77	0.44021431432507757
1.78	0.43742526265107384
1.79	0.4346693584959024
1.8	0.43194602600646864
1.81	0.4292547024587708
1.82	0.42659483788809743
1.83	0.4239658947316037
1.84	0.421367347482786
1.85	0.4187986823574007
1.86	0.4162593969703843
1.87	0.41374900002335774
1.8800000000000001	0.41126701100231455
1.8900000000000001	0.4088129598851065
1.9000000000000001	0.40638638685836137
1.9100000000000001	0.4039868420434805
1.92	0.4016138852313782
1.93	0.39926708562564095
1.94	0.3968445299033555
1.95	0.3942968209656539
1.96	0.3917783748212373
1.97	0.38928870861854575
1.98	0.38682734987018974
1.99	0.38439383617955813
2.	0.38198771497596734
2.0100000000000002	0.3796085432580439
2.02	0.3772558873450461
2.0300000000000002	0.3749293226358404
2.04	0.3726284333752597
2.05	0.3703528124275849
2.06	0.3681020610568969
2.07	0.36587578871405974
2.08	0.3636736128301023
2.09	0.36149515861577936
2.1	0.35934005886709536
2.11	0.357207953776589
2.12	0.3550984907501799
2.13	0.35301132422938875
2.14	0.35094611551874827
2.15	0.3489025326182313
2.16	0.34688025006052603
2.17	0.3448789487529987
2.18	0.3428983158241844
2.19	0.3409380444746601
2.2	0.3389978338321521
2.21	0.33707738881074206
2.22	0.3351764199740351
2.23	0.3331387532238772
2.24	0.3310609269004531
2.25	0.32900522926815606
2.2600000000000002	0.32697132787207306
2.27	0.32495889669327804
2.2800000000000002	0.3229676159965817
2.29	0.32099717218252916
2.3000000000000003	0.3190472576435131
2.31	0.3171175706238687
2.32	0.3152078150838229
2.33	0.3133177005671767
2.34	0.31144694207260354
2.35	0.3095952599284471
2.36	0.30776237967091213
2.37	0.3059480319255401
2.38	0.3041519522918693
2.39	0.3023738812311791
2.4	0.30061356395722555
2.41	0.29887075032987526
2.42	0.29714519475154844
2.43	0.2954366560663871
2.44	0.29374489746206517
2.45	0.29206968637416053
2.46	0.29041079439301276
2.47	0.28876799717299073
2.48	0.2871410743441004
2.49	0.2855298094258612
2.5	0.2839339897433857
2.5100000000000002	0.28235340634559547
2.52	0.2807878539255138
2.5300000000000002	0.2792371307425707
2.54	0.27770103854686456
2.5500000000000003	0.27617938250532253
2.56	0.27453440278275315
2.57	0.27286770932737836
2.58	0.27121754816325344
2.59	0.2695836921737397
2.6	0.26796591822286137
2.61	0.2663640070705698
2.62	0.2647777432901255
2.63	0.26320691518754097
2.64	0.26165131472302255
2.65	0.2601107374343563
2.66	0.2585849823621814
2.67	0.2570738519770984
2.68	0.25557715210856
2.69	0.25409469187549516
2.7	0.25262628361861655
2.71	0.25117174283436716
2.72	0.24973088811045654
2.73	0.24830354106294678
2.74	0.24688952627484265
2.75	0.24548867123614612
2.7600000000000002	0.24410080628533376
2.77	0.24272576455222064
2.7800000000000002	0.24136338190216966
2.79	0.24001349688161336
2.8000000000000003	0.23867595066484987
2.81	0.23735058700208123
2.82	0.23603725216865815
2.83	0.23473579491550248
2.84	0.23344606642067192
2.85	0.23216792024204014
2.86	0.23090121227106128
2.87	0.2296458006875905
2.88	0.22840154591573256
2.89	0.2271683105806923
2.9	0.22594595946660084
2.91	0.22473435947529094
2.92	0.22353337958599864
2.93	0.22234289081596637
2.94	0.22102543161103602
2.95	0.21971620099218386
2.96	0.2184191168194603
2.97	0.2171340259372491
2.98	0.21586077762791056
2.99	0.21459922356495914
3.	0.2133492177672934
3.0100000000000002	0.21211061655445085
3.02	0.2108832785028616
3.0300000000000002	0.20966706440307514
3.04	0.20846183721793668
3.0500000000000003	0.20726746204168564
3.06	0.2060838060599581
3.0700000000000003	0.204910738510665
3.08	0.20374813064572855
3.09	0.2025958556936519
3.1	0.20145378882290377
3.11	0.2003218071060969
3.12	0.19919978948493933
3.13	0.19808761673594208
3.14	0.19698517143686184
3.15	0.19589233793386293
3.16	0.19480900230937853
3.17	0.19373505235065702
3.18	0.19267037751897342
3.19	0.19161486891949314
3.2	0.19056841927176907
3.21	0.18953092288085996
3.22	0.188502275609052
3.23	0.1874823748481714
3.24	0.18647111949247297
3.25	0.1854684099120914
3.2600000000000002	0.18447414792704064
3.27	0.1834882367817506
3.2800000000000002	0.18251058112012628
3.29	0.18154108696111826
3.3000000000000003	0.18057966167479264
3.31	0.179626213958888
3.3200000000000003	0.17868065381584836
3.33	0.17774289253032147
3.34	0.1768128426471113
3.35	0.1758904179495737
3.36	0.17497553343844657
3.37	0.17400381271898147
3.38	0.1729898208735994
3.39	0.17198470740021576
3.4	0.17098836871392845
3.41	0.17000070273816553
3.42	0.1690216088783825
3.43	0.16805098799629248
3.44	0.16708874238461927
3.45	0.16613477574235871
3.46	0.16518899315053867
3.47	0.1642513010484651
3.48	0.1633216072104436
3.49	0.16239982072296452
3.5	0.16148585196234358
3.5100000000000002	0.16057961257280448
3.52	0.1596810154449957
3.5300000000000002	0.15878997469493106
3.54	0.15790640564334474
3.5500000000000003	0.15703022479545029
3.56	0.15616134982109706
3.5700000000000003	0.1552996995353117
3.58	0.15444519387922032
3.59	0.1535977539013387
3.6	0.1527573017392256
3.61	0.15192376060148982
3.62	0.15109705475014254
3.63	0.1502771094832893
3.64	0.1494638511181521
3.65	0.14865720697441637
3.66	0.1478571053578938
3.67	0.14706347554449561
3.68	0.14627624776450915
3.69	0.1454953531871712
3.7	0.14472072390553117
3.71	0.14395229292159922
3.72	0.14318999413177133
3.73	0.14243376231252752
3.74	0.14168353310639542
3.75	0.14093924300817554
3.7600000000000002	0.14020082935142023
3.77	0.13946823029516403
3.7800000000000002	0.138741384810897
3.79	0.13802023266977836
3.8000000000000003	0.13730471443008396
3.81	0.13659477142488344
3.8200000000000003	0.13589034574994174
3.83	0.135191380251841
3.84	0.13449781851631748
3.85	0.1338096048568093
3.86	0.1331266843032118
3.87	0.13238306178753131
3.88	0.13161915345745637
3.89	0.13086160253439863
3.9	0.13011033997109048
3.91	0.12936529764457602
3.92	0.12862640834151512
3.93	0.12789360574375744
3.94	0.12716682441418195
3.95	0.12644599978279464
3.96	0.12573106813308116
3.97	0.1250219665886072
3.98	0.12431863309986287
3.99	0.12362100643134512
4.	0.12292902614887408
4.01	0.12224263260713772
4.0200000000000005	0.12156176693746078
4.03	0.12088637103579336
4.04	0.12021638755091398
4.05	0.11955175987284371
4.0600000000000005	0.11889243212146659
4.07	0.11823834913535226
4.08	0.11758945646077638
4.09	0.11694570034093557
4.1	0.11630702770535246
4.11	0.11567338615946708
4.12	0.11504472397441103
4.13	0.1144209900769607
4.14	0.1138021340396657
4.15	0.11318810607114996
4.16	0.11257885700658078
4.17	0.11197433829830353
4.18	0.11137450200663815
4.19	0.11077930079083453
4.2	0.11018868790018432
4.21	0.10960261716528398
4.22	0.10902104298944891
4.23	0.10844392034027377
4.24	0.1078712047413367
4.25	0.10730285226404497
4.26	0.10673881951961887
4.2700000000000005	0.10617906365121128
4.28	0.10562354232616093
4.29	0.10507221372837532
4.3	0.1045250365508427
4.3100000000000005	0.1039819699882692
4.32	0.1034429737298392
4.33	0.1029080079520968
4.34	0.10237703331194575
4.3500000000000005	0.10185001093976609
4.36	0.10132690243264449
4.37	0.10080766984771687
4.38	0.10029227569562114
4.39	0.09978068293405734
4.4	0.099272854961454
4.41	0.09876875561073847
4.42	0.09826834914320871
4.43	0.0977716002425054
4.44	0.09724299652907921
4.45	0.09668075675473317
4.46	0.09612301885967177
4.47	0.09556973682412503
4.48	0.09502086520024633
4.49	0.09447635910374885
4.5	0.09393617420568265
4.51	0.09340026672434967
4.5200000000000005	0.09286859341735425
4.53	0.09234111157378606
4.54	0.09181777900653341
4.55	0.09129855404472459
4.5600000000000005	0.09078339552629401
4.57	0.09027226279067228
4.58	0.08976511567159587
4.59	0.0892619144900364
4.6000000000000005	0.0887626200472453
4.61	0.08826719361791355
4.62	0.0877755969434422
4.63	0.08728779222532398
4.64	0.08680374211863211
4.65	0.08632340972561528
4.66	0.08584675858939683
4.67	0.08537375268777528
4.68	0.08490435642712589
4.69	0.0844385346364001
4.7	0.08397625256122171
4.71	0.08351747585807781
4.72	0.08306217058860285
4.73	0.08261030321395413
4.74	0.08216184058927711
4.75	0.0817167499582587
4.76	0.08127499894776731
4.7700000000000005	0.08083655556257763
4.78	0.08040138818017946
4.79	0.07996946554566776
4.8	0.07954075676671371
4.8100000000000005	0.079115231308615
4.82	0.0786928589894233
4.83	0.07827360997514848
4.84	0.0778574547750376
4.8500000000000005	0.07744436423692745
4.86	0.07703430954266996
4.87	0.07662726220362773
4.88	0.07622319405624031
4.89	0.07582207725765862
4.9	0.07542388428144671
4.91	0.07502858791335008
4.92	0.0746361612471288
4.93	0.07424657768045453
4.94	0.0738598109108706
4.95	0.07347583493181387
4.96	0.0730946240286968
4.97	0.0727161527750497
4.98	0.07234039602872129
4.99	0.07196732892813718
5.	0.07159692688861419
5.01	0.07122916559873145
5.0200000000000005	0.07086402101675524
5.03	0.07050146936711812
5.04	0.07014148713695072
5.05	0.06978405107266546
5.0600000000000005	0.06942913817659149
5.07	0.0690767257036599
5.08	0.06872679115813786
5.09	0.06837931229041187
5.1000000000000005	0.06799028458800188
5.11	0.06759152157792547
5.12	0.06719587006357618
5.13	0.06680329976015505
5.14	0.06641378073586345
5.15	0.06602728340711243
5.16	0.06564377853380618
5.17	0.06526323721469823
5.18	0.06488563088281951
5.19	0.06451093130097654
5.2	0.06413911055731891
5.21	0.06377014106097466
5.22	0.06340399553775244
5.23	0.06304064702590932
5.24	0.06268006887198325
5.25	0.062322234726688575
5.26	0.06196711854087425
5.2700000000000005	0.06161469456154308
5.28	0.061264937327931444
5.29	0.060917821667647795
5.3	0.0605733226928698
5.3100000000000005	0.0602314157965983
5.32	0.059892076648967923
5.33	0.05955528119361258
5.34	0.05922100564408561
5.3500000000000005	0.058889226480333234
5.36	0.05855992044522073
5.37	0.058233064541109915
5.38	0.057908636026488
5.39	0.057586612412645816
5.4	0.05726697146040563
5.41	0.056949691176897105
5.42	0.05663474981238067
5.43	0.056322125857117745
5.44	0.05601179803828706
5.45	0.05570374531694583
5.46	0.05539794688503566
5.47	0.05509438216243211
5.48	0.054793030794037155
5.49	0.05449387264691421
5.5	0.054196887807464525
5.51	0.053902056578644476
5.5200000000000005	0.053609359477223374
5.53	0.05331877723108089
5.54	0.053030290776542977
5.55	0.0527438812557568
5.5600000000000005	0.05245953001410281
5.57	0.05217721859764448
5.58	0.05189692875061392
5.59	0.05161864241293402
5.6000000000000005	0.05134234171777551
5.61	0.0510680089891492
5.62	0.050795626739531904
5.63	0.050525177667526656
5.64	0.050256644655555655
5.65	0.04999001076758597
5.66	0.049725259246887324
5.67	0.04946237351382157
5.68	0.049201337163663025
5.69	0.048942133964449575
5.7	0.048684747854864034
5.71	0.04842916294214478
5.72	0.048175363500025846
5.73	0.047923333966705714
5.74	0.04767305894284423
5.75	0.0474245231895875
5.76	0.04717771162662015
5.7700000000000005	0.04693260933024441
5.78	0.04668920153148603
5.79	0.046447473614226055
5.8	0.04620741111335843
5.8100000000000005	0.045968999712973004
5.82	0.04573222524456354
5.83	0.045497073685259855
5.84	0.04526353115608478
5.8500000000000005	0.045017744418164196
5.86	0.04474593450598606
5.87	0.044476224993356205
5.88	0.04420859611270248
5.89	0.0439430283156655
5.9	0.04367950227030101
5.91	0.04341799885832274
5.92	0.04315849917238471
5.93	0.04290098451340308
5.94	0.04264543638791582
5.95	0.04239183650548093
5.96	0.04214016677611128
5.97	0.04189040930774634
5.98	0.04164254640376006
5.99	0.04139656056050417
6.	0.041152434464886166
6.01	0.04091015099198198
6.0200000000000005	0.04066969320268236
6.03	0.04043104434137243
6.04	0.040194187833644195
6.05	0.03995910728404108
6.0600000000000005	0.039725786473834394
6.07	0.039494209358831
6.08	0.039264360067211596
6.09	0.03903622289739939
6.1000000000000005	0.03880978231595863
6.11	0.03858502295552228
6.12	0.038361929612748785
6.13	0.03814048724630704
6.140000000000001	0.03792068097488948
6.15	0.03770249607525285
6.16	0.03748591798028575
6.17	0.03727093227710321
6.18	0.03705752470516737
6.19	0.03684568115443425
6.2	0.036635387663525774
6.21	0.03642663041792704
6.22	0.03621939574820827
6.23	0.036013670128271114
6.24	0.03580944017361896
6.25	0.03560669263965078
6.26	0.03540541441997816
6.2700000000000005	0.035205592544765435
6.28	0.03500721417909218
6.29	0.03481026662133793
6.3	0.03461473730158883
6.3100000000000005	0.03442061378006579
6.32	0.03422788374557387
6.33	0.03403653501397248
6.34	0.03384655552666625
6.3500000000000005	0.033657933349116126
6.36	0.03347065666937047
6.37	0.033284713796615725
6.38	0.03310009315974667
6.390000000000001	0.03291678330595538
6.4	0.032734772899339556
6.41	0.03255405071952869
6.42	0.03237460566032907
6.43	0.03219642672838646
6.44	0.032019503041866494
6.45	0.03184382382915271
6.46	0.03166937842756146
6.47	0.031496156282074125
6.48	0.031324146944085675
6.49	0.03115334007017
6.5	0.030983725420861086
6.51	0.030815292859450547
6.5200000000000005	0.03064803235080049
6.53	0.030481933960172312
6.54	0.03031698785207029
6.55	0.030153184289100705
6.5600000000000005	0.029990513630845463
6.57	0.029828966332750482
6.58	0.02966853294502853
6.59	0.029509204111575975
6.6000000000000005	0.029350970568904046
6.61	0.029193823145083408
6.62	0.029037752758702563
6.63	0.02888275041783963
6.640000000000001	0.028728807219047265
6.65	0.028575914346350706
6.66	0.02842406307025853
6.67	0.028273244746786202
6.68	0.02812345081649191
6.69	0.027974672803524885
6.7	0.02782690231468571
6.71	0.027680131038498586
6.72	0.027519334419005483
6.73	0.02735362545233162
6.74	0.02718915813335496
6.75	0.027025921336929725
6.76	0.026863904053864306
6.7700000000000005	0.026703095389543293
6.78	0.02654348456256857
6.79	0.026385060903417707
6.8	0.026227813853120886
6.8100000000000005	0.026071732961955058
6.82	0.025916807888155386
6.83	0.025763028396643926
6.84	0.025610384357774907
6.8500000000000005	0.025458865746096748
6.86	0.02530846263913037
6.87	0.025159165216163418
6.88	0.025010963757060512
6.890000000000001	0.024863848641089044
6.9	0.024717810345760403
6.91	0.024572839445686254
6.92	0.02442892661144992
6.93	0.024286062608492226
6.94	0.024144238296012286
6.95	0.024003444625882137
6.96	0.023863672641575802
6.97	0.023724913477111986
6.98	0.02358715835601072
6.99	0.023450398590263336
7.	0.023314625579315826
7.01	0.0231798308090652
7.0200000000000005	0.023046005850868866
7.03	0.022913142360566928
7.04	0.022781232077516516
7.05	0.022650266823639135
7.0600000000000005	0.02252023850247971
7.07	0.022391139098278074
7.08	0.02226296067505189
7.09	0.022135695375691645
7.1000000000000005	0.022009335421066957
7.11	0.021883873109144344
7.12	0.021759300814116096
7.13	0.021635610985540295
7.140000000000001	0.021512796147491714
7.15	0.021390848897723375
7.16	0.021269761906838845
7.17	0.021149527917474688
7.18	0.021030139743493617
7.19	0.020911590269187444
7.2	0.0207859672157981
7.21	0.020657908482116454
7.22	0.020530814548467516
7.23	0.020404676824784095
7.24	0.02027948680921144
7.25	0.020155236087081228
7.26	0.02003191632989884
7.2700000000000005	0.019909519294343907
7.28	0.019788036821283706
7.29	0.0196674608347993
7.3	0.019547783341224288
7.3100000000000005	0.01942899642819597
7.32	0.019311092263718785
7.33	0.01919406309523961
7.34	0.019077901248735183
7.3500000000000005	0.01896259912781106
7.36	0.018848149212812228
7.37	0.018734544059944933
7.38	0.018621776300410016
7.390000000000001	0.01850983863954696
7.4	0.01839872385598914
7.41	0.018288424800829702
7.42	0.018178934396797908
7.43	0.01807024563744629
7.44	0.017962351586347697
7.45	0.017855245376302866
7.46	0.01774892020855766
7.47	0.017643369352030557
7.48	0.01753858614254957
7.49	0.01743456398209898
7.5	0.017331296338075397
7.51	0.017228776742553256
7.5200000000000005	0.017126998791559506
7.53	0.017025956144357365
7.54	0.016925642522739048
7.55	0.01682605171032731
7.5600000000000005	0.01672717755188569
7.57	0.016629013952637446
7.58	0.016531554877592867
7.59	0.016434794350884897
7.6000000000000005	0.01633872645511318
7.61	0.01624334533069607
7.62	0.016148645175230725
7.63	0.01605462024286111
7.640000000000001	0.015961264843653816
7.65	0.015868573342981557
7.66	0.01577654016091418
7.67	0.01568515977161737
7.68	0.015594426702758513
7.69	0.015504335534919951
7.7	0.015414880901019497
7.71	0.015323564189854415
7.72	0.015225718774036046
7.73	0.015128623579529635
7.74	0.015032271894681927
7.75	0.014936657076444574
7.76	0.01484177254958551
7.7700000000000005	0.014747611805910546
7.78	0.01465416840349481
7.79	0.014561435965923913
7.8	0.014469408181544866
7.8100000000000005	0.014378078802726478
7.82	0.014287441645129094
7.83	0.014197490586983618
7.84	0.014108219568379666
7.8500000000000005	0.014019622590562645
7.86	0.013931693715239786
7.87	0.013844427063894913
7.88	0.01375781681711174
7.890000000000001	0.013671857213905758
7.9	0.013586542551064576
7.91	0.013501867182496316
7.92	0.01341782551858639
7.930000000000001	0.013334412025562216
7.94	0.013251621224865876
7.95	0.013169447692534595
7.96	0.013087886058588976
7.97	0.013006931006428838
7.98	0.012926577272236447
7.99	0.012846819644387449
8.	0.01276765296286869
8.01	0.01268907211870364
8.02	0.012611072053384662
8.03	0.012533647758312373
8.040000000000001	0.012456794274241973
8.05	0.012380506690736356
8.06	0.01230478014562588
8.07	0.012229609824474878
8.08	0.012154990960054724
8.09	0.0120809188318232
8.1	0.012007388765410474
8.11	0.011934396132111186
8.120000000000001	0.011861936348382757
8.13	0.01179000487534996
8.14	0.011718597218315318
8.15	0.01164770892627561
8.16	0.011577335591444204
8.17	0.011507472848779213
8.18	0.011438116375517296
8.19	0.011369261890713231
8.2	0.011300905154784952
8.21	0.011233041969064076
8.22	0.011165668175352
8.23	0.011098779655481134
8.24	0.011032372330881597
8.25	0.010966442162152973
8.26	0.010900030493670217
8.27	0.010827931011129504
8.28	0.010756394705191678
8.290000000000001	0.01068541650461118
8.3	0.010614991389846196
8.31	0.010545114392469947
8.32	0.01047578059458964
8.33	0.01040698512827259
8.34	0.010338723174979443
8.35	0.01027098996500475
8.36	0.0102037807769243
8.370000000000001	0.01013709093704942
8.38	0.010070915818888224
8.39	0.01000525084261337
8.4	0.009940091474536547
8.41	0.009875433226589526
8.42	0.009811271655811596
8.43	0.009747602363843375
8.44	0.009684420996426907
8.45	0.009621723242911944
8.46	0.009559504835768264
8.47	0.009497761550104183
8.48	0.009436489203190781
8.49	0.009375683653992137
8.5	0.00931534080270133
8.51	0.009255456590282072
8.52	0.009196026998016036
8.53	0.00913704804705571
8.540000000000001	0.009078515797982708
8.55	0.009020426350371551
8.56	0.008962775842358628
8.57	0.008905560450216631
8.58	0.00884877638793396
8.59	0.008792419906799433
8.6	0.00873648729499192
8.61	0.008680974877174981
8.620000000000001	0.008625879014096519
8.63	0.008571196102193143
8.64	0.008516922573199429
8.65	0.008463054893761833
8.66	0.008409589565057305
8.67	0.008356523122416528
8.68	0.008303852134951615
8.69	0.008251573205188373
8.700000000000001	0.008199682968702923
8.71	0.008148178093762748
8.72	0.008097055280971968
8.73	0.008046311262920913
8.74	0.007995942803839895
8.75	0.007945946699257102
8.76	0.007896319775660582
8.77	0.007847058890164217
8.78	0.007798160930177776
8.790000000000001	0.007749622813080761
8.8	0.007701441485900281
8.81	0.0076536139249925896
8.82	0.007606137135728516
8.83	0.0075590081521825754
8.84	0.007512224036825785
8.85	0.007465413082163589
8.86	0.007413909301593555
8.870000000000001	0.0073628183427126665
8.88	0.007312136436773046
8.89	0.007261859853621039
8.9	0.007211984901259287
8.91	0.0071625079254141145
8.92	0.007113425309108337
8.93	0.007064733472239391
8.94	0.007016428871162721
8.950000000000001	0.006968507998280234
8.96	0.0069209673816340135
8.97	0.006873803584504899
8.98	0.006827013205016109
8.99	0.0067805928757417745
9.	0.006734539263320248
9.01	0.006688849068072193
9.02	0.006643519023623401
9.03	0.006598545896532198
9.040000000000001	0.006553926485921459
9.05	0.0065096576231151344
9.06	0.006465736171279218
9.07	0.006422159025067071
9.08	0.006378923110269184
9.09	0.006336025383467115
9.1	0.006293462831691672
9.11	0.006251232472085322
9.120000000000001	0.0062093313515686034
9.13	0.006167756546510701
9.14	0.006126505162403932
9.15	0.006085574333542237
9.16	0.00604496122270354
9.17	0.006004663020835968
9.18	0.00596467694674787
9.19	0.005925000246801519
9.200000000000001	0.00588563019461063
9.21	0.005846564090741405
9.22	0.005807799262417223
9.23	0.005769333063226893
9.24	0.005731162872836398
9.25	0.005693286096704108
9.26	0.005655700165799375
9.27	0.005618402536324549
9.28	0.005581390689440264
9.290000000000001	0.005544662130994054
9.3	0.005508214391252189
9.31	0.005472045024634678
9.32	0.005436151609453485
9.33	0.005400531747653811
9.34	0.005365183064558487
9.35	0.005330103208615366
9.36	0.005295289851147746
9.370000000000001	0.005260740686107713
9.38	0.005226453429832453
9.39	0.005192425820803378
9.4	0.005158655619408158
9.41	0.005125140607705513
9.42	0.005091878589192822
9.43	0.00505886738857643
9.44	0.005026104851544657
9.450000000000001	0.004993588844543509
9.46	0.004961317254554991
9.47	0.004929287988878014
9.48	0.004897498974911874
9.49	0.004863371551317875
9.5	0.0048287881614504586
9.51	0.004794486690827566
9.52	0.004760464548452071
9.53	0.004726719169825166
9.540000000000001	0.004693248016648012
9.55	0.004660048576526975
9.56	0.004627118362682499
9.57	0.004594454913661547
9.58	0.004562055793053602
9.59	0.004529918589210088
9.6	0.004498040914967292
9.61	0.004466420407372588
9.620000000000001	0.004435054727414066
9.63	0.004403941559753454
9.64	0.004373078612462239
9.65	0.0043424636167610706
9.66	0.004312094326762264
9.67	0.004281968519215489
9.68	0.004252083993256517
9.69	0.00422243857015898
9.700000000000001	0.004193030093089201
9.71	0.004163856426863952
9.72	0.004134915457711108
9.73	0.004106205093033263
9.74	0.004077723261174123
9.75	0.004049467911187759
9.76	0.004021437012610607
9.77	0.003993628555236254
9.78	0.003966040548892843
9.790000000000001	0.00393867102322324
9.8	0.003911518027467794
9.81	0.0038845796302496567
9.82	0.0038578539193627665
9.83	0.0038313390015622564
9.84	0.0038050330023574543
9.85	0.0037789340658072814
9.86	0.003753040354318147
9.870000000000001	0.003727350048444178
9.88	0.00370186134668991
9.89	0.003676572465315223
9.9	0.0036514816381426783
9.91	0.003626587116367079
9.92	0.0036018871683673164
9.93	0.003577380079520428
9.94	0.0035530641520178483
9.950000000000001	0.0035289377046838445
9.96	0.003504999072796086
9.97	0.0034812466079082957
9.98	0.0034576786776750502
9.99	0.0034342936656785797
10.	0.0034110899712576468
10.01	0.003388066009338406
10.02	0.0033652202102672233
10.03	0.003342551019645541
10.040000000000001	0.0033200568981665572
10.05	0.0032977363214539085
10.06	0.0032755877799021662
10.07	0.003253609778519257
10.08	0.0032318008367706597
10.09	0.003210159488425455
10.1	0.0031886842814041545
10.11	0.003167373777628281
10.120000000000001	0.0031462265528717104
10.13	0.003125241196613765
10.14	0.0031044163118939248
10.15	0.00308375051516831
10.16	0.0030632424361677728
10.17	0.0030412823413901078
10.18	0.0030194377476082447
10.19	0.0029977712739891545
10.200000000000001	0.0029762812954804737
10.21	0.00295496620342799
10.22	0.0029338244053943095
10.23	0.002912854324979743
10.24	0.002892054401645328
10.25	0.002871423090537974
10.26	0.0028509588623177235
10.27	0.0028306602029870404
10.28	0.002810525613722176
10.290000000000001	0.00279055361070655
10.3	0.0027707427249660933
10.31	0.0027510915022065734
10.32	0.0027315985026528673
10.33	0.0027122623008901158
10.34	0.0026930814857068076
10.35	0.002674054659939701
10.36	0.0026551804403205834
10.370000000000001	0.0026364574573248672
10.38	0.002617884355021975
10.39	0.0025994597909274712
10.4	0.0025811824358569747
10.41	0.0025630509737817847
10.42	0.0025450641016861973
10.43	0.0025272205294265375
10.44	0.0025095189795918027
10.450000000000001	0.00249195818736599
10.46	0.0024745369003920403
10.47	0.002457253878637327
10.48	0.0024401078942608073
10.49	0.002423097731481641
10.5	0.0024062221864494335
10.51	0.0023894800671159324
10.52	0.0023728701931082477
10.53	0.002356391395603571
10.540000000000001	0.002340042517205311
10.55	0.002323822411820734
10.56	0.0023077299445399603
10.57	0.002291763991516433
10.58	0.0022759234398487195
10.59	0.0022602071874637444
10.6	0.0022446141430013137
10.61	0.002229143225700032
10.620000000000001	0.002213793365284506
10.63	0.002198563501853882
10.64	0.0021834525857716263
10.65	0.002168459577556632
10.66	0.0021535834477755473
10.67	0.002138823176936354
10.68	0.0021241777553831728
10.69	0.0021096461831922823
10.700000000000001	0.0020952274700693167
10.71	0.0020809206352476765
10.72	0.00206672470738807
10.73	0.002052638724479209
10.74	0.0020386617337396855
10.75	0.0020247927915209066
10.76	0.002011030963211189
10.77	0.0019973753231409294
10.78	0.0019838249544888486
10.790000000000001	0.0019703789491893197
10.8	0.0019570364078407496
10.81	0.0019437964396149937
10.82	0.0019306581621677961
10.83	0.0019176207015502752
10.84	0.0019046831921213836
10.85	0.0018918447764613685
10.86	0.0018791046052862171
10.870000000000001	0.001866461837363074
10.88	0.0018539156394266033
10.89	0.0018414415670129057
10.9	0.0018290068590627834
10.91	0.0018166674064714632
10.92	0.0018044223932317729
10.93	0.0017922710110649018
10.94	0.0017802124593402256
10.950000000000001	0.001768245944996042
10.96	0.0017563706824612019
10.97	0.0017445858935776074
10.98	0.0017328908075235898
10.99	0.00172128466073816
11.	0.0017097666968460823
11.01	0.0016983361665838166
11.02	0.0016869923277262743
11.03	0.001675734445014387
11.040000000000001	0.0016645617900835157
11.05	0.0016534736413926225
11.06	0.0016424692841542586
11.07	0.0016315480102653177
11.08	0.00162070911823858
11.09	0.0016099519131349946
11.1	0.0015992757064967288
11.11	0.0015886798162809731
11.120000000000001	0.0015781635667944452
11.13	0.0015677262886286602
11.14	0.0015573673185958978
11.15	0.0015470859996658734
11.16	0.001536881680903127
11.17	0.0015267537174050941
11.18	0.0015167014702408585
11.19	0.001506724306390582
11.200000000000001	0.0014968215986856128
11.21	0.0014869927257492403
11.22	0.0014772370719381
11.23	0.0014675540272842357
11.24	0.001457942987437797
11.25	0.001448403353610342
11.26	0.0014389345325187964
11.27	0.0014295359363300053
11.28	0.0014202069826058901
11.290000000000001	0.00141094709424922
11.3	0.0014017556994499697
11.31	0.0013926322316322453
11.32	0.0013835761294018183
11.33	0.0013745868364942184
11.34	0.0013656638017233767
11.35	0.0013568064789308578
11.36	0.001348014326935618
11.370000000000001	0.0013392868094843156
11.38	0.0013306233952021795
11.39	0.0013220235575443723
11.4	0.0013134867747479158
11.41	0.001305012529784119
11.42	0.0012966003103115277
11.43	0.0012882496086293724
11.44	0.001279959921631531
11.450000000000001	0.001271730750760979
11.46	0.001263561601964741
11.47	0.001255451985649306
11.48	0.0012474014166365488
11.49	0.0012394094141201073
11.5	0.0012314755016222337
11.51	0.0012235992069511079
11.52	0.001215780062158609
11.53	0.0012080176034985405
11.540000000000001	0.001200311371385297
11.55	0.0011926609103529834
11.56	0.001185065769014953
11.57	0.0011775255000237997
11.58	0.001170039660031758
11.59	0.0011626078096515365
11.6	0.0011552295134175609
11.61	0.0011479043397476343
11.620000000000001	0.0011406318609050016
11.63	0.0011334116529608258
11.64	0.0011262432957570407
11.65	0.0011191263728696239
11.66	0.0011120604715722376
11.67	0.0011057771084729017
11.68	0.0011004913374743895
11.69	0.0010952353243707969
11.700000000000001	0.0010900088763895388
11.71	0.001084811802170049
11.72	0.0010796439117522478
11.73	0.001074505016565109
11.74	0.0010693949294153275
11.75	0.0010643134644760961
11.76	0.0010592604372759778
11.77	0.0010542356646878752
11.78	0.001049238964918108
11.790000000000001	0.0010442701574955833
11.8	0.0010393290632610564
11.81	0.0010344155043565037
11.82	0.0010295293042145743
11.83	0.001024670287548145
11.84	0.0010198382803399662
11.85	0.0010150331098324038
11.86	0.0010102546045172628
11.870000000000001	0.0010055025941257132
11.88	0.0010007769096183
11.89	0.0009960773831750411
11.9	0.00099140384818561
11.91	0.0009867561392396184
11.92	0.0009821340921169722
11.93	0.0009775375437783168
11.94	0.0009729663323555719
11.950000000000001	0.0009684202971425381
11.96	0.0009638992785856052
11.97	0.0009594031182745202
11.98	0.0009549316589332576
11.99	0.0009504847444109536
12.	0.0009460622196729346
12.01	0.000941663930791809
12.02	0.0009372897249386558
12.030000000000001	0.0009329394503742707
12.040000000000001	0.0009286129564405117
12.05	0.0009243100935516902
12.06	0.0009200307131860735
12.07	0.000915774667877435
12.08	0.0009115418112066833
12.09	0.0009073319977935785
12.1	0.0009031450832885033
12.11	0.0008989809243643138
12.120000000000001	0.0008948393787082643
12.13	0.0008907203050139988
12.14	0.0008866235629736056
12.15	0.0008825490132697585
12.16	0.0008784965175679095
12.17	0.0008744659385085551
12.18	0.000870457139699574
12.19	0.0008664699857086274
12.200000000000001	0.0008625043420556198
12.21	0.0008585600752052387
12.22	0.0008546370525595446
12.23	0.0008507351424506344
12.24	0.0008468542141333637
12.25	0.000842994137778134
12.26	0.000839154784463742
12.27	0.0008353360261702871
12.280000000000001	0.0008315377357721488
12.290000000000001	0.000827759787031012
12.3	0.0008240020545889599
12.31	0.0008202644139616313
12.32	0.0008165467415314208
12.33	0.000812848914540755
12.34	0.000809170811085416
12.35	0.000805512310107921
12.36	0.0008018732913909656
12.370000000000001	0.0007982536355509204
12.38	0.0007946532240313781
12.39	0.0007910719390967628
12.4	0.0007875096638259889
12.41	0.0007839662821061788
12.42	0.0007804416786264271
12.43	0.0007769357388716269
12.44	0.0007734483491163375
12.450000000000001	0.0007699793964187164
12.46	0.0007665287686144935
12.47	0.0007630963543109992
12.48	0.0007845570169821686
12.49	0.0008103256811305997
12.5	0.0008369190670977365