0.01	3.228097224780635
0.02	2.29652111927238
0.03	1.9919819258466596
0.04	1.8191428802718124
0.05	1.7132156012266833
0.06	1.6427099592272538
0.07	1.5910733731515747
0.08	1.5513258711165892
0.09	1.5179070588180537
0.1	1.4906208801138119
0.11	1.4687282740819039
0.12	1.4483359919454237
0.13	1.4291849370292293
0.14	1.411756362656886
0.15	1.395739322966082
0.16	1.3801603852605195
0.17	1.365558675124047
0.18	1.3506405715186258
0.19	1.3358793942254128
0.2	1.3219954944299908
0.21	1.3080736402833224
0.22	1.2949361123798813
0.23	1.2823978806885208
0.24	1.269192717306824
0.25	1.256654473679549
0.26	1.2447247411004876
0.27	1.2322575975519183
0.28	1.2198550054957384
0.29	1.2080060337331824
0.3	1.19666811923739
0.31	1.1852989038802042
0.32	1.1742528223169315
0.33	1.163644922004196
0.34	1.1534453117153798
0.35000000000000003	1.1432019210716573
0.36	1.1323646619387675
0.37	1.121922910729907
0.38	1.1118521150270784
0.39	1.1021298422593075
0.4	1.0925963991623346
0.41000000000000003	1.0826565511746118
0.42	1.0730434322625064
0.43	1.0637388987780843
0.44	1.0547262069529946
0.45	1.0459898759725421
0.46	1.0372920754365569
0.47000000000000003	1.0282151352778979
0.48	1.0194062455195285
0.49	1.0108521487364546
0.5	1.0025404967686946
0.51	0.9944597716532567
0.52	0.9865992148282765
0.53	0.9785864891575525
0.54	0.9703999364358246
0.55	0.9624302202720895
0.56	0.9546678089081883
0.5700000000000001	0.947103750250788
0.58	0.9397296271871982
0.59	0.932537517048087
0.6	0.9255199547692422
0.61	0.9182365988798825
0.62	0.9109431523083228
0.63	0.9038229563124888
0.64	0.8968692420085277
0.65	0.8900756054414779
0.66	0.8834359826590769
0.67	0.8769446268361076
0.68	0.8705960872528359
0.6900000000000001	0.8643851899524536
0.7000000000000001	0.8578474984212757
0.71	0.851311134489126
0.72	0.8449149567601871
0.73	0.8386540734503859
0.74	0.8325238274749924
0.75	0.8265197821995929
0.76	0.8206377082327984
0.77	0.814873571171955
0.78	0.8092235202217148
0.79	0.8036838776130037
0.8	0.7979819714265015
0.81	0.7921318738412922
0.8200000000000001	0.7863956612734762
0.8300000000000001	0.7807697679554809
0.84	0.7752507809867956
0.85	0.7698354320548945
0.86	0.7645205896958237
0.87	0.7593032520534551
0.88	0.7541805400999679
0.89	0.7491496912833101
0.9	0.7442080535702936
0.91	0.7393530798566023
0.92	0.7342395782102167
0.93	0.7290904839177323
0.9400000000000001	0.7240319945537207
0.9500000000000001	0.719061577113422
0.96	0.7141767951013903
0.97	0.7093753038956288
0.98	0.7046548463795299
0.99	0.7000132488235898
1.	0.695448417000256
1.01	0.6909583325165334
1.02	0.686541049350119
1.03	0.6821946905759053
1.04	0.6779174452706549
1.05	0.6736425203707859
1.06	0.6691885030966421
1.07	0.6648053445684771
1.08	0.660491270930222
1.09	0.6562445686206179
1.1	0.6520635817935092
1.11	0.6479467098707851
1.12	0.643892405220027
1.1300000000000001	0.6398991709494539
1.1400000000000001	0.6359655588132646
1.1500000000000001	0.6320901672209381
1.16	0.6282716393444767
1.17	0.6245086613179783
1.18	0.6207999605242888
1.19	0.6171443039638239
1.2	0.6135404967009688
1.21	0.6097552632897909
1.22	0.6059170037288788
1.23	0.6021339435127802
1.24	0.598404849631146
1.25	0.5947285262687085
1.26	0.5911038133966894
1.27	0.5875295854282335
1.28	0.5840047499344786
1.29	0.58052824641808
1.3	0.5770990451411919
1.31	0.573716146005097
1.32	0.570378577478825
1.33	0.5670853955742741
1.34	0.5638356828654785
1.35	0.5606285475498111
1.36	0.5574631225490293
1.37	0.554338564648198
1.3800000000000001	0.5512540536706277
1.3900000000000001	0.5479518242987532
1.4000000000000001	0.544650067417042
1.41	0.5413914943403125
1.42	0.5381752399650901
1.43	0.5350004624503288
1.44	0.5318663424346035
1.45	0.528772082284863
1.46	0.5257169053752653
1.47	0.5227000553946958
1.48	0.5197207956816372
1.49	0.5167784085851383
1.5	0.5138721948506886
1.51	0.5110014730298684
1.52	0.5081655789127073
1.53	0.5053638649817284
1.54	0.5025956998867225
1.55	0.4998604679393279
1.56	0.497157568626554
1.57	0.49448641614241706
1.58	0.49184643893690705
1.59	0.48913991936971
1.6	0.48631423454738204
1.61	0.4835223268452749
1.62	0.48076358644804834
1.6300000000000001	0.47803741822454354
1.6400000000000001	0.4753432412867895
1.6500000000000001	0.47268048856484773
1.6600000000000001	0.4700486063968321
1.67	0.4674470541334748
1.68	0.4648753037566409
1.69	0.46233283951121756
1.7	0.4598191575498333
1.71	0.45733376558989036
1.72	0.4548761825824091
1.73	0.4524459383922176
1.74	0.4500425734890309
1.75	0.44766563864898967
1.76	0.4453146946662479
1.77	0.442989312074215
1.78	0.44068907087607817
1.79	0.43841356028424366
1.8	0.4361623784683576
1.81	0.43393513231157277
1.82	0.4317314371747533
1.83	0.42936116452992984
1.84	0.4269936694246131
1.85	0.4246519548765406
1.86	0.42233560306098406
1.87	0.42004420512294666
1.8800000000000001	0.4177773609379181
1.8900000000000001	0.4155346788802429
1.9000000000000001	0.4133157755988219
1.9100000000000001	0.4111202757998755
1.92	0.40894781203651276
1.93	0.4067980245048569
1.94	0.40467056084649305
1.95	0.40256507595700775
1.96	0.40048123180040357
1.97	0.3984186972291804
1.98	0.39637714780988165
1.99	0.3943562656539121
2.	0.392355739253445
2.0100000000000002	0.3903752633222378
2.02	0.38841453864118813
2.0300000000000002	0.3864732719084652
2.04	0.38455117559406066
2.05	0.38264796779860516
2.06	0.3807633721163081
2.07	0.37889711750187993
2.08	0.3770489381413006
2.09	0.3752185733263092
2.1	0.37322216754463633
2.11	0.37122794376892815
2.12	0.3692537292782978
2.13	0.3672992303374454
2.14	0.36536415887512913
2.15	0.36344823234911794
2.16	0.3615511736149729
2.17	0.3596727107985344
2.18	0.3578125771719909
2.19	0.35597051103341615
2.2	0.35414625558965873
2.21	0.3523395588424799
2.22	0.3505501734778316
2.23	0.34877785675817724
2.24	0.34702237041775713
2.25	0.34528348056070496
2.2600000000000002	0.34356095756192667
2.27	0.34185457597065394
2.2800000000000002	0.34016411441658906
2.29	0.3384893555185603
2.3000000000000003	0.3368300857956109
2.31	0.33518609558044565
2.32	0.3335571789351628
2.33	0.3319431335692011
2.34	0.33034376075943667
2.35	0.3287588652723608
2.36	0.32718825528827905
2.37	0.3256317423274696
2.38	0.3240891411782418
2.39	0.32256026982683883
2.4	0.32104494938913064
2.41	0.31938966770393057
2.42	0.31773886664640527
2.43	0.3161033527396193
2.44	0.31448292237781106
2.45	0.31287737548654565
2.46	0.31128651544736957
2.47	0.3097101490243701
2.48	0.30814808629258633
2.49	0.3066001405682156
2.5	0.3050661283405651
2.5100000000000002	0.30354586920569643
2.52	0.3020391858017163
2.5300000000000002	0.30054590374566553
2.54	0.2990658515719594
2.5500000000000003	0.29759886067233765
2.56	0.2961447652372794
2.57	0.29470340219884283
2.58	0.29327461117488896
2.59	0.2918582344146513
2.6	0.29045411674561333
2.61	0.28906210552165795
2.62	0.2876820505724529
2.63	0.28631380415404045
2.64	0.28495722090059356
2.65	0.2836121577773133
2.66	0.2822784740344292
2.67	0.2809560311622784
2.68	0.27964469284743165
2.69	0.27834432492983785
2.7	0.2770547953609608
2.71	0.2757759741628813
2.72	0.27450773338833867
2.73	0.2732499470816869
2.74	0.27200249124074105
2.75	0.2707652437794905
2.7600000000000002	0.26948670544467923
2.77	0.26813065943753567
2.7800000000000002	0.26678628686209505
2.79	0.26545344577777147
2.8000000000000003	0.2641319964702867
2.81	0.2628218014089588
2.82	0.2615227252049573
2.83	0.26023463457050156
2.84	0.2589573982789774
2.85	0.2576908871259477
2.86	0.25643497389103437
2.87	0.25518953330064864
2.88	0.253954441991549
2.89	0.2527295784752044
2.9	0.25151482310294343
2.91	0.25031005803186773
2.92	0.24911516719151228
2.93	0.24793003625123292
2.94	0.24675455258830228
2.95	0.2455886052566966
2.96	0.24443208495655763
2.97	0.24328488400431006
2.98	0.24214689630342112
2.99	0.24101801731578432
3.	0.239898144033713
3.0100000000000002	0.23878717495252896
3.02	0.23768501004373008
3.0300000000000002	0.23659155072872484
3.04	0.23550669985311873
3.0500000000000003	0.23443036166153927
3.06	0.23336244177298696
3.0700000000000003	0.23230284715669933
3.08	0.23125148610851526
3.09	0.23020826822772944
3.1	0.22917310439442254
3.11	0.22814590674725815
3.12	0.22712658866173382
3.13	0.22611506472887727
3.14	0.2251112507343746
3.15	0.22411506363812372
3.16	0.22312642155419948
3.17	0.22208317116350568
3.18	0.22099350876204352
3.19	0.2199125889563624
3.2	0.21884031452517566
3.21	0.21777658962757626
3.22	0.21672131977921633
3.23	0.21567441182896785
3.24	0.21463577393605832
3.25	0.21360531554766546
3.2600000000000002	0.2125829473769639
3.27	0.21156858138161075
3.2800000000000002	0.21056213074266292
3.29	0.2095635098439126
3.3000000000000003	0.20857263425163472
3.31	0.20758942069473502
3.3200000000000003	0.20661378704529007
3.33	0.20564565229947043
3.34	0.20468493655883865
3.35	0.20373156101201273
3.36	0.20278544791668804
3.37	0.20184652058200786
3.38	0.2009147033512775
3.39	0.19998992158501103
3.4	0.19907210164430628
3.41	0.19816117087453866
3.42	0.19725705758936807
3.43	0.19635969105505094
3.44	0.195469001475052
3.45	0.19458491997494765
3.46	0.19370737858761639
3.47	0.19283631023870793
3.48	0.19197164873238723
3.49	0.19111332873734516
3.5	0.1902612857730724
3.5100000000000002	0.18941545619638886
3.52	0.18857577718822432
3.5300000000000002	0.18774218674064466
3.54	0.18691462364411823
3.5500000000000003	0.18609302747501755
3.56	0.18527733858335116
3.5700000000000003	0.18446749808072044
3.58	0.18366344782849767
3.59	0.18286513042621952
3.6	0.18207248920019173
3.61	0.1812854681923013
3.62	0.18050401214903106
3.63	0.17972806651067266
3.64	0.1789004469475402
3.65	0.17804758080516533
3.66	0.1772010972759063
3.67	0.17636093135038353
3.68	0.17552701885604244
3.69	0.17469929644414597
3.7	0.1738777015770024
3.71	0.17306217251542624
3.72	0.17225264830642498
3.73	0.17144906877110933
3.74	0.1706513744928204
3.75	0.16985950680547046
3.7600000000000002	0.1690734077820922
3.77	0.16829302022359313
3.7800000000000002	0.16751828764770976
3.79	0.1667491542781585
3.8000000000000003	0.1659855650339787
3.81	0.16522746551906395
3.8200000000000003	0.16447480201187817
3.83	0.16372752145535246
3.84	0.16298557144695922
3.85	0.16224890022895952
3.86	0.16151745667882172
3.87	0.16079119029980518
3.88	0.1600700512117092
3.89	0.15935399014178053
3.9	0.15864295841577938
3.91	0.1579369079491981
3.92	0.15723579123863152
3.93	0.15653956135329491
3.94	0.15584817192668687
3.95	0.15516157714839457
3.96	0.15447973175603827
3.97	0.1538025910273524
3.98	0.15313011077240088
3.99	0.15246224732592392
4.	0.15179895753981315
4.01	0.15114019877571383
4.0200000000000005	0.15048592889775045
4.03	0.14983610626537436
4.04	0.1491906897263305
4.05	0.1485496386097406
4.0600000000000005	0.1479129127193022
4.07	0.14728047232659913
4.08	0.14665227816452317
4.09	0.14602829142080354
4.1	0.1454084737316432
4.11	0.144792787175459
4.12	0.1441811942667242
4.13	0.1435736579499121
4.14	0.1429701415935369
4.15	0.1423706089842926
4.16	0.1417750243212861
4.17	0.14118335221036357
4.18	0.14053464047067693
4.19	0.13987643971808994
4.2	0.1392228796917905
4.21	0.13857391673894257
4.22	0.13792950771968135
4.23	0.1372896099998883
4.24	0.13665418144408428
4.25	0.13602318040843964
4.26	0.13539656573389802
4.2700000000000005	0.13477429673941235
4.28	0.1341563332152907
4.29	0.13354263541665023
4.3	0.1329331640569769
4.3100000000000005	0.13232788030178896
4.32	0.13172674576240292
4.33	0.13112972248979934
4.34	0.13053677296858684
4.3500000000000005	0.12994786011106332
4.36	0.12936294725137107
4.37	0.12878199813974534
4.38	0.12820497693685445
4.39	0.12763184820822937
4.4	0.1270625769187812
4.41	0.12649712842740551
4.42	0.12593546848167148
4.43	0.12537756321259433
4.44	0.12482337912948945
4.45	0.12427288311490797
4.46	0.12372604241964993
4.47	0.12318282465785609
4.48	0.12264319780217554
4.49	0.12210713017900834
4.5	0.12157459046382164
4.51	0.12104554767653807
4.5200000000000005	0.12051997117699485
4.53	0.11999783066047341
4.54	0.11947909615329654
4.55	0.1189637380084935
4.5600000000000005	0.11845172690153112
4.57	0.11794303382610981
4.58	0.11743763009002353
4.59	0.11693548731108241
4.6000000000000005	0.11643657741309697
4.61	0.11594087262192349
4.62	0.11544834546156804
4.63	0.11495896875034971
4.64	0.11447271559712138
4.65	0.11398955939754644
4.66	0.11350947383043189
4.67	0.11303243285411547
4.68	0.11255841070290679
4.69	0.11208738188358101
4.7	0.11161932117192497
4.71	0.11115420360933351
4.72	0.11069200449945675
4.73	0.11023269940489619
4.74	0.10977626414394949
4.75	0.109322674787403
4.76	0.108871907655371
4.7700000000000005	0.10842393931418096
4.78	0.1079787465733047
4.79	0.10753605061751786
4.8	0.10703586573128687
4.8100000000000005	0.10653904108440058
4.82	0.10604554718706223
4.83	0.10555535486872247
4.84	0.10506843527397182
4.8500000000000005	0.10458475985849408
4.86	0.10410430038507994
4.87	0.10362702891969981
4.88	0.10315291782763489
4.89	0.10268193976966536
4.9	0.10221406769831441
4.91	0.10174927485414838
4.92	0.1012875347621303
4.93	0.10082882122802761
4.94	0.10037310833487198
4.95	0.09992037043947116
4.96	0.09947058216897121
4.97	0.09902371841746928
4.98	0.09857975434267491
4.99	0.09813866536262032
5.	0.09770042715241778
5.01	0.09726501564106385
5.0200000000000005	0.09683240700828977
5.03	0.09640257768145705
5.04	0.09597550433249749
5.05	0.09555116387489697
5.0600000000000005	0.09512953346072246
5.07	0.09471059047769136
5.08	0.09429431254628234
5.09	0.09388067751688767
5.1000000000000005	0.0934696634670052
5.11	0.09306124869847066
5.12	0.09265541173472895
5.13	0.09225213131814337
5.14	0.09185138640734329
5.15	0.09145315617460886
5.16	0.091057420003292
5.17	0.09066415748527394
5.18	0.0902733484184579
5.19	0.0898849728042969
5.2	0.0894990108453558
5.21	0.08911544294290696
5.22	0.0887342496945598
5.23	0.08835541189192238
5.24	0.08797891051829576
5.25	0.08760472674639982
5.26	0.08723284193613051
5.2700000000000005	0.08686323763234759
5.28	0.08649589556269315
5.29	0.08613079763543925
5.3	0.08576792593736537
5.3100000000000005	0.0854072627316649
5.32	0.08504879045587946
5.33	0.0846924917198618
5.34	0.0843383493037659
5.3500000000000005	0.0839863461560646
5.36	0.08363646539159357
5.37	0.08328869028962171
5.38	0.08294300429194774
5.39	0.08259939100102198
5.4	0.08225783417809333
5.41	0.08191831774138124
5.42	0.08158082576427164
5.43	0.08124534247353746
5.44	0.08091185224758206
5.45	0.08058033961470668
5.46	0.08025078925140029
5.47	0.07992318598065239
5.48	0.07959751477028774
5.49	0.07927376073132326
5.5	0.07895003016689535
5.51	0.07858245262860367
5.5200000000000005	0.07821724832541382
5.53	0.07785439767692322
5.54	0.07749388129927984
5.55	0.07713568000285927
5.5600000000000005	0.07677977478997315
5.57	0.07642614685260884
5.58	0.07607477757019954
5.59	0.07572564850742451
5.6000000000000005	0.07537874141203942
5.61	0.0750340382127354
5.62	0.07469152101702704
5.63	0.07435117210916911
5.64	0.07401297394810057
5.65	0.07367690916541655
5.66	0.07334296056336746
5.67	0.07301111111288418
5.68	0.07268134395163033
5.69	0.07235364238207971
5.7	0.0720279898696199
5.71	0.07170437004068024
5.72	0.07138276668088518
5.73	0.07106316373323154
5.74	0.07074554529629021
5.75	0.07042989562243093
5.76	0.07011619911607093
5.7700000000000005	0.0698044403319461
5.78	0.06949460397340504
5.79	0.0691866748907252
5.8	0.06888063807945101
5.8100000000000005	0.06857647867875367
5.82	0.06827418196981243
5.83	0.06797373337421625
5.84	0.06767511845238683
5.8500000000000005	0.06737832290202177
5.86	0.06708333255655761
5.87	0.06679013338365297
5.88	0.06649871148369087
5.89	0.0662090530883007
5.9	0.0659211445588987
5.91	0.06563497238524729
5.92	0.06535052318403292
5.93	0.06506778369746177
5.94	0.06478674079187352
5.95	0.06450738145637272
5.96	0.06422969280147744
5.97	0.06395366205778506
5.98	0.06367927657465496
5.99	0.06340652381890781
6.	0.06313539137354116
6.01	0.06286586693646146
6.0200000000000005	0.06259793831923156
6.03	0.062331593445834374
6.04	0.06206682035145168
6.05	0.061803607181258394
6.0600000000000005	0.061541942189231674
6.07	0.06128181373697509
6.08	0.06102321029255727
6.09	0.060766120429364905
6.1000000000000005	0.06051053282497018
6.11	0.06025643626001199
6.12	0.060003819617091135
6.13	0.059752671879679004
6.140000000000001	0.0595029821310399
6.15	0.05925473955316629
6.16	0.05900793342572749
6.17	0.05876255312503099
6.18	0.05851858812299645
6.19	0.058276027986142453
6.2	0.058034862374585515
6.21	0.057795081041051015
6.22	0.05755667382989666
6.23	0.05731963067614726
6.24	0.05708394160454169
6.25	0.05684959672859096
6.26	0.05661658624964789
6.2700000000000005	0.056384900455988
6.28	0.05615452972190146
6.29	0.05592546450679569
6.3	0.055697695354309164
6.3100000000000005	0.05547121289143555
6.32	0.05522526566641361
6.33	0.05496462558086535
6.34	0.05470562412797945
6.3500000000000005	0.054448248445471505
6.36	0.054192485792051874
6.37	0.0539383235460996
6.38	0.05368574920435288
6.390000000000001	0.05343475038061601
6.4	0.05318531480448246
6.41	0.05293743032007361
6.42	0.05269108488479338
6.43	0.05244626656809848
6.44	0.05220296355028334
6.45	0.05196116412128065
6.46	0.05172085667947643
6.47	0.05148202973053978
6.48	0.051244671886266954
6.49	0.05100877186343983
6.5	0.05077431848269818
6.51	0.050541300667425994
6.5200000000000005	0.050309707442651196
6.53	0.050079527933958964
6.54	0.04985075136641831
6.55	0.049623367063521634
6.5600000000000005	0.049397364446137224
6.57	0.04917273303147461
6.58	0.048949462432062156
6.59	0.04872754235473747
6.6000000000000005	0.048506962599649546
6.61	0.04828771305927331
6.62	0.04806978371743592
6.63	0.04785316464835476
6.640000000000001	0.047637846015687005
6.65	0.04742381807159059
6.66	0.04721107115579654
6.67	0.04699959569469221
6.68	0.046789382200415675
6.69	0.04658042126996069
6.7	0.04637270358429256
6.71	0.04616621990747436
6.72	0.04596096108580361
6.73	0.045756918046959034
6.74	0.04555408179915775
6.75	0.0453524434303221
6.76	0.04515199410725638
6.7700000000000005	0.04495272507483341
6.78	0.04475462765519071
6.79	0.0445576932469357
6.8	0.044361913324360874
6.8100000000000005	0.044167279436667595
6.82	0.043973783207199364
6.83	0.04378141633268386
6.84	0.043590170582483746
6.8500000000000005	0.04340003779785654
6.86	0.043211009891222694
6.87	0.0430230788454424
6.88	0.04283623671310084
6.890000000000001	0.042650475615801424
6.9	0.042465787743467626
6.91	0.04228216535365245
6.92	0.04209960077085621
6.93	0.041918086385851885
6.94	0.041737614655018546
6.95	0.04155817809968204
6.96	0.04137976930546364
6.97	0.041202380921635855
6.98	0.04102600566048577
6.99	0.040850636296685575
7.	0.04067626566667026
7.01	0.04050288666802252
7.0200000000000005	0.04033049225886452
7.03	0.04015907545725657
7.04	0.03998862934060272
7.05	0.039819147045062966
7.0600000000000005	0.039650621764972194
7.07	0.03948304675226564
7.08	0.03931641531591079
7.09	0.03915072082134576
7.1000000000000005	0.03898595668992394
7.11	0.03882211639836487
7.12	0.03865919347821123
7.13	0.03849718151529202
7.140000000000001	0.038336074149191705
7.15	0.0381758650727251
7.16	0.03801654803141847
7.17	0.03785811682299608
7.18	0.03770056529687251
7.19	0.03754388735365087
7.2	0.03738807694462622
7.21	0.037233128071294655
7.22	0.03707903478486787
7.23	0.03692579118579294
7.24	0.036773391423277575
7.25	0.0366215489587234
7.26	0.03644430056477149
7.2700000000000005	0.03626815226080934
7.28	0.036093095720009134
7.29	0.03591912268988691
7.3	0.03574622499153794
7.3100000000000005	0.03557439451888121
7.32	0.035403623237912484
7.33	0.03523390318596633
7.34	0.035065226470986186
7.3500000000000005	0.03489758527080343
7.36	0.03473097183242444
7.37	0.03456537847132609
7.38	0.034400797570759006
7.390000000000001	0.034237221581059324
7.4	0.034074643018968044
7.41	0.03391305446695825
7.42	0.033752448572570044
7.43	0.03359281804775325
7.44	0.033434155668217294
7.45	0.03327645427278892
7.46	0.03311970676277686
7.47	0.03296390610134396
7.48	0.03280904531288644
7.49	0.03265511748242002
7.5	0.03250211575497322
7.51	0.03235003333498743
7.5200000000000005	0.03219886348572379
7.53	0.03204859952867675
7.54	0.03189923484299428
7.55	0.031750762864904455
7.5600000000000005	0.03160317708714888
7.57	0.03145647105842201
7.58	0.03131063838281701
7.59	0.031165672719277906
7.6000000000000005	0.031021567781057625
7.61	0.030878317335182308
7.62	0.03073591520192145
7.63	0.030594355254264054
7.640000000000001	0.030453631417400602
7.65	0.030313737668210692
7.66	0.03017466803475644
7.67	0.030036416595781573
7.68	0.029898977480215937
7.69	0.029762344866685463
7.7	0.02962651298302775
7.71	0.029491476105812844
7.72	0.029357228559869192
7.73	0.029223764717815074
7.74	0.02909107899959498
7.75	0.02895916587202122
7.76	0.028828019848320365
7.7700000000000005	0.02869763548768482
7.78	0.028568007394829287
7.79	0.028439130219552022
7.8	0.028310998656300847
7.8100000000000005	0.028183607443743968
7.82	0.028056951364345363
7.83	0.02793102524394498
7.84	0.027805823951343202
7.8500000000000005	0.027681342397890038
7.86	0.027557575537078723
7.87	0.027434518364143557
7.88	0.027312165915662337
7.890000000000001	0.02719051326916287
7.9	0.02706955554273382
7.91	0.026949287894639663
7.92	0.02682970552293993
7.930000000000001	0.026710803665112345
7.94	0.026592577597680064
7.95	0.02647502263584311
7.96	0.026358134133113303
7.97	0.026241907480953588
7.98	0.026126338108420775
7.99	0.02601142148181244
8.	0.025897153104317266
8.01	0.025783528515669348
8.02	0.025670543291806076
8.03	0.025558193044529526
8.040000000000001	0.0254464734211716
8.05	0.025335380104262673
8.06	0.025224908811203685
8.07	0.025115055293941667
8.08	0.025005815338648762
8.09	0.02489718476540458
8.1	0.024789159427881933
8.11	0.02468173521303576
8.120000000000001	0.024574908040795422
8.13	0.024468673863760153
8.14	0.024363028666897747
8.15	0.02425796846724633
8.16	0.02415348931361927
8.17	0.024049587286313116
8.18	0.023946258496818782
8.19	0.02384349908753532
8.2	0.023741305231487077
8.21	0.023639673132043616
8.22	0.02353859902264242
8.23	0.02343807916651466
8.24	0.023338109856413724
8.25	0.023238687414346457
8.26	0.023139808191307284
8.27	0.023041468567015062
8.28	0.02294366494965252
8.290000000000001	0.022846393775608497
8.3	0.022749651509222826
8.31	0.022653434642533686
8.32	0.022557739695027664
8.33	0.022454458170521423
8.34	0.02234641477991185
8.35	0.022239019795949173
8.36	0.02213226855775756
8.370000000000001	0.02202615644348305
8.38	0.02192067886992071
8.39	0.021815831292145864
8.4	0.021711609203149247
8.41	0.02160800813347611
8.42	0.021505023650869096
8.43	0.021402651359915006
8.44	0.0213008869016953
8.45	0.02119972595344039
8.46	0.02109916422818745
8.47	0.020999197474442042
8.48	0.02089982147584326
8.49	0.020801032050832377
8.5	0.020702825052325124
8.51	0.020605196367387283
8.52	0.020508141916913827
8.53	0.02041165765531148
8.540000000000001	0.02031573957018439
8.55	0.02022038368202342
8.56	0.020125586043898525
8.57	0.020031342741154364
8.58	0.019937649891109136
8.59	0.019844503642756688
8.6	0.01975190017647146
8.61	0.019659835703716842
8.620000000000001	0.01956830646675634
8.63	0.01947730873836783
8.64	0.019386838821560868
8.65	0.019296893049296826
8.66	0.019207467784211996
8.67	0.019118559418343513
8.68	0.019030164372858285
8.69	0.018942279097784478
8.700000000000001	0.018854900071746027
8.71	0.01876802380169968
8.72	0.01868164682267499
8.73	0.018595765697516725
8.74	0.018510377016630122
8.75	0.01842547739772872
8.76	0.018341063485584765
8.77	0.01825713195178215
8.78	0.018173679494471937
8.790000000000001	0.018090702838130406
8.8	0.01800819873331951
8.81	0.017926163956449772
8.82	0.017844595309545727
8.83	0.01776348962001358
8.84	0.017682843740411406
8.85	0.017602654548221554
8.86	0.017522918945625406
8.870000000000001	0.017443633859280425
8.88	0.017364796240099567
8.89	0.01728640306303267
8.9	0.01720845132685035
8.91	0.017130938053929845
8.92	0.01705334675584345
8.93	0.01696920283025974
8.94	0.016885567561625216
8.950000000000001	0.016802437311248777
8.96	0.01671980847049305
8.97	0.016637677460493053
8.98	0.016556040731877757
8.99	0.0164748947644945
9.	0.016394236067136327
9.01	0.016314061177272264
9.02	0.016234366660780174
9.03	0.01615514911168263
9.040000000000001	0.016076405151885378
9.05	0.01599813143091861
9.06	0.01592032462568083
9.07	0.015842981440185484
9.08	0.015766098605310124
9.09	0.015689672878548163
9.1	0.015613701043763249
9.11	0.015538179910946198
9.120000000000001	0.015463106315974287
9.13	0.015388477120373178
9.14	0.015314289211081222
9.15	0.015240539500216194
9.16	0.015167224924844389
9.17	0.01509434244675216
9.18	0.015021889052219684
9.19	0.014949861751797208
9.200000000000001	0.014878257580083362
9.21	0.014807073595505944
9.22	0.014736306880104766
9.23	0.014665954539316873
9.24	0.014596013701763813
9.25	0.014526481519041103
9.26	0.014457355165509878
9.27	0.014388631838090651
9.28	0.01432030875605907
9.290000000000001	0.014252383160843818
9.3	0.014184852315826602
9.31	0.014117713506143995
9.32	0.014050964038491461
9.33	0.013984601240929253
9.34	0.013918622462690279
9.35	0.013853025073989868
9.36	0.013787806465837578
9.370000000000001	0.013722964049850702
9.38	0.01365849525806976
9.39	0.013594397542775855
9.4	0.013530668376309746
9.41	0.013467305250892863
9.42	0.01340430567845
9.43	0.013341667190433814
9.44	0.013279387337651084
9.450000000000001	0.01321746369009068
9.46	0.013155893836753281
9.47	0.013094675385482675
9.48	0.01303380596279888
9.49	0.012973283213732782
9.5	0.012913104801662524
9.51	0.01285326840815143
9.52	0.012793771732787548
9.53	0.012734612493024782
9.540000000000001	0.012675788424025622
9.55	0.012617297278505368
9.56	0.01255740478354553
9.57	0.012493379572558423
9.58	0.012429747157087126
9.59	0.012366504721075906
9.6	0.012303649471564523
9.61	0.01224117863847509
9.620000000000001	0.01217908947440096
9.63	0.012117379254397976
9.64	0.012056045275777675
9.65	0.011995084857902743
9.66	0.011934495341984468
9.67	0.011874274090882316
9.68	0.011814418488905552
9.69	0.011754925941616813
9.700000000000001	0.011695793875637748
9.71	0.01163701973845665
9.72	0.011578600998237952
9.73	0.011520535143633725
9.74	0.011462819683597102
9.75	0.011405452147197497
9.76	0.011348430083437793
9.77	0.01129175106107336
9.78	0.011235412668432814
9.790000000000001	0.011179412513240674
9.8	0.011123748222441809
9.81	0.01106841744202758
9.82	0.01101341783686378
9.83	0.01095874709052027
9.84	0.010904402905102382
9.85	0.010850383001083957
9.86	0.010796685117142059
9.870000000000001	0.010743307009993337
9.88	0.010690246454232095
9.89	0.010637501242169877
9.9	0.0105850691836767
9.91	0.010532948106023867
9.92	0.010481135853728334
9.93	0.010429630288398654
9.94	0.010378429288582389
9.950000000000001	0.01032753074961512
9.96	0.010276932583470845
9.97	0.010226632718613975
9.98	0.01017662909985274
9.99	0.010126919688193979
10.	0.01007750246069949
10.01	0.010028375410343696
10.02	0.009979536545872776
10.03	0.009930983891665125
10.040000000000001	0.009882715487593258
10.05	0.009834729388886975
10.06	0.009787023665997981
10.07	0.009739596404465724
10.08	0.009692445704784612
10.09	0.009645569682272528
10.1	0.009598966466940619
10.11	0.009552634203364318
10.120000000000001	0.00950657105055569
10.13	0.009460775181836979
10.14	0.009415244784715416
10.15	0.009369978060759176
10.16	0.009324973225474665
10.17	0.009280228508184855
10.18	0.009235742151908902
10.19	0.009191512413242876
10.200000000000001	0.009147537562241698
10.21	0.009103815882302121
10.22	0.009060345670047007
10.23	0.009017125235210493
10.24	0.00897415290052448
10.25	0.008927311108227897
10.26	0.008880428140326656
10.27	0.00883383669800248
10.28	0.00878753468728547
10.290000000000001	0.008741520031262329
10.3	0.008695790669921004
10.31	0.008650344559996933
10.32	0.008605179674820846
10.33	0.008560294004168068
10.34	0.008515685554109337
10.35	0.008471352346863125
10.36	0.008427292420649466
10.370000000000001	0.008383503829545206
10.38	0.008339984643340684
10.39	0.008296732947397908
10.4	0.008253746842510101
10.41	0.008211024444762667
10.42	0.008168563885395523
10.43	0.008126363310666816
10.44	0.008084420881717982
10.450000000000001	0.008042734774440178
10.46	0.008001303179341978
10.47	0.007960124301418438
10.48	0.007919196360021445
10.49	0.007878517588731317
10.5	0.007838086235229705
10.51	0.007797900561173752
10.52	0.00775795884207145
10.53	0.00771825936715829
10.540000000000001	0.007678800439275099
10.55	0.00763958037474702
10.56	0.007600597503263783
10.57	0.007561850167761098
10.58	0.0075233367243031915
10.59	0.007485055541966534
10.6	0.007447005002724724
10.61	0.007409183501334394
10.620000000000001	0.007371589445222355
10.63	0.007334221254373788
10.64	0.007297077361221492
10.65	0.0072601562105362935
10.66	0.007223456259318446
10.67	0.007186975976690124
10.68	0.007150713843788973
10.69	0.007114668353662649
10.700000000000001	0.00707883801116441
10.71	0.007043221332849723
10.72	0.007007816846873872
10.73	0.006972623092890532
10.74	0.006937638621951354
10.75	0.006902861996406498
10.76	0.006868291789806138
10.77	0.006833926586802907
10.78	0.006799764983055283
10.790000000000001	0.0067658055851319
10.8	0.00673204701041683
10.81	0.00669848788701566
10.82	0.006665126853662591
10.83	0.0066319625596283445
10.84	0.006598993664629027
10.85	0.006566218838735756
10.86	0.006533636762285279
10.870000000000001	0.006501246125791329
10.88	0.006469045629856918
10.89	0.006437033985087408
10.9	0.006405209912004422
10.91	0.006373572140960602
10.92	0.0063421194120551515
10.93	0.006310850475050157
10.94	0.006279764089287762
10.950000000000001	0.006248859023608075
10.96	0.006218134056267901
10.97	0.006187587974860171
10.98	0.006154877613532198
10.99	0.0061212944294959295
11.	0.006087924781607116
11.01	0.006054767119836531
11.02	0.0060218199067995784
11.03	0.0059890816176417765
11.040000000000001	0.005956550739925423
11.05	0.0059242257735173534
11.06	0.005892105230477818
11.07	0.005860187634950523
11.08	0.005828471523053624
11.09	0.005796955442771952
11.1	0.005765637953850213
11.11	0.005734517627687265
11.120000000000001	0.005703593047231454
11.13	0.005672862806876987
11.14	0.00564232551236127
11.15	0.005611979780663343
11.16	0.0055818242399032466
11.17	0.005551857529242411
11.18	0.005522078298785011
11.19	0.005492485209480316
11.200000000000001	0.005463076933025947
11.21	0.0054338521517721255
11.22	0.005404809558626861
11.23	0.005375947856962009
11.24	0.005347265760520329
11.25	0.005318761993323402
11.26	0.005290435289580434
11.27	0.005262284393597986
11.28	0.005234308059690568
11.290000000000001	0.005206505052092079
11.3	0.005178874144868171
11.31	0.005151414121829379
11.32	0.005124123776445163
11.33	0.005097001911758752
11.34	0.005070047340302819
11.35	0.005043258884015976
11.36	0.005016635374160066
11.370000000000001	0.004990175651238268
11.38	0.004963878564914005
11.39	0.00493774297393056
11.4	0.004911767746031588
11.41	0.004885951757882273
11.42	0.004860293894991334
11.43	0.0048347930516337324
11.44	0.004809448130774111
11.450000000000001	0.0047842580439910465
11.46	0.0047592217114019114
11.47	0.004734338061588553
11.48	0.004709606031523628
11.49	0.004685024566497672
11.5	0.00466059262004684
11.51	0.004636309153881378
11.52	0.0046121731378147195
11.53	0.0045881835496932874
11.540000000000001	0.004564339375327
11.55	0.004540639608420366
11.56	0.00451708325050427
11.57	0.004493669310868441
11.58	0.004470396806494485
11.59	0.004447264761989624
11.6	0.004424272209521018
11.61	0.004401418188750733
11.620000000000001	0.0043787017467712954
11.63	0.004356121938041907
11.64	0.004333677824325197
11.65	0.00431136847462461
11.66	0.00428919296512239
11.67	0.004267150379118127
11.68	0.004245239806967876
11.69	0.004223460346023891
11.700000000000001	0.004201811100574868
11.71	0.0041802911817867845
11.72	0.004158899707644291
11.73	0.004137635802892642
11.74	0.004116498598980168
11.75	0.0040954872340013
11.76	0.004074179560166572
11.77	0.0040513741073784386
11.78	0.004028715514736025
11.790000000000001	0.0040062027130378566
11.8	0.0039838346417640615
11.81	0.003961610248998583
11.82	0.003939528491352186
11.83	0.003917588333886215
11.84	0.0038957887500370605
11.85	0.003874128721541421
11.86	0.003852607238362259
11.870000000000001	0.0038312232986154617
11.88	0.003809975908497273
11.89	0.003788864082212385
11.9	0.0037678868419027305
11.91	0.0037470432175770005
11.92	0.0037263322470408185
11.93	0.0037057529758275937
11.94	0.003685304457130059
11.950000000000001	0.0036649857517324575
11.96	0.0036447959279434037
11.97	0.003624734061529365
11.98	0.0036047992356488083
11.99	0.0035849905407869904
12.	0.0035653070746913553
12.01	0.003545747942307565
12.02	0.0035263122557161295
12.030000000000001	0.003506999134069688
12.040000000000001	0.0034878077035308485
12.05	0.0034687370972106596
12.06	0.003449786455107633
12.07	0.0034309549240473932
12.08	0.0034122416576228914
12.09	0.0033936458161351658
12.1	0.0033751665665347074
12.11	0.003356803082363358
12.120000000000001	0.003338554543696788
12.13	0.0033204201370875016
12.14	0.003302399055508386
12.15	0.0032844904982968206
12.16	0.003266693671099306
12.17	0.003249007785816587
12.18	0.0032314320605493687
12.19	0.0032139657195444783
12.200000000000001	0.0031966079931415726
12.21	0.0031793581177203645
12.22	0.0031622153356482994
12.23	0.0031451788952287824
12.24	0.00312824805064985
12.25	0.003111422061933361
12.26	0.003094700194884652
12.27	0.0030780817210426673
12.280000000000001	0.003061565917630551
12.290000000000001	0.003045152067506742
12.3	0.003028839459116456
12.31	0.0030126273864437285
12.32	0.002996515148963792
12.33	0.002980502051596006
12.34	0.0029645874046571406
12.35	0.0029487705238151665
12.36	0.002933050730043437
12.370000000000001	0.0029174273495753077
12.38	0.002901899713859199
12.39	0.002886467159514053
12.4	0.002871129028285214
12.41	0.0028558846670007324
12.42	0.0028407334275280557
12.43	0.0028256746667311484
12.44	0.002810707746427986
12.450000000000001	0.0027958320333484597
12.46	0.0027810468990926646
12.47	0.0027663517200895897
12.48	0.0027517458775561583
12.49	0.0027372287574566868
12.5	0.0027227997504627017
12.51	0.0027084582519131166
12.52	0.0026942036617747956
12.530000000000001	0.0026800353846034796
12.540000000000001	0.0026659528295050684
12.55	0.002651955410097248
12.56	0.0026380425444715
12.57	0.0026242136551554275
12.58	0.002610468169075465
12.59	0.0025968055175198943
12.6	0.0025831166513646934
12.61	0.0025686615999084483
12.620000000000001	0.0025542988011170867
12.63	0.0025400275938289103
12.64	0.0025258473221387526
12.65	0.0025117573353520607
12.66	0.002497756987939443
12.67	0.0024838456394916278
12.68	0.002470022654674846
12.69	0.002456287403186662
12.700000000000001	0.0024426392597122083
12.71	0.002429077603880818
12.72	0.0024156018202231154
12.73	0.0024022112981284447
12.74	0.002388905431802771
12.75	0.002375683620226925
12.76	0.0023625452671152862
12.77	0.002349489780874803
12.780000000000001	0.0023365165745644636
12.790000000000001	0.0023236250658550893
12.8	0.002310814676989539
12.81	0.002298084834743281
12.82	0.0022854349703853357
12.83	0.0022728645196395765
12.84	0.002260372922646408
12.85	0.002247959623924802
12.86	0.0022356240723346655
12.870000000000001	0.002223365721039595
12.88	0.0022111840274699496
12.89	0.0021990784532862997
12.9	0.002187048464343179
12.91	0.002175093530653212
12.92	0.0021632131263515514
12.93	0.002151406729660661
12.94	0.002139673822855407
12.950000000000001	0.0021280138922285027
12.96	0.0021164264280562465
12.97	0.0021049109245646035
12.98	0.0020934668798955718
12.99	0.0020820937960738975
13.	0.0020707911789740563
13.01	0.0020595585382875803
13.02	0.0020483953874906673
13.030000000000001	0.0020373012438120765
13.040000000000001	0.0020262756282013574
13.05	0.00201531806529734
13.06	0.002004428083396918
13.07	0.0019936052144241432
13.08	0.0019828489938995813
13.09	0.001972158960909959
13.1	0.001961534658078091
13.11	0.0019509756315330726
13.120000000000001	0.0019404814308807664
13.13	0.0019300516091745369
13.14	0.0019196857228862738
13.15	0.00190938333187766
13.16	0.0018991439993717347
13.17	0.0018889672919246662
13.18	0.0018788527793978345
13.19	0.0018688000349301413
13.200000000000001	0.0018588086349105707
13.21	0.0018488781589510188
13.22	0.0018390081898593512
13.23	0.0018291983136127126
13.24	0.0018194481193310927
13.25	0.0018097571992511077
13.26	0.001800125148700034
13.27	0.0017905515660700847
13.280000000000001	0.0017810360527929048
13.290000000000001	0.001771578213314298
13.3	0.0017621776550692057
13.31	0.0017528339884568768
13.32	0.001743546826816291
13.33	0.0017343157864017891
13.34	0.001725140486358924
13.35	0.0017160205487005418
13.36	0.0017069555982830668
13.370000000000001	0.0016979452627830024
13.38	0.0016889891726736407
13.39	0.001680086961201991
13.4	0.0016712382643659118
13.41	0.00166244272089144
13.42	0.0016536999722103344
13.43	0.0016450096624378125
13.44	0.0016363714383505013
13.450000000000001	0.00162778494936456
13.46	0.0016192498475140228
13.47	0.001610765787429328
13.48	0.0016023324263160317
13.49	0.0015939494239337166
13.5	0.0015856166482306332
13.51	0.00157736512924761
13.52	0.0015691626088738635
13.530000000000001	0.0015610087602298804
13.540000000000001	0.0015529032588560933
13.55	0.0015448457826932108
13.56	0.0015368360120626863
13.57	0.0015288736296473963
13.58	0.0015209583204724756
13.59	0.0015130897718863116
13.6	0.0015052676735417228
13.61	0.0014974917173772957
13.620000000000001	0.0014897615975988827
13.63	0.0014820770106612861
13.64	0.001474437655250052
13.65	0.0014668432322634912
13.66	0.0014592934447948045
13.67	0.001451787998114395
13.68	0.001444326599652324
13.69	0.0014369089589809205
13.700000000000001	0.0014295347877975508
13.71	0.0014222037999075316
13.72	0.001414915711207198
13.73	0.0014076702396671156
13.74	0.0014004671053154364
13.75	0.0013933060302214193
13.76	0.0013861867384790658
13.77	0.0013791089561909179
13.780000000000001	0.0013720724114519996
13.790000000000001	0.0013650768343338787
13.8	0.0013581219568688878
13.81	0.0013512075130344772
13.82	0.0013443332387376944
13.83	0.0013374988717998085
13.84	0.0013307041519410683
13.85	0.0013239488207655843
13.86	0.0013172326217463536
13.870000000000001	0.001310555300210404
13.88	0.0013039166033240715
13.89	0.0012973162800783995
13.9	0.0012907540812746835
13.91	0.0012842297595101106
13.92	0.00127774306916355
13.93	0.0012712937663814472
13.94	0.0012648816090638573
13.950000000000001	0.0012585063568505812
13.96	0.0012521677711074268
13.97	0.001245865614912603
13.98	0.0012395996530432042
13.99	0.001233369651961835
14.	0.0012271753798033338
14.01	0.001221016606361623
14.02	0.0012148931030766562
14.030000000000001	0.001208804643021493
14.040000000000001	0.001202751000889479
14.05	0.0011967319529815276
14.06	0.0011907472771935193
14.07	0.001184796753003815
14.08	0.0011788801614608525
14.09	0.0011729972851708772
14.1	0.001167147908285757
14.11	0.0011613318164909081
14.120000000000001	0.0011555487969933259
14.13	0.0011497986385097152
14.14	0.001144081131254718
14.15	0.0011383960669292508
14.16	0.0011327432387089249
14.17	0.0011271224412325877
14.18	0.0011215334705909376
14.19	0.0011159761243152517
14.200000000000001	0.0011104502013661991
14.21	0.0011049555021227584
14.22	0.0010994918283712184
14.23	0.001094058983294277
14.24	0.0010886567714602365
14.25	0.0010832849988122852
14.26	0.0010779434726578597
14.27	0.0010726320016581207
14.280000000000001	0.0010673503958174904
14.290000000000001	0.0010620984664733034
14.3	0.0010568760262855213
14.31	0.0010516828892265498
14.32	0.0010465188705711356
14.33	0.0010413837868863515
14.34	0.0010362774560216522
14.35	0.0010311996970990352
14.36	0.0010261503305032656
14.370000000000001	0.0010211291778721918
14.38	0.0010161360620871381
14.39	0.0010111708072633842
14.4	0.0010062332387407121
14.41	0.0010013231830740467
14.42	0.0009964404680241588
14.43	0.0009915849225484595
14.44	0.0009867563767918636
14.450000000000001	0.000981954662077731
14.46	0.0009771796108988824
14.47	0.000972982807945621
14.48	0.0009694629352827837
14.49	0.0009659582129874367
14.5	0.0009624685654604798
14.51	0.0009589939175318154
14.52	0.0009555341944576122
14.530000000000001	0.0009520893219176044
14.540000000000001	0.0009486592260123976
14.55	0.0009452438332608011
14.56	0.0009418430705971737
14.57	0.0009384568653687937
14.58	0.000935085145333239
14.59	0.0009317278386557962
14.6	0.0009283848739068788
14.61	0.0009250561800594691
14.620000000000001	0.0009217416864865734
14.63	0.0009184413229587008
14.64	0.0009151550196413557
14.65	0.0009118827070925463
14.66	0.0009086243162603139
14.67	0.000905379778480278
14.68	0.0009021490254732017
14.69	0.0008989319893425647
14.700000000000001	0.0008957286025721659
14.71	0.0008925387980237339
14.72	0.000889362508934555
14.73	0.0008861996689151212
14.74	0.0008830502119467931
14.75	0.0008799140723794753
14.76	0.0008767911849293156
14.77	0.0008736814846764114
14.780000000000001	0.0008705849070625381
14.790000000000001	0.000867501387888893
14.8	0.0008644308633138479
14.81	0.000861373269850731
14.82	0.000858328544365605
14.83	0.0008552966240750792
14.84	0.000852277446544126
14.85	0.0008492709496839147
14.86	0.0008462770717496584
14.870000000000001	0.0008432957513384834
14.88	0.0008403269273873029
14.89	0.0008373705391707104
14.9	0.0008344265262988907
14.91	0.0008314948287155381
14.92	0.0008285753866957942
14.93	0.000825668140844198
14.94	0.0008227730320926489
14.950000000000001	0.0008198900016983896
14.96	0.0008170189912419921
14.97	0.0008141599426253675
14.98	0.000811312798069783
14.99	0.0008084775001138974
15.	0.0008056539916118063
15.01	0.0008028422157310991
15.02	0.0008000421159509389
15.030000000000001	0.0007972536360601406
15.040000000000001	0.0007944767201552747
15.05	0.0007917113126387778
15.06	0.000788957358217078
15.07	0.0007862148018987332
15.08	0.0007834835889925761
15.09	0.0007807636651058848
15.1	0.0007780549761425539
15.11	0.0007753574683012804
15.120000000000001	0.0007726710880737663
15.13	0.00076999578224293
15.14	0.0007673314978811296
15.15	0.000764678182348398
15.16	0.0007620357832906943
15.17	0.000759404248638159
15.18	0.0007567835266033894
15.19	0.0007541735656797223
15.200000000000001	0.000751574314639524
15.21	0.0007489857225325027
15.22	0.0007464077386840232
15.23	0.0007438403126934345
15.24	0.000741283394432413
15.25	0.0007387369340433108
15.26	0.0007362008819375189
15.27	0.0007336751887938413
15.280000000000001	0.0007311598055568785
15.290000000000001	0.000728654683435422
15.3	0.0007261597739008607
15.31	0.0007236750286855972
15.32	0.0007212003997814725
15.33	0.0007187358394382088
15.34	0.0007162813001618511
15.35	0.0007138367347132283
15.36	0.0007114020961064236
15.370000000000001	0.0007089773376072486
15.38	0.0007065624127317346
15.39	0.0007041572752446326
15.4	0.0007017618791579204
15.41	0.0006993761787293212
15.42	0.0006970001284608328
15.43	0.000694633683097265
15.44	0.00069227679762479
15.450000000000001	0.000689929427269495
15.46	0.0006875915274959558
15.47	0.0006959725482000647
15.48	0.0007129119728806301
15.49	0.0007302523491545802
15.5	0.0007480028993564749