0.01	3.486206223067838
0.02	2.0414897259381277
0.03	1.5622789884943886
0.04	1.325937238649219
0.05	1.1779400481682172
0.06	1.0796249407513183
0.07	1.008925513745445
0.08	0.9560709950453382
0.09	0.9152259591572178
0.1	0.8830038902626667
0.11	0.8568002191517302
0.12	0.8356945427597959
0.13	0.8172335582919221
0.14	0.8008821185976115
0.15	0.7871670193996425
0.16	0.7750238350779654
0.17	0.7640114617955006
0.18	0.753919690099388
0.19	0.7445689717327207
0.2	0.7361680246676363
0.21	0.7282650248434738
0.22	0.7209877625842491
0.23	0.714396579231532
0.24	0.708142428761207
0.25	0.7022804700214453
0.26	0.697111342103928
0.27	0.6921732464381345
0.28	0.6874478555513277
0.29	0.6827867112774473
0.3	0.6781775844126674
0.31	0.6737492061996178
0.32	0.6694889912163732
0.33	0.6653152721248583
0.34	0.6610976682117568
0.35000000000000003	0.6570279177197313
0.36	0.6530968296470252
0.37	0.6492960198782634
0.38	0.6455208840543758
0.39	0.6417293683327384
0.4	0.6380552829169721
0.41000000000000003	0.6344921884006828
0.42	0.6310341447838367
0.43	0.6276756619273853
0.44	0.6243637610880625
0.45	0.6211344502942671
0.46	0.617992275632934
0.47000000000000003	0.6149330668530854
0.48	0.6119529366943313
0.49	0.6090482562559796
0.5	0.6060638073832897
0.51	0.6029697539363875
0.52	0.5999511220411413
0.53	0.597004674914446
0.54	0.5941273724557129
0.55	0.5913163559133202
0.56	0.5885689340006856
0.5700000000000001	0.5858473152614024
0.58	0.5829005028419306
0.59	0.580018510726018
0.6	0.5771988501309294
0.61	0.5744391672982421
0.62	0.571737234096539
0.63	0.569090939417721
0.64	0.5664982812884972
0.65	0.5639573596274549
0.66	0.5613235541327456
0.67	0.5586750588446642
0.68	0.5560780223247952
0.6900000000000001	0.5535307097762825
0.7000000000000001	0.551031468953476
0.71	0.5485787251208386
0.72	0.5461709763857533
0.73	0.5438067893727397
0.74	0.5414847952098012
0.75	0.5392029241550439
0.76	0.5366963906074927
0.77	0.5342340477446135
0.78	0.5318145575706577
0.79	0.5294366390939184
0.8	0.5270990652131067
0.81	0.524800659810286
0.8200000000000001	0.5225402950343034
0.8300000000000001	0.520316888760075
0.84	0.5181294022103851
0.85	0.5159768377279969
0.86	0.513858236686942
0.87	0.5116070802970568
0.88	0.5093714466709701
0.89	0.507170679507639
0.9	0.5050038523507594
0.91	0.5028700733058673
0.92	0.500768483388099
0.93	0.49869825496591436
0.9400000000000001	0.49665859029423987
0.9500000000000001	0.49464872013100525
0.96	0.4926679024315125
0.97	0.49071542111549427
0.98	0.488790584902117
0.99	0.48686735923506963
1.	0.484809151305866
1.01	0.4827799950541019
1.02	0.4807791988092276
1.03	0.47880609394222196
1.04	0.476860033883234
1.05	0.4749403931900893
1.06	0.4730465666645693
1.07	0.4711779685135936
1.08	0.46933403155261927
1.09	0.4675142064487728
1.1	0.4657179610013829
1.11	0.4639447794577468
1.12	0.4621941618621057
1.1300000000000001	0.46046562343593295
1.1400000000000001	0.4586876758025809
1.1500000000000001	0.45685790646012714
1.16	0.45505118424184104
1.17	0.4532670238964504
1.18	0.4515049544246052
1.19	0.44976451854377986
1.2	0.44804527217756757
1.21	0.4463467839680645
1.22	0.4446686348101131
1.23	0.4430104174062604
1.24	0.441371735841346
1.25	0.4397522051757051
1.26	0.43815145105603104
1.27	0.4365691093429953
1.28	0.43500482575478006
1.29	0.43345825552572337
1.3	0.43192906307932627
1.31	0.4303238988101714
1.32	0.42869134547059096
1.33	0.4270772370692706
1.34	0.42548122886165285
1.35	0.42390298505724394
1.36	0.4223421785228017
1.37	0.4207984904974603
1.3800000000000001	0.41927161031922916
1.3900000000000001	0.41776123516233443
1.4000000000000001	0.4162670697848951
1.41	0.41478882628646124
1.42	0.4133262238749581
1.43	0.41187898864261063
1.44	0.4104468533504406
1.45	0.40902955722095136
1.46	0.40762684573863717
1.47	0.4062384704579674
1.48	0.40486418881851954
1.49	0.4035037639669475
1.5	0.40211319183818983
1.51	0.40065965453450764
1.52	0.3992209139094443
1.53	0.39779672346700357
1.54	0.3963868423938406
1.55	0.3949910353923851
1.56	0.3936090725199049
1.57	0.3922407290332629
1.58	0.3908857852391286
1.59	0.3895440263494223
1.6	0.38821524234177507
1.61	0.3868992278248027
1.62	0.3855957819079963
1.6300000000000001	0.3843047080760466
1.6400000000000001	0.3830258140674225
1.6500000000000001	0.3817589117570354
1.6600000000000001	0.38050381704283043
1.67	0.3792603497361457
1.68	0.37802833345569714
1.69	0.37680759552504595
1.7	0.37559796687341507
1.71	0.374399281939726
1.72	0.373191447872743
1.73	0.37191082242456347
1.74	0.37064193478374274
1.75	0.36938461082907564
1.76	0.36813867999809463
1.77	0.3669039751946168
1.78	0.36568033269920086
1.79	0.3644675920824035
1.8	0.3632655961207356
1.81	0.3620741907152167
1.82	0.36089322481243646
1.83	0.3597225503280316
1.84	0.3585620220724896
1.85	0.3574114976792
1.86	0.35627083753467104
1.87	0.3551399047108352
1.8800000000000001	0.3540185648993706
1.8900000000000001	0.35290668634796957
1.9000000000000001	0.3518041397984841
1.9100000000000001	0.3507107984268838
1.92	0.34962653778496705
1.93	0.34855123574376085
1.94	0.34748477243855513
1.95	0.3464270302155155
1.96	0.3453778935798206
1.97	0.3443372491452728
1.98	0.34323006055781125
1.99	0.3421054538200461
2.	0.3409901414112937
2.0100000000000002	0.339884000620175
2.02	0.3387869109554305
2.0300000000000002	0.3376987540950041
2.04	0.3366194138365416
2.05	0.3355487760492519
2.06	0.3344867286270927
2.07	0.33343316144323343
2.08	0.33238796630575773
2.09	0.3313510369145644
2.1	0.33032226881942844
2.11	0.3293015593791879
2.12	0.3282888077220176
2.13	0.3272839147067602
2.14	0.32628678288527674
2.15	0.3252973164657896
2.16	0.32431542127718405
2.17	0.3233410047342418
2.18	0.3223739758037741
2.19	0.3214142449716325
2.2	0.320461724210565
2.21	0.3195163269488968
2.22	0.3185779680400079
2.23	0.31764656373258543
2.24	0.31672203164162627
2.25	0.31580429072016986
2.2600000000000002	0.3148932612317372
2.27	0.3139513320426098
2.2800000000000002	0.312980786822625
2.29	0.3120174697565406
2.3000000000000003	0.3110612957997003
2.31	0.3101121812721236
2.32	0.3091700438308152
2.33	0.308234802442754
2.34	0.30730637735854005
2.35	0.30638469008668234
2.36	0.3054696633685078
2.37	0.3045612211536745
2.38	0.30365928857627394
2.39	0.3027637919315008
2.4	0.3018746586528808
2.41	0.300991817290036
2.42	0.30011519748697496
2.43	0.2992447299608929
2.44	0.29838034648146805
2.45	0.2975219798506402
2.46	0.29666956388285814
2.47	0.29582303338578325
2.48	0.29498232414143855
2.49	0.29414737288778875
2.5	0.293318117300741
2.5100000000000002	0.2924944959765548
2.52	0.29167644841465146
2.5300000000000002	0.29086391500080927
2.54	0.29005683699073886
2.5500000000000003	0.28925515649402367
2.56	0.28845881645842053
2.57	0.2876677606545078
2.58	0.28688193366067294
2.59	0.28610128084843206
2.6	0.2853257483680707
2.61	0.28448398757554094
2.62	0.28364474408104007
2.63	0.28281115940672463
2.64	0.281983174096909
2.65	0.28116072954269195
2.66	0.2803437679667566
2.67	0.2795322324085005
2.68	0.27872606670948435
2.69	0.27792521549919486
2.7	0.2771296241811103
2.71	0.2763392389190655
2.72	0.2755540066239031
2.73	0.2747738749404105
2.74	0.2739987922345294
2.75	0.2732287075808356
2.7600000000000002	0.2724635707502802
2.77	0.2717033321981868
2.7800000000000002	0.27094794305249675
2.79	0.27019735510225956
2.8000000000000003	0.26945152078635926
2.81	0.2687103931824735
2.82	0.267973925996257
2.83	0.2672420735507486
2.84	0.2665147907759905
2.85	0.26579203319886047
2.86	0.26507375693310775
2.87	0.2643599186695901
2.88	0.2636504756667063
2.89	0.2629453857410205
2.9	0.2622446072580721
2.91	0.2615480991233692
2.92	0.26085582077355945
2.93	0.2601677321677754
2.94	0.25948379377914915
2.95	0.25880396658649374
2.96	0.2581282120661467
2.97	0.25745649218397193
2.98	0.256788769387517
2.99	0.2560976892601838
3.	0.2553748549486054
3.0100000000000002	0.25465645610959414
3.02	0.2539424509255068
3.0300000000000002	0.2532327981097027
3.04	0.2525274568980759
3.0500000000000003	0.2518263870407499
3.06	0.251129548793931
3.0700000000000003	0.2504369029119172
3.08	0.24974841063925798
3.09	0.24906403370306346
3.1	0.2483837343054579
3.11	0.2477074751161759
3.12	0.24703521926529592
3.13	0.24636693033611146
3.14	0.24570257235813353
3.15	0.24504210980022373
3.16	0.24438550756385408
3.17	0.2437327309764916
3.18	0.24308374578510394
3.19	0.24243851814978484
3.2	0.24179701463749526
3.21	0.24115920221591922
3.22	0.24052504824743073
3.23	0.23989452048317042
3.24	0.23926758705722836
3.25	0.23864421648093265
3.2600000000000002	0.23802437763723922
3.27	0.23740803977522287
3.2800000000000002	0.2367951725046664
3.29	0.23618574579074508
3.3000000000000003	0.23557972994880688
3.31	0.23497709563924324
3.3200000000000003	0.23437781386245146
3.33	0.2337818559538847
3.34	0.23318919357918935
3.35	0.2325997987294266
3.36	0.23201364371637784
3.37	0.231430701167931
3.38	0.23085094402354703
3.39	0.2302743455298041
3.4	0.22970087923601953
3.41	0.22913051898994535
3.42	0.22856323893353866
3.43	0.22798847448149273
3.44	0.22737399762306415
3.45	0.22676295338900612
3.46	0.22615531273730208
3.47	0.22555104695464265
3.48	0.22495012765177214
3.49	0.22435252675891262
3.5	0.22375821652126646
3.5100000000000002	0.2231671694945942
3.52	0.22257935854086705
3.5300000000000002	0.22199475682399275
3.54	0.22141333780561265
3.5500000000000003	0.2208350752409686
3.56	0.22025994317483988
3.5700000000000003	0.21968791593754589
3.58	0.2191189681410168
3.59	0.2185530746749276
3.6	0.21799021070289673
3.61	0.21743035165874675
3.62	0.21687347324282616
3.63	0.216319551418392
3.64	0.2157685624080499
3.65	0.21522048269025365
3.66	0.21467528899586022
3.67	0.21413295830474113
3.68	0.21359346784244762
3.69	0.21305679507693065
3.7	0.21252291771531195
3.71	0.21199181370070805
3.72	0.21146346120910378
3.73	0.21093783864627644
3.74	0.21041492464476738
3.75	0.20989469806090344
3.7600000000000002	0.20937713797186333
3.77	0.20886222367279153
3.7800000000000002	0.20834993467395632
3.79	0.2078402506979537
3.8000000000000003	0.20733315167695354
3.81	0.20682861774998912
3.8200000000000003	0.20632662926028897
3.83	0.20582716675264973
3.84	0.2053302109708496
3.85	0.20483574285510125
3.86	0.20434374353954524
3.87	0.20385419434977922
3.88	0.2033670768004282
3.89	0.20288237259274877
3.9	0.2024000636122718
3.91	0.20192013192648
3.92	0.20144255978252038
3.93	0.20096732960495237
3.94	0.20047509946381498
3.95	0.19995753786012535
3.96	0.19944261599936253
3.97	0.19893031380277795
3.98	0.19842061139441264
3.99	0.19791348909854645
4.	0.19740892743718452
4.01	0.19690690712758252
4.0200000000000005	0.19640740907980894
4.03	0.1959104143943427
4.04	0.19541590435970815
4.05	0.19492386045014362
4.0600000000000005	0.19443426432330588
4.07	0.1939470978180077
4.08	0.1934623429519893
4.09	0.19297998191972193
4.1	0.19249999709024465
4.11	0.192022371005032
4.12	0.1915470863758931
4.13	0.19107412608290142
4.14	0.19060347317235485
4.15	0.19013511085476442
4.16	0.18966902250287387
4.17	0.18920519164970573
4.18	0.18874360198663725
4.19	0.18828423736150288
4.2	0.1878270817767248
4.21	0.18737211938746923
4.22	0.18691933449983
4.23	0.18646871156903702
4.24	0.18602023519769142
4.25	0.1855738901340241
4.26	0.18512966127018035
4.2700000000000005	0.1846875336405278
4.28	0.18424749241998828
4.29	0.18380952292239364
4.3	0.18337361059886367
4.3100000000000005	0.18293974103620755
4.32	0.182507899955347
4.33	0.18207807320976147
4.34	0.1816502467839551
4.3500000000000005	0.18122440679194488
4.36	0.18080053947576935
4.37	0.18037863120401806
4.38	0.17995866847038142
4.39	0.17954063789221997
4.4	0.179124526209154
4.41	0.1787103202816713
4.42	0.1782980070897551
4.43	0.17788757373152952
4.44	0.1774790074219242
4.45	0.17707229549135697
4.46	0.1766674253844334
4.47	0.17626438465866512
4.48	0.17586316098320431
4.49	0.175463742137596
4.5	0.17506611601054622
4.51	0.1746702705987074
4.5200000000000005	0.17427223089164884
4.53	0.17383939147642125
4.54	0.1734085779946016
4.55	0.1729797765325264
4.5600000000000005	0.17255297330238661
4.57	0.17212815464081666
4.58	0.17170530700750197
4.59	0.1712844169838052
4.6000000000000005	0.17086547127141036
4.61	0.17044845669098604
4.62	0.1700333601808649
4.63	0.16962016879574163
4.64	0.1692088697053878
4.65	0.1687994501933835
4.66	0.1683918976558662
4.67	0.16798619960029523
4.68	0.1675823436442326
4.69	0.1671803175141407
4.7	0.16678010904419427
4.71	0.16638170617510867
4.72	0.1659850969529832
4.73	0.16559026952815917
4.74	0.1651972121540933
4.75	0.16480591318624474
4.76	0.1644163610809772
4.7700000000000005	0.16402854439447498
4.78	0.16364245178167244
4.79	0.16325807199519796
4.8	0.16287539388433062
4.8100000000000005	0.1624944063939705
4.82	0.16211509856362238
4.83	0.16173745952639143
4.84	0.16136147850799265
4.8500000000000005	0.16098714482577212
4.86	0.16061444788774074
4.87	0.16024337719162043
4.88	0.15987392232390185
4.89	0.1595060729589141
4.9	0.15913981885790607
4.91	0.1587751498681396
4.92	0.15841205592199298
4.93	0.15805052703607675
4.94	0.15769055331035942
4.95	0.1573321249273049
4.96	0.15697523215102
4.97	0.15661986532641237
4.98	0.15626601487835934
4.99	0.1559136713108868
5.	0.1555628252063573
5.01	0.15521346722466944
5.0200000000000005	0.1548655881024661
5.03	0.1545191786523524
5.04	0.15417422976212375
5.05	0.1538307323940023
5.0600000000000005	0.15348867758388363
5.07	0.15314805644059176
5.08	0.15280886014514355
5.09	0.1524710799500221
5.1000000000000005	0.15213470717845806
5.11	0.1517997332237209
5.12	0.15146614954841708
5.13	0.15113394768379815
5.14	0.15080311922907566
5.15	0.1504736558507455
5.16	0.1501455492819194
5.17	0.14981879132166445
5.18	0.1494933738343509
5.19	0.14916397094778971
5.2	0.14880502968374013
5.21	0.1484476392820655
5.22	0.1480917900845703
5.23	0.1477374725115542
5.24	0.14738467706102562
5.25	0.14703339430792445
5.26	0.1466836149033541
5.2700000000000005	0.1463353295738227
5.28	0.14598852912049368
5.29	0.1456432044184442
5.3	0.1452993464159334
5.3100000000000005	0.14495694613367854
5.32	0.14461599466414002
5.33	0.14427648317081473
5.34	0.14393840288753745
5.3500000000000005	0.14360174511779064
5.36	0.14326650123402226
5.37	0.14293266267697133
5.38	0.14260022095500177
5.39	0.14226916764344327
5.4	0.14193949438394043
5.41	0.14161119288380933
5.42	0.1412842549154009
5.43	0.14095867231547254
5.44	0.14063443698456615
5.45	0.14031154088639408
5.46	0.1399899760472312
5.47	0.13966973455531462
5.48	0.1393508085602501
5.49	0.13903319027242497
5.5	0.13871687196242813
5.51	0.13840184596047608
5.5200000000000005	0.13808810465584598
5.53	0.137775640496315
5.54	0.13746444598760557
5.55	0.13715451369283763
5.5600000000000005	0.136845836231986
5.57	0.1365384062813453
5.58	0.13623221657299933
5.59	0.13592725989429713
5.6000000000000005	0.13562352908733524
5.61	0.135321017048445
5.62	0.13501971672768595
5.63	0.13471962112834449
5.64	0.134420723306439
5.65	0.1341230163702293
5.66	0.1338264934797321
5.67	0.13353114784624195
5.68	0.13323697273185706
5.69	0.13294396144901047
5.7	0.13265210736000665
5.71	0.13236140387656262
5.72	0.1320718444593546
5.73	0.1317834226175693
5.74	0.13149613190846018
5.75	0.13120996593690862
5.76	0.13092491835498965
5.7700000000000005	0.1306409828615427
5.78	0.1303581532017465
5.79	0.13007642316669926
5.8	0.12979578659300262
5.8100000000000005	0.12951623736235057
5.82	0.1292377694011228
5.83	0.128960376679982
5.84	0.12868405321347595
5.8500000000000005	0.12840879305964353
5.86	0.1281345903196251
5.87	0.1278614391372769
5.88	0.1275893336987897
5.89	0.12731826823231132
5.9	0.1270482370075735
5.91	0.12677923433552213
5.92	0.1265112545679519
5.93	0.12624429209714466
5.94	0.12597834135551136
5.95	0.1257133968152382
5.96	0.1254412836121651
5.97	0.12514889349549707
5.98	0.12485767255564502
5.99	0.1245676141739967
6.	0.12427871178037231
6.01	0.12399095885259
6.0200000000000005	0.12370434891603616
6.03	0.12341887554324021
6.04	0.12313453235345398
6.05	0.12285131301223527
6.0600000000000005	0.12256921123103598
6.07	0.12228822076679474
6.08	0.12200833542153348
6.09	0.12172954904195837
6.1000000000000005	0.12145185551906518
6.11	0.12117524878774825
6.12	0.12089972282641422
6.13	0.12062527165659907
6.140000000000001	0.12035188934258964
6.15	0.12007956999104892
6.16	0.11980830775064531
6.17	0.11953809681168555
6.18	0.1192689314057515
6.19	0.11900080580534082
6.2	0.11873371432351135
6.21	0.11846765131352871
6.22	0.11820261116851821
6.23	0.11793858832111974
6.24	0.11767557724314648
6.25	0.1174135724452473
6.26	0.11715256847657189
6.2700000000000005	0.1168925599244401
6.28	0.11663354141401436
6.29	0.11637550760797506
6.3	0.1161184532061999
6.3100000000000005	0.11586237294544594
6.32	0.115607261599035
6.33	0.1153531139765425
6.34	0.11509992492348901
6.3500000000000005	0.11484768932103535
6.36	0.11459640208568023
6.37	0.11434605816896151
6.38	0.11409665255715998
6.390000000000001	0.1138481802710064
6.4	0.11360063636539128
6.41	0.1133540159290775
6.42	0.11310831408441617
6.43	0.11286352598706494
6.44	0.11261964682570912
6.45	0.11237667182178575
6.46	0.11213459622921046
6.47	0.11189341533410654
6.48	0.11165312445453728
6.49	0.11141371894024066
6.5	0.11117519417236661
6.51	0.11093754556321699
6.5200000000000005	0.11070076855598782
6.53	0.11046485862451468
6.54	0.11022981127301976
6.55	0.109995622035862
6.5600000000000005	0.10976228647728933
6.57	0.10952980019119365
6.58	0.10929815880086781
6.59	0.10906735795876515
6.6000000000000005	0.10883739334626136
6.61	0.10860826067341854
6.62	0.10837995567875185
6.63	0.10815247412899794
6.640000000000001	0.10792581181888586
6.65	0.10769996457091038
6.66	0.10747492823510695
6.67	0.10725069868882935
6.68	0.1070272718365292
6.69	0.10680464360953758
6.7	0.10658280996584879
6.71	0.10636176688990619
6.72	0.10614151039238993
6.73	0.10592203651000695
6.74	0.10570334130528274
6.75	0.10548542086635516
6.76	0.10526827130677027
6.7700000000000005	0.10505188876527992
6.78	0.10483626940564147
6.79	0.10462140941641913
6.8	0.10440730501078749
6.8100000000000005	0.10419395242633653
6.82	0.1039813479248788
6.83	0.10376948779225821
6.84	0.10355793237721539
6.8500000000000005	0.10332311375710906
6.86	0.10308916897754632
6.87	0.10285609351994614
6.88	0.102623882895624
6.890000000000001	0.10239253264555087
6.9	0.1021620383401147
6.91	0.10193239557888399
6.92	0.10170359999037383
6.93	0.10147564723181386
6.94	0.10124853298891853
6.95	0.10102225297565988
6.96	0.10079680293404175
6.97	0.10057217863387667
6.98	0.10034837587256477
6.99	0.10012539047487458
7.	0.09990321829272594
7.01	0.09968185520497495
7.0200000000000005	0.0994612971172011
7.03	0.09924153996149614
7.04	0.09902257969625489
7.05	0.0988044123059684
7.0600000000000005	0.09858703380101838
7.07	0.09837044021747424
7.08	0.09815462761689138
7.09	0.0979395920861118
7.1000000000000005	0.0977253297370663
7.11	0.09751183670657872
7.12	0.09729910915617154
7.13	0.09708714327187387
7.140000000000001	0.09687593526403077
7.15	0.09666548136711435
7.16	0.09645577783953699
7.17	0.09624682096346561
7.18	0.09603860704463822
7.19	0.09583113241218184
7.2	0.09562439341843226
7.21	0.09541838643875514
7.22	0.09521310787136908
7.23	0.09500855413717002
7.24	0.09480472167955757
7.25	0.09460160696426233
7.26	0.0943992064791755
7.2700000000000005	0.09419751673417934
7.28	0.09399653426097966
7.29	0.09379625561293957
7.3	0.09359667736491477
7.3100000000000005	0.09339779611309025
7.32	0.0931996084748186
7.33	0.09300211108845975
7.34	0.09280530061322191
7.3500000000000005	0.09260917372900415
7.36	0.09241372713624046
7.37	0.09221895755574493
7.38	0.09202486172855832
7.390000000000001	0.09183143641579641
7.4	0.09163867839849921
7.41	0.09144658447748163
7.42	0.09125515147318558
7.43	0.09106437622553336
7.44	0.09087425559378227
7.45	0.09068478645638049
7.46	0.09049596571082429
7.47	0.09030779027351639
7.48	0.09012025707962577
7.49	0.08993336308294847
7.5	0.08974710525576975
7.51	0.08956148058872733
7.5200000000000005	0.08937648609067594
7.53	0.08919211878855314
7.54	0.08900837572724593
7.55	0.0888252539694589
7.5600000000000005	0.08864275059558346
7.57	0.0884608627035679
7.58	0.08827958740878901
7.59	0.08809892184392451
7.6000000000000005	0.08791886315882666
7.61	0.08773940852039694
7.62	0.08756055511246189
7.63	0.08738230013564995
7.640000000000001	0.08720464080726935
7.65	0.08702757436118702
7.66	0.08685109804770857
7.67	0.08667520913345955
7.68	0.08649990490126697
7.69	0.08632518265004278
7.7	0.08615103969466778
7.71	0.08597747336587648
7.72	0.0858044810101433
7.73	0.08563205998956934
7.74	0.08546020768177036
7.75	0.08528892147976576
7.76	0.08511819879186815
7.7700000000000005	0.08494803704157418
7.78	0.0847784336674563
7.79	0.08460938612305506
7.8	0.0844408918767729
7.8100000000000005	0.08427294841176809
7.82	0.08410555322585042
7.83	0.08393870383137692
7.84	0.08377239775514911
7.8500000000000005	0.08360663253831072
7.86	0.08342785403352006
7.87	0.08324342286924259
7.88	0.08305963284324124
7.890000000000001	0.08287648091733546
7.9	0.0826939640715677
7.91	0.08251207930407109
7.92	0.08233082363093833
7.930000000000001	0.08215019408609182
7.94	0.0819701877211549
7.95	0.0817908016053239
7.96	0.0816120328252415
7.97	0.0814338784848714
7.98	0.08125633570537326
7.99	0.08107940162497979
8.	0.08090307339887377
8.01	0.08072734819906707
8.02	0.08055222321427995
8.03	0.08037769564982172
8.040000000000001	0.08020376272747241
8.05	0.08003042168536546
8.06	0.07985766977787107
8.07	0.0796855042754809
8.08	0.07951392246469355
8.09	0.07934292164790102
8.1	0.07917249914327618
8.11	0.07900265228466097
8.120000000000001	0.07883337842145592
8.13	0.07866467491851004
8.14	0.07849653915601226
8.15	0.07832896852938305
8.16	0.07816196044916762
8.17	0.07799551234092958
8.18	0.07782962164514559
8.19	0.07766428581710084
8.2	0.07749950232678554
8.21	0.07733526865879199
8.22	0.07717158231221284
8.23	0.07700844080053978
8.24	0.07684584165156344
8.25	0.07668378240727385
8.26	0.07652226062376183
8.27	0.07636127387112118
8.28	0.07620081973335156
8.290000000000001	0.07604089580826223
8.3	0.07588149970737683
8.31	0.07572262905583833
8.32	0.07556428149231524
8.33	0.07540645466890857
8.34	0.07524914625105922
8.35	0.07509235391745643
8.36	0.07493607535994679
8.370000000000001	0.07478030828344404
8.38	0.07462505040583968
8.39	0.07447029945791404
8.4	0.07431605318324848
8.41	0.07416230933813779
8.42	0.07400906569150369
8.43	0.07385632002480891
8.44	0.07370407013197182
8.45	0.07355231381928198
8.46	0.0734010489053161
8.47	0.07325027322085488
8.48	0.07309998460880039
8.49	0.0729501809240942
8.5	0.07280086003363603
8.51	0.07265201981620319
8.52	0.07250365816237052
8.53	0.07235577297443108
8.540000000000001	0.0722083621663174
8.55	0.07206142366352333
8.56	0.0719149554030266
8.57	0.07176895533321193
8.58	0.07162342141379459
8.59	0.07147835161574499
8.6	0.07133374392121326
8.61	0.0711895963234551
8.620000000000001	0.07104590682675746
8.63	0.07090267344636553
8.64	0.07075989420840977
8.65	0.07061756714983373
8.66	0.07047569031832251
8.67	0.0703342617722315
8.68	0.07019327958051598
8.69	0.07005274182266107
8.700000000000001	0.06991264658861217
8.71	0.06977299197870639
8.72	0.06963377610360373
8.73	0.06949499708421952
8.74	0.069356653051657
8.75	0.06921874214714047
8.76	0.06908126252194911
8.77	0.06894421233735108
8.78	0.06880758976453824
8.790000000000001	0.06867139298456147
8.8	0.06853562018826627
8.81	0.068400269576229
8.82	0.06826533935869362
8.83	0.06813082775550879
8.84	0.06799673299606557
8.85	0.06786305331923555
8.86	0.06772978697330945
8.870000000000001	0.06759693221593609
8.88	0.0674644873140621
8.89	0.06733245054387174
8.9	0.06720082019072747
8.91	0.06706959454911073
8.92	0.06693877192256334
8.93	0.06680835062362925
8.94	0.06667832897379676
8.950000000000001	0.06654870530344126
8.96	0.0664194779517682
8.97	0.06629064526675658
8.98	0.0661622056051031
8.99	0.06603415733216621
9.	0.06590649882191114
9.01	0.065779228456855
9.02	0.0656469371977186
9.03	0.065504393090912
9.040000000000001	0.06536231575619261
9.05	0.06522070315127002
9.06	0.06507955324503256
9.07	0.06493886401747409
9.08	0.06479863345962092
9.09	0.06465885957345968
9.1	0.06451954037186539
9.11	0.06438067387853025
9.120000000000001	0.06424225812789318
9.13	0.06410429116506937
9.14	0.06396677104578093
9.15	0.06382969583628764
9.16	0.06369306361331852
9.17	0.06355687246400378
9.18	0.06342112048580725
9.19	0.06328580578645938
9.200000000000001	0.06315092648389084
9.21	0.06301648070616647
9.22	0.06288246659141973
9.23	0.06274888228778777
9.24	0.0626157259533469
9.25	0.06248299575604856
9.26	0.062350689873655774
9.27	0.062218806493680105
9.28	0.06208734381331901
9.290000000000001	0.0619563000393937
9.3	0.06182567338828764
9.31	0.0616954620858851
9.32	0.06156566436751064
9.33	0.061436278477868624
9.34	0.061307302670983575
9.35	0.06117873521014059
9.36	0.061050574367826495
9.370000000000001	0.060922818425671335
9.38	0.060795465674390196
9.39	0.0606685144137257
9.4	0.0605419629523906
9.41	0.06041580960801118
9.42	0.06029005270707067
9.43	0.06016469058485344
9.44	0.06003972158538931
9.450000000000001	0.0599151440613985
9.46	0.059790956374236925
9.47	0.05966715689384175
9.48	0.059543743998677436
9.49	0.05942071607568237
9.5	0.05929807152021552
9.51	0.059175808736003796
9.52	0.05905392613508961
9.53	0.05893242213777892
9.540000000000001	0.058811295172589574
9.55	0.05869054367620012
9.56	0.05857016609339891
9.57	0.058450160877033634
9.58	0.05833052648796109
9.59	0.0582112613949976
9.6	0.05809236407486941
9.61	0.057973833012163786
9.620000000000001	0.057855666699280245
9.63	0.05773786363638225
9.64	0.05762042233134923
9.65	0.05750334129972883
9.66	0.057386619064689795
9.67	0.05727025415697484
9.68	0.057154245114854105
9.69	0.057038590484078826
9.700000000000001	0.056923288817835434
9.71	0.056808338676699884
9.72	0.056693738628592345
9.73	0.05657948724873227
9.74	0.05646558311959371
9.75	0.056352024830860895
9.76	0.056238810979384435
9.77	0.05612594016913736
9.78	0.056013411011171875
9.790000000000001	0.055901222123576205
9.8	0.055789372131431904
9.81	0.055677859666771266
9.82	0.05556668336853514
9.83	0.05545584188253119
9.84	0.05534533386139218
9.85	0.05523515796453475
9.86	0.05512531285811834
9.870000000000001	0.05501579721500462
9.88	0.05490660971471693
9.89	0.05479774904340017
9.9	0.05468921389378104
9.91	0.05458100296512836
9.92	0.05447311496321382
9.93	0.05436554860027289
9.94	0.054258302594966216
9.950000000000001	0.054151375672340914
9.96	0.054044766563792646
9.97	0.05393847400702743
9.98	0.05383249674602406
9.99	0.0537268335309967
10.	0.053621483118357745
10.01	0.05351644427068085
10.02	0.05341171575666431
10.03	0.053307296351094755
10.040000000000001	0.053203184834810936
10.05	0.0530993799946678
10.06	0.052995880623500934
10.07	0.05289268552009123
10.08	0.0527897934891296
10.09	0.052687203341182036
10.1	0.052584913892655225
10.11	0.052482923965761805
10.120000000000001	0.052381232388486354
10.13	0.05227983799455143
10.14	0.0521787396233838
10.15	0.0520779361200809
10.16	0.05197742633537775
10.17	0.051877209125613756
10.18	0.05177728335269994
10.19	0.05167764788408645
10.200000000000001	0.051578301592730066
10.21	0.05147924335706219
10.22	0.05138047206095681
10.23	0.051281986593698835
10.24	0.051183785849952694
10.25	0.05108586872973092
10.26	0.05098823413836317
10.27	0.05089088098646537
10.28	0.05079380818990908
10.290000000000001	0.050697014669790964
10.3	0.05060049935240273
10.31	0.05050426116920095
10.32	0.050408299056777316
10.33	0.05031261195682899
10.34	0.0502171988161292
10.35	0.050122058586497965
10.36	0.05001740767995838
10.370000000000001	0.049909841714189634
10.38	0.049802610420495004
10.39	0.049695712436685656
10.4	0.04958914640742075
10.41	0.0494829109841667
10.42	0.049377004825156286
10.43	0.04927142659534835
10.44	0.04916617496638765
10.450000000000001	0.049061248616565065
10.46	0.04895664623077796
10.47	0.048852366500490844
10.48	0.048748408123696525
10.49	0.04864476980487712
10.5	0.048541450254965736
10.51	0.04843844819130824
10.52	0.048335762337625175
10.53	0.04823339142397413
10.540000000000001	0.04813133418671228
10.55	0.04802958936845935
10.56	0.047928155718060333
10.57	0.04782703199054917
10.58	0.04772621694711215
10.59	0.047625709355051685
10.6	0.047525507987750515
10.61	0.047425611624635905
10.620000000000001	0.047326019051144225
10.63	0.0472267290586858
10.64	0.04712774044460984
10.65	0.04702905201216984
10.66	0.04693066257048897
10.67	0.04683257093452586
10.68	0.04673477592504059
10.69	0.046637276368560826
10.700000000000001	0.04654007109734834
10.71	0.04644315894936567
10.72	0.046346538768242844
10.73	0.046250209403244674
10.74	0.04615416970923797
10.75	0.04605841854665911
10.76	0.045962954781481866
10.77	0.04586777728518525
10.78	0.04577288493472185
10.790000000000001	0.04567827661248611
10.8	0.04558395120628306
10.81	0.045489907609297116
10.82	0.04539614472006105
10.83	0.045302661442425285
10.84	0.045209456685527366
10.85	0.045116529363761565
10.86	0.04502387839674876
10.870000000000001	0.0449315027093065
10.88	0.0448394012314192
10.89	0.04474757289820869
10.9	0.04465601664990478
10.91	0.04456473143181611
10.92	0.04447371619430122
10.93	0.044382969892739765
10.94	0.044292491487503874
10.950000000000001	0.04420227994392988
10.96	0.044112334232289996
10.97	0.0440226533277643
10.98	0.04393323621041296
10.99	0.04384408186514857
11.	0.04375518928170861
11.01	0.0436665574546282
11.02	0.043578185383213
11.03	0.04349007207151228
11.040000000000001	0.04340221652829207
11.05	0.04331461776700872
11.06	0.04322727480578235
11.07	0.043140186667370656
11.08	0.04305335237914293
11.09	0.04296677097305404
11.1	0.04288044148561876
11.11	0.04279436295788619
11.120000000000001	0.04270853443541441
11.13	0.04262295496824516
11.14	0.04253762361087886
11.15	0.04245253942224962
11.16	0.04236770146570057
11.17	0.04228310880895928
11.18	0.042198760524113296
11.19	0.042114655687585816
11.200000000000001	0.0420307933801117
11.21	0.0419471726867135
11.22	0.041863792696677594
11.23	0.04178065250353053
11.24	0.041697751205015614
11.25	0.04161508790306952
11.26	0.04153266170379908
11.27	0.041450471717458276
11.28	0.04136851705842531
11.290000000000001	0.04128679684517985
11.3	0.04120531020028047
11.31	0.04112405625034216
11.32	0.041043034126014025
11.33	0.04096224296195698
11.34	0.040881681896821974
11.35	0.040801350073227875
11.36	0.040721246637739794
11.370000000000001	0.04064137074084747
11.38	0.04056172153694382
11.39	0.0404822981843035
11.4	0.04040309984506183
11.41	0.04032412568519359
11.42	0.04024537487449221
11.43	0.04016684658654881
11.44	0.04008853999873169
11.450000000000001	0.04001045429216566
11.46	0.03993258865171169
11.47	0.03985494226594659
11.48	0.039777514327142854
11.49	0.03970030403124867
11.5	0.03962331057786795
11.51	0.03954653317024058
11.52	0.03946997101522278
11.53	0.03939362332326754
11.540000000000001	0.03931748930840523
11.55	0.03924156818822428
11.56	0.039165859183852035
11.57	0.03909036151993569
11.58	0.03901507442462341
11.59	0.03893999712954543
11.6	0.03886512886979541
11.61	0.03879046888391186
11.620000000000001	0.038716016413859654
11.63	0.038641770705011735
11.64	0.038567731006130805
11.65	0.03849389656935121
11.66	0.03842026665016099
11.67	0.03834684050738395
11.68	0.03827361740316186
11.69	0.03820059660293676
11.700000000000001	0.03812777737543344
11.71	0.038055158992642016
11.72	0.03798274072980041
11.73	0.037910521865377286
11.74	0.037838501681054834
11.75	0.03776667946171173
11.76	0.03769505449540621
11.77	0.03762362607335928
11.78	0.037552393489937955
11.790000000000001	0.037481356042638636
11.8	0.03741051303207066
11.81	0.03733986376193978
11.82	0.03726940753903196
11.83	0.03719914367319703
11.84	0.037129071477332666
11.85	0.037059190267368404
11.86	0.03698949936224959
11.870000000000001	0.036919998083921615
11.88	0.036850685757314275
11.89	0.03677789867769389
11.9	0.03669923053318057
11.91	0.036620796528366924
11.92	0.03654259577066972
11.93	0.03646462737165324
11.94	0.03638689044700665
11.950000000000001	0.036309384116521265
11.96	0.03623210750406822
11.97	0.036155059737576115
11.98	0.03607823994900888
11.99	0.036001647274343816
12.	0.03592528085354952
12.01	0.03584913983056437
12.02	0.035773223353274756
12.030000000000001	0.03569753057349368
12.040000000000001	0.03562206064693944
12.05	0.03554681273321434
12.06	0.03547178599578367
12.07	0.03539697960195477
12.08	0.03532239272285624
12.09	0.03524802453341719
12.1	0.035173874212346745
12.11	0.035099940942113605
12.120000000000001	0.03502622390892579
12.13	0.034952722302710376
12.14	0.034879435317093525
12.15	0.034806362149380585
12.16	0.034733502000536196
12.17	0.0346608540751647
12.18	0.03458841758149061
12.19	0.03451619173133908
12.200000000000001	0.034444175740116656
12.21	0.03437236882679211
12.22	0.03430077021387729
12.23	0.034229379127408276
12.24	0.034158194796926396
12.25	0.034087216455459625
12.26	0.034016443339503925
12.27	0.033945874689004785
12.280000000000001	0.03387550974733881
12.290000000000001	0.033805347761295394
12.3	0.033735387981058754
12.31	0.03366562966018969
12.32	0.03359607205560775
12.33	0.03352671442757335
12.34	0.033457556039670176
12.35	0.03338859615878743
12.36	0.0333198340551024
12.370000000000001	0.03325126900206309
12.38	0.033182900276370934
12.39	0.033114727157963555
12.4	0.033046748929997705
12.41	0.032978964878832374
12.42	0.03291137429401182
12.43	0.032843976468248846
12.44	0.03277677069740814
12.450000000000001	0.03270975628048971
12.46	0.03264293251961239
12.47	0.03257629871999749
12.48	0.03250985418995256
12.49	0.032443598240855194
12.5	0.03237753018713696
12.51	0.03231164934626743
12.52	0.03224595503873831
12.530000000000001	0.03218044658804764
12.540000000000001	0.032115123320684155
12.55	0.03204998456611165
12.56	0.03198502965675344
12.57	0.031920257927977064
12.58	0.03185566871807892
12.59	0.031791261368268986
12.6	0.03172703522265579
12.61	0.03166298962823128
12.620000000000001	0.03159912393485594
12.63	0.03153543749524393
12.64	0.03147192966494824
12.65	0.031408599802346095
12.66	0.031345447268624274
12.67	0.031282471427764684
12.68	0.03121967164652991
12.69	0.03115704729444883
12.700000000000001	0.031094597743802434
12.71	0.031032322369609556
12.72	0.030970220549612966
12.73	0.030908291664265158
12.74	0.030846535096714586
12.75	0.030784950232791757
12.76	0.030723536460995526
12.77	0.03066229317247936
12.780000000000001	0.030601219761037808
12.790000000000001	0.030540315623092965
12.8	0.030479580157681024
12.81	0.03041901276643894
12.82	0.03035861285359118
12.83	0.030298379825936486
12.84	0.030238313092834777
12.85	0.030178412066194097
12.86	0.030118676160457686
12.870000000000001	0.030059104792591027
12.88	0.029999697382069097
12.89	0.029940453350863566
12.9	0.02988137212343021
12.91	0.02982245312669625
12.92	0.029763695790047888
12.93	0.029705099545317793
12.94	0.029646663826772824
12.950000000000001	0.02958838807110167
12.96	0.029530271717402634
12.97	0.02947231420717147
12.98	0.02941451498428933
12.99	0.029356873495010705
13.	0.029299389187951504
13.01	0.029242061514077176
13.02	0.02918488992669092
13.030000000000001	0.02912787388142188
13.040000000000001	0.029071012836213567
13.05	0.029014306251312176
13.06	0.02895775358925511
13.07	0.028901354314859438
13.08	0.028845107895210567
13.09	0.028789013799650875
13.1	0.02873307149976841
13.11	0.028677280469385703
13.120000000000001	0.028621640184548644
13.13	0.028566150123515384
13.14	0.028510809766745325
13.15	0.028455618596888117
13.16	0.02840057609877285
13.17	0.028345681759397206
13.18	0.028290935067916616
13.19	0.028236335515633676
13.200000000000001	0.02818188259598739
13.21	0.028127575804542674
13.22	0.028073414638979784
13.23	0.02801939859908389
13.24	0.027965527186734625
13.25	0.027911799905895793
13.26	0.027858216262605026
13.27	0.02780477576496366
13.280000000000001	0.02775147792312643
13.290000000000001	0.027698322249291477
13.3	0.027645308257690227
13.31	0.027592435464577424
13.32	0.027539703388221207
13.33	0.027487111548893144
13.34	0.027434659468858518
13.35	0.027382346672366473
13.36	0.02733017268564036
13.370000000000001	0.027278137036868013
13.38	0.02722623925619218
13.39	0.027174478875700944
13.4	0.027122855429418283
13.41	0.02707136845329455
13.42	0.0270200174851971
13.43	0.026968802064900994
13.44	0.026917721734079657
13.450000000000001	0.026866776036295684
13.46	0.026815964516991628
13.47	0.026765286723480854
13.48	0.026714742204938528
13.49	0.026664330512392496
13.5	0.026614051198714378
13.51	0.026563903818610596
13.52	0.02651388792861349
13.530000000000001	0.026464003087072526
13.540000000000001	0.02641424885414548
13.55	0.026364624791789745
13.56	0.026315130463753555
13.57	0.02626576543556748
13.58	0.026216529274535747
13.59	0.02616742154972772
13.6	0.02611844183196941
13.61	0.026069589693835046
13.620000000000001	0.02602086470963865
13.63	0.025972266455425712
13.64	0.025923794508964846
13.65	0.02587329935561991
13.66	0.02581731778067546
13.67	0.025761498166284202
13.68	0.025705839925912136
13.69	0.02565034247557595
13.700000000000001	0.025595005233830043
13.71	0.025539827621753754
13.72	0.02548480906293848
13.73	0.02542994898347497
13.74	0.025375246811940696
13.75	0.02532070197938726
13.76	0.025266313919327935
13.77	0.025212082067725187
13.780000000000001	0.02515800586297832
13.790000000000001	0.025104084745911227
13.8	0.025050318159760145
13.81	0.02499670555016151
13.82	0.0249432463651399
13.83	0.024889940055096017
13.84	0.024836786072794728
13.85	0.024783783873353244
13.86	0.02473093291422931
13.870000000000001	0.024678232655209405
13.88	0.024625682558397168
13.89	0.024573282088201753
13.9	0.024521030711326303
13.91	0.02446892789675649
13.92	0.02441697311574911
13.93	0.024365165841820732
13.94	0.024313505550736438
13.950000000000001	0.024261991720498643
13.96	0.02421062383133592
13.97	0.02415940136569192
13.98	0.02410832380821436
13.99	0.024057390645744105
14.	0.0240066013673042
14.01	0.023955955464089122
14.02	0.02390545242945394
14.030000000000001	0.02385509175890367
14.040000000000001	0.023804872950082587
14.05	0.023754795502763677
14.06	0.023704858918838032
14.07	0.023655062702304486
14.08	0.023605406359259132
14.09	0.023555889397885
14.1	0.02350651132844177
14.11	0.023457271663255525
14.120000000000001	0.023408169916708584
14.13	0.023359205605229406
14.14	0.023310378247282465
14.15	0.023261687363358312
14.16	0.023213132475963613
14.17	0.02316471310961119
14.18	0.02311642879081032
14.19	0.02306827904805681
14.200000000000001	0.023020263411823342
14.21	0.02297238141454982
14.22	0.02292463259063368
14.23	0.022877016476420393
14.24	0.022829532610193916
14.25	0.02278218053216724
14.26	0.022734959784473006
14.27	0.022687869911154117
14.280000000000001	0.02264091045815446
14.290000000000001	0.022594080973309654
14.3	0.022547381006337835
14.31	0.022500810108830552
14.32	0.02245436783424361
14.33	0.02240805373788808
14.34	0.02236186737692128
14.35	0.022315808310337765
14.36	0.022269876098960615
14.370000000000001	0.02222407030543237
14.38	0.022178390494206376
14.39	0.022132836231537976
14.4	0.022087407085475807
14.41	0.022042102625853193
14.42	0.021996922424279513
14.43	0.021951866054131602
14.44	0.021906933090545345
14.450000000000001	0.021862123110407042
14.46	0.021817435692345215
14.47	0.021772870416722045
14.48	0.021728426865625136
14.49	0.021684104622859208
14.5	0.02163990327393792
14.51	0.021595822406075577
14.52	0.02155186160817907
14.530000000000001	0.02150802047083977
14.540000000000001	0.021464298586325425
14.55	0.02142069554857218
14.56	0.02137721095317664
14.57	0.021333844397387874
14.58	0.021290595480099594
14.59	0.021247463801842302
14.6	0.0212044489647755
14.61	0.021161550572679887
14.620000000000001	0.02111876823094972
14.63	0.02107610154658512
14.64	0.021033550128184437
14.65	0.020991113585936673
14.66	0.0209487915316139
14.67	0.020906583578563825
14.68	0.02086448934170227
14.69	0.0208225084375058
14.700000000000001	0.020780640484004284
14.71	0.020738885100773603
14.72	0.020697241908928306
14.73	0.020655710531114396
14.74	0.02061429059150202
14.75	0.02057298171577841
14.76	0.020531783531140615
14.77	0.020490695666288476
14.780000000000001	0.020449717751417525
14.790000000000001	0.02040884941821192
14.8	0.02036809029983753
14.81	0.0203274400309349
14.82	0.0202868982476124
14.83	0.020246464587439273
14.84	0.02020613868943884
14.85	0.020165920194081702
14.86	0.020125808743278913
14.870000000000001	0.02008580398037529
14.88	0.020045905550142695
14.89	0.020006113098773384
14.9	0.01996642627387336
14.91	0.01992684472445579
14.92	0.019887368100934454
14.93	0.01984799605511723
14.94	0.01980872824019955
14.950000000000001	0.019769564310758016
14.96	0.01973050392274396
14.97	0.01969154673347704
14.98	0.0196526924016389
14.99	0.019613940587266843
15.	0.01957529095174757
15.01	0.019536743157810926
15.02	0.019498296869523642
15.030000000000001	0.019459951752283194
15.040000000000001	0.01942170747281165
15.05	0.019383563699149512
15.06	0.019345520100649688
15.07	0.019307576347971363
15.08	0.01926973211307404
15.09	0.019231987069211507
15.1	0.01919434089092592
15.11	0.01915679325404182
15.120000000000001	0.0191193438356603
15.13	0.019081992314153043
15.14	0.01904473836915662
15.15	0.019007581681566552
15.16	0.018970521933531628
15.17	0.01893355880844809
15.18	0.01889669199095402
15.19	0.01885992116692352
15.200000000000001	0.018823246023461176
15.21	0.018786666248896373
15.22	0.0187501815327777
15.23	0.018713791565867423
15.24	0.01867749604013591
15.25	0.018641294648756128
15.26	0.018605187086098155
15.27	0.01856917304772378
15.280000000000001	0.018533252230381016
15.290000000000001	0.01849742433199874
15.3	0.01846168905168133
15.31	0.018426046089703295
15.32	0.01839049514750398
15.33	0.018355035927682336
15.34	0.018319668133991565
15.35	0.01828439147133394
15.36	0.01824920564575564
15.370000000000001	0.018214110364441517
15.38	0.01817910533570998
15.39	0.018144190269007862
15.4	0.01810936487490531
15.41	0.018074628865090762
15.42	0.01803998195236587
15.43	0.018005423850640467
15.44	0.017970954274927627
15.450000000000001	0.017936572941338647
15.46	0.017902279567078162
15.47	0.017868073870439177
15.48	0.017833955570798206
15.49	0.017799924388610416
15.5	0.01776598004540476
15.51	0.01773212226377921
15.52	0.017698350767395895
15.530000000000001	0.01766466528097641
15.540000000000001	0.01763106553029703
15.55	0.017597551242184033
15.56	0.017564122144508948
15.57	0.017530777966183943
15.58	0.017497518437157147
15.59	0.017464343288408065
15.6	0.017431252251942943
15.610000000000001	0.017398245060790192
15.620000000000001	0.017365321448995892
15.63	0.017332481151619193
15.64	0.017299723904727886
15.65	0.017267049445393843
15.66	0.01723445751168861
15.67	0.017201460791398435
15.68	0.017163466935791818
15.69	0.01712558114225376
15.700000000000001	0.017087803034854625
15.71	0.017050132239210845
15.72	0.0170125683824776
15.73	0.016975111093341478
15.74	0.016937760002013264
15.75	0.01690051474022069
15.76	0.016863374941201263
15.77	0.01682634023969513
15.780000000000001	0.016789410271937946
15.790000000000001	0.016752584675653884
15.8	0.016715863090048477
15.81	0.01667924515580176
15.82	0.01664273051506124
15.83	0.016606318811434997
15.84	0.016570009689984823
15.85	0.016533802797219336
15.860000000000001	0.01649769778108724
15.870000000000001	0.016461694290970497
15.88	0.01642579197767761
15.89	0.016389990493436944
15.9	0.016354289491890057
15.91	0.016318688628085037
15.92	0.016283187558469973
15.93	0.016247785940886366
15.94	0.016212483434562584
15.950000000000001	0.016177279700107412
15.96	0.01614217439950359
15.97	0.016107167196101408
15.98	0.01607225775461226
15.99	0.01603744574110237
16.	0.01600273082298646
16.01	0.015968112669021407
16.02	0.015933590949300077
16.03	0.015899165335245033
16.04	0.015864835499602395
16.05	0.015830601116435687
16.06	0.015796461861119705
16.07	0.015762417410334417
16.080000000000002	0.015728467442058924
16.09	0.01569461163556545
16.1	0.015660849671413325
16.11	0.015627181231443035
16.12	0.015593605998770277
16.13	0.015560123657780107
16.14	0.015526733894121
16.15	0.015493436394699104
16.16	0.01546023084767234
16.17	0.015427116942444696
16.18	0.015394094369660457
16.19	0.01536116282119848
16.2	0.015328321990166528
16.21	0.015295571570895597
16.22	0.015262911258934298
16.23	0.015230340751043268
16.240000000000002	0.015197859745189574
16.25	0.01516546794054123
16.26	0.015133165037461602
16.27	0.015100950737504027
16.28	0.015068824743406263
16.29	0.015036786759085147
16.3	0.015004836489631124
16.31	0.014972973641302957
16.32	0.014941197921522301
16.330000000000002	0.01490950903886849
16.34	0.014877906703073145
16.35	0.014846390625014994
16.36	0.014814960516714604
16.37	0.014783616091329188
16.38	0.014752357063147448
16.39	0.014721183147584367
16.4	0.014690094061176174
16.41	0.014659089521575115
16.42	0.01462816924754455
16.43	0.014597332958953773
16.44	0.014566580376773048
16.45	0.0145359112230686
16.46	0.014505325220997685
16.47	0.014474822094803589
16.48	0.014444401569810748
16.490000000000002	0.014414063372419858
16.5	0.014383807230103006
16.51	0.014353632871398805
16.52	0.014323540025907614
16.53	0.014293528424286703
16.54	0.014263597798245545
16.55	0.014233747880541008
16.56	0.014203978404972686
16.57	0.014174289106378177
16.580000000000002	0.014144679720628422
16.59	0.014115149984623048
16.6	0.014085699636285778
16.61	0.014056328414559782
16.62	0.014027036059403126
16.63	0.013997822311784237
16.64	0.013968686913677333
16.65	0.013939629608057958
16.66	0.013910650138898462
16.67	0.01388174825116356
16.68	0.01385292369080588
16.69	0.01382417620476158
16.7	0.013795505540945899
16.71	0.013766911448248851
16.72	0.013738393676530805
16.73	0.013709951976618211
16.740000000000002	0.013681586100299294
16.75	0.013653295800319725
16.76	0.013625080830378403
16.77	0.013596940945123204
16.78	0.013568875900146724
16.79	0.013540885451982156
16.8	0.01351296935809906
16.81	0.013485127376899192
16.82	0.01345735926771243
16.830000000000002	0.013429664790792599
16.84	0.013402043707313406
16.85	0.013374495779364387
16.86	0.013347020769946826
16.87	0.013319618442969696
16.88	0.013292288563245722
16.89	0.013265030896487324
16.9	0.013237845209302677
16.91	0.013210731269191736
16.92	0.013183688844542343
16.93	0.013156717704626269
16.94	0.013129817619595361
16.95	0.013102988360477623
16.96	0.013076229699173403
16.97	0.013049541408451557
16.98	0.013022923261945572
16.990000000000002	0.012996375034149871
17.	0.01296989650041595
17.01	0.01294348743694865
17.02	0.01291714762080243
17.03	0.012890876829877598
17.04	0.01286467484291667
17.05	0.01283854143950064
17.06	0.012812476400045323
17.07	0.012786479505797739
17.080000000000002	0.012760550538832408
17.09	0.012734689282047818
17.1	0.012708895519162782
17.11	0.012683169034712876
17.12	0.012657509614046871
17.13	0.012631917043323221
17.14	0.012606391109506496
17.150000000000002	0.012580931600363892
17.16	0.01255553830446176
17.17	0.012530211011162109
17.18	0.012504949510619161
17.19	0.012479753593775903
17.2	0.012454623052360683
17.21	0.012429557678883811
17.22	0.01240455726663412
17.23	0.012379621609675666
17.240000000000002	0.012354750502844314
17.25	0.012329943741744438
17.26	0.012305201122745591
17.27	0.012280522442979181
17.28	0.012255907500335193
17.29	0.012231356093458934
17.3	0.012206868021747743
17.31	0.012182443085347766
17.32	0.012158081085150735
17.330000000000002	0.012133781822790757
17.34	0.012109545100641125
17.35	0.012085370721811088
17.36	0.012061258490142786
17.37	0.01203720821020801
17.38	0.012013219687305118
17.39	0.0119892927274559
17.400000000000002	0.011965427137402495
17.41	0.011941622724604287
17.42	0.011917879297234825
17.43	0.011894196664178798
17.44	0.01187057463502896
17.45	0.011847013020083116
17.46	0.011823511630341114
17.47	0.011800070277501844
17.48	0.01177668877396025
17.490000000000002	0.01175336693280436
17.5	0.011730104567812337
17.51	0.011706901493449542
17.52	0.011683757524865597
17.53	0.011660672477891453
17.54	0.01163764616903657
17.55	0.011614678415485927
17.56	0.01159176903509724
17.57	0.011568917846398042
17.580000000000002	0.011546124668582883
17.59	0.01152338932151048
17.6	0.011500711625700908
17.61	0.011478091402332798
17.62	0.01145552847324054
17.63	0.011433022660911528
17.64	0.011410573788483364
17.650000000000002	0.011388181679741156
17.66	0.011365846159114734
17.67	0.011343567051675978
17.68	0.011321344183136059
17.69	0.011299177379842764
17.7	0.01127706646877783
17.71	0.011255011277554247
17.72	0.011233011634413613
17.73	0.011211067368223478
17.740000000000002	0.011189178308474731
17.75	0.011167344285278968
17.76	0.011145565129365874
17.77	0.011123840672080651
17.78	0.011102170745381407
17.79	0.011080555181836631
17.8	0.011058993814622563
17.81	0.011037486477520736
17.82	0.011016033004915354
17.830000000000002	0.010994633231790844
17.84	0.010973286993729292
17.85	0.01095199412690798
17.86	0.010930754468096883
17.87	0.010909567854656188
17.88	0.010888434124533858
17.89	0.010867353116263153
17.900000000000002	0.010846324668960204
17.91	0.010825348622321576
17.92	0.01080442481662187
17.93	0.010783553092711288
17.94	0.010762733292013275
17.95	0.010741965256522105
17.96	0.010721248828800526
17.97	0.0107005838519774
17.98	0.010679970169745338
17.990000000000002	0.010659407626358383
18.	0.01063624663544048
18.01	0.010612990490413974
18.02	0.010589798061943075
18.03	0.01056666914024527
18.04	0.010543603516344566
18.05	0.010520600982067916
18.06	0.010497661330041725
18.07	0.010474784353688283
18.080000000000002	0.010451969847222348
18.09	0.01042921760564761
18.1	0.010406527424753243
18.11	0.010383899101110513
18.12	0.010361332432069268
18.13	0.010338827215754604
18.14	0.010316383251063425
18.150000000000002	0.010294000337661119
18.16	0.010271678275978151
18.17	0.01024941686720675
18.18	0.010227215913297578
18.19	0.010205075216956403
18.2	0.010182994581640846
18.21	0.010160973811557074
18.22	0.010139012711656554
18.23	0.010117111087632798
18.240000000000002	0.010095268745918146
18.25	0.010073485493680548
18.26	0.010051761138820371
18.27	0.010030095489967208
18.28	0.010008488356476723
18.29	0.009986939548427507
18.3	0.009965448876617924
18.31	0.009944016152563013
18.32	0.00992264118849136
18.330000000000002	0.00990132379734204
18.34	0.009880063792761509
18.35	0.009858860989100568
18.36	0.009837715201411336
18.37	0.009816626245444155
18.38	0.009795593937644653
18.39	0.009774618095150692
18.400000000000002	0.009753698535789411
18.41	0.009732835078074237
18.42	0.009712027541201936
18.43	0.009691275745049684
18.44	0.009670579510172108
18.45	0.009649938657798406
18.46	0.009629353009829427
18.47	0.009608822388834783
18.48	0.009588346618050003
18.490000000000002	0.009567925521373647
18.5	0.00954755892336448
18.51	0.009527246649238614
18.52	0.009506988524866743
18.53	0.00948678437677129
18.54	0.009466634032123644
18.55	0.00944653731874137
18.56	0.009426494065085464
18.57	0.009406504100257585
18.580000000000002	0.009386567253997332
18.59	0.009366683356679522
18.6	0.009346852239311457
18.61	0.009327073733530266
18.62	0.009307347671600186
18.63	0.00928767388640991
18.64	0.009268052211469924
18.650000000000002	0.009248482480909856
18.66	0.009228964529475855
18.67	0.009209498192527957
18.68	0.0091900833060375
18.69	0.009170719706584493
18.7	0.009151407231355067
18.71	0.009132145718138878
18.72	0.009112935005326582
18.73	0.00909377493190725
18.740000000000002	0.009074665337465862
18.75	0.009055606062180772
18.76	0.009036596946821211
18.77	0.009017637832744766
18.78	0.00899872856189492
18.79	0.008979868976798562
18.8	0.008961058920563529
18.81	0.008942298236876157
18.82	0.00892358676999883
18.830000000000002	0.008904924364767586
18.84	0.008886310866589645
18.85	0.008867746121441068
18.86	0.00884922997586432
18.87	0.00883076227696589
18.88	0.008812342872413956
18.89	0.00879397161043597
18.900000000000002	0.00877564833981638
18.91	0.008757372909894222
18.92	0.008739145170560838
18.93	0.008720964972257553
18.94	0.008702832165973355
18.95	0.00868474660324262
18.96	0.00866670813614283
18.97	0.008648716617292287
18.98	0.008630771899847855
18.990000000000002	0.00861287383750272
19.	0.008595022284484145
19.01	0.008577217095551247
19.02	0.008559458125992741
19.03	0.008541745231624799
19.04	0.008524078268788794
19.05	0.008506457094349138
19.06	0.008488881565691098
19.07	0.008471351540718628
19.080000000000002	0.008453866877852217
19.09	0.00843642743602674
19.1	0.008419033074689317
19.11	0.008401683653797197
19.12	0.00838437903381561
19.13	0.008367119075715712
19.14	0.008349903640972444
19.150000000000002	0.008332732591562458
19.16	0.008315605789962042
19.17	0.008298523099145052
19.18	0.008281484382580851
19.19	0.008264489504232255
19.2	0.008247538328553508
19.21	0.00823063072048824
19.22	0.008213766545467436
19.23	0.00819694566940746
19.240000000000002	0.00818016795870803
19.25	0.008163433280250211
19.26	0.00814674150139446
19.27	0.008130092489978641
19.28	0.008113048912723122
19.29	0.00809490702491113
19.3	0.008076815075705127
19.31	0.008058772901872523
19.32	0.00804078034079838
19.330000000000002	0.008022837230482817
19.34	0.008004943409538343
19.35	0.007987098717187233
19.36	0.007969302993258915
19.37	0.007951556078187353
19.38	0.007933857813008465
19.39	0.007916208039357536
19.400000000000002	0.007898606599466658
19.41	0.00788105333616217
19.42	0.007863548092862122
19.43	0.007846090713573731
19.44	0.007828681042890867
19.45	0.007811318925991571
19.46	0.0077940042086355075
19.47	0.007776736737161537
19.48	0.007759516358485219
19.490000000000002	0.007742342920096333
19.5	0.007725216270056494
19.51	0.007708136256996642
19.52	0.007691102730114675
19.53	0.007674115539173001
19.54	0.007657174534496158
19.55	0.007640279566968413
19.56	0.007623430488031396
19.57	0.007606627149681715
19.580000000000002	0.007589869404468624
19.59	0.007573157105491659
19.6	0.007556490106398305
19.61	0.007539868261381701
19.62	0.0075232914251782785
19.63	0.007506759453065515
19.64	0.007490272200859618
19.650000000000002	0.007473829524913246
19.66	0.007457431282113245
19.67	0.007441077329878386
19.68	0.007424767526157138
19.69	0.007408501729425413
19.7	0.007392279798684331
19.71	0.007376101593458047
19.72	0.007359966973791508
19.73	0.007343875800248277
19.740000000000002	0.00732782793390834
19.75	0.007311823236365942
19.76	0.007295861569727412
19.77	0.007279942796609039
19.78	0.0072640667801348886
19.79	0.007248233383934711
19.8	0.007232442472141781
19.81	0.007216693909390815
19.82	0.007200987560815855
19.830000000000002	0.007185323292048183
19.84	0.007169700969214228
19.85	0.007154120458933491
19.86	0.007138581628316516
19.87	0.0071230843449627875
19.88	0.007107628476958713
19.89	0.007092213892875587
19.900000000000002	0.007076840461767563
19.91	0.007061508053169644
19.92	0.007046216537095665
19.93	0.007030965784036309
19.94	0.007015755664957106
19.95	0.007000586051296469
19.96	0.006985456814963713
19.97	0.006970367828337106
19.98	0.006955318964261902
19.990000000000002	0.006940310096048436
20.	0.0069253410974701455
20.01	0.006910411842761671
20.02	0.006895522206616945
20.03	0.006880672064187275
20.04	0.006865861291079451
20.05	0.006851089763353871
20.06	0.006836357357522633
20.07	0.006821663950547691
20.080000000000002	0.006807009419838986
20.09	0.006792393643252577
20.1	0.006777816499088825
20.11	0.00676327786609053
20.12	0.0067487776234411235
20.13	0.006734315650762839
20.14	0.0067198918281149
20.150000000000002	0.006705506035991735
20.16	0.006691158155321145
20.17	0.0066768480674625555
20.18	0.006662575654205236
20.19	0.006648340797766513
20.2	0.006634143380790017
20.21	0.006619983286343922
20.22	0.00660586039791922
20.23	0.006591774599427965
20.240000000000002	0.00657772577520156
20.25	0.00656371380998901
20.26	0.006549738588955246
20.27	0.006535799997679389
20.28	0.006521897922153073
20.29	0.006508032248778733
20.3	0.006494202864367943
20.31	0.006480409656139733
20.32	0.0064666525117189405
20.330000000000002	0.006452931319134517
20.34	0.006439245966817903
20.35	0.006425596343601373
20.36	0.006411982338716419
20.37	0.0063984038417920835
20.38	0.006384860742853383
20.39	0.0063713529323196575
20.400000000000002	0.006357880301002992
20.41	0.006344442740106595
20.42	0.006331040141223223
20.43	0.006317672396333576
20.44	0.006304339397804751
20.45	0.006291041038388639
20.46	0.006277777211220392
20.47	0.006264547809816845
20.48	0.006251352728074968
20.490000000000002	0.006238191860270338
20.5	0.006225065101055603
20.51	0.006211972345458932
20.52	0.00619891348888252
20.53	0.006185888427101064
20.54	0.006172897056260254
20.55	0.006159939272875281
20.56	0.006147014973829325
20.57	0.006134124056372085
20.580000000000002	0.006121266418118296
20.59	0.006108441957046263
20.6	0.006095650571496366
20.61	0.006082892160169635
20.62	0.006070166622126274
20.63	0.00605747385678422
20.64	0.006044813763917702
20.650000000000002	0.006032186243655822
20.66	0.0060190877499768074
20.67	0.00600529156090469
20.68	0.005991533643664541
20.69	0.005977813873657208
20.7	0.005964132126749132
20.71	0.005950488279270392
20.72	0.005936882208012733
20.73	0.005923313790227641
20.740000000000002	0.00590978290362438
20.75	0.005896289426368091
20.76	0.00588283323707786
20.77	0.005869414214824806
20.78	0.005856032239130198
20.79	0.005842687189963542
20.8	0.005829378947740715
20.81	0.005816107393322096
20.82	0.005802872408010679
20.830000000000002	0.0057896738735502265
20.84	0.005776511672123435
20.85	0.00576338568635009
20.86	0.005750295799285216
20.87	0.005737241894417295
20.88	0.005724223855666407
20.89	0.005711241567382466
20.900000000000002	0.005698294914343396
20.91	0.005685383781753358
20.92	0.005672508055240964
20.93	0.005659667620857505
20.94	0.005646862365075193
20.95	0.005634092174785414
20.96	0.00562135693729695
20.97	0.005608656540334277
20.98	0.005595990872035811
20.990000000000002	0.0055833598209522
21.	0.0055707632760446015
21.01	0.005558201126682978
21.02	0.005545673262644386
21.03	0.005533179574111315
21.04	0.005520719951669973
21.05	0.00550829428630863
21.06	0.005495902469415947
21.07	0.005483544392779311
21.080000000000002	0.005471219948583183
21.09	0.005458929029407473
21.1	0.005446671528225867
21.11	0.0054344473384042215
21.12	0.005422256353698953
21.13	0.0054100984682553905
21.14	0.0053979735766062015
21.150000000000002	0.005385881573669769
21.16	0.005373822354748607
21.17	0.005361795815527778
21.18	0.005349801852073323
21.19	0.0053378403608306665
21.2	0.005325911238623078
21.21	0.005314014382650103
21.22	0.005302149690486037
21.23	0.005290317060078337
21.240000000000002	0.005278516389746131
21.25	0.0052667475781786694
21.26	0.005255010524433816
21.27	0.005243305127936517
21.28	0.00523163128847732
21.29	0.005219988906210845
21.3	0.005208377881654314
21.31	0.005196798115686056
21.32	0.005185249509544023
21.330000000000002	0.005173731964824324
21.34	0.005162245383479764
21.35	0.005150789667818367
21.36	0.005139364720501954
21.37	0.005127970444544654
21.38	0.005116606743311505
21.39	0.005105273520516994
21.400000000000002	0.0050939706802236515
21.41	0.005082698126840617
21.42	0.005071455765122231
21.43	0.005060243500166624
21.44	0.005049061237414321
21.45	0.00503790888264685
21.46	0.005026786341985338
21.47	0.005015693521889151
21.48	0.005004630329154506
21.490000000000002	0.004993596670913104
21.5	0.0049825924546307646
21.51	0.004971617588106085
21.52	0.004960671979469055
21.53	0.004949755537179752
21.54	0.0049388681700269785
21.55	0.004928009787126932
21.56	0.004917180297921893
21.57	0.0049063796121788785
21.580000000000002	0.004895607639988365
21.59	0.0048848642917629324
21.6	0.0048741494782360084
21.61	0.00486346311046054
21.62	0.004852805099807716
21.63	0.004842175357965677
21.64	0.004831573796938248
21.650000000000002	0.004821000329043633
21.66	0.004810454866913202
21.67	0.004799937323490161
21.68	0.004789447612028358
21.69	0.0047789856460909875
21.7	0.00476855133954937
21.71	0.004758144606581711
21.72	0.004747765361671842
21.73	0.004737413519608028
21.740000000000002	0.004727088995481724
21.75	0.0047167917046863584
21.76	0.004706521562916117
21.77	0.004696278486164761
21.78	0.004686062390724381
21.79	0.004675873193184254
21.8	0.004665710810429596
21.81	0.004655575159640439
21.82	0.004645466158290402
21.830000000000002	0.004635383724145519
21.84	0.004625327775263116
21.85	0.004615298229990583
21.86	0.004605295006964273
21.87	0.0045953180251082915
21.88	0.004585367203633403
21.89	0.004575442462035847
21.900000000000002	0.0045655437200962205
21.91	0.0045556708978783285
21.92	0.004545823915728086
21.93	0.00453600269427234
21.94	0.004526207154417817
21.95	0.004516437217349952
21.96	0.004506692804531819
21.97	0.004496973837703009
21.98	0.004487280238878526
21.990000000000002	0.004477611930347719
22.	0.004467968834673154
22.01	0.004458350874689571
22.02	0.004448757973502778
22.03	0.0044391900544885725
22.04	0.004429647041291698
22.05	0.004420128857824754
22.06	0.004410635428267141
22.07	0.00440116667706402
22.080000000000002	0.0043917225289252316
22.09	0.00438230290882428
22.1	0.004372907741997274
22.11	0.004363536953941889
22.12	0.004354190470416345
22.13	0.004344868217438358
22.14	0.004334946432451139
22.150000000000002	0.004324754913324176
22.16	0.004314591938487524
22.17	0.004304457415167733
22.18	0.004294351250934538
22.19	0.004284273353699423
22.2	0.0042742236317142215
22.21	0.004264201993569679
22.22	0.0042542083481940905
22.23	0.004244242604851868
22.240000000000002	0.00423430467314215
22.25	0.0042243944629974505
22.26	0.0042145118846822335
22.27	0.004204656848791591
22.28	0.004194829266249826
22.29	0.00418502904830914
22.3	0.004175256106548247
22.31	0.004165510352871041
22.32	0.0041557916995052496
22.330000000000002	0.004146100059001113
22.34	0.004136435344230023
22.35	0.004126797468383247
22.36	0.004117186344970564
22.37	0.004107601887818983
22.38	0.0040980440110714444
22.39	0.0040885126291854874
22.400000000000002	0.004079007656931995
22.41	0.004069529009393875
22.42	0.004060076601964816
22.43	0.00405065035034797
22.44	0.004041250170554712
22.45	0.004031875978903365
22.46	0.004022527692017962
22.47	0.004013205226826946
22.48	0.004003908500561987
22.490000000000002	0.003994637430756683
22.5	0.003985391935245368
22.51	0.00397617193216186
22.52	0.003966977339938236
22.53	0.003957808077303633
22.54	0.003948664063283006
22.55	0.00393954521719595
22.56	0.003930451458655478
22.57	0.003921382707566829
22.580000000000002	0.003912338884126283
22.59	0.0039033199088199743
22.6	0.0038943257024226926
22.61	0.003885356185996742
22.62	0.0038764112808907327
22.63	0.003867490908738459
22.64	0.003858594991457698
22.650000000000002	0.003849723451249075
22.66	0.003840876210594934
22.67	0.0038320531922581445
22.68	0.0038232543192810234
22.69	0.0038144795149841417
22.7	0.003805728702965249
22.71	0.003797001807098116
22.72	0.003788298751531429
22.73	0.0037796194606876635
22.740000000000002	0.003770963859262014
22.75	0.0037623318722212317
22.76	0.0037537234248025846
22.77	0.003745138442512721
22.78	0.0037365768511266025
22.79	0.003728038576686425
22.8	0.003719523545500513
22.81	0.0037110316841422854
22.82	0.0037025629194491413
22.830000000000002	0.0036941171785214353
22.84	0.0036856943887214
22.85	0.003677294477672087
22.86	0.0036689173732563202
22.87	0.003660563003615663
22.88	0.0036522312971493586
22.89	0.0036439221825133065
22.900000000000002	0.003635635588619021
22.91	0.003627371444632615
22.92	0.003619129679973781
22.93	0.0036109102243147393
22.94	0.003602713007579281
22.95	0.0035945379599417026
22.96	0.0035863850118258494
22.97	0.003578254093904077
22.98	0.003570145137096287
22.990000000000002	0.0035620580725689013
23.	0.0035539928317339254
23.01	0.0035459493462479067
23.02	0.0035379275480110096
23.03	0.003529927369166004
23.04	0.0035219487420973168
23.05	0.00351399159943007
23.06	0.0035060558740290897
23.07	0.003498141498997999
23.080000000000002	0.00349024840767821
23.09	0.00348237653364803
23.1	0.0034745258107216686
23.11	0.00346669617294834
23.12	0.003458887554611298
23.13	0.003451099890226918
23.14	0.003443333114543764
23.150000000000002	0.003435587162541681
23.16	0.003427861969430845
23.17	0.0034201574706508794
23.18	0.0034124736018699264
23.19	0.0034048102989837434
23.2	0.0033971674981148102
23.21	0.0033895451356114052
23.22	0.0033819431480467416
23.23	0.003374361472218046
23.240000000000002	0.003366800045145703
23.25	0.003359258804072339
23.26	0.0033517376864619667
23.27	0.0033442366299990967
23.28	0.0033367555725878797
23.29	0.0033292944523512103
23.3	0.003321853207629904
23.31	0.003314431776981798
23.32	0.0033070300991809125
23.330000000000002	0.0032996481132166093
23.34	0.003292285758292712
23.35	0.003284942973826694
23.36	0.0032776196994488034
23.37	0.003270315875001258
23.38	0.003263031440537391
23.39	0.003255766336320819
23.400000000000002	0.0032485205028246244
23.41	0.0032412938807305364
23.42	0.003234086410928081
23.43	0.0032268980345138087
23.44	0.0032197286927904433
23.45	0.003212578327266095
23.46	0.003205446879653456
23.47	0.0031983342918689675
23.48	0.0031912405060320684
23.490000000000002	0.00318416546446436
23.5	0.003177109109688837
23.51	0.00317007138442908
23.52	0.003163052231608503
23.53	0.003156051594349528
23.54	0.0031490694159728417
23.55	0.0031421056399966066
23.56	0.0031351602101356933
23.57	0.0031282330703009038
23.580000000000002	0.003121324164598218
23.59	0.003114433437328027
23.6	0.003107560832984375
23.61	0.0031007062962542095
23.62	0.003093869772016613
23.63	0.0030870512053420784
23.64	0.003080250541491742
23.650000000000002	0.0030734677259166613
23.66	0.003066702704257058
23.67	0.0030599554223415936
23.68	0.0030532258261866353
23.69	0.0030465138619955234
23.7	0.003039819476157848
23.71	0.0030331426152487204
23.72	0.003026254358661184
23.73	0.0030190147404301907
23.740000000000002	0.0030117954805713035
23.75	0.0030045965132957627
23.76	0.0029974177730550055
23.77	0.002990259194539635
23.78	0.0029831207126784984
23.79	0.002976002262637683
23.8	0.002968903779819563
23.81	0.002961825199861842
23.82	0.0029547664586366015
23.830000000000002	0.002947727492249333
23.84	0.0029407082370380114
23.85	0.002933708629572133
23.86	0.0029267286066517895
23.87	0.0029197681053067413
23.88	0.0029128270627954552
23.89	0.0029059054166042197
23.900000000000002	0.0028990031044461837
23.91	0.0028921200642604778
23.92	0.0028852562342112577
23.93	0.0028784115526868373
23.94	0.0028715859582987505
23.95	0.0028647793898808694
23.96	0.0028579917864884896
23.97	0.00285122308739746
23.98	0.002844473232103264
23.990000000000002	0.0028377421603201594
24.	0.0028310298119802856
24.01	0.002824336127232781
24.02	0.0028176610464429267
24.03	0.002811004510191249
24.04	0.0028043664592726824
24.05	0.0027977468346956844
24.060000000000002	0.002791145577681393
24.07	0.0027845626296627616
24.080000000000002	0.0027779979322837137
24.09	0.0027714514273982933
24.1	0.002764923057069825
24.11	0.002758412763570065
24.12	0.002751920489378376
24.13	0.0027454461771808957
24.14	0.002738989769869691
24.150000000000002	0.0027325512105419603
24.16	0.002726130442499184
24.17	0.002719727409246332
24.18	0.0027133420544910277
24.19	0.002706974322142755
24.2	0.0027006241563120423
24.21	0.00269429150130966
24.22	0.00268797630164582
24.23	0.0026816785020293923
24.240000000000002	0.0026753980473670875
24.25	0.0026691348827626886
24.26	0.00266288895351626
24.27	0.0026566602051233566
24.28	0.0026504485832742628
24.29	0.002644254033853194
24.3	0.002638076502937545
24.310000000000002	0.0026319159367971055
24.32	0.002625772281893315
24.330000000000002	0.0026196454848784693
24.34	0.002613535492595
24.35	0.002607442252074689
24.36	0.00260136571053793
24.37	0.0025953058153929797
24.38	0.0025892625142352028
24.39	0.0025832357548463457
24.400000000000002	0.002577225485193789
24.41	0.0025712316534298074
24.42	0.002565254207890842
24.43	0.0025592930970967775
24.44	0.0025533482697502005
24.45	0.002547419674735696
24.46	0.0025415072611191056
24.47	0.002535610978146837
24.48	0.0025297307752451237
24.490000000000002	0.002523866602019335
24.5	0.0025180184082532623
24.51	0.0025121861439084013
24.52	0.0025063697591232825
24.53	0.00250056920421274
24.54	0.0024947844296672335
24.55	0.002489015386152156
24.560000000000002	0.002483262024507144
24.57	0.0024775242957453814
24.580000000000002	0.0024718021510529357
24.59	0.002466095541788054
24.6	0.0024604044194805126
24.61	0.0024547287358309203
24.62	0.0024490684427100596
24.63	0.0024434234921582136
24.64	0.0024377938363845005
24.650000000000002	0.002432179427766214
24.66	0.0024265802188481638
24.67	0.002420996162342013
24.68	0.0024154272111256304
24.69	0.002409873318242439
24.7	0.0024043344369007553
24.71	0.00239881052047317
24.72	0.002393301522495875
24.73	0.002387807396668048
24.740000000000002	0.0023823280968511967
24.75	0.0023768635770685374
24.76	0.0023714137915043596
24.77	0.0023659786945033918
24.78	0.002360558240570181
24.79	0.002355152384368466
24.8	0.0023497610807205606
24.810000000000002	0.00234438428460673
24.82	0.002339021951164577
24.830000000000002	0.0023336740356884327
24.84	0.0023283404936287407
24.85	0.0023230212805914513
24.86	0.002317716352337423
24.87	0.002312425664781801
24.88	0.0023071491739934443
24.89	0.002301886836194306
24.900000000000002	0.002296638607758851
24.91	0.002291404445213457
24.92	0.0022861843052358224
24.93	0.002280978144654396
24.94	0.002275785920447773
24.95	0.002270607589744118
24.96	0.002265443109820592
24.97	0.0022602924381027742
24.98	0.0022551555321640724
24.990000000000002	0.0022500323497251736
25.	0.0022449228486534534
25.01	0.002239826986962426
25.02	0.0022347447228111684
25.03	0.0022296760145037583
25.04	0.00222462082048872
25.05	0.002219579099358456
25.060000000000002	0.002214550809848707
25.07	0.0022095359108379848
25.080000000000002	0.002204534361347029
25.09	0.0021995461205382566
25.1	0.0021945711477152174
25.11	0.0021896094023220423
25.12	0.002184660843942921
25.13	0.002179725432301538
25.14	0.0021748031272605544
25.150000000000002	0.0021698938888210675
25.16	0.0021649976771220786
25.17	0.0021601144524399617
25.18	0.0021552441751879325
25.19	0.0021503868059155364
25.2	0.002145542305308106
25.21	0.0021407106341862583
25.22	0.002135891753505364
25.23	0.0021310856243550356
25.240000000000002	0.0021262922079586057
25.25	0.002121511465672633
25.26	0.002116743358986365
25.27	0.0021119878495212594
25.28	0.0021072448990304498
25.29	0.002102514469398267
25.3	0.0020977965226397217
25.310000000000002	0.0020930910209000066
25.32	0.0020883979264540104
25.330000000000002	0.002083717201705802
25.34	0.0020790488091881614
25.35	0.0020743927115620705
25.36	0.002069748871616231
25.37	0.002065117252266576
25.38	0.0020604978165557897
25.39	0.0020558905276528115
25.400000000000002	0.002051295348852376
25.41	0.0020467122435745113
25.42	0.0020418695027495572
25.43	0.00203695694157763
25.44	0.0020320581240546444
25.45	0.002027173006350897
25.46	0.0020223015447935954
25.47	0.0020174436958662546
25.48	0.0020125994162080592
25.490000000000002	0.0020077686626132516
25.5	0.002002951392030521
25.51	0.00199814756156239
25.52	0.001993357128464592
25.53	0.00198858005014549
25.54	0.00198381628416544
25.55	0.0019790657882362223
25.560000000000002	0.0019743285202204162
25.57	0.001969604438130819
25.580000000000002	0.001964893500129844
25.59	0.0019601956645289294
25.6	0.0019555108897879587
25.61	0.0019508391345146598
25.62	0.001946180357464038
25.63	0.0019415345175377789
25.64	0.0019369015737836805
25.650000000000002	0.0019322814853950686
25.66	0.0019276742117102397
25.67	0.0019230797122118612
25.68	0.0019184979465264387
25.69	0.0019139288744237125
25.7	0.0019093724558161254
25.71	0.0019048286507582434
25.72	0.0019002974194461972
25.73	0.0018957787222171408
25.740000000000002	0.0018912725195486721
25.75	0.0018867787720583083
25.76	0.0018822974405029184
25.77	0.001877828485778183
25.78	0.0018733718689180445
25.79	0.001868927551094178
25.8	0.0018644954936154305
25.810000000000002	0.0018600756579273056
25.82	0.001855668005611409
25.830000000000002	0.0018512724983849298
25.84	0.0018468890981001057
25.85	0.001842517766743684
25.86	0.0018381584664364156
25.87	0.0018338111594325105
25.88	0.0018294758081191331
25.89	0.0018251523750158715
25.900000000000002	0.0018208408227742253
25.91	0.00181654111417709
25.92	0.0018122532121382447
25.93	0.0018079770797018366
25.94	0.0018037126800418844
25.95	0.0017994599764617567
25.96	0.0017952189323936815
25.97	0.001790989511398237
25.98	0.0017867716771638518
25.990000000000002	0.001782565393506314
26.	0.0017783706243682626
26.01	0.0017741873338187146
26.02	0.001770015486052549
26.03	0.001765855045390041
26.04	0.00176170597627636
26.05	0.0017575682432810857
26.060000000000002	0.0017534418110977331
26.07	0.0017493266445432697
26.080000000000002	0.001745222708557626
26.09	0.0017411299682032367
26.1	0.0017370483886645445
26.11	0.0017329779352475527
26.12	0.001728918573379333
26.13	0.001724870268607563
26.14	0.0017208329866000684
26.150000000000002	0.0017168066931443438
26.16	0.001712791354147106
26.17	0.0017087869356338168
26.18	0.0017047934037482373
26.19	0.001700810724751963
26.2	0.0016968388650239748
26.21	0.001692877791060177
26.22	0.0016889274694729625
26.23	0.0016849878669907418
26.240000000000002	0.0016810589504575152
26.25	0.0016771406868324199
26.26	0.0016732330431892776
26.27	0.0016693359867161746
26.28	0.0016654494847149952
26.29	0.0016615735046010102
26.3	0.0016577080139024193
26.310000000000002	0.0016538529802599302
26.32	0.0016500083714263184
26.330000000000002	0.0016461741552660101
26.34	0.00164235029975463
26.35	0.001638536772978597
26.36	0.0016347335431346872
26.37	0.0016309405785296153
26.38	0.0016271578475796093
26.39	0.0016233853188099944
26.400000000000002	0.001619622960854775
26.41	0.001615870742456211
26.42	0.001612128632464417
26.43	0.0016083965998369347
26.44	0.001604674613638335
26.45	0.0016009626430397979
26.46	0.0015972606573187163
26.47	0.0015935686258582754
26.48	0.0015898865181470647
26.490000000000002	0.0015862143037786607
26.5	0.001582551952451243
26.51	0.0015788994339671727
26.52	0.0015752567182326141
26.53	0.001571623775257141
26.54	0.0015680005751533162
26.55	0.001564387088136335
26.560000000000002	0.0015607832845236046
26.57	0.001557189134734372
26.580000000000002	0.0015536046092893309
26.59	0.001550029678810236
26.6	0.0015464643140195161
26.61	0.0015429084857399016
26.62	0.001539362164894029
26.63	0.0015358253225040736
26.64	0.0015322979296913599
26.650000000000002	0.0015287799576759991
26.66	0.0015252713777765068
26.67	0.0015217721614094216
26.68	0.0015182822800889546
26.69	0.0015148017054265948
26.7	0.0015113304091307611
26.71	0.0015078683630064236
26.72	0.0015044155389547394
26.73	0.0015009719089726912
26.740000000000002	0.0014975374451527278
26.75	0.001494112119682392
26.76	0.0014906959048439764
26.77	0.0014872887730141505
26.78	0.001483890696663617
26.79	0.0014805016483567485
26.8	0.0014771216007512325
26.810000000000002	0.001473750526597731
26.82	0.0014703883987395156
26.830000000000002	0.00146703519011213
26.84	0.0014636908737430318
26.85	0.0014603554227512574
26.86	0.0014570288103470678
26.87	0.0014537110098316096
26.88	0.001450401994596571
26.89	0.0014471017381238467
26.900000000000002	0.0014438102139851866
26.91	0.0014405273958418762
26.92	0.0014372532574443795
26.93	0.0014339877726320192
26.94	0.001430730915332644
26.95	0.0014274826595622777
26.96	0.0014242429794248136
26.97	0.0014210118491116658
26.98	0.0014177892429014483
26.990000000000002	0.0014145751351596525
27.	0.0014113695003383118
27.01	0.001408172312975686
27.02	0.0014049835476959362
27.03	0.001401803179208795
27.04	0.0013986311823092656
27.05	0.0013954675318772816
27.060000000000002	0.0013923122028774023
27.07	0.001389165170358498
27.080000000000002	0.0013860264094534224
27.09	0.0013828958953787146
27.1	0.0013797736034342704
27.11	0.0013766595090030493
27.12	0.00137355358755075
27.13	0.0013704558146255105
27.14	0.0013673661658575942
27.150000000000002	0.0013642846169590935
27.16	0.0013612111437236115
27.17	0.0013581457220259718
27.18	0.0013550883278219076
27.19	0.0013520389371477661
27.2	0.001348997526120205
27.21	0.0013459640709358929
27.22	0.001342938547871221
27.23	0.0013399189752098732
27.240000000000002	0.0013367993380721881
27.25	0.0013336881051964529
27.26	0.0013305852508700197
27.27	0.0013274907494682925
27.28	0.0013244045754544007
27.29	0.0013213267033788684
27.3	0.00131825710787928
27.310000000000002	0.0013151957636799486
27.32	0.001312142645591595
27.330000000000002	0.001309097728511012
27.34	0.001306060987420747
27.35	0.0013030323973887766
27.36	0.0013000119335681707
27.37	0.0012969995711967957
27.38	0.001293995285596972
27.39	0.0012909990521751647
27.400000000000002	0.001288010846421668
27.41	0.0012850306439102838
27.42	0.00128205842029801
27.43	0.0012790941513247268
27.44	0.0012761378128128818
27.45	0.0012731893806671858
27.46	0.0012702488308742909
27.47	0.0012673161395024952
27.48	0.0012643912827014297
27.490000000000002	0.001261474236701748
27.5	0.0012585649778148343
27.51	0.0012556634824324845
27.52	0.001252769727026617
27.53	0.001249883688148965
27.54	0.0012470053424307752
27.55	0.0012441346665825162
27.560000000000002	0.001241271637393581
27.57	0.0012384162317319787
27.580000000000002	0.0012355684265440594
27.59	0.0012327281988542024
27.6	0.0012298955257645332
27.61	0.0012270703844546357
27.62	0.0012242527521812497
27.63	0.0012214426062779993
27.64	0.0012186399241550859
27.650000000000002	0.001215844683299022
27.66	0.0012130568612723274
27.67	0.001210276435713259
27.68	0.0012075033843355217
27.69	0.0012047376849279865
27.7	0.0012019793153544111
27.71	0.0011992282535531645
27.72	0.0011964844775369393
27.73	0.001193747965392482
27.740000000000002	0.0011910186952803184
27.75	0.0011882966454344693
27.76	0.0011855817941621913
27.77	0.0011828741198436855
27.78	0.0011801736009318462
27.79	0.0011774802159519745
27.8	0.0011747939435015169
27.810000000000002	0.0011721147622497968
27.82	0.0011694426509377426
27.830000000000002	0.0011667775883776284
27.84	0.0011641195534528056
27.85	0.0011614685251174347
27.86	0.0011588244823962316
27.87	0.0011561874043842007
27.88	0.0011535572702463725
27.89	0.0011509340592175503
27.900000000000002	0.0011483177506020415
27.91	0.001145708323773415
27.92	0.0011431057581742254
27.93	0.0011405100333157785
27.94	0.0011379211287778613
27.95	0.0011353390242084946
27.96	0.0011327636993236807
27.97	0.0011301951339071532
27.98	0.0011276333078101219
27.990000000000002	0.00112507820095103
28.	0.0011225297933153005
28.01	0.0011199880649550918
28.02	0.0011174529959890533
28.03	0.0011149245666020728
28.04	0.0011124027570450442
28.05	0.0011098875476346067
28.060000000000002	0.0011073789187529247
28.07	0.0011048768508474264
28.080000000000002	0.001102381324430577
28.09	0.001099892320079633
28.1	0.0010974098184364017
28.11	0.0010949338002070137
28.12	0.001092464246161672
28.13	0.0010900011371344311
28.14	0.0010875444540229527
28.150000000000002	0.001085094177788276
28.16	0.001082650289454583
28.17	0.0010802127701089713
28.18	0.0010777816009012143
28.19	0.0010753567630435422
28.2	0.0010729382378104045
28.21	0.001070526006538245
28.22	0.0010681200506252799
28.23	0.0010657203515312603
28.240000000000002	0.0010633268907772556
28.25	0.0010609396499454296
28.26	0.00105855861067881
28.27	0.0010561837546810692
28.28	0.001053815063716309
28.29	0.0010514525196088289
28.3	0.0010490961042429142
28.310000000000002	0.0010467457995626107
28.32	0.0010444015875715155
28.330000000000002	0.0010420634503325484
28.34	0.0010397313699677443
28.35	0.0010374053286580345
28.36	0.001035085308643032
28.37	0.0010327712922208138
28.38	0.0010304632617477206
28.39	0.0010281611996381262
28.400000000000002	0.0010258650883642408
28.41	0.0010235749104558966
28.42	0.0010212906485003318
28.43	0.0010190122851419963
28.44	0.0010167398030823233
28.45	0.0010144731850795436
28.46	0.001012212413948463
28.47	0.0010099574725602673
28.48	0.0010077083438423077
28.490000000000002	0.0010054650107779097
28.5	0.001003227456406159
28.51	0.0010009956638217029
28.52	0.0009987696161745522
28.53	0.0009965492966698738
28.54	0.000994334688567798
28.55	0.000992125775183216
28.560000000000002	0.0009899225398855812
28.57	0.0009877249660987107
28.580000000000002	0.0009855330373005951
28.59	0.000983346737023193
28.6	0.0009811660488522455
28.61	0.0009789909564270702
28.62	0.0009768214434403835
28.63	0.0009746574936380932
28.64	0.0009724990908191132
28.650000000000002	0.0009703462188351739
28.66	0.0009681988615906216
28.67	0.0009660570030422461
28.68	0.0009639206271990763
28.69	0.000961789718122196
28.7	0.0009596642599245611
28.71	0.0009575442367708097
28.72	0.0009554296328770709
28.73	0.0009533204325107917
28.740000000000002	0.0009512166199905374
28.75	0.0009491181796858229
28.76	0.0009470250960169158
28.77	0.000944937353454665
28.78	0.0009428549365203117
28.79	0.0009407778297853111
28.8	0.0009387060178711548
28.810000000000002	0.0009366394854491849
28.82	0.0009345782172404223
28.830000000000002	0.0009325221980153811
28.84	0.0009304714125938997
28.85	0.0009284258458449557
28.86	0.000926385482686497
28.87	0.0009243503080852591
28.88	0.0009223203070565985
28.89	0.0009202954646643114
28.900000000000002	0.0009182757660204656
28.91	0.0009162611962852251
28.92	0.0009142517406666799
28.93	0.0009122473844206732
28.94	0.0009102481128506295
28.95	0.0009082539113073908
28.96	0.0009062647651890401
28.97	0.0009042806599407344
28.98	0.0009023015810545433
28.990000000000002	0.0009003275140692721
29.	0.0008983584445703001
29.01	0.0008963943581894176
29.02	0.0008944352406046524
29.03	0.0008924810775401129
29.04	0.0008905318547658197
29.05	0.0008885875580975447
29.060000000000002	0.0008866481733966475
29.07	0.0008847136865699075
29.080000000000002	0.0008827840835693771
29.09	0.0008808593503922029
29.1	0.0008789394730804791
29.11	0.000877024437721082
29.12	0.0008751142304455115
29.13	0.0008732088374297299
29.14	0.000871308244894015
29.150000000000002	0.0008694124391027858
29.16	0.0008675214063644631
29.17	0.0008656351330313028
29.18	0.0008637776799285672
29.19	0.0008619891440085643
29.2	0.000860204922142177
29.21	0.0008584250024515831
29.22	0.0008566493730957116
29.23	0.0008548780222701174
29.240000000000002	0.0008531109382068573
29.25	0.0008513481091743666
29.26	0.0008495895234773263
29.27	0.0008478351694565509
29.28	0.0008460850354888527
29.29	0.0008443391099869265
29.3	0.0008425973813992215
29.310000000000002	0.0008408598382098222
29.32	0.0008391264689383251
29.330000000000002	0.0008373972621397173
29.34	0.0008356722064042551
29.35	0.0008339512903573416
29.36	0.0008322345026594127
29.37	0.0008305218320058095
29.38	0.0008288132671266632
29.39	0.0008271087967867759
29.400000000000002	0.0008254084097855023
29.41	0.000823712094956631
29.42	0.0008220198411682676
29.43	0.0008203316373227167
29.44	0.0008186474723563668
29.45	0.0008169673352395717
29.46	0.0008152912149765374
29.47	0.0008136191006052052
29.48	0.0008119509811971376
29.490000000000002	0.0008102868458574026
29.5	0.0008086266837244621
29.51	0.0008069704839700544
29.52	0.0008053182357990845
29.53	0.0008036699284495107
29.54	0.0008020255511922295
29.55	0.0008003850933309703
29.560000000000002	0.0007987485442021722
29.57	0.0007971158931748873
29.580000000000002	0.0007954871296506582
29.59	0.0007938622430634153
29.6	0.0007922412228793625
29.61	0.0007906240585968672
29.62	0.0007890107397463583
29.63	0.0007874012558902093
29.64	0.000785795596622633
29.650000000000002	0.0007841937515695761
29.66	0.0007825957103886087
29.67	0.0007810014627688175
29.68	0.0007794109984307013
29.69	0.0007778243071260631
29.7	0.000776241378637905
29.71	0.0007746622027803203
29.72	0.0007730867693983934
29.73	0.0007715150683680919
29.740000000000002	0.0007699470895961584
29.75	0.0007683828230200186
29.76	0.0007668222586076619
29.77	0.0007652653863575551
29.78	0.0007637121962985228
29.79	0.0007621626784896594
29.8	0.0007606168230202168
29.810000000000002	0.0007590746200095111
29.82	0.000757536059606814
29.830000000000002	0.0007560011319912579
29.84	0.0007544698273717297
29.85	0.0007529421359867777
29.86	0.0007514180481045064
29.87	0.0007498975540224755
29.88	0.0007483806440676114
29.89	0.0007468673085960934
29.900000000000002	0.0007453575379932697
29.91	0.0007438513226735491
29.92	0.0007423486530803107
29.93	0.0007408495196858
29.94	0.0007393539129910402
29.95	0.0007378618235257262
29.96	0.0007363732418481376
29.97	0.0007348881585450356
29.98	0.0007334065642315738
29.990000000000002	0.0007319284495511983
30.	0.0007304538051755554
30.01	0.0007289826218043974
30.02	0.0007275148901654854
30.03	0.0007260506010145021
30.04	0.0007245897451349517
30.05	0.0007231323133380708
30.060000000000002	0.0007216782964627325
30.07	0.0007202276853753619
30.080000000000002	0.000718780470969833
30.09	0.0007173366441673856
30.1	0.0007158961959165289
30.11	0.0007144591171929558
30.12	0.000713025398999447
30.13	0.0007115950323657829
30.14	0.0007101680083486565
30.150000000000002	0.0007087443180315765
30.16	0.0007073239525247874
30.17	0.0007059069029651711
30.18	0.0007044931605161676
30.19	0.000703082716367677
30.2	0.0007016755617359806
30.21	0.0007002716878636448
30.22	0.0006988710860194442
30.23	0.0006974737474982609
30.240000000000002	0.0006960796636210113
30.25	0.0006946888257345511
30.26	0.00069330122521159
30.27	0.0006919168534506133
30.28	0.0006905357018757843
30.29	0.0006891577619368712
30.3	0.0006877830251091519
30.310000000000002	0.000686411482893338
30.32	0.0006850431268154866
30.330000000000002	0.0006836779484269151
30.34	0.0006823159393041191
30.35	0.0006809570910486924
30.36	0.0006796013952872369
30.37	0.0006782488436712869
30.38	0.000676899427877221
30.39	0.0006755531396061845
30.400000000000002	0.0006742099705840063
30.41	0.0006728699125611142
30.42	0.0006715329573124597
30.43	0.0006701990966374302
30.44	0.0006688683223597756
30.45	0.0006675406263275211
30.46	0.000666216000412893
30.47	0.0006648944365122339
30.48	0.000663575926545928
30.490000000000002	0.0006622604624583172
30.5	0.0006609480362176276
30.51	0.0006596386398158845
30.52	0.0006583322652688414
30.53	0.0006570289046158938
30.54	0.0006557285499200087
30.55	0.0006544311932676447
30.560000000000002	0.0006531368267686707
30.57	0.0006518454425562976
30.580000000000002	0.0006505570327869918
30.59	0.0006492715896404074
30.6	0.0006479891053193042
30.61	0.0006467095720494756
30.62	0.00064543298207967
30.63	0.0006441593276815201
30.64	0.0006428886011494604
30.650000000000002	0.0006416207948006623
30.66	0.0006403559009749506
30.67	0.0006390939120347331
30.68	0.0006378348203649306
30.69	0.0006365786183728944
30.7	0.0006353252984883422
30.71	0.0006340748531632769
30.72	0.0006328272748719216
30.73	0.000631582556110639
30.740000000000002	0.0006303406893978657
30.75	0.0006291016672740358
30.76	0.0006278654823015127
30.77	0.0006266321270645131
30.78	0.0006254015941690408
30.79	0.0006241738762428103
30.8	0.0006229489659351802
30.810000000000002	0.0006217268559170828
30.82	0.0006205075388809484
30.830000000000002	0.0006192910075406431
30.84	0.000618077254631392
30.85	0.0006168662729097142
30.86	0.0006156580551533525
30.87	0.0006144525941612031
30.88	0.0006132498827532459
30.89	0.0006120499137704814
30.900000000000002	0.0006108526800748552
30.91	0.0006096581745491966
30.92	0.0006084663900971437
30.93	0.0006072773196430836
30.94	0.0006060909561320786
30.95	0.0006049072925298031
30.96	0.0006037263218224743
30.970000000000002	0.0006025480370167885
30.98	0.0006013724311398512
30.990000000000002	0.0006001994972391118
31.	0.000599029228382302
31.01	0.0005978616176573642
31.02	0.0005966966581723875
31.03	0.0005955343430555466
31.04	0.0005943746654550325
31.05	0.0005932176185389881
31.060000000000002	0.0005920631954954461
31.07	0.0005909113895322625
31.080000000000002	0.0005897621938770528
31.09	0.0005886156017771307
31.1	0.000587471606499441
31.11	0.000586330201330498
31.12	0.0005851913795763212
31.13	0.0005840551345623762
31.14	0.000582921459633507
31.150000000000002	0.0005817903481538747
31.16	0.0005806617935068982
31.17	0.0005795357890951905
31.18	0.0005784123283404935
31.19	0.0005772914046836228
31.2	0.0005761730115844014
31.21	0.0005750571425215989
31.220000000000002	0.000573943790992876
31.23	0.0005728329505147147
31.240000000000002	0.0005717246146223657
31.25	0.0005706187768697837
31.26	0.0005695154308295692
31.27	0.0005686031653480126
31.28	0.0005678191968101596
31.29	0.0005670365592497097
31.3	0.0005662552499827203
31.310000000000002	0.0005654752663315132
31.32	0.0005646966056246643
31.330000000000002	0.0005639192651969804
31.34	0.0005631432423894887
31.35	0.0005623685345494149
31.36	0.0005615951390301708
31.37	0.0005608230531913359
31.38	0.0005600522743986413
31.39	0.0005592828000239555
31.400000000000002	0.0005585146274452637
31.41	0.0005577477540466562
31.42	0.0005569821772183084
31.43	0.0005562178943564697
31.44	0.0005554549028634417
31.45	0.0005546932001475655
31.46	0.0005539327836232053
31.470000000000002	0.000553173650710733
31.48	0.0005524157988365113
31.490000000000002	0.0005516592254328766
31.5	0.000550903927938128
31.51	0.0005501499037965053
31.52	0.0005493971504581792
31.53	0.0005486456653792312
31.54	0.0005478954460216405
31.55	0.0005471464898532674
31.560000000000002	0.0005463987943478377
31.57	0.0005456523569849301
31.580000000000002	0.000544907175249956
31.59	0.0005441632466341468
31.6	0.000543420568634539
31.61	0.0005426791387539593
31.62	0.0005419389545010056
31.63	0.000541200013390038
31.64	0.0005404623129411572
31.650000000000002	0.0005397258506801956
31.66	0.0005389906241386961
31.67	0.000538256630853902
31.68	0.0005375238683687404
31.69	0.0005367923342318069
31.7	0.0005360620259973493
31.71	0.0005353329412252569
31.720000000000002	0.0005346050774810423
31.73	0.0005338784323358276
31.740000000000002	0.0005331530033663294
31.75	0.000532428788154845
31.76	0.000531705784289237
31.77	0.000530983989362919
31.78	0.000530263400974843
31.79	0.0005295440167294791
31.8	0.0005288258342368095
31.810000000000002	0.000528108851112306
31.82	0.0005273930649769218
31.830000000000002	0.000526678473457073
31.84	0.0005259650741846277
31.85	0.0005252528647968884
31.86	0.0005245418429365807
31.87	0.000523832006251837
31.88	0.0005231233523961849
31.89	0.0005224158790285298
31.900000000000002	0.0005217095838131443
31.91	0.000521004464419652
31.92	0.0005203005185230131
31.93	0.0005195977438035147
31.94	0.0005188961379467495
31.95	0.0005181956986436108
31.96	0.0005174964235902709
31.970000000000002	0.0005167983104881729
31.98	0.0005161013570440136
31.990000000000002	0.0005154055609697316
32.	0.0005147109199824933
32.01	0.0005140174318046787
32.02	0.0005133250941638692
32.03	0.0005126339047928321
32.04	0.0005119438614295102
32.05	0.0005112549618170041
32.06	0.0005105672037035637
32.07	0.0005098805848425707
32.08	0.0005091951029925277
32.09	0.0005085107559170444
32.1	0.0005078275413848231
32.11	0.0005071454571696486
32.12	0.0005064645010503714
32.13	0.0005057846708108971
32.14	0.0005051059642401719
32.15	0.000504428379132171
32.160000000000004	0.0005037519132858837
32.17	0.0005030765645053039
32.18	0.0005024023305994113
32.19	0.0005017292093821653
32.2	0.0005010571986724872
32.21	0.0005003862962942489
32.22	0.0004997165000762607
32.230000000000004	0.0004990478078522594
32.24	0.0004983802174608923
32.25	0.0004977137267457081
32.26	0.0004970483335551422
32.27	0.0004963840357425049
32.28	0.000495720831165968
32.29	0.0004950587176885552
32.3	0.0004943976931781245
32.31	0.0004937377555073599
32.32	0.0004930789025537583
32.33	0.0004924211321996155
32.34	0.0004917644423320159
32.35	0.0004911088308428185
32.36	0.0004904542956286452
32.37	0.0004898008345908705
32.38	0.0004891484456356047
32.39	0.0004884971266736864
32.4	0.0004878468756206692
32.410000000000004	0.0004871976903968065
32.42	0.00048654956892704433
32.43	0.0004859025091410056
32.44	0.0004852565089729804
32.45	0.0004846115663619118
32.46	0.0004839676792513863
32.47	0.00048332484558962006
32.480000000000004	0.00048268306332944875
32.49	0.0004820423304283142
32.5	0.0004814026448482533
32.51	0.0004807640045558861
32.52	0.0004801264075224043
32.53	0.0004794898517235607
32.54	0.00047885433513965395
32.55	0.00047821985575552097
32.56	0.0004775864115605236
32.57	0.0004769540005485363
32.58	0.0004763226207179373
32.59	0.0004756922700715927
32.6	0.00047506294661685
32.61	0.0004744346483655227
32.62	0.00047380737333388233
32.63	0.00047318111954264383
32.64	0.0004725558850169557
32.65	0.00047193166778638986
32.660000000000004	0.00047130846588492784
32.67	0.000470686277350953
32.68	0.0004700651002272343
32.69	0.0004694449325609222
32.7	0.00046882577240352935
32.71	0.00046820761781092693
32.72	0.0004675904668433285
32.730000000000004	0.0004669743175652813
32.74	0.0004663591680456543
32.75	0.0004657450163576289
32.76	0.00046513186057868576
32.77	0.00046451969879059477
32.78	0.000463908529079405
32.79	0.0004632983495354322
32.8	0.0004626891582532506
32.81	0.0004620809533316782
32.82	0.00046147373287377025
32.83	0.00046086749498680545
32.84	0.0004602622377822767
32.85	0.0004596579593758801
32.86	0.00045905465788750524
32.87	0.00045845233144122124
32.88	0.00045785097816527186
32.89	0.0004572505961920592
32.9	0.0004566511836581369
32.910000000000004	0.00045605273870419783
32.92	0.00045545525947506487
32.93	0.00045485874411968014
32.94	0.0004542631907910933
32.95	0.00045366859764645306
32.96	0.00045307496284699623
32.97	0.00045248228455803646
32.980000000000004	0.0004518905609489552
32.99	0.0004512997901931914
33.	0.00045070997046822985
33.01	0.00045012109995559295
33.02	0.00044953317684082904
33.03	0.00044894619931350394
33.04	0.00044836016556718786
33.05	0.00044777507379944895
33.06	0.00044719092221184035
33.07	0.00044660770900989275
33.08	0.00044602543240310124
33.09	0.0004454440906049181
33.1	0.0004448636818327423
33.11	0.00044428420430790824
33.12	0.00044370565625567764
33.13	0.0004431280359052278
33.14	0.0004425513414896444
33.15	0.00044197557124590816
33.160000000000004	0.00044140072341488886
33.17	0.000440826796241333
33.18	0.00044025378797385434
33.19	0.0004396816968649261
33.2	0.00043911052117086866
33.21	0.0004385402591518422
33.22	0.00043797090907183456
33.230000000000004	0.00043740246919865566
33.24	0.00043683493780392386
33.25	0.00043626831316305773
33.26	0.0004357025935552685
33.27	0.0004351377772635477
33.28	0.0004345738625746595
33.29	0.000434010847779131
33.3	0.00043344873117124184
33.31	0.00043288751104901687
33.32	0.00043232718571421433
33.33	0.000431767753472319
33.34	0.0004312092126325302
33.35	0.00043065156150775576
33.36	0.0004300947984146004
33.37	0.0004295389216733568
33.38	0.00042898392960799623
33.39	0.0004284298205461619
33.4	0.0004278765928191567
33.410000000000004	0.0004273242447619343
33.42	0.00042677277471309333
33.43	0.00042921177446640684
33.44	0.0004329294517366586
33.45	0.000436678204135991
33.46	0.00044045828200688303
33.47	0.0004442699376328515
33.480000000000004	0.0004481134252529143
33.49	0.0004519890010761423
33.5	0.00045589692329635085