0.01	3.2973037978826767
0.02	2.1769130269368167
0.03	1.7829992412219335
0.04	1.581904671079296
0.05	1.4562485719449343
0.06	1.372650111253517
0.07	1.315807043777725
0.08	1.2726842230250475
0.09	1.238005362963643
0.1	1.2095395146466728
0.11	1.1868776045235958
0.12	1.1677368238201429
0.13	1.151542777098141
0.14	1.1368228187431149
0.15	1.1233095937801079
0.16	1.110481251991993
0.17	1.0984860188828451
0.18	1.0872991182136895
0.19	1.0768250743984844
0.2	1.0669816836797734
0.21	1.0570014292514127
0.22	1.047549081998329
0.23	1.0385959661609063
0.24	1.0292590941268907
0.25	1.0203811824918243
0.26	1.0119236534643958
0.27	1.0036216142518657
0.28	0.9955309170742053
0.29	0.9877859989954907
0.3	0.9803609000825941
0.31	0.9726178350677526
0.32	0.9648943158807567
0.33	0.957467016346627
0.34	0.9503161018750874
0.35000000000000003	0.9433020565784751
0.36	0.9360147115990435
0.37	0.92898105364922
0.38	0.9221857444580668
0.39	0.9156147462083308
0.4	0.9092319014887347
0.41000000000000003	0.9022624872557217
0.42	0.8955125364876941
0.43	0.8889701546628708
0.44	0.8826243496696281
0.45	0.8764649446627557
0.46	0.8704212308776123
0.47000000000000003	0.864041400020303
0.48	0.8578411888738743
0.49	0.851811953386827
0.5	0.8459456311725014
0.51	0.8402346916594977
0.52	0.8346720913965647
0.53	0.8290801526965296
0.54	0.8232490110562565
0.55	0.8175647606636024
0.56	0.8120211297270791
0.5700000000000001	0.8066122201645666
0.58	0.8013324792426572
0.59	0.7961766738149236
0.6	0.7911398668813877
0.61	0.7859949635229578
0.62	0.7807473948098784
0.63	0.7756179901940935
0.64	0.7706022756946665
0.65	0.7656960132573097
0.66	0.7608951849115966
0.67	0.7561959782136227
0.68	0.7515947728523664
0.6900000000000001	0.7470881283111352
0.7000000000000001	0.7424272544791751
0.71	0.7376520815586005
0.72	0.7329737691662044
0.73	0.7283890476941743
0.74	0.7238948007558358
0.75	0.7194880560509068
0.76	0.7151659768887919
0.77	0.710925854314555
0.78	0.7067650997875189
0.79	0.7026812383671781
0.8	0.6985943812185614
0.81	0.6943465757764589
0.8200000000000001	0.6901762479448476
0.8300000000000001	0.686081065288063
0.84	0.6820587926017763
0.85	0.6781072867601803
0.86	0.6742244918931712
0.87	0.6704084348688196
0.88	0.6666572210585544
0.89	0.6629690303643757
0.9	0.6593421134891496
0.91	0.6557747884325899
0.92	0.6521193119889221
0.93	0.6483317517800314
0.9400000000000001	0.6446063482443497
0.9500000000000001	0.6409414362210573
0.96	0.6373354120804587
0.97	0.6337867308378988
0.98	0.63029390343119
0.99	0.6268554941507128
1.	0.623470118212198
1.01	0.62013643946292
1.02	0.6168531682127363
1.03	0.6136190591820264
1.04	0.610432909559164
1.05	0.6072935571606867
1.06	0.6039214359362739
1.07	0.6005558522446525
1.08	0.5972400721832404
1.09	0.5939729077650786
1.1	0.5907532099026815
1.11	0.5875798667947119
1.12	0.5844518023934018
1.1300000000000001	0.5813679749479941
1.1400000000000001	0.5783273756198037
1.1500000000000001	0.5753290271647782
1.16	0.5723719826797184
1.17	0.5694553244085613
1.18	0.5665781626053622
1.19	0.5637396344508321
1.2	0.560938903019476
1.21	0.5581062570108885
1.22	0.5551415210094057
1.23	0.5522165441853409
1.24	0.5493304765478596
1.25	0.5464824929416939
1.26	0.5436717921298619
1.27	0.5408975959172312
1.28	0.5381591483128021
1.29	0.5354557147287158
1.3	0.5327865812141022
1.31	0.5301510537220029
1.32	0.5275484574076961
1.33	0.5249781359568553
1.34	0.5224394509420602
1.35	0.5199317812062575
1.36	0.5174545222718592
1.37	0.5150070857742282
1.3800000000000001	0.5125888989183748
1.3900000000000001	0.5101225344193516
1.4000000000000001	0.5075726822323178
1.41	0.5050535884717336
1.42	0.5025646678798121
1.43	0.5001053503538982
1.44	0.49767508045140196
1.45	0.4952733169142106
1.46	0.4928995322116844
1.47	0.49055321210138814
1.48	0.48823385520675566
1.49	0.4859409726109228
1.5	0.4836740874660101
1.51	0.4814327346171648
1.52	0.4792164602407137
1.53	0.4770248214958081
1.54	0.4748573861889719
1.55	0.47271373245099657
1.56	0.47059344842565143
1.57	0.46849613196970336
1.58	0.4664213903637685
1.59	0.4643688400335375
1.6	0.4621608177778285
1.61	0.459950522202095
1.62	0.4577643856730028
1.6300000000000001	0.45560199742719765
1.6400000000000001	0.45346295614912996
1.6500000000000001	0.45134686969776755
1.6600000000000001	0.44925335484281304
1.67	0.44718203701004156
1.68	0.4451325500353892
1.69	0.44310453592744287
1.7	0.441097644637996
1.71	0.4391115338403505
1.72	0.4371458687150614
1.73	0.4352003217428298
1.74	0.4332745725042691
1.75	0.4313683074862761
1.76	0.42948121989475396
1.77	0.4276130094734438
1.78	0.425763382328631
1.79	0.42393205075950713
1.8	0.4221187330939719
1.81	0.4203231535296706
1.82	0.4185450419800765
1.83	0.41673314691164126
1.84	0.4148170923998023
1.85	0.4129201612671076
1.86	0.41104206082051087
1.87	0.4091825043886693
1.8800000000000001	0.40734121116667255
1.8900000000000001	0.40551790606557603
1.9000000000000001	0.403712319566564
1.9100000000000001	0.40192418757957993
1.92	0.4001532513062611
1.93	0.3983992571070267
1.94	0.39666195637217366
1.95	0.3949411053968364
1.96	0.3932364652596785
1.97	0.3915478017051851
1.98	0.3898748850294323
1.99	0.3882174899692123
2.	0.3865753955944017
2.0100000000000002	0.38494838520345986
2.02	0.38333624622195467
2.0300000000000002	0.38173877010400875
2.04	0.3801557522365732
2.05	0.37858699184643113
2.06	0.3770322919098403
2.07	0.37549145906473036
2.08	0.37396430352536625
2.09	0.37245063899940173
2.1	0.3709185829244966
2.11	0.3692915606537019
2.12	0.36767931758093375
2.13	0.36608165069032983
2.14	0.36449836069057867
2.15	0.3629292519295815
2.16	0.3613741323114527
2.17	0.35983281321578947
2.18	0.35830510941913407
2.19	0.35679083901856273
2.2	0.3552898233573328
2.21	0.35380188695252324
2.22	0.35232685742460707
2.23	0.35086456542889566
2.24	0.3494148445887962
2.25	0.34797753143082805
2.2600000000000002	0.3465524653213424
2.27	0.3451394884048937
2.2800000000000002	0.34373844554421484
2.29	0.34234918426174316
2.3000000000000003	0.3409715546826548
2.31	0.33960540947936063
2.32	0.33825060381741867
2.33	0.3369069953028232
2.34	0.3355744439306297
2.35	0.33425281203487284
2.36	0.33294196423974465
2.37	0.3316417674119923
2.38	0.33035209061450116
2.39	0.3290728050610291
2.4	0.3278037840720589
2.41	0.32652675434379286
2.42	0.3251544509625645
2.43	0.3237935384066381
2.44	0.3224438758317104
2.45	0.3211053247027244
2.46	0.3197777487467746
2.47	0.3184610139071595
2.48	0.3171549882985486
2.49	0.3158595421632334
2.5	0.3145745478284309
2.5100000000000002	0.3132998796646099
2.52	0.31203541404481433
2.5300000000000002	0.31078102930495133
2.54	0.3095366057050226
2.5500000000000003	0.30830202539126833
2.56	0.30707717235920273
2.57	0.3058619324175134
2.58	0.3046561931528038
2.59	0.30345984389515424
2.6	0.3022727756844799
2.61	0.3010948812376642
2.62	0.2999260549164478
2.63	0.2987661926960512
2.64	0.29761519213451276
2.65	0.2964729523427238
2.66	0.29533937395514004
2.67	0.2942143591011543
2.68	0.29309781137711055
2.69	0.2919896358189464
2.7	0.29088973887544184
2.71	0.2897980283820652
2.72	0.2887144135353949
2.73	0.2876388048681079
2.74	0.2865711142245138
2.75	0.2855112547366277
2.7600000000000002	0.2844591408007624
2.77	0.2833638121134972
2.7800000000000002	0.2822178694170517
2.79	0.28108065078783284
2.8000000000000003	0.27995205889619207
2.81	0.27883199784076296
2.82	0.27772037312251197
2.83	0.2766170916193513
2.84	0.2755220615612981
2.85	0.2744351925061691
2.86	0.27335639531579314
2.87	0.27228558213273346
2.88	0.2712226663575037
2.89	0.27016756262626695
2.9	0.269120186789006
2.91	0.2680804558881518
2.92	0.26704828813766185
2.93	0.26602360290253396
2.94	0.26500632067874824
2.95	0.26399636307362423
2.96	0.26299365278658526
2.97	0.26199811359031866
2.98	0.26100967031232397
2.99	0.2600282488168376
3.	0.25905377598712853
3.0100000000000002	0.2580861797081518
3.02	0.2571253888495556
3.0300000000000002	0.2561713332490305
3.04	0.25522394369599544
3.0500000000000003	0.25428315191560913
3.06	0.2533488905531038
3.0700000000000003	0.25242109315842964
3.08	0.25149969417120566
3.09	0.25058462890596755
3.1	0.2496758335377083
3.11	0.2487732450877025
3.12	0.24787680140960933
3.13	0.2469864411758475
3.14	0.24610210386423526
3.15	0.2452237297448909
3.16	0.24435125986738646
3.17	0.2434846360481502
3.18	0.24257535423688178
3.19	0.24162267728951428
3.2	0.24067670607982258
3.21	0.23973737267231604
3.22	0.23880461002851486
3.23	0.23787835199236665
3.24	0.23695853327594468
3.25	0.23604508944542077
3.2600000000000002	0.23513795690730704
3.27	0.2342370728949616
3.2800000000000002	0.23334237545534997
3.29	0.2324538034360591
3.3000000000000003	0.23157129647255734
3.31	0.23069479497569428
3.3200000000000003	0.2298242401194366
3.33	0.22895957382883386
3.34	0.2281007387682098
3.35	0.22724767832957313
3.36	0.22640033662124567
3.37	0.22555865845669915
3.38	0.22472258934360034
3.39	0.22389207547305726
3.4	0.22306706370906337
3.41	0.22224750157813494
3.42	0.22143333725913875
3.43	0.22062451957330348
3.44	0.2198209979744149
3.45	0.21902272253918612
3.46	0.21822964395780442
3.47	0.2174417135246462
3.48	0.21665888312915993
3.49	0.21588110524691223
3.5	0.21510833293079357
3.5100000000000002	0.21434051980238064
3.52	0.21357762004345254
3.5300000000000002	0.21281958838765663
3.54	0.21206638011232176
3.5500000000000003	0.2113179510304159
3.56	0.21057425748264497
3.5700000000000003	0.20983525632968905
3.58	0.20910090494457584
3.59	0.20837116120518573
3.6	0.2076459834868868
3.61	0.20692533065529875
3.62	0.20620916205918027
3.63	0.20549743752343957
3.64	0.20479011734226513
3.65	0.20405161006600947
3.66	0.2032750190661703
3.67	0.20250349052554165
3.68	0.20173697778317215
3.69	0.2009754347334073
3.7	0.20021881581779769
3.71	0.19946707601714908
3.72	0.19872017084370663
3.73	0.19797805633347518
3.74	0.19724068903866881
3.75	0.19650802602029122
3.7600000000000002	0.19578002484083967
3.77	0.195056643557135
3.7800000000000002	0.194337840713271
3.79	0.19362357533368427
3.8000000000000003	0.19291380691633886
3.81	0.1922084954260271
3.8200000000000003	0.19150760128778094
3.83	0.19081108538039387
3.84	0.19011890903005124
3.85	0.1894310340040648
3.86	0.18874742250471255
3.87	0.18806803716317938
3.88	0.18739284103359766
3.89	0.18672179758718602
3.9	0.18605487070648377
3.91	0.18539202467968
3.92	0.18473322419503443
3.93	0.18407843433539017
3.94	0.18342762057277398
3.95	0.18278074876308503
3.96	0.18213778514086923
3.97	0.18149869631417673
3.98	0.18086344925950348
3.99	0.1802320113168125
4.	0.17960435018463547
4.01	0.17898043391525215
4.0200000000000005	0.17836023090994615
4.03	0.17774370991433672
4.04	0.1771308400137832
4.05	0.1765215906288631
4.0600000000000005	0.17591593151092091
4.07	0.17531383273768655
4.08	0.1747152647089629
4.09	0.17412019814238028
4.1	0.1735286040692177
4.11	0.17294045383028825
4.12	0.1723557190718893
4.13	0.17177437174181434
4.14	0.17119638408542723
4.15	0.17062172864179634
4.16	0.17005037823988856
4.17	0.16948230599482114
4.18	0.16891748530417114
4.19	0.16832684481328508
4.2	0.16770343465620804
4.21	0.16708380766551423
4.22	0.16646793197848928
4.23	0.16585577607541616
4.24	0.1652473087750829
4.25	0.16464249923035984
4.26	0.16404131692384488
4.2700000000000005	0.1634437316635755
4.28	0.16284971357880662
4.29	0.1622592331158527
4.3	0.16167226103399332
4.3100000000000005	0.16108876840144093
4.32	0.16050872659136994
4.33	0.15993210727800575
4.34	0.15935888243277266
4.3500000000000005	0.15878902432050024
4.36	0.1582225054956864
4.37	0.15765929879881646
4.38	0.1570993773527374
4.39	0.15654271455908644
4.4	0.15598928409477203
4.41	0.15543905990850843
4.42	0.15489201621740034
4.43	0.15434812750357865
4.44	0.153807368510886
4.45	0.15326971424161093
4.46	0.15273513995326984
4.47	0.15220362115543645
4.48	0.15167513360661744
4.49	0.15114965331117375
4.5	0.15062715651628666
4.51	0.15010761970896797
4.5200000000000005	0.14959101961311355
4.53	0.14907733318659963
4.54	0.14856653761842048
4.55	0.14805861032586823
4.5600000000000005	0.14755352895175214
4.57	0.14705127136165863
4.58	0.14655181564125003
4.59	0.14605514009360204
4.6000000000000005	0.14556122323657902
4.61	0.14507004380024688
4.62	0.14458158072432203
4.63	0.14409581315565748
4.64	0.14361272044576312
4.65	0.14313228214836202
4.66	0.14265447801698086
4.67	0.1421792880025735
4.68	0.14170669225117896
4.69	0.14123667110161076
4.7	0.14076920508318
4.71	0.14030427491344882
4.72	0.13984186149601563
4.73	0.1393819459183311
4.74	0.13892450944954424
4.75	0.13846953353837768
4.76	0.13801699981103344
4.7700000000000005	0.13756689006912576
4.78	0.13711918628764425
4.79	0.1366738706129429
4.8	0.1362309253607581
4.8100000000000005	0.13576795684904813
4.82	0.13527836367631652
4.83	0.13479154524787076
4.84	0.1343074801419004
4.8500000000000005	0.13382614714577168
4.86	0.13334752525355906
4.87	0.13287159366361093
4.88	0.13239833177614888
4.89	0.13192771919090013
4.9	0.13145973570476235
4.91	0.1309943613095009
4.92	0.13053157618947694
4.93	0.1300713607194069
4.94	0.12961369546215293
4.95	0.1291585611665426
4.96	0.12870593876521888
4.97	0.12825580937251868
4.98	0.12780815428238065
4.99	0.12736295496628083
5.	0.12692019307119623
5.01	0.12647985041759566
5.0200000000000005	0.12604190899745787
5.03	0.12560635097231573
5.04	0.12517315867132695
5.05	0.12474231458937028
5.0600000000000005	0.12431380138516714
5.07	0.12388760187942839
5.08	0.12346369905302512
5.09	0.12304207604518434
5.1000000000000005	0.12262271615170792
5.11	0.12220560282321545
5.12	0.12179071966340978
5.13	0.12137805042736571
5.14	0.12096757901984084
5.15	0.12055928949360878
5.16	0.12015316604781376
5.17	0.11974919302634691
5.18	0.11934735491624361
5.19	0.11894763634610174
5.2	0.11855002208452009
5.21	0.11815449703855736
5.22	0.11776104625221073
5.23	0.11736965490491423
5.24	0.11698030831005621
5.25	0.11659299191351605
5.26	0.1162076912922194
5.2700000000000005	0.11582439215271209
5.28	0.11544308032975206
5.29	0.11506374178491922
5.3	0.11468636260524308
5.3100000000000005	0.11431092900184778
5.32	0.11393742730861406
5.33	0.11356584398085867
5.34	0.11319616559402963
5.3500000000000005	0.11282837884241856
5.36	0.11246247053788906
5.37	0.11209842760862082
5.38	0.11173623709786973
5.39	0.11137588616274309
5.4	0.11101736207299077
5.41	0.11066065220981067
5.42	0.11030574406466935
5.43	0.1099526252381375
5.44	0.10960128343873946
5.45	0.10925170648181723
5.46	0.10890388228840822
5.47	0.10855779888413716
5.48	0.10821344439812135
5.49	0.10787080706188931
5.5	0.10752987520831316
5.51	0.10719063727055317
5.5200000000000005	0.10684296850579864
5.53	0.10646434100590699
5.54	0.10608773570660049
5.55	0.10571313818656604
5.5600000000000005	0.10534053415306638
5.57	0.10496990944056532
5.58	0.10460125000936966
5.59	0.10423454194428854
5.6000000000000005	0.10386977145330907
5.61	0.10350692486628857
5.62	0.10314598863366295
5.63	0.102786949325171
5.64	0.10242979362859446
5.65	0.1020745083485136
5.66	0.10172108040507812
5.67	0.10136949683279296
5.68	0.10101974477931931
5.69	0.10067181150428982
5.7	0.10032568437813878
5.71	0.09998135088094609
5.72	0.0996387986012957
5.73	0.09929801523514736
5.74	0.09895898858472275
5.75	0.09862170655740454
5.76	0.09828615716464895
5.7700000000000005	0.09795232852091114
5.78	0.09762020884258435
5.79	0.09728978644695063
5.8	0.096961049751145
5.8100000000000005	0.0966339872711318
5.82	0.09630858762069303
5.83	0.09598483951042915
5.84	0.09566273174677144
5.8500000000000005	0.09534225323100626
5.86	0.09502339295831104
5.87	0.09470614001680129
5.88	0.09439048358658922
5.89	0.09407641293885345
5.9	0.09376391743491952
5.91	0.09345298652535143
5.92	0.0931436097490535
5.93	0.09283577673238338
5.94	0.09252947718827474
5.95	0.09222470091537079
5.96	0.09192143779716748
5.97	0.09161967780116695
5.98	0.09131941097804087
5.99	0.09102062746080321
6.	0.0907233174639928
6.01	0.09042747128286546
6.0200000000000005	0.09013307929259508
6.03	0.08984013194748446
6.04	0.08954861978018468
6.05	0.0892585334009238
6.0600000000000005	0.08896986349674428
6.07	0.08868260083074939
6.08	0.08839673624135766
6.09	0.08811226064156652
6.1000000000000005	0.08782916501822384
6.11	0.08754744043130804
6.12	0.08726707801321633
6.13	0.08698806896806095
6.140000000000001	0.08671040457097332
6.15	0.08643407616741634
6.16	0.08615907517250417
6.17	0.08588539307032986
6.18	0.08561302141330038
6.19	0.08534195182147936
6.2	0.0850721759819369
6.21	0.084803685648107
6.22	0.08453647263915179
6.23	0.08427052883933327
6.24	0.08400584619739174
6.25	0.0837424167259314
6.26	0.0834802325008124
6.2700000000000005	0.08321928566055015
6.28	0.0829595684057207
6.29	0.08270107299837338
6.3	0.08244379176144921
6.3100000000000005	0.08218771707820624
6.32	0.08193284139165094
6.33	0.08167915720397613
6.34	0.08140949745172955
6.3500000000000005	0.08112332740835348
6.36	0.08083861124354975
6.37	0.08055533930234508
6.38	0.08027350200890135
6.390000000000001	0.07999308986574452
6.4	0.07971409345300172
6.41	0.07943650342764737
6.42	0.0791603105227577
6.43	0.07888550554677354
6.44	0.07861207938277144
6.45	0.07834002298774295
6.46	0.07806932739188205
6.47	0.07779998369788031
6.48	0.07753198308023031
6.49	0.07726531678453633
6.5	0.07699997612683304
6.51	0.07673595249291178
6.5200000000000005	0.07647323733765389
6.53	0.07621182218437213
6.54	0.07595169862415853
6.55	0.0756928583152403
6.5600000000000005	0.07543529298234194
6.57	0.07517899441605538
6.58	0.07492395447221596
6.59	0.07467016507128621
6.6000000000000005	0.07441761819774569
6.61	0.07416630589948783
6.62	0.0739162202872234
6.63	0.07366735353389037
6.640000000000001	0.0734196978740699
6.65	0.07317324560340945
6.66	0.07292798907805123
6.67	0.07268392071406768
6.68	0.07244103298690235
6.69	0.07219931843081732
6.7	0.07195876963834644
6.71	0.07171937925975427
6.72	0.07148114000250098
6.73	0.07124404463071318
6.74	0.07100808596466014
6.75	0.07077325688023577
6.76	0.07053955030844598
6.7700000000000005	0.07030695923490184
6.78	0.07007547669931773
6.79	0.06984509579501515
6.8	0.06961580966843169
6.8100000000000005	0.06938761151863514
6.82	0.06916049459684287
6.83	0.06893445220594634
6.84	0.06870947770004027
6.8500000000000005	0.06848556448395739
6.86	0.0682627060128075
6.87	0.0680408957915217
6.88	0.06782012737440146
6.890000000000001	0.06760039436467205
6.9	0.06738169041404121
6.91	0.06716400922226178
6.92	0.06694734453669958
6.93	0.06673169015190519
6.94	0.06651703990919061
6.95	0.06630338769621011
6.96	0.06609072744654557
6.97	0.0658790531392959
6.98	0.06566835879867101
6.99	0.06545863849358971
7.	0.06524988633728197
7.01	0.06504209648689513
7.0200000000000005	0.06483526314310421
7.03	0.06462938054972625
7.04	0.06442444299333867
7.05	0.06422044480290139
7.0600000000000005	0.06401738034938284
7.07	0.06381524404539009
7.08	0.06361403034480222
7.09	0.06341373374240791
7.1000000000000005	0.06321434877354658
7.11	0.06301587001375293
7.12	0.06281829207840552
7.13	0.06262160962237844
7.140000000000001	0.06242581733969708
7.15	0.062230909963196676
7.16	0.062036882264185
7.17	0.06184372905210795
7.18	0.061651445174218715
7.19	0.061460025515250226
7.2	0.06126946499709103
7.21	0.061079758578464094
7.22	0.060890901254609185
7.23	0.06070288805696809
7.24	0.060515714052873405
7.25	0.06032937434523986
7.26	0.06014386407225931
7.2700000000000005	0.05995917840709824
7.28	0.059758354781403365
7.29	0.059548669219777334
7.3	0.05934000534841047
7.3100000000000005	0.059132356799765085
7.32	0.05892571725462367
7.33	0.05872008044165686
7.34	0.0585154401369958
7.3500000000000005	0.05831179016380885
7.36	0.05810912439188306
7.37	0.05790743673720932
7.38	0.05770672116157214
7.390000000000001	0.057506971672143505
7.4	0.057308182321081
7.41	0.05711034720512987
7.42	0.05691346046522914
7.43	0.05671751628612183
7.44	0.05652250889596913
7.45	0.05632843256596846
7.46	0.05613528160997527
7.47	0.05594305038412884
7.48	0.055751733286481836
7.49	0.055561324756633536
7.5	0.05537181927536675
7.51	0.05518321136428839
7.5200000000000005	0.05499549558547372
7.53	0.0548086665411142
7.54	0.05462271887316864
7.55	0.05443764726301803
7.5600000000000005	0.054253446431123876
7.57	0.05407011113668979
7.58	0.053887636177326476
7.59	0.053706016388720086
7.6000000000000005	0.053525246644303935
7.61	0.05334532185493339
7.62	0.05316623696856395
7.63	0.0529879869699326
7.640000000000001	0.05281056688024224
7.65	0.052633971756849404
7.66	0.05245819669295473
7.67	0.0522832368172968
7.68	0.05210908729384882
7.69	0.05193574332151833
7.7	0.051763200133849885
7.71	0.05159145299873049
7.72	0.05142049721809822
7.73	0.05125032812765331
7.74	0.05108094109657251
7.75	0.05091233152722573
7.76	0.05074449485489584
7.7700000000000005	0.05057742654750095
7.78	0.050411122105319645
7.79	0.050245577060718444
7.8	0.05008078697788246
7.8100000000000005	0.049916747452548184
7.82	0.049753454111739155
7.83	0.04959090261350396
7.84	0.04942908864665698
7.8500000000000005	0.04926800793052146
7.86	0.04910765621467513
7.87	0.04894802927869816
7.88	0.04878912293192375
7.890000000000001	0.04863093301319082
7.9	0.04847345539059942
7.91	0.04831668596126804
7.92	0.04816062065109358
7.930000000000001	0.048005255414513545
7.94	0.047850586234270354
7.95	0.047696609121177985
7.96	0.04754332011389096
7.97	0.0473907152786752
7.98	0.04723879070918139
7.99	0.04708754252622031
8.	0.04693696687754024
8.01	0.046787059937606616
8.02	0.04663781790738371
8.03	0.046489237014118216
8.040000000000001	0.046341313511125075
8.05	0.04619404367757525
8.06	0.04604742381828545
8.07	0.045901450263509745
8.08	0.045756119368733354
8.09	0.045611427514468124
8.1	0.045467371106050126
8.11	0.0453239465734389
8.120000000000001	0.045181150371018775
8.13	0.045038978977402
8.14	0.04489742889523349
8.15	0.044756496650997776
8.16	0.04461617879482732
8.17	0.044476471900312904
8.18	0.0443373725643156
8.19	0.04419887740678063
8.2	0.04406098307055277
8.21	0.04392368622119352
8.22	0.043786983546800023
8.23	0.043650871757825574
8.24	0.04351534758690175
8.25	0.043380407788662256
8.26	0.04324604913956824
8.27	0.04311226843773548
8.28	0.04297906250276275
8.290000000000001	0.042846428175562085
8.3	0.04271436231819046
8.31	0.04258286181368301
8.32	0.0424519235658877
8.33	0.04232154449930165
8.34	0.04219172155890873
8.35	0.0420624517100189
8.36	0.04191538935171982
8.370000000000001	0.041766297476622534
8.38	0.04161791298868222
8.39	0.04147023169346243
8.4	0.04132324942635539
8.41	0.04117696205233476
8.42	0.04103136546571068
8.43	0.04088645558988712
8.44	0.040742228377121506
8.45	0.04059867980828667
8.46	0.04045580589263493
8.47	0.0403136026675646
8.48	0.040172066198388465
8.49	0.040031192578104544
8.5	0.03989097792716899
8.51	0.03975141839327113
8.52	0.03961251015111061
8.53	0.039474249402176545
8.540000000000001	0.039336632374528835
8.55	0.0391996553225815
8.56	0.03906331452688797
8.57	0.03892760629392842
8.58	0.03879252695589907
8.59	0.038658072870503435
8.6	0.03852424042074558
8.61	0.03839102601472518
8.620000000000001	0.038258426085434456
8.63	0.03812643709055718
8.64	0.03799505551226933
8.65	0.03786427785704172
8.66	0.03773410065544424
8.67	0.03760452046195224
8.68	0.03747553385475437
8.69	0.037347137435562366
8.700000000000001	0.03721932782942243
8.71	0.03709210168452854
8.72	0.036965455672037295
8.73	0.036839386485884515
8.74	0.03671389084260349
8.75	0.03658896548114494
8.76	0.036464607162698594
8.77	0.03634081267051627
8.78	0.03621757880973674
8.790000000000001	0.03609490240721213
8.8	0.035972780311335835
8.81	0.035851209391872016
8.82	0.03573018653978667
8.83	0.03560970866708015
8.84	0.03548977270662138
8.85	0.03537037561198327
8.86	0.035251514357279884
8.870000000000001	0.035133185937004874
8.88	0.035015387365871606
8.89	0.03489811567865437
8.9	0.03478136793003133
8.91	0.03466514119442872
8.92	0.03454943256586649
8.93	0.03443423915780531
8.94	0.03431955810299486
8.950000000000001	0.03420538655332366
8.96	0.03409172167967007
8.97	0.03397856067175467
8.98	0.03386590073799395
8.99	0.03375373910535528
9.	0.03364207301921323
9.01	0.03353089974320711
9.02	0.033420216559099665
9.03	0.03331002076663727
9.040000000000001	0.03320030968341111
9.05	0.03309108064471978
9.06	0.03298233100343286
9.07	0.03287405812985596
9.08	0.032766259411596735
9.09	0.03265893225343228
9.1	0.03255207407717733
9.11	0.03244568232155407
9.120000000000001	0.03233975444206281
9.13	0.032234287910853775
9.14	0.032129280216600116
9.15	0.032024728864372
9.16	0.03192063137551175
9.17	0.03181698528751021
9.18	0.0317137881538839
9.19	0.03161103754405359
9.200000000000001	0.03150873104322364
9.21	0.03140686625226259
9.22	0.031305440787584606
9.23	0.031204452281032042
9.24	0.03110389837975904
9.25	0.031003776746116183
9.26	0.030904085057535807
9.27	0.030804821006418844
9.28	0.030705982300022132
9.290000000000001	0.030607566660347012
9.3	0.030509571824028754
9.31	0.030411995542226893
9.32	0.03031483558051662
9.33	0.030218089718781045
9.34	0.030121755751104276
9.35	0.030025831485665636
9.36	0.029930314744634555
9.370000000000001	0.029835203364066528
9.38	0.02974049519379981
9.39	0.029646188097353098
9.4	0.02955227995182405
9.41	0.029458768647788628
9.42	0.02936565208920137
9.43	0.029272928193296403
9.44	0.029180594890489384
9.450000000000001	0.02908865012428017
9.46	0.02899709185115649
9.47	0.028905918040498194
9.48	0.028815126674482428
9.49	0.02872471574798968
9.5	0.028634683268510402
9.51	0.028545027256052714
9.52	0.028455745743050553
9.53	0.028366836774272812
9.540000000000001	0.028278298406733203
9.55	0.028190128709600786
9.56	0.028102325764111407
9.57	0.028014887663479576
9.58	0.027927812512811512
9.59	0.027838962049387614
9.6	0.027737729714529393
9.61	0.027636970317582523
9.620000000000001	0.027536681160384803
9.63	0.02743685956294956
9.64	0.027337502863324536
9.65	0.027238608417451935
9.66	0.027140173599029857
9.67	0.027042195799374755
9.68	0.02694467242728523
9.69	0.026847600908906918
9.700000000000001	0.026750978687598757
9.71	0.02665480322380014
9.72	0.0265590719948994
9.73	0.026463782495103456
9.74	0.026368932235308572
9.75	0.026274518742972094
9.76	0.026180539561985593
9.77	0.02608699225254878
9.78	0.025993874391044846
9.790000000000001	0.02590118356991657
9.8	0.025808917397543756
9.81	0.0257170734981215
9.82	0.025625649511539766
9.83	0.02553464309326376
9.84	0.02544405191421548
9.85	0.025353873660656237
9.86	0.025264106034070182
9.870000000000001	0.025174746751048922
9.88	0.025085793543176922
9.89	0.024997244156918133
9.9	0.024909096353503413
9.91	0.02482134790881902
9.92	0.024733996613296
9.93	0.024647040271800525
9.94	0.02456047670352519
9.950000000000001	0.02447430374188124
9.96	0.024388519234391663
9.97	0.02430312104258531
9.98	0.02421810704189168
9.99	0.02413347512153695
10.	0.024049223184440565
10.01	0.023965349147112847
10.02	0.023881850939553483
10.03	0.023798726505150844
10.040000000000001	0.023715973800582133
10.05	0.023633590795714414
10.06	0.02355157547350643
10.07	0.023469925829911344
10.08	0.023388639873780166
10.09	0.023307715626766104
10.1	0.023227151123229588
10.11	0.023146944410144338
10.120000000000001	0.023067093547003873
10.13	0.022987596605729178
10.14	0.02290845167057673
10.15	0.022829656838047743
10.16	0.02275121021679777
10.17	0.022673109927547362
10.18	0.022595354102993234
10.19	0.022517940887720356
10.200000000000001	0.022440868438114686
10.21	0.022364134922276607
10.22	0.022287738519935155
10.23	0.022211677422362908
10.24	0.022135949832291564
10.25	0.022060553963828323
10.26	0.021985488042372808
10.27	0.02191075030453476
10.28	0.02183633899805244
10.290000000000001	0.021762252381711627
10.3	0.021688488725265374
10.31	0.021615046309354295
10.32	0.021541923425427618
10.33	0.021469118375664915
10.34	0.021396629472898266
10.35	0.02132445504053537
10.36	0.02125259341248302
10.370000000000001	0.021181042933071326
10.38	0.021109801956978574
10.39	0.02103886884915661
10.4	0.020968241984756927
10.41	0.020897919749057282
10.42	0.020827900537388994
10.43	0.02075818275506469
10.44	0.02068876481730684
10.450000000000001	0.020619645149176666
10.46	0.020550822185503793
10.47	0.02048229437081634
10.48	0.020414060159271705
10.49	0.02034611801458779
10.5	0.02027846640997484
10.51	0.020211103828067848
10.52	0.020144028760859488
10.53	0.020077239709633533
10.540000000000001	0.020010735184898938
10.55	0.01994451370632431
10.56	0.019878573802673
10.57	0.01981291401173869
10.58	0.019747532880281474
10.59	0.019682428963964473
10.6	0.019617600827290978
10.61	0.019553047043542042
10.620000000000001	0.019488766194714617
10.63	0.019424756871460166
10.64	0.019361017673023763
10.65	0.019297547207183696
10.66	0.019234344090191504
10.67	0.019171406946712582
10.68	0.019108734409767115
10.69	0.019046325120671656
10.700000000000001	0.018984177728981026
10.71	0.018922290892430714
10.72	0.018860663276879793
10.73	0.0187992935562542
10.74	0.01873818041249051
10.75	0.018677322535480156
10.76	0.01861671862301407
10.77	0.018556367380727766
10.78	0.018496267522046885
10.790000000000001	0.01843641776813311
10.8	0.018376816847830556
10.81	0.018317463497612572
10.82	0.0182583564615289
10.83	0.018199494491153375
10.84	0.018140876345531916
10.85	0.01808250079113096
10.86	0.018024366601786315
10.870000000000001	0.01796647255865242
10.88	0.017908817450151954
10.89	0.01785140007192587
10.9	0.017794219226783883
10.91	0.017737273724655136
10.92	0.017680562382539528
10.93	0.017624084024459214
10.94	0.017567837481410536
10.950000000000001	0.017511821591316364
10.96	0.01745603519897881
10.97	0.01740047715603218
10.98	0.017345146320896496
10.99	0.01729004155873123
11.	0.017235161741389386
11.01	0.017179864701680436
11.02	0.01711790495167965
11.03	0.017056224557201387
11.040000000000001	0.016994822007167794
11.05	0.016933695800032934
11.06	0.016872844443714077
11.07	0.016812266455523632
11.08	0.016751960362101543
11.09	0.016691924699348246
11.1	0.016632158012358247
11.11	0.016572658855354108
11.120000000000001	0.01651342579162106
11.13	0.016454457393442114
11.14	0.016395752242033716
11.15	0.016337308927481822
11.16	0.01627912604867866
11.17	0.01622120221325984
11.18	0.016163536037542066
11.19	0.016106126146461248
11.200000000000001	0.01604897117351128
11.21	0.015992069760683104
11.22	0.01593542055840441
11.23	0.01587902222547974
11.24	0.01582287342903112
11.25	0.015766972844439123
11.26	0.01571131915528442
11.27	0.0156559110532898
11.28	0.015600747238262682
11.290000000000001	0.015545826418037957
11.3	0.015491147308421487
11.31	0.015436708633133827
11.32	0.015382509123754613
11.33	0.015328547519667212
11.34	0.015274822568003893
11.35	0.015221333023591438
11.36	0.015168077648897157
11.370000000000001	0.01511505521397531
11.38	0.01506226449641403
11.39	0.015009704281282545
11.4	0.014957373361078906
11.41	0.01490527053567815
11.42	0.01485339461228072
11.43	0.0148017444053615
11.44	0.014750318736619035
11.450000000000001	0.014699116434925346
11.46	0.014648136336275971
11.47	0.01459737728374053
11.48	0.014546838127413553
11.49	0.01449651772436582
11.5	0.01444641493859597
11.51	0.014396528640982561
11.52	0.014346857709236466
11.53	0.014297401027853644
11.540000000000001	0.01424815748806825
11.55	0.01419912598780624
11.56	0.014150305431639129
11.57	0.014101694730738282
11.58	0.014053292802829439
11.59	0.014005098572147727
11.6	0.013957110969392858
11.61	0.013909328931684796
11.620000000000001	0.0138617514025197
11.63	0.013814377331726267
11.64	0.013767205675422348
11.65	0.013720235395971916
11.66	0.013673465461942385
11.67	0.013626894848062267
11.68	0.013580522535179104
11.69	0.01353434751021778
11.700000000000001	0.013488368766139049
11.71	0.013442585301898588
11.72	0.013396996122406107
11.73	0.01335160023848498
11.74	0.013306396666832015
11.75	0.013261384429977716
11.76	0.013216562556246692
11.77	0.013171930079718421
11.78	0.01312748604018831
11.790000000000001	0.013083229483129101
11.8	0.013037662094613382
11.81	0.012989499391197827
11.82	0.012941555145048755
11.83	0.012893828181719382
11.84	0.012846317334062066
11.85	0.012799021442176792
11.86	0.012751939353360137
11.870000000000001	0.012705069922054616
11.88	0.012658412009798371
11.89	0.012611964485175329
11.9	0.012565726223765675
11.91	0.012519696108096856
11.92	0.01247387302759476
11.93	0.012428255878535481
11.94	0.012382843563997279
11.950000000000001	0.01233763499381314
11.96	0.012292629084523445
11.97	0.012247824759329227
11.98	0.012203220948045658
11.99	0.012158816587055952
12.	0.01211461061926569
12.01	0.01207060199405734
12.02	0.012026789667245255
12.030000000000001	0.011983172601031017
12.040000000000001	0.0119397497639591
12.05	0.011896520130872843
12.06	0.011853482682870817
12.07	0.011810636407263523
12.08	0.011767980297530433
12.09	0.011725513353277294
12.1	0.011683234580193847
12.11	0.011641142990011847
12.120000000000001	0.011599237600463393
12.13	0.01155751743523959
12.14	0.011515981523949491
12.15	0.011474628902079446
12.16	0.011433458610952685
12.17	0.011392469697689225
12.18	0.011351661215166082
12.19	0.011311032221977846
12.200000000000001	0.011270581782397485
12.21	0.011230308966337496
12.22	0.011190212849311265
12.23	0.011150292512394917
12.24	0.011110547042189235
12.25	0.011070975530782002
12.26	0.011031577075710574
12.27	0.0109923507799248
12.280000000000001	0.010953295751750183
12.290000000000001	0.010914411104851298
12.3	0.010875695958195488
12.31	0.010837149436016937
12.32	0.010798770667780904
12.33	0.010760558788148264
12.34	0.010722512936940284
12.35	0.010684632259103776
12.36	0.01064691590467638
12.370000000000001	0.010609363028752216
12.38	0.010571972791447684
12.39	0.010534744357867649
12.4	0.010497676898071781
12.41	0.010460769587041214
12.42	0.010424021604645393
12.43	0.010387432135609241
12.44	0.010351000369480506
12.450000000000001	0.01031472550059745
12.46	0.010278606728056599
12.47	0.01024264325568098
12.48	0.010206834291988378
12.49	0.01017117905015999
12.5	0.010135676748009153
12.51	0.010100326607950497
12.52	0.010065127856969164
12.530000000000001	0.01003007972659036
12.540000000000001	0.009995181452849063
12.55	0.009960432276260003
12.56	0.009925831441787868
12.57	0.009891378198817706
12.58	0.00985707180112553
12.59	0.009822911506849222
12.6	0.009788896578459553
12.61	0.009755026282731498
12.620000000000001	0.009721299890715707
12.63	0.009687716677710212
12.64	0.009654275923232362
12.65	0.009617460748827378
12.66	0.009580744342620053
12.67	0.00954419693259763
12.68	0.009507817608450736
12.69	0.009471605465485877
12.700000000000001	0.009435559604586323
12.71	0.00939967913217344
12.72	0.009363963160168241
12.73	0.009328410805953263
12.74	0.009293021192334688
12.75	0.009257793447504825
12.76	0.009222726705004852
12.77	0.009187820103687839
12.780000000000001	0.009153072787682025
12.790000000000001	0.009118483906354441
12.8	0.009084052614274805
12.81	0.009049778071179628
12.82	0.009015659441936635
12.83	0.008981695896509505
12.84	0.008947886609922807
12.85	0.008914230762227224
12.86	0.008880727538465076
12.870000000000001	0.008847376128636088
12.88	0.008814175727663383
12.89	0.008781125535359787
12.9	0.008748224756394377
12.91	0.00871547260025924
12.92	0.008682868281236577
12.93	0.008650411018365948
12.94	0.008618100035411837
12.950000000000001	0.008585934560831454
12.96	0.00855391382774277
12.97	0.008522037073892774
12.98	0.008490303541626018
12.99	0.00845871247785335
13.	0.008427263134020951
13.01	0.008395954766079492
13.02	0.008364786634453655
13.030000000000001	0.008333758004011814
13.040000000000001	0.008302868144035906
13.05	0.008272116328191638
13.06	0.008241501834498812
13.07	0.008211023945301951
13.08	0.008180681947241078
13.09	0.008150475131222771
13.1	0.008120402792391408
13.11	0.00809046423010063
13.120000000000001	0.008060658747885007
13.13	0.00803098565343197
13.14	0.008001444258553857
13.15	0.007972033879160253
13.16	0.007942753835230517
13.17	0.00791360345078647
13.18	0.007884582053865342
13.19	0.007855688976492895
13.200000000000001	0.007826923554656745
13.21	0.007798285128279893
13.22	0.007769773041194439
13.23	0.007741386641115501
13.24	0.007713125279615325
13.25	0.007684988312097612
13.26	0.007656975097771938
13.27	0.007629084999628536
13.280000000000001	0.007601317384413068
13.290000000000001	0.007573671622601761
13.3	0.007546147088376592
13.31	0.007518743159600725
13.32	0.007491459217794128
13.33	0.007464294648109349
13.34	0.007437248839307443
13.35	0.00741032118373417
13.36	0.0073835110772962655
13.370000000000001	0.007356817919437946
13.38	0.0073302411131175626
13.39	0.0073037800647844375
13.4	0.007277434184355852
13.41	0.0072512028851942556
13.42	0.007225085584084543
13.43	0.007199081701211607
13.44	0.007173190660137991
13.450000000000001	0.007147411887781712
13.46	0.007121744814394262
13.47	0.007096188873538755
13.48	0.0070707435020682455
13.49	0.007045408140104204
13.5	0.007020182231015126
13.51	0.0069950652213953204
13.52	0.006970056561043867
13.530000000000001	0.006945155702943676
13.540000000000001	0.00692036210324076
13.55	0.006894200595214601
13.56	0.006867087104274166
13.57	0.0068401001152390605
13.58	0.006813238945326123
13.59	0.006786502915936397
13.6	0.006759891352626384
13.61	0.006733403585079589
13.620000000000001	0.006707038947078254
13.63	0.0066807967764753165
13.64	0.006654676415166563
13.65	0.0066286772090630355
13.66	0.006602798508063564
13.67	0.006577039666027614
13.68	0.006551400040748258
13.69	0.00652587899392538
13.700000000000001	0.006500475891139066
13.71	0.006475190101823244
13.72	0.006450020999239447
13.73	0.0064249679604508215
13.74	0.006400030366296351
13.75	0.006375207601365206
13.76	0.006350499053971349
13.77	0.006325904116128297
13.780000000000001	0.006301422183524076
13.790000000000001	0.0062770526554963854
13.8	0.006252794935007922
13.81	0.006228648428621882
13.82	0.006204612546477702
13.83	0.006180686702266903
13.84	0.006156870313209173
13.85	0.006133162800028598
13.86	0.006109563586930089
13.870000000000001	0.006086072101575969
13.88	0.0060626877750627455
13.89	0.006039410041898037
13.9	0.0060162383399777145
13.91	0.005993172110563143
13.92	0.005970210798258666
13.93	0.0059473538509892026
13.94	0.0059246007199780385
13.950000000000001	0.005901950859724768
13.96	0.0058794037279834245
13.97	0.005856958785740694
13.98	0.005834615497194444
13.99	0.005812373329732225
14.	0.005790231753910065
14.01	0.005768190243431371
14.02	0.005746248275125987
14.030000000000001	0.0057244053289294055
14.040000000000001	0.005702660887862152
14.05	0.005681014438009264
14.06	0.005659465468500033
14.07	0.005638013471487755
14.08	0.005616657942129735
14.09	0.0055953983785673915
14.1	0.005574234281906522
14.11	0.005553165156197701
14.120000000000001	0.005532190508416835
14.13	0.005511309848445838
14.14	0.005490522689053484
14.15	0.005469828545876366
14.16	0.005449226937400018
14.17	0.005428717384940124
14.18	0.005408299412623958
14.19	0.0053879725473718635
14.200000000000001	0.005367736318878923
14.21	0.0053475902595967306
14.22	0.0053275339047153415
14.23	0.005307566792145294
14.24	0.005287688462499796
14.25	0.005267898459077047
14.26	0.005248196327842666
14.27	0.005228581617412259
14.280000000000001	0.005209053879034104
14.290000000000001	0.005189612666571978
14.3	0.005170257536488091
14.31	0.0051509880478261575
14.32	0.005131803762194568
14.33	0.005112704243749705
14.34	0.0050936890591793725
14.35	0.005074757777686322
14.36	0.005055909970971964
14.370000000000001	0.005037145213220079
14.38	0.0050184630810807835
14.39	0.004999863153654511
14.4	0.004981345012476136
14.41	0.004962908241499237
14.42	0.004944552427080427
14.43	0.0049262771579638475
14.44	0.0049080820252657255
14.450000000000001	0.004889966622459064
14.46	0.00487193054535845
14.47	0.00485397339210496
14.48	0.00483609476315116
14.49	0.0048182942612462355
14.5	0.004800571491421231
14.51	0.004782926060974348
14.52	0.004764148507300319
14.530000000000001	0.004744968595832074
14.540000000000001	0.004725879016549201
14.55	0.0047068792823232045
14.56	0.0046879689089847154
14.57	0.004669147415303469
14.58	0.004650414322968492
14.59	0.004631769156568388
14.6	0.004613211443571806
14.61	0.004594740714308019
14.620000000000001	0.004576356501947683
14.63	0.004558058342483706
14.64	0.004539845774712285
14.65	0.0045217183402140575
14.66	0.0045036755833354186
14.67	0.0044857170511699495
14.68	0.004467842293540023
14.69	0.00445005086297848
14.700000000000001	0.00443234231471052
14.71	0.004414716206635656
14.72	0.004397172099309856
14.73	0.0043797095559277785
14.74	0.004362328142305135
14.75	0.004345027426861227
14.76	0.004327806980601585
14.77	0.004310666377100694
14.780000000000001	0.004293605192484933
14.790000000000001	0.00427662300541555
14.8	0.004259719397071848
14.81	0.0042428939511344015
14.82	0.004226146253768478
14.83	0.004209475893607521
14.84	0.004192882461736804
14.85	0.004176365551677157
14.86	0.0041599247593688505
14.870000000000001	0.004143559683155558
14.88	0.004127269923768492
14.89	0.004111055084310582
14.9	0.004094914770240829
14.91	0.0040788485893587445
14.92	0.004062856151788921
14.93	0.004046937069965673
14.94	0.004031090958617852
14.950000000000001	0.004015317434753726
14.96	0.003999616117645972
14.97	0.0039839866288168034
14.98	0.003968428592023184
14.99	0.003952941633242132
15.	0.003937525380656187
15.01	0.003922179464638912
15.02	0.003906903517740563
15.030000000000001	0.0038916971746738114
15.040000000000001	0.003876560072299611
15.05	0.0038614918496131263
15.06	0.0038464921477297997
15.07	0.0038315606098714957
15.08	0.0038166968813527474
15.09	0.0038019006095671073
15.1	0.0037871714439736024
15.11	0.0037725090360832703
15.120000000000001	0.0037579130394457968
15.13	0.003743383109636275
15.14	0.003728918904242002
15.15	0.0037145200828494263
15.16	0.003700186307031169
15.17	0.003685917240333118
15.18	0.003671712548261661
15.19	0.003657571898270944
15.200000000000001	0.0036434949597502937
15.21	0.00362948140401167
15.22	0.0036155309042772417
15.23	0.00360164313566703
15.24	0.0035878177751866645
15.25	0.0035740545017151908
15.26	0.0035603529959930165
15.27	0.0035467129406098813
15.280000000000001	0.0035331340199929572
15.290000000000001	0.0035196159203950265
15.3	0.003506158329882726
15.31	0.003492760938324877
15.32	0.003479423437380923
15.33	0.0034661455204894223
15.34	0.0034529268828566283
15.35	0.0034397672214451615
15.36	0.003426666234962749
15.370000000000001	0.003413623623851052
15.38	0.0034006390902745548
15.39	0.003387712338109567
15.4	0.0033748430729332625
15.41	0.0033620310020128124
15.42	0.003349275834294622
15.43	0.003336577280393586
15.44	0.003323935052582479
15.450000000000001	0.0033113488647813585
15.46	0.003298818432547125
15.47	0.003286343473063055
15.48	0.003273923705128495
15.49	0.0032615588491485626
15.5	0.003249248627123981
15.51	0.0032369927626409232
15.52	0.0032247909808609723
15.530000000000001	0.003212643008511129
15.540000000000001	0.003200548573873897
15.55	0.0031885074067774396
15.56	0.003175504091619042
15.57	0.0031624694080789164
15.58	0.0031494965462998304
15.59	0.00313658517367114
15.6	0.003123734959583405
15.610000000000001	0.003110945575415061
15.620000000000001	0.0030982166945192125
15.63	0.0030855479922105122
15.64	0.0030729391457521354
15.65	0.003060389834342843
15.66	0.003047899739104169
15.67	0.003035468543067652
15.68	0.0030230959311622063
15.69	0.0030107815902015527
15.700000000000001	0.0029985252088717603
15.71	0.0029863264777188615
15.72	0.002974185089136573
15.73	0.0029621007373540845
15.74	0.0029500731184239747
15.75	0.0029381019302101618
15.76	0.002926186872375987
15.77	0.002914327646372356
15.780000000000001	0.0029025239554259807
15.790000000000001	0.0028907755045277004
15.8	0.0028790820004208784
15.81	0.0028674431515899033
15.82	0.0028558586682487512
15.83	0.002844328262329648
15.84	0.0028328516474717966
15.85	0.0028214285390101984
15.860000000000001	0.0028100586539645464
15.870000000000001	0.002798741711028207
15.88	0.002787477430557273
15.89	0.0027762655345596873
15.9	0.0027651057466844702
15.91	0.0027539977922109993
15.92	0.002742941398038377
15.93	0.002731936292674869
15.94	0.002720982206227422
15.950000000000001	0.0027100788703912615
15.96	0.0026992260184395484
15.97	0.002688423385213121
15.98	0.0026776707071103066
15.99	0.002666967722076811
16.	0.0026563141695956733
16.01	0.0026457097906772927
16.02	0.0026351543278495242
16.03	0.002624647525147865
16.04	0.0026141891281056626
16.05	0.0026037788837444567
16.06	0.002593416540564331
16.07	0.002583101848534374
16.080000000000002	0.0025728345590831877
16.09	0.002562614425089465
16.1	0.0025524412008726344
16.11	0.0025423146421835858
16.12	0.002532234506195433
16.13	0.00252220055149436
16.14	0.0025122125380705393
16.15	0.002502270227309097
16.16	0.002492373381981138
16.17	0.002482521766234874
16.18	0.0024727151455867474
16.19	0.0024629532869126893
16.2	0.0024532359584393797
16.21	0.0024435629297356065
16.22	0.0024339339717036673
16.23	0.002424348856570843
16.240000000000002	0.0024148073578809212
16.25	0.002405309250485779
16.26	0.002395854310537033
16.27	0.0023864423154777367
16.28	0.002377073044034169
16.29	0.0023677462762076097
16.3	0.002358461793266248
16.31	0.0023492193777371077
16.32	0.0023400188133980353
16.330000000000002	0.002330859885269745
16.34	0.0023217423796079275
16.35	0.002312666083895381
16.36	0.0023036307868342684
16.37	0.002294636278338328
16.38	0.0022856823495252293
16.39	0.002276768792708926
16.4	0.002267895401392096
16.41	0.002259061970258602
16.42	0.0022502682951660324
16.43	0.0022415141731382694
16.44	0.002232799402358153
16.45	0.0022241237821601146
16.46	0.002215487113022961
16.47	0.0022068891965626204
16.48	0.0021983298355250027
16.490000000000002	0.0021898088337788672
16.5	0.0021813259963087655
16.51	0.00217288112920801
16.52	0.0021644740396717277
16.53	0.0021561045359899007
16.54	0.002147772427540532
16.55	0.0021394775247827917
16.56	0.0021312196392502428
16.57	0.0021229985835441133
16.580000000000002	0.002114814171326599
16.59	0.0021066662173142283
16.6	0.0020985545372712746
16.61	0.0020904789480031853
16.62	0.002082439267350087
16.63	0.0020744353141803266
16.64	0.0020664669083840475
16.65	0.002058533870866825
16.66	0.002050636023543325
16.67	0.0020424515158135683
16.68	0.002034165621406027
16.69	0.0020259182774154025
16.7	0.0020177092815475838
16.71	0.002009538432690225
16.72	0.0020014055309051358
16.73	0.001993310377420726
16.740000000000002	0.001985252774624514
16.75	0.0019772325260556754
16.76	0.001969249436397651
16.77	0.0019613033114708133
16.78	0.001953393958225158
16.79	0.0019455211847330804
16.8	0.0019376848001821827
16.81	0.0019298846148681304
16.82	0.0019221204401875735
16.830000000000002	0.0019143920886310895
16.84	0.0019066993737762207
16.85	0.0018990421102805094
16.86	0.0018914201138746165
16.87	0.0018838332013554754
16.88	0.0018762811905794939
16.89	0.0018687639004558048
16.9	0.0018612811509395616
16.91	0.001853832763025286
16.92	0.0018464185587402536
16.93	0.0018390383611379397
16.94	0.0018316919942914897
16.95	0.0018243792832872484
16.96	0.001817100054218337
16.97	0.001809854134178266
16.98	0.0018026413512545966
16.990000000000002	0.0017954615345226403
17.	0.0017883145140392149
17.01	0.0017812001208364345
17.02	0.0017741181869155374
17.03	0.0017670685452407656
17.04	0.0017600510297332854
17.05	0.0017530654752651491
17.06	0.001746111717653294
17.07	0.0017391895936535863
17.080000000000002	0.0017322989409549099
17.09	0.0017254395981732885
17.1	0.0017186114048460533
17.11	0.0017118142014260489
17.12	0.0017050478292758738
17.13	0.0016983121306621731
17.14	0.001691606948749965
17.150000000000002	0.0016849321275969875
17.16	0.001678287512148121
17.17	0.0016716729482298168
17.18	0.001665088282544582
17.19	0.0016585333626654855
17.2	0.0016520080370307267
17.21	0.001645512154938208
17.22	0.0016390455665401809
17.23	0.0016326081228378983
17.240000000000002	0.0016261996756763177
17.25	0.0016198200777388446
17.26	0.0016134691825420982
17.27	0.0016071468444307203
17.28	0.001600852918572222
17.29	0.0015945872609518625
17.3	0.0015883497283675622
17.31	0.0015821401784248458
17.32	0.0015759584695318324
17.330000000000002	0.0015698044608942491
17.34	0.0015636780125104818
17.35	0.00155757898516666
17.36	0.0015515072404317651
17.37	0.0015454626406527965
17.38	0.0015394450489499428
17.39	0.0015334543292117968
17.400000000000002	0.001527490346090612
17.41	0.0015215529649975777
17.42	0.0015156420520981296
17.43	0.0015097574743072996
17.44	0.0015038990992850764
17.45	0.001498066795431831
17.46	0.001492260431883739
17.47	0.0014864798785082544
17.48	0.0014807250058996063
17.490000000000002	0.001474995685374327
17.5	0.0014692917889668174
17.51	0.0014636131894249216
17.52	0.0014579597602055584
17.53	0.0014523313754703582
17.54	0.0014467279100813478
17.55	0.001441149239596652
17.56	0.001435595240266227
17.57	0.0014300657890276261
17.580000000000002	0.0014245607635017875
17.59	0.00141908004198886
17.6	0.001413623503464041
17.61	0.0014081910275734588
17.62	0.001402782494630071
17.63	0.0013973977856095979
17.64	0.0013920367821464732
17.650000000000002	0.0013866993665298405
17.66	0.001381385421699545
17.67	0.001376094831242191
17.68	0.0013708274793871914
17.69	0.00136558325100286
17.7	0.001360362031592534
17.71	0.001355163707290705
17.72	0.0013499881648591965
17.73	0.0013448352916833493
17.740000000000002	0.0013397049757682409
17.75	0.0013345971057349315
17.76	0.0013295115708167262
17.77	0.0013244482608554726
17.78	0.001319407066297876
17.79	0.001314387878191837
17.8	0.0013093905881828214
17.81	0.0013044150885102499
17.82	0.0012994612720039073
17.830000000000002	0.001294529032080385
17.84	0.0012896182627395363
17.85	0.0012847288585609636
17.86	0.001279916627136133
17.87	0.0012751755582401918
17.88	0.001270454688842063
17.89	0.0012657539216559
17.900000000000002	0.0012610731599184094
17.91	0.0012564123073857602
17.92	0.0012517712683305009
17.93	0.0012471499475385076
17.94	0.0012425482503059465
17.95	0.0012379660824362536
17.96	0.0012334033502371432
17.97	0.0012288599605176228
17.98	0.0012243358205850368
17.990000000000002	0.0012198308382421307
18.	0.0012153449217841225
18.01	0.001210877979995807
18.02	0.0012064299221486684
18.03	0.0012020006579980147
18.04	0.0011975900977801385
18.05	0.0011931981522094776
18.06	0.0011888247324758185
18.07	0.0011844697502414866
18.080000000000002	0.0011801331176385962
18.09	0.0011758147472662695
18.1	0.0011715145521879163
18.11	0.001167232445928502
18.12	0.0011629683424718518
18.13	0.0011587221562579602
18.14	0.0011544938021803238
18.150000000000002	0.0011502831955832846
18.16	0.0011460902522594065
18.17	0.0011419148884468438
18.18	0.0011377570208267493
18.19	0.0011336165665206835
18.2	0.0011294934430880498
18.21	0.0011253875685235445
18.22	0.0011212988612546149
18.23	0.0011172272401389445
18.240000000000002	0.0011131726244619495
18.25	0.0011091349339342894
18.26	0.0011051140886893975
18.27	0.0011011100092810195
18.28	0.0010971226166807807
18.29	0.001093151832275757
18.3	0.0010891975778660667
18.31	0.0010852597756624731
18.32	0.001081338348284009
18.330000000000002	0.0010774332187556133
18.34	0.00107354431050578
18.35	0.0010696715473642213
18.36	0.0010658148535595548
18.37	0.0010619741537169919
18.38	0.0010581493728560546
18.39	0.0010543404363882935
18.400000000000002	0.0010505472701150306
18.41	0.001046769800225113
18.42	0.0010430079532926725
18.43	0.0010392616562749145
18.44	0.0010355308365099126
18.45	0.0010318154217144131
18.46	0.0010281153399816602
18.47	0.001024430519779238
18.48	0.0010207608899469058
18.490000000000002	0.0010171063796944808
18.5	0.0010134669185997004
18.51	0.0010098424366061167
18.52	0.0010062328640210033
18.53	0.0010026381315132679
18.54	0.0009990581701113856
18.55	0.000995492911201337
18.56	0.0009919422865245686
18.57	0.0009884062281759595
18.580000000000002	0.0009848846686017995
18.59	0.0009813775405977845
18.6	0.0009778847773070272
18.61	0.0009744063122180683
18.62	0.0009709420791629132
18.63	0.0009674920123150702
18.64	0.0009640560461876115
18.650000000000002	0.0009606341156312384
18.66	0.0009572261558323578
18.67	0.0009538321023111766
18.68	0.000950451890919808
18.69	0.000947085457840379
18.7	0.0009437327395831665
18.71	0.0009403936729847266
18.72	0.0009370681952060526
18.73	0.0009337562437307305
18.740000000000002	0.0009304577563631164
18.75	0.0009271726712265178
18.76	0.0009239009267613887
18.77	0.0009206424617235392
18.78	0.0009173972151823512
18.79	0.0009141651265190077
18.8	0.0009109461354247319
18.81	0.0009077401818990344
18.82	0.0009045472062479855
18.830000000000002	0.0009013671490824745
18.84	0.0008981999513164988
18.85	0.0008950455541654561
18.86	0.0008919038991444505
18.87	0.0008887749280665999
18.88	0.0008856585830413713
18.89	0.0008825548064729009
18.900000000000002	0.0008794635410583588
18.91	0.0008763847297862842
18.92	0.0008733183159349639
18.93	0.0008702642430708045
18.94	0.0008672224550467137
18.95	0.0008641928960005029
18.96	0.0008611755103532859
18.97	0.0008581702428078941
18.98	0.0008551770383473105
18.990000000000002	0.0008521958422330864
19.	0.000849226600003803
19.01	0.000846269257473514
19.02	0.0008433237607302119
19.03	0.0008403900561342972
19.04	0.0008374680903170656
19.05	0.0008345578101791908
19.06	0.0008316591628892347
19.07	0.0008287720958821435
19.080000000000002	0.0008258965568577773
19.09	0.0008230324937794306
19.1	0.00082017985487237
19.11	0.0008173385886223813
19.12	0.0008145086437743199
19.13	0.0008116899693306726
19.14	0.000809509242314424
19.150000000000002	0.0008074647529803405
19.16	0.0008054264904896126
19.17	0.0008033944326422336
19.18	0.0008013685573288673
19.19	0.0007993488425304303
19.2	0.0007973352663176755
19.21	0.0007953278068507798
19.22	0.0007933264423789315
19.23	0.0007913311512399271
19.240000000000002	0.0007893419118597553
19.25	0.0007873587027522016
19.26	0.0007853815025184388
19.27	0.0007834102898466305
19.28	0.0007814450435115309
19.29	0.0007794857423740889
19.3	0.0007775323653810522
19.31	0.0007755848915645777
19.32	0.0007736433000418391
19.330000000000002	0.0007717075700146379
19.34	0.0007697776807690182
19.35	0.0007678536116748809
19.36	0.0007659353421856036
19.37	0.0007640228518376568
19.38	0.0007621161202502262
19.39	0.0007602151271248386
19.400000000000002	0.0007583198522449827
19.41	0.0007564302754757397
19.42	0.0007545463767634087
19.43	0.0007526681361351416
19.44	0.0007507955336985718
19.45	0.0007489285496414521
19.46	0.0007470671642312883
19.47	0.0007452113578149795
19.48	0.0007433611108184575
19.490000000000002	0.0007415164037463267
19.5	0.0007396772171815104
19.51	0.0007378435317848958
19.52	0.00073601532829498
19.53	0.0007341925875275189
19.54	0.0007323752903751801
19.55	0.0007305634178071933
19.56	0.0007287569508690058
19.57	0.0007269558706819372
19.580000000000002	0.000725160158442838
19.59	0.00072336979542375
19.6	0.0007215847629715648
19.61	0.0007198050425076903
19.62	0.0007180306155277104
19.63	0.0007162614636010572
19.64	0.0007144975683706749
19.650000000000002	0.0007127389115526877
19.66	0.0007109854749360769
19.67	0.0007092372403823489
19.68	0.000707494189825211
19.69	0.0007057563052702471
19.7	0.0007040235687945972
19.71	0.0007022959625466351
19.72	0.0007005734687456494
19.73	0.0006988560696815283
19.740000000000002	0.0006971437477144385
19.75	0.0006954364852745173
19.76	0.0006937342648615542
19.77	0.0006920370690446846
19.78	0.0006903448804620755
19.79	0.0006886576818206205
19.8	0.0006869754558956344
19.81	0.0006852981855305435
19.82	0.000683625853636584
19.830000000000002	0.0006819584431925049
19.84	0.0006802959372442584
19.85	0.0006786383189047079
19.86	0.0006769855713533285
19.87	0.0006753376778359093
19.88	0.0006736946216642604
19.89	0.0006720563862159195
19.900000000000002	0.0006704229549338597
19.91	0.0006687943113262007
19.92	0.0006671704389659163
19.93	0.0006655513214905513
19.94	0.000663936942601932
19.95	0.0006623272860658847
19.96	0.0006607223357119503
19.97	0.0006591220754331027
19.98	0.0006575264891854689
19.990000000000002	0.0006559355609880498
20.	0.0006543492749224432
20.01	0.0006527676151325658
20.02	0.0006511905658243794
20.03	0.0006496181112656183
20.04	0.0006480502357855143
20.05	0.000646486923774529
20.06	0.0006449281596840805
20.07	0.0006433739280262793
20.080000000000002	0.0006418242133736581
20.09	0.0006402790003589068
20.1	0.0006387382736746094
20.11	0.0006372020180729803
20.12	0.0006356702183656003
20.13	0.0006341428594231617
20.14	0.0006326199261752026
20.150000000000002	0.0006311014036098531
20.16	0.0006295872767735758
20.17	0.0006280775307709143
20.18	0.0006265721507642347
20.19	0.0006250711219734738
20.2	0.0006235744296758913
20.21	0.0006220820592058125
20.22	0.0006205939959543836
20.23	0.0006191102253693241
20.240000000000002	0.0006176307329546749
20.25	0.0006161555042705611
20.26	0.0006146845249329363
20.27	0.0006132177806133505
20.28	0.0006117552570386999
20.29	0.0006102969399909908
20.3	0.0006088428153070958
20.31	0.0006073928688785208
20.32	0.0006059470866511601
20.330000000000002	0.0006045054546250672
20.34	0.0006030679588542135
20.35	0.0006016345854462595
20.36	0.0006002053205623193
20.37	0.0005987801504167279
20.38	0.000597359061276813
20.39	0.0005959420394626635
20.400000000000002	0.0005945290713469018
20.41	0.0005931201433544571
20.42	0.0005917152419623359
20.43	0.0005903143536994023
20.44	0.0005889174651461491
20.45	0.0005875245629344783
20.46	0.0005940569659361028
20.47	0.000603882672958112
20.48	0.0006138659788970575
20.490000000000002	0.0006240093327423884
20.5	0.0006343152203158805