0.01	3.084367211569245
0.02	2.5190207442471033
0.03	2.338142765415666
0.04	2.2411295739853894
0.05	2.176919945550177
0.06	2.124102962388674
0.07	2.082126211861883
0.08	2.043511292800381
0.09	2.0109967763054826
0.1	1.9804633581816544
0.11	1.9511070201559795
0.12	1.9226795902796179
0.13	1.894744037474611
0.14	1.8686714199694574
0.15	1.841743782928987
0.16	1.8168340452430047
0.17	1.791123046295173
0.18	1.767215402167654
0.19	1.7435163610415174
0.2	1.7206411166509068
0.21	1.6991607667901127
0.22	1.6757957939522017
0.23	1.65358269464889
0.24	1.6325910845763427
0.25	1.61107803685477
0.26	1.5903341769489836
0.27	1.5706254958437915
0.28	1.5513174159055878
0.29	1.531227787427552
0.3	1.5120664123024188
0.31	1.4937615394094894
0.32	1.4760525759310164
0.33	1.4577742913674998
0.34	1.4402580448415239
0.35000000000000003	1.423451018248288
0.36	1.4073054316398683
0.37	1.3910716427143341
0.38	1.374438185823806
0.39	1.3584280442685404
0.4	1.34300275538473
0.41000000000000003	1.3281271162456136
0.42	1.3137688358761446
0.43	1.2987147320457417
0.44	1.2841534931485774
0.45	1.270077312993995
0.46	1.2564597821421402
0.47000000000000003	1.2432764633196203
0.48	1.2305047059165757
0.49	1.2172955082001207
0.5	1.204232146493135
0.51	1.191563544125818
0.52	1.1792703761257446
0.53	1.1673346118909467
0.54	1.1557394060299067
0.55	1.144469000232861
0.56	1.1329095178722721
0.5700000000000001	1.1212941096667655
0.58	1.1099967264869537
0.59	1.0990033993607085
0.6	1.0883009962746257
0.61	1.0778771590831282
0.62	1.0677202461175954
0.63	1.0578192798979713
0.64	1.0477717118998808
0.65	1.0374067695603622
0.66	1.027300279437771
0.67	1.0174420254237833
0.68	1.0078223399198696
0.6900000000000001	0.9984320668447516
0.7000000000000001	0.9892625276308346
0.71	0.9803054899293039
0.72	0.9715531387734131
0.73	0.9629980499757652
0.74	0.9538905225120099
0.75	0.9449770544778283
0.76	0.9362632953447232
0.77	0.9277422300460063
0.78	0.9194071768773173
0.79	0.9112517676278747
0.8	0.9032699291299331
0.81	0.8954558661089258
0.8200000000000001	0.8878040452278317
0.8300000000000001	0.8803091802291906
0.84	0.8728431542620758
0.85	0.8649154212894876
0.86	0.857151161491582
0.87	0.849545161275117
0.88	0.8420924307538915
0.89	0.8347881917409612
0.9	0.8276278665118161
0.91	0.8206070672810744
0.92	0.8137215863401173
0.93	0.8069673868074826
0.9400000000000001	0.8003405939478238
0.9500000000000001	0.7938374870188626
0.96	0.787454491609051
0.97	0.7807267876318766
0.98	0.7739688772551087
0.99	0.7673371861262551
1.	0.7608281172438642
1.01	0.7544382107393955
1.02	0.7481641373549643
1.03	0.7420026922916536
1.04	0.7359507894039743
1.05	0.7300054557178812
1.06	0.7241638262514303
1.07	0.7184231391186945
1.08	0.712780730898964
1.09	0.7072340322545572
1.1	0.7017805637817491
1.11	0.6961661469550919
1.12	0.6903817645199305
1.1300000000000001	0.6846962236502252
1.1400000000000001	0.6791069828962378
1.1500000000000001	0.6736115876928285
1.16	0.6682076666655128
1.17	0.6628929281238034
1.18	0.6576651567308421
1.19	0.6525222103390442
1.2	0.6474620169821729
1.21	0.642482572014873
1.22	0.6375819353912935
1.23	0.6327582290749532
1.24	0.6280096345725156
1.25	0.6233343905846007
1.26	0.6187307907671945
1.27	0.6141510826980991
1.28	0.6092760949271644
1.29	0.6044772919483791
1.3	0.5997529063270501
1.31	0.5951012248097993
1.32	0.5905205862657592
1.33	0.5860093797208924
1.34	0.5815660424805547
1.35	0.5771890583357214
1.36	0.572876955848556
1.37	0.568628306713262
1.3800000000000001	0.5644417241883877
1.3900000000000001	0.5603158615969804
1.4000000000000001	0.5562494108911877
1.41	0.5522411012780996
1.42	0.5482896979038057
1.43	0.544394000592814
1.44	0.5405528426401295
1.45	0.5367650896534476
1.46	0.5329018939647935
1.47	0.5288139807697272
1.48	0.5247848233670048
1.49	0.5208131887583622
1.5	0.5168978778641934
1.51	0.5130377243721258
1.52	0.5092315936319969
1.53	0.5054783815950722
1.54	0.5017770137954561
1.55	0.4981264443717599
1.56	0.49452565512718166
1.57	0.49097365462626336
1.58	0.4874694773266621
1.59	0.48401218274437446
1.6	0.4806008546509178
1.61	0.47723460030105896
1.62	0.47391254968974356
1.6300000000000001	0.4706338548369513
1.6400000000000001	0.4673976890992628
1.6500000000000001	0.46420324650698574
1.6600000000000001	0.46104974112574215
1.67	0.4579364064414727
1.68	0.45461460974425416
1.69	0.45124467707847243
1.7	0.44791938624779903
1.71	0.4446378884645206
1.72	0.4413993559165506
1.73	0.4382029811309069
1.74	0.4350479763600504
1.75	0.4319335729901382
1.76	0.4288590209702844
1.77	0.42582358826197525
1.78	0.42282656030781196
1.79	0.41986723951880117
1.8	0.41694494477944605
1.81	0.4140590109699246
1.82	0.41120878850467424
1.83	0.40839364288673524
1.84	0.40561295427722827
1.85	0.4028661170793761
1.86	0.40015253953650265
1.87	0.3974716433434645
1.8800000000000001	0.3948228632710013
1.8900000000000001	0.39220564680250586
1.9000000000000001	0.38961945378274304
1.9100000000000001	0.38706375607806054
1.92	0.38453803724766183
1.93	0.381766125844647
1.94	0.37901273596455315
1.95	0.376293207867062
1.96	0.37360695464839433
1.97	0.37095340250175896
1.98	0.36833199036048275
1.99	0.36574216955260935
2.	0.3631834034665398
2.0100000000000002	0.36065516722730995
2.02	0.35815694738311515
2.0300000000000002	0.35568824160170875
2.04	0.35324855837631775
2.05	0.3508374167407306
2.06	0.3484543459932295
2.07	0.3460988854290498
2.08	0.34377058408106553
2.09	0.3414690004684078
2.1	0.3391937023527375
2.11	0.33694426650190573
2.12	0.33472027846074154
2.13	0.3325213323287216
2.14	0.3303470305442832
2.15	0.32819698367555245
2.16	0.3260708102172681
2.17	0.3239681363936891
2.18	0.32188859596728414
2.19	0.31983183005300764
2.2	0.31779748693797316
2.21	0.31567176759143467
2.22	0.3134538489360113
2.23	0.3112613769116146
2.24	0.309093947407604
2.25	0.3069511644962103
2.2600000000000002	0.30483264023140977
2.27	0.3027379944536052
2.2800000000000002	0.3006668545999216
2.29	0.2986188555199302
2.3000000000000003	0.29659363929662397
2.31	0.2945908550724723
2.32	0.29261015888038844
2.33	0.2906512134794529
2.34	0.28871368819523724
2.35	0.2867972587645804
2.36	0.28490160718467716
2.37	0.2830264215663384
2.38	0.28117139599129337
2.39	0.27933623037340427
2.4	0.2775206303236716
2.41	0.27572430701890993
2.42	0.2739469770739812
2.43	0.27218836241747335
2.44	0.27044819017071914
2.45	0.2687261925300504
2.46	0.2670221066521906
2.47	0.26533567454268775
2.48	0.26366664294729597
2.49	0.26201476324621686
2.5	0.26037979135111267
2.5100000000000002	0.25876148760480877
2.52	0.25715961668360643
2.5300000000000002	0.25557394750212376
2.54	0.25384510822971557
2.5500000000000003	0.25210083858987375
2.56	0.2503753112509774
2.57	0.24866825278834673
2.58	0.24697939480898637
2.59	0.24530847383994797
2.6	0.24365523121958868
2.61	0.2420194129916406
2.62	0.24040076980200684
2.63	0.23879905679820512
2.64	0.23721403353137885
2.65	0.2356454638608049
2.66	0.2340931158608203
2.67	0.23255676173010242
2.68	0.23103617770323073
2.69	0.22953114396446722
2.7	0.22804144456369038
2.71	0.22656686733442225
2.72	0.22510720381388719
2.73	0.22366224916504704
2.74	0.22223180210055507
2.75	0.22081566480857512
2.7600000000000002	0.2194136428804146
2.77	0.2180255452399187
2.7800000000000002	0.21665118407457823
2.79	0.21529037476830382
2.8000000000000003	0.2139429358358184
2.81	0.21260868885862608
2.82	0.21128745842251134
2.83	0.2099790720565292
2.84	0.20868336017344366
2.85	0.20740015601157666
2.86	0.2061292955780281
2.87	0.20487061759323064
2.88	0.20362396343680336
2.89	0.2023891770946691
2.9	0.20116610510740227
2.91	0.19990647388372967
2.92	0.1985548682566977
2.93	0.1972169752344777
2.94	0.19589260960561647
2.95	0.1945815892785732
2.96	0.19328373521881928
2.97	0.19199887138741234
2.98	0.190726824681007
2.99	0.18946742487326204
3.	0.18822050455761022
3.0100000000000002	0.18698589909135008
3.02	0.18576344654102978
3.0300000000000002	0.18455298762908437
3.04	0.1833543656816979
3.0500000000000003	0.1821674265778552
3.06	0.18099201869955384
3.0700000000000003	0.1798279928831457
3.08	0.17867520237177975
3.09	0.1775335027689161
3.1	0.17640275199288566
3.11	0.17528281023246686
3.12	0.1741735399034548
3.13	0.17307480560619706
3.14	0.17198647408407122
3.15	0.17090841418288147
3.16	0.16984049681114938
3.17	0.16878259490127848
3.18	0.1677345833715687
3.19	0.16669633908906126
3.2	0.16566774083319133
3.21	0.16464866926023114
3.22	0.16363900686850086
3.23	0.16263863796433106
3.24	0.16164744862875602
3.25	0.16066532668492214
3.2600000000000002	0.15969216166619218
3.27	0.15872784478492907
3.2800000000000002	0.15777226890194312
3.29	0.15682532849658604
3.3000000000000003	0.15588691963747645
3.31	0.15495693995384155
3.3200000000000003	0.15403528860746
3.33	0.1531218662651924
3.34	0.15218607679203444
3.35	0.15116708332865206
3.36	0.1501579195611762
3.37	0.14915846183439738
3.38	0.14816858840923225
3.39	0.14718817942747647
3.4	0.14621711687730907
3.41	0.145255284559528
3.42	0.14430256805449954
3.43	0.14335885468980522
3.44	0.14242403350856936
3.45	0.14149799523844975
3.46	0.14058063226127757
3.47	0.1396718385833299
3.48	0.13877150980622036
3.49	0.13787954309839304
3.5	0.13699583716720518
3.5100000000000002	0.1361202922315865
3.52	0.13525280999525896
3.5300000000000002	0.1343932936205063
3.54	0.13354164770247948
3.5500000000000003	0.1326977782440253
3.56	0.13186159263102734
3.5700000000000003	0.13103299960824566
3.58	0.1302119092556457
3.59	0.1293982329652033
3.6	0.12859188341817676
3.61	0.12779277456283333
3.62	0.12700082159262205
3.63	0.12621594092478058
3.64	0.1254380501793677
3.65	0.12466706815871166
3.66	0.12390291482726411
3.67	0.12314551129185176
3.68	0.12239477978231615
3.69	0.12165064363253279
3.7	0.12091302726180178
3.71	0.12018185615660128
3.72	0.11945705685269538
3.73	0.11873855691758982
3.74	0.11802628493332647
3.75	0.11732017047961016
3.7600000000000002	0.11662014411725988
3.77	0.11592613737197778
3.7800000000000002	0.11523808271842884
3.79	0.11455591356462456
3.8000000000000003	0.11387956423660336
3.81	0.1132089699634031
3.8200000000000003	0.1125440668623169
3.83	0.11188479192442854
3.84	0.11115316469879664
3.85	0.11040907245617355
3.86	0.10967187225369802
3.87	0.10894148264711506
3.88	0.10821782336161176
3.89	0.10750081527206815
3.9	0.10679038038369182
3.91	0.10608644181302677
3.92	0.1053889237693294
3.93	0.1046977515363027
3.94	0.10401285145418147
3.95	0.10333415090216085
3.96	0.10266157828116017
3.97	0.10199506299691602
3.98	0.10133453544339621
3.99	0.1006799269865286
4.	0.10003116994823774
4.01	0.09938819759078273
4.0200000000000005	0.09875094410138975
4.03	0.09811934457717358
4.04	0.09749333501034109
4.05	0.0968728522736716
4.0600000000000005	0.0962578341062677
4.07	0.095648219099571
4.08	0.0950439466836374
4.09	0.09444495711366624
4.1	0.0938511914567779
4.11	0.09326259157903544
4.12	0.09267910013270395
4.13	0.09210066054374383
4.14	0.09152721699953258
4.15	0.0909587144368103
4.16	0.09039509852984497
4.17	0.08983631567881195
4.18	0.08928231299838427
4.19	0.08873303830652882
4.2	0.08818844011350477
4.21	0.08764846761105902
4.22	0.08711307066181631
4.23	0.08658219978885855
4.24	0.0860558061654905
4.25	0.08553384160518743
4.26	0.08501625855172155
4.2700000000000005	0.08450301006946355
4.28	0.08399404983385532
4.29	0.08348933212205098
4.3	0.08298881180372275
4.3100000000000005	0.08249244433202785
4.32	0.08200018573473433
4.33	0.08151199260550124
4.34	0.08102782209531138
4.3500000000000005	0.08054763190405316
4.36	0.08007138027224824
4.37	0.07959902597292265
4.38	0.07913052830361852
4.39	0.07866584707854317
4.4	0.07820271989319863
4.41	0.07767027403287856
4.42	0.0771426470534341
4.43	0.07661978458686718
4.44	0.07610163299936919
4.45	0.07558813937978287
4.46	0.07507925152827064
4.47	0.07457491794518512
4.48	0.07407508782013886
4.49	0.07357971102126827
4.5	0.073088738084688
4.51	0.07260212020413262
4.5200000000000005	0.0721198092207811
4.53	0.07164175761326098
4.54	0.07116791848782851
4.55	0.0706982455687211
4.5600000000000005	0.07023269318867893
4.57	0.06977121627963256
4.58	0.06931377036355245
4.59	0.0688603115434585
4.6000000000000005	0.06841079649458535
4.61	0.0679651824557008
4.62	0.06752342722057471
4.63	0.06708548912959506
4.64	0.06665132706152813
4.65	0.06622090042542068
4.66	0.06579416915264086
4.67	0.06537109368905532
4.68	0.06495163498733986
4.69	0.06453575449942126
4.7	0.06412341416904753
4.71	0.06371457642448425
4.72	0.06330920417133452
4.73	0.06290726078548053
4.74	0.06250871010614363
4.75	0.06211351642906164
4.76	0.061721644499780556
4.7700000000000005	0.061333059507058474
4.78	0.06094772707638023
4.79	0.06056561326357977
4.8	0.06018668454856912
4.8100000000000005	0.0598109078291712
4.82	0.05943825041505544
4.83	0.05906868002177286
4.84	0.05870216476489077
4.8500000000000005	0.05833867315422315
4.86	0.05797817408815654
4.87	0.05762063684806878
4.88	0.05726603109283919
4.89	0.056914326853448556
4.9	0.05656549452766716
4.91	0.0562195048748294
4.92	0.055876329010692914
4.93	0.055535938402381635
4.94	0.05519830486341021
4.95	0.05486340054878894
4.96	0.05453119795020762
4.97	0.05420166989129673
4.98	0.053874789522964844
4.99	0.053550530318810595
5.	0.053228866070608075
5.01	0.052909770883864116
5.0200000000000005	0.05259321917344654
5.03	0.05227918565928179
5.04	0.05196764536212054
5.05	0.05165857359937089
5.0600000000000005	0.05130450095727312
5.07	0.050944985821047596
5.08	0.05058869095399667
5.09	0.05023558125715155
5.1000000000000005	0.04988562208200095
5.11	0.04953877922384192
5.12	0.04919501891524151
5.13	0.04885430781960742
5.14	0.04851661302486557
5.15	0.04818190203724204
5.16	0.04785014277514865
5.17	0.0475213035631689
5.18	0.04719535312614338
5.19	0.046872260583352615
5.2	0.046551995442794994
5.21	0.04623452759555916
5.22	0.045919827310287833
5.23	0.045607865227732476
5.24	0.0452986123553965
5.25	0.04499204006226578
5.26	0.04468812007362452
5.2700000000000005	0.04438682446595536
5.28	0.04408812566192172
5.29	0.04379199642543154
5.3	0.043498409856780156
5.3100000000000005	0.0432073393878715
5.32	0.04291875877751614
5.33	0.04263264210680441
5.34	0.04234896377455369
5.3500000000000005	0.04206769849282843
5.36	0.041788821282531356
5.37	0.0415123074690651
5.38	0.04123813267806238
5.39	0.04096627283118414
5.4	0.040696704141983814
5.41	0.04042940311183737
5.42	0.04016434652593693
5.43	0.03990151144934793
5.44	0.03964087522312775
5.45	0.039382415460505485
5.46	0.03912611004312138
5.47	0.03887193711732497
5.48	0.03861987509053081
5.49	0.03836990262763124
5.5	0.03812199864746449
5.51	0.03787614231933773
5.5200000000000005	0.037632313059603954
5.53	0.03739049052829156
5.54	0.037150654625786164
5.55	0.03691278548956318
5.5600000000000005	0.0366768634909708
5.57	0.036442869232062414
5.58	0.03621078354247713
5.59	0.03598058747636829
5.6000000000000005	0.035752262309378904
5.61	0.0355257895356627
5.62	0.03530115086495101
5.63	0.03507832821966372
5.64	0.03485730373206412
5.65	0.034638059741457054
5.66	0.03442057879142873
5.67	0.034204843627128736
5.68	0.03399083719259266
5.69	0.03377854262810479
5.7	0.03356794326760065
5.71	0.03335902263610805
5.72	0.03315176444722666
5.73	0.032946152600644985
5.74	0.03274217117969431
5.75	0.032539804448938996
5.76	0.032339036851802595
5.7700000000000005	0.032139853008228976
5.78	0.031942237712378134
5.79	0.03174617593035594
5.8	0.03155149107461108
5.8100000000000005	0.03133013172752132
5.82	0.03111070206833705
5.83	0.030893182002730758
5.84	0.030677551679581867
5.8500000000000005	0.03046379148762353
5.86	0.030251882052141316
5.87	0.03004180423172286
5.88	0.02983353911505748
5.89	0.029627068017785172
5.9	0.029422372479394002
5.91	0.02921943426016504
5.92	0.029018235338164108
5.93	0.028818757906279347
5.94	0.028620984369304218
5.95	0.028424897341064858
5.96	0.028230479641591
5.97	0.02803771429432997
5.98	0.02784658452340288
5.99	0.027657073750902393
6.	0.027469165594231175
6.01	0.02728284386348053
6.0200000000000005	0.02709809255884864
6.03	0.026914895868097463
6.04	0.026733238164047792
6.05	0.026553104002111905
6.0600000000000005	0.026374478117863115
6.07	0.02619734542464163
6.08	0.026021691011196005
6.09	0.025847500139359766
6.1000000000000005	0.025674758241762637
6.11	0.025503450919575527
6.12	0.025333563940289103
6.13	0.02516508323552509
6.140000000000001	0.02499799489888
6.15	0.024832285183800453
6.16	0.02466794050148993
6.17	0.02450494741884624
6.18	0.02434329265642926
6.19	0.024182963086458252
6.2	0.024023945730838745
6.21	0.023866227759218015
6.22	0.02370203017268507
6.23	0.023532248984419177
6.24	0.023363953348144804
6.25	0.02319712791604295
6.26	0.02303175752305551
6.2700000000000005	0.022867827184421707
6.28	0.02270532209325168
6.29	0.02254422761813651
6.3	0.022384529300793987
6.3100000000000005	0.022226212853749743
6.32	0.022069264158053055
6.33	0.02191366926102662
6.34	0.02175941437405008
6.3500000000000005	0.021606485870376262
6.36	0.021454870282980123
6.37	0.021304554302439455
6.38	0.021155524774846942
6.390000000000001	0.02100776869975325
6.4	0.0208612732281404
6.41	0.02071602566042493
6.42	0.020572013444490566
6.43	0.020429224173749868
6.44	0.02028764558523406
6.45	0.020147265557711146
6.46	0.02000807210983132
6.47	0.01987005339829957
6.48	0.01973319771607502
6.49	0.01959749349059624
6.5	0.01946292928203261
6.51	0.019329493781560896
6.5200000000000005	0.019197175809666938
6.53	0.019065964314471755
6.54	0.018935848370082067
6.55	0.01880681717496432
6.5600000000000005	0.018678860050342413
6.57	0.01855196643861828
6.58	0.01842612590181524
6.59	0.01830132812004371
6.6000000000000005	0.01817756288998873
6.61	0.018054820123419277
6.62	0.017933089845718845
6.63	0.01781236219443678
6.640000000000001	0.017692627417860495
6.65	0.017573875873607803
6.66	0.017455084026601165
6.67	0.017325279550492862
6.68	0.017196632662649734
6.69	0.017069131329973317
6.7	0.016942763662169305
6.71	0.016817517909843063
6.72	0.016693382462623408
6.73	0.016570345847314146
6.74	0.01644839672607278
6.75	0.016327523894616166
6.76	0.016207716280452505
6.7700000000000005	0.01608896294113928
6.78	0.015971253062566904
6.79	0.01585457595726723
6.8	0.01573892106274708
6.8100000000000005	0.015624277939846018
6.82	0.015510636271117942
6.83	0.015397985859236421
6.84	0.015286316625423176
6.8500000000000005	0.015175618607899295
6.86	0.015065881960359013
6.87	0.014957096950465489
6.88	0.014849253958368428
6.890000000000001	0.014742343475243018
6.9	0.014636356101849974
6.91	0.014531282547116291
6.92	0.014427113626736448
6.93	0.01432384026179353
6.94	0.014221453477400328
6.95	0.014119944401359769
6.96	0.01401930426284446
6.97	0.013919524391095167
6.98	0.013820596214137745
6.99	0.013722511257518404
7.	0.013625261143056908
7.01	0.013528837587617498
7.0200000000000005	0.013433232401897153
7.03	0.013338437489231079
7.04	0.013244444844415096
7.05	0.013151246552544443
7.0600000000000005	0.01305883478786922
7.07	0.012967201812665786
7.08	0.012876339976123983
7.09	0.012786241713250011
7.1000000000000005	0.012696899543784742
7.11	0.012608306071137032
7.12	0.012520453981332084
7.13	0.012433336041974304
7.140000000000001	0.012342539818262097
7.15	0.012247216374360517
7.16	0.012152760815285166
7.17	0.01205916404364436
7.18	0.011966417069905616
7.19	0.011874511010969058
7.2	0.011783437088761709
7.21	0.01169318662885222
7.22	0.011603751059085815
7.23	0.011515121908239
7.24	0.011427290804693865
7.25	0.01134024947513155
7.26	0.0112539897432446
7.2700000000000005	0.011168503528468028
7.28	0.011083782844728595
7.29	0.01099981979921212
7.3	0.01091660659114862
7.3100000000000005	0.010834135510614795
7.32	0.010752398937353793
7.33	0.010671389339611842
7.34	0.010591099272991573
7.3500000000000005	0.010511521379321672
7.36	0.010432648385542781
7.37	0.010354473102609122
7.38	0.010276988424405912
7.390000000000001	0.010200187326682106
7.4	0.010124062865998264
7.41	0.010048608178689392
7.42	0.009973816479842447
7.43	0.009899681062288274
7.44	0.00982619529560784
7.45	0.00975335262515245
7.46	0.009681146571077754
7.47	0.009609570727391355
7.48	0.009538618761013765
7.49	0.009468284410852632
7.5	0.009398561486889834
7.51	0.009329443869281343
7.5200000000000005	0.009260925507469785
7.53	0.009193000419309205
7.54	0.009125662690202244
7.55	0.0090589064722491
7.5600000000000005	0.008992725983408504
7.57	0.00892711550667025
7.58	0.008862069389239178
7.59	0.008797582041730487
7.6000000000000005	0.00873364793737626
7.61	0.008670261611242763
7.62	0.008607417659458678
7.63	0.008545110738453928
7.640000000000001	0.00848333556420893
7.65	0.008419037786222418
7.66	0.008351111208391526
7.67	0.008283820225626229
7.68	0.008217158073529515
7.69	0.00815111806836857
7.7	0.008085693606009695
7.71	0.008020878160868713
7.72	0.007956665284876463
7.73	0.007893048606459254
7.74	0.007830021829534121
7.75	0.007767578732518375
7.76	0.007705713167353609
7.7700000000000005	0.007644419058543536
7.78	0.007583690402205769
7.79	0.0075235212651371544
7.8	0.0074639057838923875
7.8100000000000005	0.007404838163875982
7.82	0.007346312678447039
7.83	0.007288323668036872
7.84	0.007230865539279134
7.8500000000000005	0.00717393276415239
7.86	0.007117519879134795
7.87	0.0070616214843708305
7.88	0.007006232242849762
7.890000000000001	0.0069513468795958265
7.9	0.006896960180869803
7.91	0.006843066993381785
7.92	0.006789662223515238
7.930000000000001	0.0067367408365617675
7.94	0.006684297855966836
7.95	0.006632328362585903
7.96	0.006580827493951126
7.97	0.006529790443548277
7.98	0.006479212460103797
7.99	0.006429088846881779
8.	0.006379414960990802
8.01	0.006330186212700419
8.02	0.0062813980647671045
8.03	0.006233046031769695
8.040000000000001	0.00618512567945391
8.05	0.006137632624086111
8.06	0.006090562531815874
8.07	0.00604391111804748
8.08	0.005997674146820063
8.09	0.005951847430196299
8.1	0.0059064268276595245
8.11	0.005861408245519162
8.120000000000001	0.005816787636324345
8.13	0.005772560998285521
8.14	0.005728724374704093
8.15	0.005685273853409781
8.16	0.005642205566205745
8.17	0.005599515688321241
8.18	0.0055572004378718195
8.19	0.005515256075326786
8.2	0.005470348470687982
8.21	0.005424678236551976
8.22	0.00537944418806207
8.23	0.005334641636253962
8.24	0.005290265948178615
8.25	0.005246312546166244
8.26	0.00520277690710081
8.27	0.005159654561704991
8.28	0.005116941093835275
8.290000000000001	0.0050746321397871705
8.3	0.005032723387610331
8.31	0.004991210576433406
8.32	0.004950089495798537
8.33	0.004909355985005234
8.34	0.004869005932463685
8.35	0.004829035275057094
8.36	0.004789439997513187
8.370000000000001	0.004750216131784474
8.38	0.004711359756437373
8.39	0.004672866996049891
8.4	0.004634734020617796
8.41	0.0045969570449691955
8.42	0.004559532328187283
8.43	0.004522456173041227
8.44	0.0044857249254250465
8.45	0.004449334973804299
8.46	0.004413282748670584
8.47	0.004377564722003629
8.48	0.0043421774067408485
8.49	0.004307117356254395
8.5	0.004272381163835386
8.51	0.004237965462185386
8.52	0.004203866922914922
8.53	0.004170082256048946
8.540000000000001	0.004136608209539191
8.55	0.004103441568783223
8.56	0.0040705791561502025
8.57	0.004038017830513161
8.58	0.004005754486787752
8.59	0.003973786055477323
8.6	0.003942109502224304
8.61	0.003910721827367707
8.620000000000001	0.0038796200655067466
8.63	0.0038488012850704375
8.64	0.00381826258789305
8.65	0.003788001108795456
8.66	0.003758014015172098
8.67	0.003728298506583687
8.68	0.003698851814355401
8.69	0.003669671201180596
8.700000000000001	0.00364075396072985
8.71	0.0036120974172654113
8.72	0.0035836989252607675
8.73	0.0035555558690254963
8.74	0.0035276656623351105
8.75	0.0035000257480659117
8.76	0.00347263359783487
8.77	0.003445486711644228
8.78	0.003418241095429455
8.790000000000001	0.0033892135639536866
8.8	0.0033604651179493755
8.81	0.003331992761565613
8.82	0.003303793534458362
8.83	0.003275864511330039
8.84	0.003248202801475589
8.85	0.003220805548334921
8.86	0.003193669929051648
8.870000000000001	0.003166793154038027
8.88	0.003140172466545962
8.89	0.0031138051422440623
8.9	0.0030876884888005615
8.91	0.0030618198454721315
8.92	0.003036196582698351
8.93	0.0030108161017018895
8.94	0.0029856758340942387
8.950000000000001	0.0029607732414869176
8.96	0.002936105815108103
8.97	0.0029116710754245267
8.98	0.002887466571768704
8.99	0.002863489881971213
9.	0.002839738611998152
9.01	0.002816210395593561
9.02	0.0027929028939267754
9.03	0.002769813795244675
9.040000000000001	0.0027469408145286618
9.05	0.002724281693156422
9.06	0.002701834198568285
9.07	0.0026795961239381998
9.08	0.002657565287849172
9.09	0.0026357395339732135
9.1	0.0026141167307555902
9.11	0.002592694771103463
9.120000000000001	0.0025714715720787196
9.13	0.0025504450745950243
9.14	0.0025296132431189846
9.15	0.0025089740653753715
9.16	0.002488525552056384
9.17	0.0024682657365348026
9.18	0.0024481926745810925
9.19	0.0024283044440842915
9.200000000000001	0.0024085991447766976
9.21	0.0023890748979622767
9.22	0.002369729846248734
9.23	0.0023505621532831887
9.24	0.0023315700034914296
9.25	0.0023127516018206715
9.26	0.002294105173485747
9.27	0.0022756289637187567
9.28	0.0022573212375220273
9.290000000000001	0.002239180279424409
9.3	0.0022212043932408275
9.31	0.0022033919018350423
9.32	0.0021857411468855902
9.33	0.0021682504886548445
9.34	0.002150918305761149
9.35	0.0021337429949539756
9.36	0.002116722970892115
9.370000000000001	0.002099856665924742
9.38	0.0020831425298754726
9.39	0.0020665790298292045
9.4	0.002050164649921841
9.41	0.002033828655425174
9.42	0.002017517577766957
9.43	0.002001354411562508
9.44	0.0019853376608033302
9.450000000000001	0.0019694658461734864
9.46	0.0019537375048459603
9.47	0.001938151190281699
9.48	0.0019227054720313357
9.49	0.0019073989355395103
9.5	0.0018922301819517724
9.51	0.0018771978279240617
9.52	0.0018623005054346443
9.53	0.00184753686159858
9.540000000000001	0.0018329055584845792
9.55	0.0018184052729343036
9.56	0.0018040346963840092
9.57	0.001789792534688535
9.58	0.001775677507947605
9.59	0.001761688350334379
9.6	0.0017478238099262703
9.61	0.0017340826485379443
9.620000000000001	0.0017204636415565145
9.63	0.001706965577778875
9.64	0.001693587259251137
9.65	0.001680327501110177
9.66	0.0016671851314272266
9.67	0.0016541589910534927
9.68	0.0016412479334677673
9.69	0.0016284508246260279
9.700000000000001	0.001615766542812968
9.71	0.0016031939784954612
9.72	0.0015907320341778826
9.73	0.0015783796242593373
9.74	0.0015661356748926903
9.75	0.0015539991238454353
9.76	0.0015419689203623316
9.77	0.0015300440250298197
9.78	0.0015182234096421646
9.790000000000001	0.0015065060570693155
9.8	0.0014948909611264638
9.81	0.001483377126445249
9.82	0.0014719635683466408
9.83	0.0014606493127154094
9.84	0.0014494333958762196
9.85	0.0014383148644712847
9.86	0.001427292775339593
9.870000000000001	0.0014163661953976584
9.88	0.0014055342015217786
9.89	0.0013947958804318035
9.9	0.001384150328576361
9.91	0.001373596652019543
9.92	0.0013631339663290176
9.93	0.0013527613964655647
9.94	0.0013424780766739845
9.950000000000001	0.0013322831503754119
9.96	0.001322175770060952
9.97	0.0013121550971866862
9.98	0.001302220302069969
9.99	0.0012923705637870458
10.	0.0012826050700719504
10.01	0.001272923017216657
10.02	0.0012633236099725055
10.03	0.0012538060614528308
10.040000000000001	0.001244369593036834
10.05	0.0012350134342746363
10.06	0.0012257368227935263
10.07	0.0012165390042053594
10.08	0.0012076010989779417
10.09	0.0012006729108188794
10.1	0.0011937912747363925
10.11	0.0011869558323089292
10.120000000000001	0.001180166228225164
10.13	0.0011734221102539801
10.14	0.0011667231292147525
10.15	0.001160068938947965
10.16	0.001153459196286131
10.17	0.0011468935610250118
10.18	0.001140371695895164
10.19	0.0011338932665337657
10.200000000000001	0.0011274579414567493
10.21	0.0011210653920312296
10.22	0.0011147152924482213
10.23	0.0011084073196956348
10.24	0.0011021411535315823
10.25	0.001095916476457928
10.26	0.001089732973694146
10.27	0.0010835903331514421
10.28	0.0010774882454071394
10.290000000000001	0.001071426403679346
10.3	0.0010654045038018783
10.31	0.0010594222441994503
10.32	0.0010534793258631173
10.33	0.0010475754523259866
10.34	0.0010417103296391638
10.35	0.001035883666347971
10.36	0.0010300951734683926
10.370000000000001	0.0010243445644637808
10.38	0.0010186315552217942
10.39	0.001012955864031574
10.4	0.0010073172115611713
10.41	0.0010017153208351853
10.42	0.000996149917212655
10.43	0.0009906207283651672
10.44	0.0009851274842551884
10.450000000000001	0.0009796699171146282
10.46	0.0009742477614236236
10.47	0.0009688607538895299
10.48	0.0009635086334261416
10.49	0.0009581911411331244
10.5	0.0009529080202756415
10.51	0.0009476590162642186
10.52	0.000942443876634789
10.53	0.0009372623510289547
10.540000000000001	0.0009321141911744505
10.55	0.0009269991508658013
10.56	0.0009219169859451793
10.57	0.0009168674542834627
10.58	0.000911850315761479
10.59	0.0009068653322514379
10.6	0.0009019122675985664
10.61	0.0008969908876029095
10.620000000000001	0.0008921009600013425
10.63	0.0008872422544497344
10.64	0.0008824145425053212
10.65	0.0008776175976092387
10.66	0.0008728511950692349
10.67	0.0008681151120425674
10.68	0.000863409127519061
10.69	0.0008587330223043421
10.700000000000001	0.0008540865790032401
10.71	0.000849469582003358
10.72	0.0008448818174588067
10.73	0.0008403230732741036
10.74	0.0008357931390882282
10.75	0.0008312918062588463
10.76	0.0008268188678466851
10.77	0.0008223741186000665
10.78	0.000835787636749514
10.790000000000001	0.0008691576081232366
10.8	0.0009038271420784696