0.01	3.2207591042226014
0.02	2.1985489513250935
0.03	1.841332341003795
0.04	1.6560991011615542
0.05	1.5404821664591741
0.06	1.4643849854846323
0.07	1.410876379690386
0.08	1.3692250170593987
0.09	1.336492793794206
0.1	1.3095408283895886
0.11	1.2876014677783973
0.12	1.2686571997506497
0.13	1.2520272653965758
0.14	1.2364099897515297
0.15	1.2216625755721209
0.16	1.2080583572998154
0.17	1.1954465900944482
0.18	1.1834994426723822
0.19	1.171682604449712
0.2	1.1605811119173584
0.21	1.1493808627198436
0.22	1.13828371360541
0.23	1.1277800541828544
0.24	1.1175233696136349
0.25	1.1075455140888473
0.26	1.0980429736352828
0.27	1.0888859218426676
0.28	1.0791278227261096
0.29	1.0697950913341578
0.3	1.0608554476389076
0.31	1.052191203185651
0.32	1.0430134514068585
0.33	1.0341945397372838
0.34	1.0257101847020993
0.35000000000000003	1.017538399993903
0.36	1.0092392739542952
0.37	1.0008422557410723
0.38	0.9927362842458283
0.39	0.9849040013816908
0.4	0.9773294960557093
0.41000000000000003	0.9697824270245338
0.42	0.961856583249056
0.43	0.9541797592285961
0.44	0.9467386071993161
0.45	0.9395207776987218
0.46	0.9325148246720694
0.47000000000000003	0.9255644077800875
0.48	0.9182996372204686
0.49	0.9112399392146473
0.5	0.9043755137158762
0.51	0.8976972131346392
0.52	0.8911964871151099
0.53	0.8848653329453322
0.54	0.8785256829630472
0.55	0.8719317766776815
0.56	0.8655048500825758
0.5700000000000001	0.8592378043542224
0.58	0.8531239602631073
0.59	0.847157026646653
0.6	0.8413310717394586
0.61	0.8356404970590715
0.62	0.8298913643912175
0.63	0.8238961919414145
0.64	0.8180377288631471
0.65	0.8123107936833238
0.66	0.8067104771654019
0.67	0.8012321241400802
0.68	0.7958713167990317
0.6900000000000001	0.7906238593142794
0.7000000000000001	0.785485763660533
0.71	0.7803739426899401
0.72	0.7750407852111362
0.73	0.7698168887158681
0.74	0.7646985634561577
0.75	0.759682291986925
0.76	0.7547647189511377
0.77	0.7499426415957596
0.78	0.745213000957489
0.79	0.7405728736630772
0.8	0.7360194642942053
0.81	0.731550098271538
0.8200000000000001	0.7268594460137087
0.8300000000000001	0.7221292409236474
0.84	0.7174859192516175
0.85	0.7129268789997085
0.86	0.7084496255247837
0.87	0.7040517659229212
0.88	0.6997310037682307
0.89	0.6954851341799473
0.9	0.6913120391938871
0.91	0.6872096834163403
0.92	0.6831761099402776
0.93	0.6792094365053776
0.9400000000000001	0.6750424156782034
0.9500000000000001	0.6708090344018941
0.96	0.6666461162921631
0.97	0.6625517726707886
0.98	0.6585241842782698
0.99	0.6545615980454939
1.	0.650662324046383
1.01	0.6468247326196819
1.02	0.6430472516489253
1.03	0.6393283639904421
1.04	0.6356666050399876
1.05	0.6320605604292816
1.06	0.6285088638443544
1.07	0.6250101949581804
1.08	0.6213032153740629
1.09	0.617599559333265
1.1	0.6139515038793961
1.11	0.6103577201421811
1.12	0.6068169226114652
1.1300000000000001	0.6033278673506186
1.1400000000000001	0.5998893502986072
1.1500000000000001	0.5965002056555915
1.16	0.5931593043472612
1.17	0.5898655525634227
1.18	0.5866178903666522
1.19	0.5834152903670904
1.2	0.5802567564597109
1.21	0.5771413226206233
1.22	0.5740680517591915
1.23	0.5710360346229413
1.24	0.5678248318236124
1.25	0.564646516781096
1.26	0.5615111055658316
1.27	0.5584176853587827
1.28	0.5553653697499643
1.29	0.5523532977753614
1.3	0.5493806329961145
1.31	0.5464465626178101
1.32	0.5435502966478368
1.33	0.5406910670888899
1.34	0.5378681271668126
1.35	0.5350807505910704
1.36	0.5323282308462481
1.37	0.5296098805130519
1.3800000000000001	0.52692503061738
1.3900000000000001	0.524273030006114
1.4000000000000001	0.521653244748342
1.41	0.519065057560812
1.42	0.5163254682859368
1.43	0.5135501654229956
1.44	0.5108089649601146
1.45	0.508101215367226
1.46	0.5054262819426028
1.47	0.5027835462665902
1.48	0.5001724056766435
1.49	0.4975922727627024
1.5	0.49504257488198744
1.51	0.49252275369234283
1.52	0.49003226470330247
1.53	0.48757057684409355
1.54	0.4851371720478326
1.55	0.4827315448512052
1.56	0.480353202008961
1.57	0.4780016621225799
1.58	0.47567645528250563
1.59	0.4733771227233677
1.6	0.4711032164916402
1.61	0.4688542991252175
1.62	0.46662994334440616
1.6300000000000001	0.4642565560767365
1.6400000000000001	0.4618646345015816
1.6500000000000001	0.45949946510468953
1.6600000000000001	0.45716058924899716
1.67	0.4548475588607896
1.68	0.45255993612494666
1.69	0.4502972931907349
1.7	0.44805921188771763
1.71	0.4458452834513798
1.72	0.44365510825808074
1.73	0.441488295568964
1.74	0.4393444632824746
1.75	0.4372232376951441
1.76	0.43512425327032306
1.77	0.4330471524145536
1.78	0.4309915852612886
1.79	0.42895720946167426
1.8	0.4269436899821303
1.81	0.42495069890846765
1.82	0.4229779152563013
1.83	0.42102502478751874
1.84	0.4190917198325813
1.85	0.41717769911844205
1.86	0.4152826676018728
1.87	0.4132714569880818
1.8800000000000001	0.4112385254583858
1.8900000000000001	0.409226299643746
1.9000000000000001	0.4072344607643119
1.9100000000000001	0.40526269659172026
1.92	0.4033107012810239
1.93	0.401378175207779
1.94	0.39946482481011025
1.95	0.3975703624355735
1.96	0.3956945061926502
1.97	0.3938369798067075
1.98	0.39199751248027026
1.99	0.39017583875745193
2.	0.3883716983924054
2.0100000000000002	0.3865848362216483
2.02	0.38481500204013697
2.0300000000000002	0.38306195048095515
2.04	0.38132544089849996
2.05	0.37960523725504247
2.06	0.3779011080105526
2.07	0.37621282601567735
2.08	0.3745401684077682
2.09	0.3728829165098569
2.1	0.37124085573248045
2.11	0.36961377547826496
2.12	0.36800146904917536
2.13	0.3664037335563456
2.14	0.3647939345393309
2.15	0.36306924774433397
2.16	0.36136066159588787
2.17	0.3596679522869042
2.18	0.35799090013365414
2.19	0.35632928948132087
2.2	0.3546829086121336
2.21	0.35305154965600327
2.22	0.35143500850358
2.23	0.3498330847216564
2.24	0.3482455814708417
2.25	0.3466723054254393
2.2600000000000002	0.3451130666954555
2.27	0.34356767875067595
2.2800000000000002	0.34203595834674533
2.29	0.34051772545319003
2.3000000000000003	0.3390128031833215
2.31	0.3375210177259679
2.32	0.3360421982789731
2.33	0.33457617698441616
2.34	0.3331227888654936
2.35	0.3316818717650187
2.36	0.33025326628548896
2.37	0.32883681573067397
2.38	0.3274323660486812
2.39	0.32603976577645316
2.4	0.324658865985658
2.41	0.32328952022992935
2.42	0.3219315844934185
2.43	0.3205849171406197
2.44	0.31924937886743404
2.45	0.31792483265343285
2.46	0.316542512135464
2.47	0.3151004551617964
2.48	0.3136707544824747
2.49	0.31225325503632073
2.5	0.31084780432035175
2.5100000000000002	0.30945425233755314
2.52	0.3080724515459217
2.5300000000000002	0.3067022568087421
2.54	0.3053435253460614
2.5500000000000003	0.3039961166873299
2.56	0.30265989262517495
2.57	0.3013347171702747
2.58	0.3000204565073056
2.59	0.2987169789519292
2.6	0.297424154908793
2.61	0.2961418568305171
2.62	0.29486995917763886
2.63	0.2936083383794909
2.64	0.29235687279598566
2.65	0.29111544268028433
2.66	0.2898839301423243
2.67	0.28866221911318357
2.68	0.2874501953102595
2.69	0.2862477462032401
2.7	0.28505476098084714
2.71	0.28387113051833135
2.72	0.2826967473456986
2.73	0.2815315056166496
2.74	0.2803753010782134
2.75	0.2792280310410572
2.7600000000000002	0.27808959435045505
2.77	0.2769598913578987
2.7800000000000002	0.275838823893333
2.79	0.27472629523800135
2.8000000000000003	0.2736222100978853
2.81	0.27252647457772244
2.82	0.27142487542713195
2.83	0.27022398732326475
2.84	0.2690326203045893
2.85	0.2678506657567093
2.86	0.2666780166795487
2.87	0.26551456765781956
2.88	0.2643602148321308
2.89	0.2632148558707215
2.9	0.26207838994180405
2.91	0.26095071768650024
2.92	0.2598317411923578
2.93	0.25872136396743095
2.94	0.2576194909149126
2.95	0.2565260283083032
2.96	0.2554408837671049
2.97	0.2543639662330264
2.98	0.2532951859466874
2.99	0.2522344544248093
3.	0.2511816844378821
3.0100000000000002	0.25013678998829414
3.02	0.24909968628891457
3.0300000000000002	0.24807028974211853
3.04	0.2470485179192421
3.0500000000000003	0.2460342895404593
3.06	0.24502752445507017
3.0700000000000003	0.2440281436221891
3.08	0.24303606909182623
3.09	0.242051223986351
3.1	0.24107353248232916
3.11	0.2401029197927254
3.12	0.23913931214946202
3.13	0.23818263678632612
3.14	0.23723282192221692
3.15	0.23628979674472547
3.16	0.2353534913940392
3.17	0.23442383694716404
3.18	0.23350076540245596
3.19	0.2325842096644562
3.2	0.23167410352902273
3.21	0.23077038166875083
3.22	0.2298729796186768
3.23	0.22898183376225859
3.24	0.22806176112821108
3.25	0.22708424510143949
3.2600000000000002	0.2261139027503401
3.27	0.22515065966591605
3.2800000000000002	0.22419444243534628
3.29	0.2232451786256636
3.3000000000000003	0.22230279676774872
3.31	0.22136722634063313
3.3200000000000003	0.22043839775610352
3.33	0.21951624234360273
3.34	0.218600692335419
3.35	0.21769168085215745
3.36	0.21678914188848852
3.37	0.21589301029916594
3.38	0.21500322178530992
3.39	0.21411971288094772
3.4	0.21324242093980852
3.41	0.21237128412236453
3.42	0.21150624138311527
3.43	0.21064723245810774
3.44	0.2097941978526893
3.45	0.208947078829487
3.46	0.20810581739660872
3.47	0.20727035629606205
3.48	0.20644063899238543
3.49	0.20561660966148798
3.5	0.20479821317969207
3.5100000000000002	0.20398539511297678
3.52	0.2031781017064153
3.5300000000000002	0.20237627987380458
3.54	0.20157987718748144
3.5500000000000003	0.2007888418683226
3.56	0.2000031227759237
3.5700000000000003	0.19922266939895408
3.58	0.19844743184568478
3.59	0.1976773608346835
3.6	0.1969124076856761
3.61	0.1961525243105691
3.62	0.19539766320463098
3.63	0.1946477774378287
3.64	0.19390282064631612
3.65	0.19316274702407202
3.66	0.1924275113146829
3.67	0.19169706880327053
3.68	0.19097137530855815
3.69	0.19025038717507517
3.7	0.1895340612654956
3.71	0.18882235495310948
3.72	0.18808158913457118
3.73	0.1872962921148634
3.74	0.1865163633395244
3.75	0.18574175190470507
3.7600000000000002	0.18497240752324579
3.77	0.18420828051559068
3.7800000000000002	0.18344932180085946
3.79	0.18269548288807344
3.8000000000000003	0.18194671586753286
3.81	0.18120297340234282
3.8200000000000003	0.1804642087200842
3.83	0.1797303756046272
3.84	0.17900142838808522
3.85	0.17827732194290438
3.86	0.177558011674089
3.87	0.17684345351155728
3.88	0.17613360390262706
3.89	0.17542841980462753
3.9	0.17472785867763585
3.91	0.17403187847733453
3.92	0.17334043764798934
3.93	0.17265349511554323
3.94	0.1719710102808261
3.95	0.17129294301287643
3.96	0.17061925364237407
3.97	0.16994990295518086
3.98	0.16928485218598838
3.99	0.1686240630120692
4.	0.167967497547131
4.01	0.16731511833527118
4.0200000000000005	0.16666688834502968
4.03	0.16602277096353912
4.04	0.1653827299907689
4.05	0.16474672963386344
4.0600000000000005	0.16411473450157116
4.07	0.16348670959876369
4.08	0.16286262032104232
4.09	0.1622424324494319
4.1	0.1616261121451587
4.11	0.161013625944512
4.12	0.1604049407537874
4.13	0.15980002384431014
4.14	0.15919884284753752
4.15	0.15860136575023828
4.16	0.15800756088974846
4.17	0.15741739694930124
4.18	0.1568308429534304
4.19	0.15624786826344547
4.2	0.15566844257297804
4.21	0.15509253590359623
4.22	0.15452011860048845
4.23	0.15395116132821363
4.24	0.1533856350665169
4.25	0.15282351110621012
4.26	0.15226476104511547
4.2700000000000005	0.15168668373650243
4.28	0.15107032143119078
4.29	0.15045789331410284
4.3	0.1498493651906186
4.3100000000000005	0.14924470324190664
4.32	0.14864387401993484
4.33	0.14804684444255803
4.34	0.14745358178868304
4.3500000000000005	0.14686405369350763
4.36	0.14627822814383365
4.37	0.1456960734734518
4.38	0.14511755835859794
4.39	0.14454265181347858
4.4	0.1439713231858655
4.41	0.14340354215275689
4.42	0.14283927871610533
4.43	0.14227850319861013
4.44	0.1417211862395737
4.45	0.141167298790821
4.46	0.14061681211268007
4.47	0.1400696977700232
4.48	0.13952592762836802
4.49	0.13898547385003682
4.5	0.13844830889037305
4.51	0.13791440549401482
4.5200000000000005	0.13738373669122375
4.53	0.13685627579426826
4.54	0.1363319963938608
4.55	0.1358108723556473
4.5600000000000005	0.13529287781674926
4.57	0.134777987182356
4.58	0.13426617512236763
4.59	0.13375741656808682
4.6000000000000005	0.13325168670895932
4.61	0.13274896098936217
4.62	0.13224921510543816
4.63	0.13175242500197715
4.64	0.13125856686934192
4.65	0.1307676171404392
4.66	0.13027955248773393
4.67	0.1297943498203068
4.68	0.12931198628095433
4.69	0.12883243924333013
4.7	0.12835568630912786
4.71	0.12788170530530343
4.72	0.127410474281338
4.73	0.1269419715065389
4.74	0.1264761754673798
4.75	0.12601306486487795
4.76	0.12555261861200873
4.7700000000000005	0.12509481583115686
4.78	0.12463963585160354
4.79	0.12418705820704835
4.8	0.12373706263316685
4.8100000000000005	0.12328962906520156
4.82	0.12284473763558719
4.83	0.12240236867160857
4.84	0.12196250269309131
4.8500000000000005	0.1215251204101247
4.86	0.1210902027208159
4.87	0.12065773070907553
4.88	0.12022768564243327
4.89	0.11980004896988419
4.9	0.11936719281682977
4.91	0.11889051677218784
4.92	0.1184167083058164
4.93	0.11794574439105197
4.94	0.11747760223232864
4.95	0.11701225926239678
4.96	0.11654969313958116
4.97	0.11608988174507699
4.98	0.11563280318028463
4.99	0.11517843576418015
5.	0.11472675803072366
5.01	0.1142777487263028
5.0200000000000005	0.11383138680721247
5.03	0.11338765143716831
5.04	0.1129465219848555
5.05	0.112507978021511
5.0600000000000005	0.11207199931853867
5.07	0.11163856584515766
5.08	0.11120765776608264
5.09	0.11077925543923595
5.1000000000000005	0.1103533394134906
5.11	0.10992989042644455
5.12	0.10950888940222477
5.13	0.10909031744932117
5.14	0.10867415585845001
5.15	0.108260386100446
5.16	0.10784898982418295
5.17	0.10743994885452222
5.18	0.10703324519028884
5.19	0.10662886100227482
5.2	0.10622677863126902
5.21	0.10582698058611349
5.22	0.10542944954178542
5.23	0.10503416833750506
5.24	0.10464111997486819
5.25	0.10425028761600408
5.26	0.10386165458175678
5.2700000000000005	0.10347520434989149
5.28	0.10309092055332399
5.29	0.10270878697837323
5.3	0.10232878756303729
5.3100000000000005	0.10195090639529154
5.32	0.10157512771140943
5.33	0.10120143589430472
5.34	0.10082981547189578
5.3500000000000005	0.1004602511154907
5.36	0.10009272763819399
5.37	0.09972722999333315
5.38	0.09936374327290622
5.39	0.09900225270604886
5.4	0.09864274365752176
5.41	0.09828520162621697
5.42	0.09792961224368357
5.43	0.09757596127267239
5.44	0.0972242346056991
5.45	0.09687441826362583
5.46	0.0965264983942608
5.47	0.09618046127097557
5.48	0.09583629329134027
5.49	0.09549398097577566
5.5	0.09515351096622258
5.51	0.094814870024828
5.5200000000000005	0.09447804503264763
5.53	0.09414302298836512
5.54	0.09380979100702701
5.55	0.09347833631879358
5.5600000000000005	0.09314864626770553
5.57	0.09282070831046603
5.58	0.0924945100152377
5.59	0.09217003906045476
5.6000000000000005	0.09184728323365003
5.61	0.09152623043029631
5.62	0.09120686865266206
5.63	0.09086426577079167
5.64	0.09050455697079238
5.65	0.09014690560623136
5.66	0.08979129629883933
5.67	0.0894377138121817
5.68	0.08908614305010328
5.69	0.0887365690551928
5.7	0.08838897700726682
5.71	0.08804335222187282
5.72	0.08769968014881128
5.73	0.0873579463706763
5.74	0.08701813660141482
5.75	0.08668023668490357
5.76	0.08634423259354426
5.7700000000000005	0.08601011042687617
5.78	0.08567785641020602
5.79	0.08534745689325515
5.8	0.08501889834882345
5.8100000000000005	0.0846921673714698
5.82	0.08436725067620915
5.83	0.08404413509722546
5.84	0.08372280758660094
5.8500000000000005	0.08340325521306038
5.86	0.08308546516073188
5.87	0.08276942472792183
5.88	0.0824551213259057
5.89	0.0821425424777334
5.9	0.08183167581704902
5.91	0.0815225090869257
5.92	0.08121503013871374
5.93	0.0809092269309039
5.94	0.08060508752800324
5.95	0.08030260009942601
5.96	0.08000175291839667
5.97	0.07970253436086719
5.98	0.07940493290444679
5.99	0.07910893712734521
6.	0.07881453570732784
6.01	0.0785217174206844
6.0200000000000005	0.07823047114120914
6.03	0.07794078583919405
6.04	0.07765265058043334
6.05	0.07736605452524042
6.0600000000000005	0.07708098692747627
6.07	0.07679743713358962
6.08	0.07651539458166824
6.09	0.07623484880050171
6.1000000000000005	0.07595578940865536
6.11	0.07567820611355486
6.12	0.07540208871058192
6.13	0.07512742708218054
6.140000000000001	0.0748542111969737
6.15	0.0745824311088907
6.16	0.07431207695630423
6.17	0.07404313896117821
6.18	0.07377560742822505
6.19	0.07350947274407299
6.2	0.0732447253764432
6.21	0.07298135587333632
6.22	0.07271935486222843
6.23	0.07245871304927652
6.24	0.07219942121853308
6.25	0.0719414702311697
6.26	0.07168485102470966
6.2700000000000005	0.07142955461226956
6.28	0.07117557208180932
6.29	0.07092289459539122
6.3	0.07067151338844689
6.3100000000000005	0.07042141976905347
6.32	0.07017260511721718
6.33	0.06992506088416588
6.34	0.06967877859164885
6.3500000000000005	0.06943374983124556
6.36	0.0691899662636812
6.37	0.0689474196181509
6.38	0.06870610169165103
6.390000000000001	0.06846600434831832
6.4	0.06822711951877639
6.41	0.06798943919948952
6.42	0.06775295545212398
6.43	0.06751766040291635
6.44	0.06728354624204874
6.45	0.06705060522303151
6.46	0.06681067349365277
6.47	0.06654620831154938
6.48	0.0662831960143997
6.49	0.06602162639686314
6.5	0.06576148934085481
6.51	0.06550277481466676
6.5200000000000005	0.06524547287209945
6.53	0.06498957365160304
6.54	0.0647350673754291
6.55	0.06448194434879143
6.5600000000000005	0.0642301949590371
6.57	0.0639798096748268
6.58	0.06373077904532459
6.59	0.06348309369939696
6.6000000000000005	0.0632367443448211
6.61	0.06299172176750213
6.62	0.06274801683069947
6.63	0.06250562047426166
6.640000000000001	0.06226452371387026
6.65	0.06202471764029218
6.66	0.06178619341864042
6.67	0.06154894228764329
6.68	0.06131295555892191
6.69	0.06107822461627575
6.7	0.06084474091497643
6.71	0.06061249598106914
6.72	0.06038148141068231
6.73	0.060151688869344744
6.74	0.05992311009131053
6.75	0.05969573687889145
6.76	0.05946956110179694
6.7700000000000005	0.05924457469648126
6.78	0.05902076966549818
6.79	0.0587981380768625
6.8	0.05857667206341911
6.8100000000000005	0.058356363822218586
6.82	0.05813720561390007
6.83	0.05791918976208077
6.84	0.05770230865275226
6.8500000000000005	0.05748655473368345
6.86	0.057271920513830184
6.87	0.057058398562751154
6.88	0.05684598151003047
6.890000000000001	0.0566346620447063
6.9	0.056424432914706155
6.91	0.0562152869262877
6.92	0.05600721694348654
6.93	0.0558002158875691
6.94	0.05559427673649232
6.95	0.055389392524368496
6.96	0.0551855563409365
6.97	0.0549827613310383
6.98	0.05478100069410152
6.99	0.05458026768362721
7.	0.054380555606683534
7.01	0.05418185782340454
7.0200000000000005	0.05398416774649468
7.03	0.05378747884073838
7.04	0.05359178462251503
7.05	0.05339707865931903
7.0600000000000005	0.05320335456928522
7.07	0.053010606020719046
7.08	0.05281882673163209
7.09	0.05262801046928226
7.1000000000000005	0.05243815104971899
7.11	0.052249242337333406
7.12	0.05206127824441297
7.13	0.051874252730701086
7.140000000000001	0.05168815980296134
7.15	0.05150299351454618
7.16	0.05131874796497035
7.17	0.051135417299488714
7.18	0.050952995708678527
7.19	0.05077147742802604
7.2	0.050590856737517724
7.21	0.05041112796123528
7.22	0.05023228546695544
7.23	0.050054323665753436
7.24	0.049877237011611134
7.25	0.049701020001028676
7.26	0.04952566717264073
7.2700000000000005	0.04935117310683621
7.28	0.049177532425382475
7.29	0.04900473979105285
7.3	0.04883278990725848
7.3100000000000005	0.04866167751768376
7.32	0.048491397405925576
7.33	0.04832194439513623
7.34	0.048153313347670076
7.3500000000000005	0.04798549916473378
7.36	0.0478184967860403
7.37	0.04765230118946603
7.38	0.04748690739071198
7.390000000000001	0.047322310442967946
7.4	0.047158505436580456
7.41	0.04699548749872393
7.42	0.046818122002628935
7.43	0.04663020567751582
7.44	0.046443294827894145
7.45	0.04625738273319208
7.46	0.046072462726694526
7.47	0.045888528195040225
7.48	0.04570557257772394
7.49	0.04552358936660432
7.5	0.045342572105416555
7.51	0.04516251438929063
7.5200000000000005	0.04498340986427428
7.53	0.04480525222686144
7.54	0.04462803522352526
7.55	0.04445175265025633
7.5600000000000005	0.044276398352105666
7.57	0.044101966222732596
7.58	0.04392845020395721
7.59	0.043755844285317806
7.6000000000000005	0.043584142503632656
7.61	0.04341333894256669
7.62	0.043243427732202425
7.63	0.04307440304861558
7.640000000000001	0.04290625911345503
7.65	0.04273899019352715
7.66	0.04257259060038447
7.67	0.04240705468991875
7.68	0.04224237686195801
7.69	0.042078551559867984
7.7	0.04191557327015758
7.71	0.04175343652208853
7.72	0.04159213588728883
7.73	0.04143166597937052
7.74	0.04127202145355108
7.75	0.041113197006278995
7.76	0.04095518737486288
7.7700000000000005	0.04079798733710466
7.78	0.04064159171093637
7.79	0.040485995354060854
7.8	0.040331193163595784
7.8100000000000005	0.0401771800757217
7.82	0.040023951065333394
7.83	0.03987150114569501
7.84	0.039719825368098434
7.8500000000000005	0.03956891882152547
7.86	0.03941877663231305
7.87	0.039269393963822286
7.88	0.03912076601611039
7.890000000000001	0.0389728880256064
7.9	0.038825755264789735
7.91	0.038679363041872326
7.92	0.03853370670048374
7.930000000000001	0.038388781619359616
7.94	0.03824458321203306
7.95	0.03810110692652935
7.96	0.037958348245063514
7.97	0.037816302683741074
7.98	0.03767496579226162
7.99	0.037534333153625525
8.	0.037394400383843465
8.01	0.03725516313164886
8.02	0.037116617078213204
8.03	0.03697875793686415
8.040000000000001	0.03684158145280651
8.05	0.03670508340284589
8.06	0.036569259595115165
8.07	0.036434105868803565
8.08	0.036299618093888514
8.09	0.036165792170870084
8.1	0.03603262403050806
8.11	0.03590010963356155
8.120000000000001	0.03576824497053127
8.13	0.03563702606140421
8.14	0.035506448955400984
8.15	0.03537650973072536
8.16	0.0352472044943166
8.17	0.03511852938160398
8.18	0.03499048055626371
8.19	0.034863054209978366
8.2	0.03473624656219848
8.21	0.03461005385990661
8.22	0.034484472377383626
8.23	0.03435949841597718
8.24	0.03423512830387261
8.25	0.03411135839586586
8.26	0.03398818507313873
8.27	0.03386560474303625
8.28	0.033743613838846116
8.290000000000001	0.03362220881958046
8.3	0.033501386169759464
8.31	0.03338114239919724
8.32	0.03326147404278965
8.33	0.033142377660304256
8.34	0.03302384983617213
8.35	0.03290588717928184
8.36	0.03278848632277531
8.370000000000001	0.0326716439238455
8.38	0.03255535666353635
8.39	0.03243962124654415
8.4	0.0323244344010213
8.41	0.03220979287838152
8.42	0.032095693453107206
8.43	0.03198213292255832
8.44	0.03186910810678344
8.45	0.031756615848332205
8.46	0.031644653012069854
8.47	0.031533216484993326
8.48	0.03142230317604919
8.49	0.03131191001595311
8.5	0.031202033957011318
8.51	0.031092671972943388
8.52	0.030970161477298967
8.53	0.030843043533340074
8.540000000000001	0.030716595370245663
8.55	0.030590812680860273
8.56	0.030465691190718402
8.57	0.030341226657758794
8.58	0.03021741487204114
8.59	0.030094251655465976
8.6	0.029971732861497048
8.61	0.029849854374886662
8.620000000000001	0.029728612111403457
8.63	0.02960800201756322
8.64	0.029488020070361946
8.65	0.02936866227701188
8.66	0.029249924674679864
8.67	0.0291318033302285
8.68	0.029014294339959546
8.69	0.028897393829360195
8.700000000000001	0.028781097952851428
8.71	0.028665402893539218
8.72	0.02855030486296775
8.73	0.02843580010087542
8.74	0.028321884874952987
8.75	0.028208555480604053
8.76	0.028095808240708075
8.77	0.027983639505385356
8.78	0.02787204565176468
8.790000000000001	0.02776102308375284
8.8	0.02765056823180663
8.81	0.027540677552706946
8.82	0.027431347529335074
8.83	0.027322574670451072
8.84	0.027214355510474412
8.85	0.02710668660926662
8.86	0.02699956455191605
8.870000000000001	0.02689298594852464
8.88	0.026786947433996865
8.89	0.026681445667830542
8.9	0.026576477333909724
8.91	0.02647203914029951
8.92	0.0263681278190429
8.93	0.02626474012595954
8.94	0.026161872840446247
8.950000000000001	0.026059522765279692
8.96	0.025957686726420674
8.97	0.025856361572820535
8.98	0.025755544176229085
8.99	0.025655231431004625
9.	0.025555420253925598
9.01	0.025456107584004097
9.02	0.025357290382301025
9.03	0.025258965631743194
9.040000000000001	0.02516113033694185
9.05	0.02506378152401326
9.06	0.024966916240400552
9.07	0.024870531554697713
9.08	0.024774624556474736
9.09	0.024679192356104863
9.1	0.024584232084593018
9.11	0.02448974089340625
9.120000000000001	0.024395715954305383
9.13	0.024302154459178427
9.14	0.024209053619875638
9.15	0.02411641066804576
9.16	0.024024222854974235
9.17	0.02393248745142248
9.18	0.02384120174746904
9.19	0.02375036305235182
9.200000000000001	0.023659968694312198
9.21	0.023570016020440145
9.22	0.023480502396521167
9.23	0.02339142520688427
9.24	0.023302781854251733
9.25	0.023214569759589885
9.26	0.023126786361961516
9.27	0.023039429118379473
9.28	0.022952495503661744
9.290000000000001	0.022865983010287656
9.3	0.02277988914825568
9.31	0.022694211444942252
9.32	0.022608947444962033
9.33	0.02252409471002942
9.34	0.022439650818821287
9.35	0.022355613366841026
9.36	0.02227197996628371
9.370000000000001	0.02218874824590264
9.38	0.02210591585087699
9.39	0.02202348044268063
9.4	0.021941439698952223
9.41	0.021859791313366468
9.42	0.021778532995506417
9.43	0.021697662470737088
9.44	0.021617177480080105
9.450000000000001	0.02153707578008949
9.46	0.021457355142728594
9.47	0.02137801335524812
9.48	0.021299048220065227
9.49	0.021220457554643753
9.5	0.021142239191375426
9.51	0.021064390977462256
9.52	0.020986910774799885
9.53	0.020909796459861987
9.540000000000001	0.020833045923585734
9.55	0.02075665707125828
9.56	0.020680627822404204
9.57	0.020604956110673988
9.58	0.020529639883733502
9.59	0.020454677103154427
9.6	0.02038006574430566
9.61	0.020305803796245716
9.620000000000001	0.020231889261616006
9.63	0.020158320156535146
9.64	0.02008509451049411
9.65	0.0200122103662524
9.66	0.019939665779734998
9.67	0.019867458819930364
9.68	0.019795587568789266
9.69	0.019724050121124482
9.700000000000001	0.019652844584511334
9.71	0.019581969079189337
9.72	0.01951142173796427
9.73	0.01944120070611162
9.74	0.019371304141280347
9.75	0.019301730213398004
9.76	0.019232477104576193
9.77	0.019163543009017264
9.78	0.019089157970244814
9.790000000000001	0.019011343487108832
9.8	0.01893392516257319
9.81	0.018856900578607234
9.82	0.01878026733438274
9.83	0.018704023046134367
9.84	0.018628165347020956
9.85	0.018552691886988586
9.86	0.01847760033263443
9.870000000000001	0.018402888367072205
9.88	0.018328553689798546
9.89	0.018254594016560884
9.9	0.018181007079226222
9.91	0.018107790625651394
9.92	0.018034942419554275
9.93	0.01796246024038626
9.94	0.017890341883205912
9.950000000000001	0.017818585158553644
9.96	0.017747187892327668
9.97	0.017676147925660975
9.98	0.017605463114799425
9.99	0.017535131330980974
10.	0.017465150460315947
10.01	0.017395518403668424
10.02	0.017326233076538654
10.03	0.017257292408946523
10.040000000000001	0.0171886943453161
10.05	0.01712043684436118
10.06	0.017052517878971878
10.07	0.0169849354361022
10.08	0.016917687516658605
10.09	0.01685077213538968
10.1	0.016784187320776606
10.11	0.01671793111492475
10.120000000000001	0.016652001573456136
10.13	0.016586396765402956
10.14	0.016521114773101895
10.15	0.01645615369208951
10.16	0.016391511630998442
10.17	0.016327186711454666
10.18	0.016263177067975507
10.19	0.01619948084786864
10.200000000000001	0.016136096211131965
10.21	0.016073021330354337
10.22	0.016010254390617255
10.23	0.015947793589397245
10.24	0.015885637136469292
10.25	0.015823783253810987
10.26	0.015762230175507576
10.27	0.01570097614765778
10.28	0.015640019428280562
10.290000000000001	0.015579358287222492
10.3	0.01551899100606622
10.31	0.01545891587803938
10.32	0.015399131207924714
10.33	0.015339635311970502
10.34	0.015280426517802252
10.35	0.015221503164334719
10.36	0.015162863601685051
10.370000000000001	0.015104506191086397
10.38	0.015046429304802524
10.39	0.01498863132604288
10.4	0.01493111064887872
10.41	0.014873865678159638
10.42	0.014816894829431075
10.43	0.014760196528852354
10.44	0.01470376921311558
10.450000000000001	0.014647611329365047
10.46	0.01459172133511754
10.47	0.014536097698183164
10.48	0.01447695589089108
10.49	0.014416491868428909
10.5	0.014356337629944363
10.51	0.014296491295508246
10.52	0.014236950998373046
10.53	0.014177714884868091
10.540000000000001	0.014118781114295643
10.55	0.014060147858827924
10.56	0.014001813303405043
10.57	0.013943775645633824
10.58	0.013886033095687549
10.59	0.013828583876206588
10.6	0.013771426222199878
10.61	0.013714558380947294
10.620000000000001	0.013657978611902905
10.63	0.013601685186599047
10.64	0.01354567638855122
10.65	0.01348995051316391
10.66	0.013434505867637144
10.67	0.013379340770873929
10.68	0.01332445355338845
10.69	0.013269842557215136
10.700000000000001	0.013215506135818473
10.71	0.01316144265400363
10.72	0.013107650487827843
10.73	0.01305412802451262
10.74	0.013000873662356638
10.75	0.012947885810649491
10.76	0.012895162889586122
10.77	0.012842703330181986
10.78	0.01279050557418905
10.790000000000001	0.012738568074012394
10.8	0.012686889292627648
10.81	0.012635467703499064
10.82	0.012584301790498329
10.83	0.012533390047824118
10.84	0.012482730979922243
10.85	0.012432323101406626
10.86	0.012382164936980815
10.870000000000001	0.012332255021360308
10.88	0.012282591899195403
10.89	0.012233174124994903
10.9	0.012184000263050245
10.91	0.012135068887360512
10.92	0.012086378581557861
10.93	0.01203792793883385
10.94	0.011989715561866076
10.950000000000001	0.011941740062745844
10.96	0.011894000062905993
10.97	0.011846494193049764
10.98	0.011799221093079964
10.99	0.011752179412028935
11.	0.01170536780798898
11.01	0.011658784948043522
11.02	0.011612429508198682
11.03	0.011566300173315561
11.040000000000001	0.011520395637043095
11.05	0.011474714601751408
11.06	0.011429255778465775
11.07	0.011384017886801144
11.08	0.011338999654897217
11.09	0.011294199819354034
11.1	0.011249617125168173
11.11	0.011205250325669434
11.120000000000001	0.01116109818245807
11.13	0.011117159465342554
11.14	0.011073432952277872
11.15	0.011029917429304327
11.16	0.010986611690486849
11.17	0.01094351453785484
11.18	0.010900624781342476
11.19	0.01085794123872959
11.200000000000001	0.010815462735582954
11.21	0.010773188105198134
11.22	0.010731116188541763
11.23	0.01068562396769874
11.24	0.01063944738677254
11.25	0.010593511150397215
11.26	0.01054781379562881
11.27	0.010502353869716038
11.28	0.010457129930020381
11.290000000000001	0.010412140543936767
11.3	0.010367384288815012
11.31	0.010322859751881887
11.32	0.010278565530163932
11.33	0.01023450023041089
11.34	0.010190662469019812
11.35	0.01014705087195984
11.36	0.010103664074697639
11.370000000000001	0.010060500722123446
11.38	0.0100175594684778
11.39	0.009974838977278858
11.4	0.009932337921250436
11.41	0.009890054982250486
11.42	0.009847988851200425
11.43	0.009806138228014863
11.44	0.009764501821532105
11.450000000000001	0.009723078349445094
11.46	0.009681866538233106
11.47	0.00964086512309385
11.48	0.009600072847876388
11.49	0.00955948846501435
11.5	0.009519110735459989
11.51	0.00947893842861856
11.52	0.009438970322283514
11.53	0.009399205202571951
11.540000000000001	0.009359641863860934
11.55	0.009320279108724053
11.56	0.009281115747868801
11.57	0.009242150600074226
11.58	0.009203382492129349
11.59	0.009164810258771923
11.6	0.009126432742627807
11.61	0.009088248794150834
11.620000000000001	0.009050257271563191
11.63	0.00901245704079627
11.64	0.008974846975432093
11.65	0.008937425956645158
11.66	0.008900192873144806
11.67	0.00886314662111809
11.68	0.0088262861041731
11.69	0.008789610233282747
11.700000000000001	0.008753117926729132
11.71	0.008716808110048211
11.72	0.008680679715975052
11.73	0.008644731684389515
11.74	0.008608962962262379
11.75	0.008573372503601934
11.76	0.008537959269401003
11.77	0.008502722227584449
11.78	0.00846766035295703
11.790000000000001	0.008432772627151811
11.8	0.008398058038578909
11.81	0.008363515582374739
11.82	0.008329144260351588
11.83	0.00829494308094772
11.84	0.008260911059177808
11.85	0.008227047216583858
11.86	0.008193350581186429
11.870000000000001	0.008159820187436377
11.88	0.008126455076166925
11.89	0.008093254294546175
11.9	0.008060216896029933
11.91	0.008027341940315043
11.92	0.007994628493293009
11.93	0.007962075627004062
11.94	0.007929682419591537
11.950000000000001	0.007897447955256692
11.96	0.007865371324213902
11.97	0.007833451622646152
11.98	0.007801687952660941
11.99	0.0077700794222465685
12.	0.00773862514522877
12.01	0.007707324241227649
12.02	0.007676175835615027
12.030000000000001	0.007643450270771569
12.040000000000001	0.007609413469136858
12.05	0.007575556305208203
12.06	0.0075418776830042025
12.07	0.007508376514130983
12.08	0.007475051717723423
12.09	0.00744190222038688
12.1	0.007408926956139444
12.11	0.007376124866354702
12.120000000000001	0.007343494899704952
12.13	0.007311036012104916
12.14	0.007278747166655914
12.15	0.0072466273335905895
12.16	0.0072146754902179915
12.17	0.007182890620869217
12.18	0.007151271716843451
12.19	0.007119817776354539
12.200000000000001	0.007088527804477934
12.21	0.007057400813098123
12.22	0.007026435820856517
12.23	0.006995631853099791
12.24	0.006964987941828596
12.25	0.006934503125646765
12.26	0.0069041764497109305
12.27	0.006874006965680587
12.280000000000001	0.006843993731668505
12.290000000000001	0.006814135812191672
12.3	0.006784432278122518
12.31	0.00675488220664069
12.32	0.006725484681185107
12.33	0.006696238791406496
12.34	0.006667143633120316
12.35	0.006638198308260013
12.36	0.006609401924830765
12.370000000000001	0.00658075359686354
12.38	0.006552252444369592
12.39	0.006523897593295258
12.4	0.006495688175477227
12.41	0.0064676233285981205
12.42	0.006439702196142471
12.43	0.006411923927353039
12.44	0.006384287677187527
12.450000000000001	0.00635679260627563
12.46	0.006329437880876472
12.47	0.0063022226728363315
12.48	0.006275146159546801
12.49	0.006248207523903235
12.5	0.006221405954263581
12.51	0.0061947406444074855
12.52	0.006168210793495825
12.530000000000001	0.0061418156060305314
12.540000000000001	0.006115554291814719
12.55	0.006089426065913175
12.56	0.006063430148613187
12.57	0.006037565765385677
12.58	0.0060118321468466225
12.59	0.00598622852871886
12.6	0.005960754151794145
12.61	0.0059354082618955735
12.620000000000001	0.005910190109840262
12.63	0.005885098951402349
12.64	0.00586013404727634
12.65	0.00583529466304071
12.66	0.005810580069121788
12.67	0.005785989540757986
12.68	0.00576152235796429
12.69	0.00573717780549706
12.700000000000001	0.005712955172819079
12.71	0.00568885375406492
12.72	0.005664872848006605
12.73	0.005641011758019501
12.74	0.00561726979204854
12.75	0.005593646262574645
12.76	0.005570140486581545
12.77	0.0055467517855227275
12.780000000000001	0.005523479485288743
12.790000000000001	0.005500322916174735
12.8	0.005477281412848293
12.81	0.005454354314317452
12.82	0.005431540963899075
12.83	0.005408840709187395
12.84	0.005386252902022887
12.85	0.0053637768984613286
12.86	0.005341412058743135
12.870000000000001	0.005319157747262937
12.88	0.0052970133325394445
12.89	0.005273754381979198
12.9	0.0052495726204954355
12.91	0.005225520349287775
12.92	0.005201596775454243
12.93	0.005177801111556326
12.94	0.005154132575577136
12.950000000000001	0.005130590390879933
12.96	0.005107173786166968
12.97	0.005083881995438735
12.98	0.005060714257953512
12.99	0.0050376698181872764
13.	0.005014747925793907
13.01	0.004991947835565781
13.02	0.004969268807394662
13.030000000000001	0.0049467101062329495
13.040000000000001	0.004924271002055166
13.05	0.004901950769819904
13.06	0.00487974868943197
13.07	0.004857664045704907
13.08	0.004835696128323798
13.09	0.0048138442318084035
13.1	0.0047921076554766125
13.11	0.004770485703408154
13.120000000000001	0.004748977684408639
13.13	0.004727582911973917
13.14	0.004706300704254713
13.15	0.004685130384021531
13.16	0.004664071278629888
13.17	0.004643122719985826
13.18	0.0046222840445117
13.19	0.004601554593112253
13.200000000000001	0.004580933711140957
13.21	0.004560420748366674
13.22	0.0045400150589405466
13.23	0.004519716001363189
13.24	0.004499522938452115
13.25	0.0044794352373094875
13.26	0.004459452269290094
13.27	0.004439573409969594
13.280000000000001	0.004419798039113004
13.290000000000001	0.004400125540643517
13.3	0.004380555302611477
13.31	0.00436108671716368
13.32	0.004341719180512895
13.33	0.00432245209290765
13.34	0.004303284858602248
13.35	0.004284216885827052
13.36	0.0042652475867589685
13.370000000000001	0.004246376377492232
13.38	0.004227602678009385
13.39	0.004208925912152503
13.4	0.004190345507594651
13.41	0.004171860895811597
13.42	0.0041534715120537195
13.43	0.004135176795318175
13.44	0.004116976188321239
13.450000000000001	0.004098869137470974
13.46	0.004080855092839988
13.47	0.0040629335081385125
13.48	0.004045103840687666
13.49	0.004027365551392918
13.5	0.004009718104717788
13.51	0.003992160968657765
13.52	0.003974693614714393
13.530000000000001	0.003957315517869616
13.540000000000001	0.00394002615656032
13.55	0.00392282501265304
13.56	0.003905711571418915
13.57	0.003888685321508832
13.58	0.003871745754928764
13.59	0.0038548923670152983
13.6	0.003838124656411396
13.61	0.0038214421250422855
13.620000000000001	0.003804844278091613
13.63	0.0037883306239777396
13.64	0.003771900674330262
13.65	0.003755553943966676
13.66	0.003739289950869267
13.67	0.003723108216162179
13.68	0.0037070082640886493
13.69	0.0036909896219884187
13.700000000000001	0.0036750518202753567
13.71	0.0036591943924152506
13.72	0.003643416874903738
13.73	0.0036277188072444547
13.74	0.0036120997319273418
13.75	0.0035965591944071397
13.76	0.0035810967430820197
13.77	0.003565711929272398
13.780000000000001	0.003550404307199942
13.790000000000001	0.003535173433966727
13.8	0.003520018869534532
13.81	0.00350438189514899
13.82	0.0034879524408979626
13.83	0.0034716118126129113
13.84	0.003455359466348641
13.85	0.0034391948618804737
13.86	0.003423117462676164
13.870000000000001	0.003407126735868003
13.88	0.003391222152225181
13.89	0.0033754031861263625
13.9	0.003359669315532508
13.91	0.0033440200219598936
13.92	0.0033284547904533788
13.93	0.0033129731095598585
13.94	0.0032975744713019885
13.950000000000001	0.0032822583711520697
13.96	0.0032670243080061877
13.97	0.00325187178415853
13.98	0.00323680030527596
13.99	0.003221809380372753
14.	0.003206898521785563
14.01	0.003192067245148588
14.02	0.003177315069368952
14.030000000000001	0.0031626415166022674
14.040000000000001	0.003148046112228404
14.05	0.003133528384827463
14.06	0.0031190878661559473
14.07	0.0031047240911231083
14.08	0.0030904365977675137
14.09	0.003076224927233775
14.1	0.0030620886237494923
14.11	0.0030480272346023666
14.120000000000001	0.0030340403101175102
14.13	0.0030201274036349337
14.14	0.0030062880714872182
14.15	0.002992521872977373
14.16	0.002978828370356861
14.17	0.0029652071288038128
14.18	0.002951657716401419
14.19	0.0029381797041164895
14.200000000000001	0.0029247726657781747
14.21	0.0029114361780568972
14.22	0.002898169820443406
14.23	0.0028849731752280247
14.24	0.0028718458274800893
14.25	0.0028587873650274837
14.26	0.0028457973784364213
14.27	0.0028328754609913158
14.280000000000001	0.0028200212086748914
14.290000000000001	0.0028072342201483583
14.3	0.0027945140967318392
14.31	0.002781860442384885
14.32	0.0027692728636871944
14.33	0.0027567509698194466
14.34	0.002744294372544324
14.35	0.0027319026861876553
14.36	0.0027195755276197406
14.370000000000001	0.0027073125162367893
14.38	0.002695113273942542
14.39	0.002682977425130009
14.4	0.0026709045966633867
14.41	0.0026588944178600727
14.42	0.0026469465204728704
14.43	0.002635060538672312
14.44	0.002623236109029123
14.450000000000001	0.002611472870496812
14.46	0.0025997704643944373
14.47	0.002588128534389487
14.48	0.0025765467264808727
14.49	0.002565024688982095
14.5	0.002553562072504526
14.51	0.0025421585299408296
14.52	0.0025308137164484993
14.530000000000001	0.0025195272894335294
14.540000000000001	0.00250829890853424
14.55	0.002497128235605199
14.56	0.0024860149347012746
14.57	0.0024749586720618356
14.58	0.002463959116095045
14.59	0.0024530159373623043
14.6	0.002442128808562814
14.61	0.0024312974045182243
14.620000000000001	0.002420521402157464
14.63	0.0024098004805016347
14.64	0.0023991343206490523
14.65	0.002388522605760393
14.66	0.0023779650210439735
14.67	0.0023674612537411214
14.68	0.0023570109931116755
14.69	0.0023466139304195916
14.700000000000001	0.0023362697589186816
14.71	0.0023259781738384252
14.72	0.0023157388723699258
14.73	0.00230555155365196
14.74	0.002295415918757151
14.75	0.0022853316706782215
14.76	0.0022752985143143795
14.77	0.002265316156457794
14.780000000000001	0.002255384305780198
14.790000000000001	0.0022455026728195626
14.8	0.0022352597345304706
14.81	0.0022248485772907458
14.82	0.0022144928904502485
14.83	0.002204192341333279
14.84	0.002193946599481683
14.85	0.0021837553366386244
14.86	0.00217361822673241
14.870000000000001	0.0021635349458605296
14.88	0.002153505172273747
14.89	0.0021435285863603804
14.9	0.0021336048706306486
14.91	0.002123733709701202
14.92	0.0021139147902797194
14.93	0.0021041478011496906
14.94	0.002094432433155245
14.950000000000001	0.002084768379186169
14.96	0.0020751553341630063
14.97	0.0020655929950222896
14.98	0.002056081060701871
14.99	0.002046619232126394
15.	0.002037207212192866
15.01	0.0020278447057563514
15.02	0.002018531419615765
15.030000000000001	0.0020092670624997917
15.040000000000001	0.002000051345052928
15.05	0.0019908839798215942
15.06	0.001981764681240392
15.07	0.0019726931656184636
15.08	0.0019636691511259498
15.09	0.0019546923577805617
15.1	0.0019457625074342472
15.11	0.0019368793237599833
15.120000000000001	0.0019280425322386542
15.13	0.001919251860146031
15.14	0.0019105070365398763
15.15	0.001901807792247113
15.16	0.0018931538598511396
15.17	0.0018845449736792034
15.18	0.001875980869789888
15.19	0.0018674612859607203
15.200000000000001	0.0018589859616758308
15.21	0.0018505546381137467
15.22	0.0018421670581352614
15.23	0.0018338229662714172
15.24	0.001825522108711554
15.25	0.001817264233291476
15.26	0.0018090490894816977
15.27	0.0018008764283757867
15.280000000000001	0.001792746002678796
15.290000000000001	0.0017846575666957852
15.3	0.001776610876320427
15.31	0.0017686056890237145
15.32	0.0017606417638427441
15.33	0.0017527188613695867
15.34	0.001744836743740252
15.35	0.0017369951746237348
15.36	0.0017291939192111449
15.370000000000001	0.001721432744204917
15.38	0.0017137114178081153
15.39	0.0017060297097138103
15.4	0.0016983873910945406
15.41	0.0016907842345918625
15.42	0.0016832200143059729
15.43	0.0016756945057854005
15.44	0.0016682074860168128
15.450000000000001	0.0016607587334148597
15.46	0.0016533480278121257
15.47	0.001645975150449138
15.48	0.001638639883964468
15.49	0.0016313420123848963
15.5	0.001624081321115667
15.51	0.0016168575969307956
15.52	0.0016096706279634747
15.530000000000001	0.0016025202036965354
15.540000000000001	0.0015954061149529965
15.55	0.0015883281538866668
15.56	0.0015812861139728378
15.57	0.0015742797899990395
15.58	0.0015673089780558669
15.59	0.0015603734755278713
15.6	0.0015534730810845365
15.610000000000001	0.0015466075946713041
15.620000000000001	0.0015397768175006885
15.63	0.0015329805520434305
15.64	0.001526218602019751
15.65	0.0015194907723906504
15.66	0.0015127968693492777
15.67	0.0015061367003123647
15.68	0.0014995100739117325
15.69	0.0014929167999858544
15.700000000000001	0.001486356689571488
15.71	0.0014798295548953575
15.72	0.0014733352093659227
15.73	0.001466873467565189
15.74	0.001460444145240588
15.75	0.0014540470592969185
15.76	0.001447682027788352
15.77	0.0014413488699104905
15.780000000000001	0.001435047405992486
15.790000000000001	0.0014287774574892264
15.8	0.0014225388469735775
15.81	0.001416331398128674
15.82	0.0014101549357402826
15.83	0.0014040092856892063
15.84	0.0013978942749437698
15.85	0.0013918097315523332
15.860000000000001	0.001385827101094004
15.870000000000001	0.0013798868837307048
15.88	0.001373975846388404
15.89	0.0013680938274864963
15.9	0.0013622406664399887
15.91	0.0013564162036527369
15.92	0.0013506202805107453
15.93	0.001344852739375507
15.94	0.0013391134235774009
15.950000000000001	0.001333402177409134
15.96	0.001327718846119228
15.97	0.0013220632759055613
15.98	0.0013164353139089563
15.99	0.0013108348082068143
16.	0.0013052616078067895
16.01	0.0012997155626405254
16.02	0.0012941965235574208
16.03	0.001288704342318458
16.04	0.001283238871590057
16.05	0.0012777999649379907
16.06	0.0012723874768213422
16.07	0.0012670012625865005
16.080000000000002	0.0012616411784611994
16.09	0.0012563070815486154
16.1	0.0012509988298214836
16.11	0.0012457162821162885
16.12	0.0012404592981274554
16.13	0.0012352277384016339
16.14	0.0012300214643319782
16.15	0.0012248403381525015
16.16	0.0012196842229324468
16.17	0.001214552982570721
16.18	0.0012094464817903588
16.19	0.001204364586133019
16.2	0.001199307161953534
16.21	0.0011942740764144947
16.22	0.00118926519748088
16.23	0.0011842803939147051
16.240000000000002	0.001179319535269737
16.25	0.0011743824918862245
16.26	0.0011694691348856884
16.27	0.0011645793361657227
16.28	0.0011597129683948574
16.29	0.0011548699050074513
16.3	0.001150050020198612
16.31	0.0011452531889191693
16.32	0.0011404792868706629
16.330000000000002	0.001135728190500398
16.34	0.0011309997769965022
16.35	0.0011262939242830396
16.36	0.0011216105110151563
16.37	0.0011169494165742565
16.38	0.001112310521063217
16.39	0.0011076937053016345
16.4	0.001103098850821105
16.41	0.0010985258398605478
16.42	0.0010939745553615449
16.43	0.0010894448809637299
16.44	0.0010849367010002007
16.45	0.0010804499004929758
16.46	0.0010759843651484628
16.47	0.0010715399813529874
16.48	0.0010671166361683236
16.490000000000002	0.0010627142173272866
16.5	0.001058332613229331
16.51	0.001053971712936197
16.52	0.0010496314061675842
16.53	0.0010453115832968433
16.54	0.0010410121353467271
16.55	0.0010367329539851362
16.56	0.001032473931520929
16.57	0.0010282349608997329
16.580000000000002	0.001024015935699806
16.59	0.001019816750127915
16.6	0.001015637299015255
16.61	0.0010114774778133798
16.62	0.001007337182590182
16.63	0.001003216310025888
16.64	0.0009991147574090844
16.65	0.0009950324226327746
16.66	0.000990969204190459
16.67	0.0009869250011722514
16.68	0.0009828997132610166
16.69	0.0009788932407285287
16.7	0.0009749054844316713
16.71	0.0009709363458086562
16.72	0.0009669857268752699
16.73	0.0009630535302211392
16.740000000000002	0.000959139659006042
16.75	0.0009552440169562253
16.76	0.0009513665083607571
16.77	0.0009475070380679016
16.78	0.0009436655114815249
16.79	0.0009398418345575209
16.8	0.0009360359138002643
16.81	0.0009322476562590842
16.82	0.0009284769695247712
16.830000000000002	0.0009247237617261007
16.84	0.0009209879415263895
16.85	0.0009172694181200575
16.86	0.0009135681012292433
16.87	0.0009098839011004166
16.88	0.0009062167285010284
16.89	0.0009025664947161752
16.9	0.0008989331115453031
16.91	0.0008953164912989126
16.92	0.000891716546795303
16.93	0.0008881331913573341
16.94	0.0008845663388092108
16.95	0.0008810159034732877
16.96	0.000877481800166897
16.97	0.0008739639441992038
16.98	0.0008704622513680765
16.990000000000002	0.0008674137773687565
17.	0.0008648551631339473
17.01	0.0008623055940279194
17.02	0.0008597650327852628
17.03	0.0008572334423158656
17.04	0.0008547107857039861
17.05	0.0008521970262073315
17.06	0.0008496921272561441
17.07	0.0008471960524522868
17.080000000000002	0.0008447087655683415
17.09	0.0008422302305467073
17.1	0.0008397604114987038
17.11	0.0008372992727036859
17.12	0.0008348467786081567
17.13	0.0008324028938248892
17.14	0.0008299675831320505
17.150000000000002	0.0008275408114723362
17.16	0.0008251225439521033
17.17	0.0008227127458405141
17.18	0.0008203113825686795
17.19	0.0008179184197288137
17.2	0.0008155338230733873
17.21	0.0008131575585142886
17.22	0.0008107895921219909
17.23	0.0008084298901247241
17.240000000000002	0.0008060784189076451
17.25	0.0008037351450120271
17.26	0.0008014000351344348
17.27	0.0007990730561259188
17.28	0.0007967541749912124
17.29	0.0007944433588879295
17.3	0.0007921405751257626
17.31	0.0007898457911656986
17.32	0.0007875589746192313
17.330000000000002	0.0007852800932475726
17.34	0.0007830091149608804
17.35	0.000780746007817484
17.36	0.0007784907400231146
17.37	0.0007762432799301381
17.38	0.0007740035960367991
17.39	0.0007717716569864639
17.400000000000002	0.0007695474315668684
17.41	0.0007673308887093695
17.42	0.0007651219974882051
17.43	0.000762920727119753
17.44	0.000760727046961799
17.45	0.0007585409265128064
17.46	0.0007563623354111862
17.47	0.000754191243434581
17.48	0.0007520276204991422
17.490000000000002	0.0007498714366588232
17.5	0.0007477226621046602
17.51	0.0007455812671640749
17.52	0.0007434472223001725
17.53	0.0007413204981110382
17.54	0.0007392010653290491
17.55	0.0007370888948201856
17.56	0.0007349839575833419
17.57	0.0007328862247496475
17.580000000000002	0.0007307956675817854
17.59	0.0007287122574733253
17.6	0.0007266359659480463
17.61	0.0007245667646592754
17.62	0.0007225046253892212
17.63	0.00072044952004832
17.64	0.0007184014206745768
17.650000000000002	0.0007163602994329154
17.66	0.0007143261286145335
17.67	0.0007122988806362514
17.68	0.000710278528039881
17.69	0.0007082650434915824
17.7	0.000706258399781236
17.71	0.000704258569821807
17.72	0.0007022655266487249
17.73	0.000700279243419259
17.740000000000002	0.0006982996934119003
17.75	0.0006963268500257449
17.76	0.0006943606867798822
17.77	0.0006924011773127887
17.78	0.0006904482953817211
17.79	0.000688502014862114
17.8	0.0006865623097469833
17.81	0.0006846291541463311
17.82	0.0006827025222865539
17.830000000000002	0.0006807823885098542
17.84	0.0006788687272736545
17.85	0.0006769615131500191
17.86	0.0006750607208250726
17.87	0.0006731663250984255
17.88	0.0006712783008826028
17.89	0.0006693966232024769
17.900000000000002	0.0006675212671946969
17.91	0.0006656522081071321
17.92	0.0006637894212983095
17.93	0.0006619328822368595
17.94	0.0006600825665009609
17.95	0.0006582384497777924
17.96	0.0006564005078629841
17.97	0.000654568716660079
17.98	0.0006527430521799834
17.990000000000002	0.0006509234905404381
18.	0.0006491100079654758
18.01	0.0006473025807848958
18.02	0.0006455011854337324
18.03	0.0006437057984517268
18.04	0.0006419163964828088
18.05	0.0006401329562745722
18.06	0.0006383554546777609
18.07	0.0006365838686457534
18.080000000000002	0.0006348181752340497
18.09	0.0006330583515997658
18.1	0.0006313043750011258
18.11	0.0006295562227969578
18.12	0.0006278138724461975
18.13	0.000626077301507386
18.14	0.000624346487638179
18.150000000000002	0.0006226214085948515
18.16	0.000623462618095481
18.17	0.0006356562032870913
18.18	0.0006480813621042167
18.19	0.0006607423614400504
18.2	0.0006736435443965498