0.01	3.2116323143262013
0.02	2.3000474115916134
0.03	2.0029094024954293
0.04	1.834893824394809
0.05	1.7308197826813656
0.06	1.6609589664130628
0.07	1.6104833473107285
0.08	1.5705255103588684
0.09	1.5374449642620192
0.1	1.5105157370699962
0.11	1.488555193794637
0.12	1.4676102393920067
0.13	1.4483506270329543
0.14	1.4308289027097871
0.15	1.4144824456330143
0.16	1.3986927884659823
0.17	1.3838874526466687
0.18	1.3679646178105425
0.19	1.3530715552768087
0.2	1.3385678817824187
0.21	1.3244974992456497
0.22	1.311219556161074
0.23	1.2976661676755132
0.24	1.2843387902444505
0.25	1.271684167013794
0.26	1.259018768230533
0.27	1.2458555980070014
0.28	1.2333014175476524
0.29	1.2213077646020107
0.3	1.2094927164064622
0.31	1.197911686123677
0.32	1.1868040453268383
0.33	1.1761365322673034
0.34	1.1655814235757143
0.35000000000000003	1.154225331395051
0.36	1.143295190875827
0.37	1.1327638424515667
0.38	1.1226065335281887
0.39	1.1126308579065611
0.4	1.1022709073679393
0.41000000000000003	1.0922597116288775
0.42	1.082577444254019
0.43	1.0732058440948535
0.44	1.0641280587000288
0.45	1.0549282206619148
0.46	1.0455014669889964
0.47000000000000003	1.0363589989054807
0.48	1.0274864628738771
0.49	1.0188705099349706
0.5	1.0104987065990745
0.51	1.0023594552433581
0.52	0.9937906818603228
0.53	0.9853295279390659
0.54	0.9770965705813014
0.55	0.9690815975743234
0.56	0.961275028800607
0.5700000000000001	0.9536678666587012
0.58	0.9462516511645649
0.59	0.9388499482413849
0.6	0.9311428549548373
0.61	0.9236248683632728
0.62	0.9162883606956097
0.63	0.9091261285260395
0.64	0.9021313628798328
0.65	0.8952976218743623
0.66	0.888618805645059
0.67	0.8820891333340793
0.68	0.8753551875739343
0.6900000000000001	0.8684903432281399
0.7000000000000001	0.8617769591655325
0.71	0.8552096006399572
0.72	0.8487831009282029
0.73	0.8424925446102682
0.74	0.836333252105155
0.75	0.830300765352385
0.76	0.8243908345403475
0.77	0.8185994057923027
0.78	0.8126151874024605
0.79	0.806509911203268
0.8	0.8005264422087393
0.81	0.7946608726744093
0.8200000000000001	0.7889094664650396
0.8300000000000001	0.7832686495366191
0.84	0.7777350010535649
0.85	0.7723052450917236
0.86	0.7669762428821756
0.87	0.761744985554758
0.88	0.7566085873437929
0.89	0.7515218914298674
0.9	0.7460727956834837
0.91	0.7407227707674655
0.92	0.7354689561545729
0.93	0.730308603838276
0.9400000000000001	0.725239072754565
0.9500000000000001	0.7202578235362049
0.96	0.7153624135763693
0.97	0.7105504923803879
0.98	0.7058197971860313
0.99	0.7011681488342504
1.	0.6965934478736835
1.01	0.6920936708835133
1.02	0.6876668670004062
1.03	0.6830153418271185
1.04	0.6784113746460343
1.05	0.6738820555857228
1.06	0.6694254805117941
1.07	0.6650398112271232
1.08	0.6607232725983233
1.09	0.6564741498326946
1.1	0.6522907858964722
1.11	0.6481715790658321
1.12	0.6441149806027036
1.1300000000000001	0.6401194925479745
1.1400000000000001	0.6361836656251862
1.1500000000000001	0.6323060972482678
1.16	0.6284854296272959
1.17	0.6247203479666554
1.18	0.6207309273452515
1.19	0.6167255858518976
1.2	0.6127792841521874
1.21	0.6088906707773255
1.22	0.6050584360292222
1.23	0.6012813103600395
1.24	0.5975580628271772
1.25	0.5938874996196043
1.26	0.5902684626517081
1.27	0.586699828221053
1.28	0.583180505726673
1.29	0.579709436444714
1.3	0.5762855923584427
1.31	0.5729079750398097
1.32	0.5695756145799171
1.33	0.5662875685659086
1.34	0.5630429211019279
1.35	0.5597082309227392
1.36	0.5562372567559036
1.37	0.5528130004570034
1.3800000000000001	0.5494344990527122
1.3900000000000001	0.5461008162079554
1.4000000000000001	0.5428110413039133
1.41	0.5395642885542554
1.42	0.5363596961577559
1.43	0.5331964254855552
1.44	0.5300736603014152
1.45	0.5269906060134127
1.46	0.5239464889555961
1.47	0.5209405556982104
1.48	0.5179720723851677
1.49	0.5150403240975129
1.5	0.5121446142416957
1.51	0.5092842639615284
1.52	0.5064586115727562
1.53	0.5036670120192352
1.54	0.5009088363497524
1.55	0.4980574629631562
1.56	0.495106722106072
1.57	0.4921921506313328
1.58	0.48931307901560644
1.59	0.486468854262847
1.6	0.48365883939554466
1.61	0.48088241296470235
1.62	0.47813896857773414
1.6300000000000001	0.475427914443526
1.6400000000000001	0.4727486729339339
1.6500000000000001	0.4701006801610279
1.6600000000000001	0.46748338556942876
1.67	0.46489625154310676
1.68	0.4623387530260489
1.69	0.4598103771562281
1.7	0.45731062291232766
1.71	0.45483900077270834
1.72	0.45239503238612444
1.73	0.4499782502537161
1.74	0.44758819742183326
1.75	0.44522442718525823
1.76	0.4428865028004205
1.77	0.4405739972082124
1.78	0.4381549539536265
1.79	0.43567217741130965
1.8	0.43321718385741687
1.81	0.43078951061880966
1.82	0.42838870522702205
1.83	0.42601432513865606
1.84	0.4236659374649164
1.85	0.4213431187099366
1.86	0.41904545451756836
1.87	0.41677253942631176
1.8800000000000001	0.41452397663208734
1.8900000000000001	0.41229937775855524
1.9000000000000001	0.41009836263470606
1.9100000000000001	0.40792055907945335
1.92	0.4057656026929747
1.93	0.4036331366545536
1.94	0.4015228115266895
1.95	0.3994342850652492
1.96	0.39736722203544256
1.97	0.3953212940334172
1.98	0.39329617931327254
1.99	0.39129156261929987
2.	0.3893071350232698
2.0100000000000002	0.38734259376658553
2.02	0.38539764210713756
2.0300000000000002	0.3834719891706945
2.04	0.38150006203380493
2.05	0.37940134867538367
2.06	0.37732430951033863
2.07	0.3752686171085234
2.08	0.3732339505361721
2.09	0.37121999519655074
2.1	0.36922644267525745
2.11	0.36725299059001404
2.12	0.365299342444798
2.13	0.3633652074881709
2.14	0.3614503005756612
2.15	0.3595543420360689
2.16	0.3576770575415626
2.17	0.3558181779814432
2.18	0.35397743933945525
2.19	0.3521545825745311
2.2	0.3503493535048546
2.21	0.34856150269514036
2.22	0.346790785347022
2.23	0.3450369611924531
2.24	0.3432997943900221
2.25	0.34157905342409234
2.2600000000000002	0.33987451100667404
2.27	0.33818594398194635
2.2800000000000002	0.3365131332333435
2.29	0.3348558635931282
2.3000000000000003	0.33321392375437164
2.31	0.33158710618527043
2.32	0.3299752070457236
2.33	0.3283780261061048
2.34	0.32677322390608815
2.35	0.3250342251468984
2.36	0.32331180638158374
2.37	0.3216057402789569
2.38	0.3199158035663852
2.39	0.3182417769406625
2.4	0.31658344498120344
2.41	0.3149405960654865
2.42	0.31331302228668156
2.43	0.31170051937339427
2.44	0.3101028866114664
2.45	0.30851992676776957
2.46	0.3069514460159357
2.47	0.3053972538639648
2.48	0.3038571630836579
2.49	0.30233098964181937
2.5	0.30081855263318036
2.5100000000000002	0.29931967421499006
2.52	0.2978341795432305
2.5300000000000002	0.2963618967104047
2.54	0.2949026566848578
2.5500000000000003	0.2934562932515818
2.56	0.2920226429544678
2.57	0.2906015450399607
2.58	0.289192841402079
2.59	0.2877963765287609
2.6	0.2864119974494996
2.61	0.28503955368423234
2.62	0.28367889719344846
2.63	0.28232988232948303
2.64	0.2809923657889619
2.65	0.2796662065663701
2.66	0.27835126590870896
2.67	0.2770474072712162
2.68	0.2757544962741161
2.69	0.2744019868058864
2.7	0.27298528689495816
2.71	0.27158109809844155
2.72	0.2701892643712661
2.73	0.26880963217869025
2.74	0.26744205044690905
2.75	0.26608637051480993
2.7600000000000002	0.2647424460868458
2.77	0.2634101331869946
2.7800000000000002	0.26208929011377774
2.79	0.26077977739630914
2.8000000000000003	0.2594814577513462
2.81	0.258194196041319
2.82	0.2569178592333092
2.83	0.2556523163589567
2.84	0.2543974384752667
2.85	0.2531530986262976
2.86	0.25191917180570345
2.87	0.25069553492011076
2.88	0.24948206675330864
2.89	0.24827864793123
2.9	0.24708516088770502
2.91	0.24590148983096607
2.92	0.24472752071088638
2.93	0.24356314118693315
2.94	0.24240824059681665
2.95	0.2412627099258191
2.96	0.2401264417767857
2.97	0.23899933034076112
2.98	0.23788127136825593
2.99	0.2367721621411269
3.	0.23567190144505673
3.0100000000000002	0.2345803895426177
3.02	0.2334975281469056
3.0300000000000002	0.23242322039572955
3.04	0.23135737082634464
3.0500000000000003	0.23029988535071388
3.06	0.22925067123128673
3.0700000000000003	0.22820963705728192
3.08	0.22717669272146274
3.09	0.22606634292436673
3.1	0.2249282034854901
3.11	0.2237994319432152
3.12	0.22267992144017673
3.13	0.2215695666751052
3.14	0.2204682638752864
3.15	0.21937591076959595
3.16	0.21829240656209156
3.17	0.21721765190615297
3.18	0.2161515488791539
3.19	0.21509400095765535
3.2	0.2140449129931067
3.21	0.2130041911880433
3.22	0.21197174307276884
3.23	0.21094747748251058
3.24	0.20993130453503708
3.25	0.2089231356087282
3.2600000000000002	0.20792288332108455
3.27	0.20693046150766944
3.2800000000000002	0.20594578520147086
3.29	0.20496877061267496
3.3000000000000003	0.2039993351088413
3.31	0.20303739719547126
3.3200000000000003	0.20208287649695952
3.33	0.20113569373792098
3.34	0.20019577072488426
3.35	0.19926303032834317
3.36	0.1983373964651593
3.37	0.1974187940813055
3.38	0.19650714913494552
3.39	0.19560238857984014
3.4	0.19470444034907367
3.41	0.19381323333909287
3.42	0.19292869739405263
3.43	0.1920507632904601
3.44	0.1911793627221121
3.45	0.19031442828531836
3.46	0.18945589346440506
3.47	0.18860369261749238
3.48	0.18775776096253957
3.49	0.18691803456365286
3.5	0.18608445031764903
3.5100000000000002	0.18525694594087094
3.52	0.1844354599562476
3.5300000000000002	0.18361993168059573
3.54	0.1828083087809416
3.5500000000000003	0.18191219923146995
3.56	0.1810229845371607
3.5700000000000003	0.18014059250279565
3.58	0.17926495188844824
3.59	0.17839599239421927
3.6	0.17753364464525923
3.61	0.17667784017707006
3.62	0.17582851142107955
3.63	0.17498559169048444
3.64	0.17414901516635473
3.65	0.1733187168839946
3.66	0.17249463271955456
3.67	0.17167669937688887
3.68	0.17086485437465374
3.69	0.17005903603364111
3.7	0.1692591834643428
3.71	0.16846523655474066
3.72	0.16767713595831726
3.73	0.16689482308228396
3.74	0.16611824007601986
3.75	0.16534732981971964
3.7600000000000002	0.16458203591324347
3.77	0.16382230266516745
3.7800000000000002	0.16306807508202772
3.79	0.16231929885775714
3.8000000000000003	0.1615759203633082
3.81	0.16083788663645943
3.8200000000000003	0.16010514537180254
3.83	0.15937764491090414
3.84	0.1586553342326417
3.85	0.15793816294370652
3.86	0.1572260812692748
3.87	0.15651904004383888
3.88	0.15581699070219956
3.89	0.15511988527061255
3.9	0.1544276763580893
3.91	0.153740317147847
3.92	0.15305776138890556
3.93	0.15237996338782872
3.94	0.15170687800060623
3.95	0.1510384606246747
3.96	0.1503746671910737
3.97	0.14971545415673546
3.98	0.14906077849690472
3.99	0.14841059769768686
4.	0.14776486974872102
4.01	0.1471235531359767
4.0200000000000005	0.14648660683467102
4.03	0.14585399030230423
4.04	0.14522566347181137
4.05	0.14460158674482787
4.0600000000000005	0.14398172098506684
4.07	0.14332058691893018
4.08	0.14263115810531415
4.09	0.14194672127249094
4.1	0.1412672282016329
4.11	0.14059263125572113
4.12	0.1399228833711321
4.13	0.13925793804936554
4.14	0.13859774934891167
4.15	0.13794227187725452
4.16	0.13729146078300958
4.17	0.13664527174819163
4.18	0.136003660980612
4.19	0.13536658520640207
4.2	0.13473400166266
4.21	0.13410586809021993
4.22	0.1334821427265391
4.23	0.13286278429870338
4.24	0.13224775201654643
4.25	0.13163700556588226
4.26	0.1310305051018475
4.2700000000000005	0.1304282112423532
4.28	0.12983008506164223
4.29	0.1292360880839512
4.3	0.12864618227727576
4.3100000000000005	0.12806033004723522
4.32	0.12747849423103738
4.33	0.12690063809153904
4.34	0.12632672531140274
4.3500000000000005	0.12575671998734625
4.36	0.12519058662448465
4.37	0.12462829013076111
4.38	0.12406979581146767
4.39	0.12351506936385184
4.4	0.12296407687180887
4.41	0.12241678480065774
4.42	0.12187315999199921
4.43	0.12133316965865486
4.44	0.12079678137968508
4.45	0.12026396309548561
4.46	0.11973468310295969
4.47	0.11920891005076603
4.48	0.11868661293464032
4.49	0.11816776109278941
4.5	0.11765232420135643
4.51	0.11714027226995587
4.5200000000000005	0.11663157563727769
4.53	0.11612620496675892
4.54	0.11562413124232114
4.55	0.11512532576417366
4.5600000000000005	0.11462976014468046
4.57	0.11413740630429005
4.58	0.11364823646752735
4.59	0.11316222315904616
4.6000000000000005	0.11267933919974134
4.61	0.1121995577029198
4.62	0.1117228520705289
4.63	0.11124919598944187
4.64	0.11077856342779868
4.65	0.11031092863140168
4.66	0.10984626612016526
4.67	0.1093613853168799
4.68	0.1088396731080963
4.69	0.1083215553714905
4.7	0.10780699975688861
4.71	0.10729597427324412
4.72	0.10678844728389937
4.73	0.10628438750192018
4.74	0.10578376398550086
4.75	0.10528654613343957
4.76	0.10479270368068214
4.7700000000000005	0.10430220669393359
4.78	0.10381502556733598
4.79	0.10333113101821104
4.8	0.10285049408286767
4.8100000000000005	0.10237308611247165
4.82	0.1018988787689778
4.83	0.10142784402112277
4.84	0.10095995414047758
4.8500000000000005	0.10049518169755933
4.86	0.10003349955800031
4.87	0.09957488087877416
4.88	0.09911929910447792
4.89	0.09866672796366906
4.9	0.09821714146525633
4.91	0.09777051389494405
4.92	0.09732681981172807
4.93	0.09688603404444408
4.94	0.09644813168836508
4.95	0.09601308810184979
4.96	0.09558087890303914
4.97	0.09515147996660091
4.98	0.09472486742052182
4.99	0.09430101764294589
5.	0.09387990725905866
5.01	0.0934615131380161
5.0200000000000005	0.09304581238991792
5.03	0.0926327823628244
5.04	0.09222240063981592
5.05	0.0918146450360945
5.0600000000000005	0.0914094935961267
5.07	0.09100692459082768
5.08	0.0906069165147847
5.09	0.09020944808352045
5.1000000000000005	0.0898144982307949
5.11	0.0894220461059457
5.12	0.08903207107126573
5.13	0.08864455269941757
5.14	0.08825947077088475
5.15	0.08787680527145847
5.16	0.0874965363897593
5.17	0.08711864451479405
5.18	0.08674311023354626
5.19	0.08636991432860065
5.2	0.0859990377758001
5.21	0.08563046174193556
5.22	0.08526416758246776
5.23	0.08490013683928034
5.24	0.08453835123846422
5.25	0.0841787926881321
5.26	0.0838214432762633
5.2700000000000005	0.08346628526857802
5.28	0.08311330110644079
5.29	0.08276247340479234
5.3	0.0824137849501099
5.3100000000000005	0.08206721869839524
5.32	0.08172275777318995
5.33	0.08138038546361762
5.34	0.08104008522245261
5.3500000000000005	0.08070184066421479
5.36	0.08035402068884268
5.37	0.07997006090035401
5.38	0.07958864503958164
5.39	0.07920975157010783
5.4	0.0788333591773252
5.41	0.07845944676574698
5.42	0.07808799345635486
5.43	0.07771897858398388
5.44	0.07735238169474314
5.45	0.07698818254347312
5.46	0.07662636109123744
5.47	0.07626689750284966
5.48	0.07590977214443416
5.49	0.07555496558102033
5.5	0.07520245857417059
5.51	0.07485223207963966
5.5200000000000005	0.07450426724506723
5.53	0.07415854540770143
5.54	0.0738150480921533
5.55	0.07347375700818229
5.5600000000000005	0.07313465404851142
5.57	0.07279772128667254
5.58	0.07246294097488035
5.59	0.07213029554193541
5.6000000000000005	0.07179976759115532
5.61	0.07147133989833414
5.62	0.07114499540972856
5.63	0.07082071724007181
5.64	0.07049848867061381
5.65	0.07017829314718772
5.66	0.06986011427830208
5.67	0.06954393583325855
5.68	0.06922974174029486
5.69	0.06891751608475205
5.7	0.06860724310726628
5.71	0.06829890720198452
5.72	0.06799249291480393
5.73	0.06768798494163411
5.74	0.06738536812668265
5.75	0.06708462746076309
5.76	0.06678574807962491
5.7700000000000005	0.06648871526230561
5.78	0.06619351442950423
5.79	0.06590013114197618
5.8	0.06560855109894896
5.8100000000000005	0.06531876013655841
5.82	0.06503074422630546
5.83	0.06474448947353265
5.84	0.06445998211592067
5.8500000000000005	0.06417720852200395
5.86	0.06389615518970576
5.87	0.06361680874489205
5.88	0.06333915593994362
5.89	0.06306318365234713
5.9	0.06278887888330369
5.91	0.06251622875635565
5.92	0.06224522051603043
5.93	0.06197584152650215
5.94	0.06170807927026996
5.95	0.061441921346853404
5.96	0.06117735547150405
5.97	0.06091436947393356
5.98	0.06065295129705808
5.99	0.06039308899575807
6.	0.060134770735653965
6.01	0.05987798479189732
6.0200000000000005	0.05962271954797696
6.03	0.059368963494540225
6.04	0.05911670522822886
6.05	0.05886593345052946
6.0600000000000005	0.05861663696663857
6.07	0.05836880468434132
6.08	0.05812242561290454
6.09	0.057877488861983344
6.1000000000000005	0.057633983640541404
6.11	0.05739189925578444
6.12	0.05715122511210696
6.13	0.05691195071005204
6.140000000000001	0.05667406564528387
6.15	0.05643755960757281
6.16	0.056169353497261744
6.17	0.055897313867979644
6.18	0.055627029136934396
6.19	0.055358485171241804
6.2	0.055091667974410376
6.21	0.0548265636848078
6.22	0.0545631585741472
6.23	0.0543014390459927
6.24	0.05404139163428426
6.25	0.0537830030018811
6.26	0.05352625993912389
6.2700000000000005	0.05327114936241521
6.28	0.05301765831281793
6.29	0.052765773954671594
6.3	0.052515483574226
6.3100000000000005	0.05226677457829252
6.32	0.052019634492911915
6.33	0.05177405096203942
6.34	0.051530011746246114
6.3500000000000005	0.05128750472143664
6.36	0.051046517877583075
6.37	0.0508070393174747
6.38	0.05056905725548325
6.390000000000001	0.05033256001634374
6.4	0.05009753603395044
6.41	0.04986397385016781
6.42	0.04963186211365627
6.43	0.049401189578712514
6.44	0.04917194510412416
6.45	0.0489441176520387
6.46	0.048717696286846246
6.47	0.048492670174076095
6.48	0.04826902857930714
6.49	0.04804676086709136
6.5	0.0478258564998905
6.51	0.047606305037026155
6.5200000000000005	0.04738809613364236
6.53	0.04717121953968102
6.54	0.04695566509886977
6.55	0.04674142274772219
6.5600000000000005	0.04652848251455028
6.57	0.04631683451848869
6.58	0.046106468968531086
6.59	0.04589737616257795
6.6000000000000005	0.04568954648649602
6.61	0.04548297041318906
6.62	0.04527763850167977
6.63	0.045073541396202864
6.640000000000001	0.04487066982530893
6.65	0.044669014600979114
6.66	0.044468566617750435
6.67	0.04426931685185152
6.68	0.04407125636034865
6.69	0.043874376280301976
6.7	0.04367866782793195
6.71	0.043484122297795504
6.72	0.04329073106197197
6.73	0.04309848556925886
6.74	0.042907377344376975
6.75	0.042717397987185116
6.76	0.042528539171903766
6.7700000000000005	0.042340792646348165
6.78	0.04215415023117051
6.79	0.04196860381911063
6.8	0.041784145374255885
6.8100000000000005	0.0416007669313096
6.82	0.04141846059486796
6.83	0.04123721853870553
6.84	0.04105703300506889
6.8500000000000005	0.040877896303978714
6.86	0.04069980081253994
6.87	0.040522738974259793
6.88	0.040346703298373865
6.890000000000001	0.04017168635917992
6.9	0.039997680795379575
6.91	0.03982467930942734
6.92	0.039652674666887266
6.93	0.03948165969579713
6.94	0.039311627286039784
6.95	0.039142570388721695
6.96	0.038974482015558705
6.97	0.0388073552382689
6.98	0.03864118318797222
6.99	0.03847595905459699
7.	0.03831167608629336
7.01	0.03814832758885331
7.0200000000000005	0.03798590692513714
7.03	0.0378244075145067
7.04	0.037663822832264895
7.05	0.03750414640910161
7.0600000000000005	0.037345371830545794
7.07	0.037167460404590257
7.08	0.03698289886130786
7.09	0.036799512349746565
7.1000000000000005	0.036617291747420684
7.11	0.036436228015376285
7.12	0.036256312197310105
7.13	0.03607753541869931
7.140000000000001	0.03589988888594143
7.15	0.03572336388550446
7.16	0.03554795178308732
7.17	0.03537364402278997
7.18	0.03520043212629353
7.19	0.035028307692050176
7.2	0.034857262394482405
7.21	0.03468728798319183
7.22	0.03451837628217741
7.23	0.0343505191890627
7.24	0.034183708674332285
7.25	0.03401793678057718
7.26	0.033853195621749044
7.2700000000000005	0.03368947738242303
7.28	0.03352677431706949
7.29	0.03336507874933396
7.3	0.033204383071325526
7.3100000000000005	0.0330446797429137
7.32	0.032885961291033196
7.33	0.03272822030899699
7.34	0.03257144945581717
7.3500000000000005	0.032415641455533786
7.36	0.03226078909655141
7.37	0.03210688523098326
7.38	0.031953922774003045
7.390000000000001	0.03180189470320415
7.4	0.0316507940579663
7.41	0.03150061393882936
7.42	0.03135134750687436
7.43	0.031202987983111736
7.44	0.031055528647876366
7.45	0.030908962840229648
7.46	0.030763283957368343
7.47	0.03061848545404018
7.48	0.030474560841966113
7.49	0.03033150368926906
7.5	0.03018930761990922
7.51	0.030047966313125757
7.5200000000000005	0.029907473502884783
7.53	0.029767822977333592
7.54	0.029629008578261038
7.55	0.029491024200564014
7.5600000000000005	0.029353863791719927
7.57	0.029217521351265062
7.58	0.02908199093027893
7.59	0.028947266630874186
7.6000000000000005	0.028813342605692453
7.61	0.02868021305740574
7.62	0.028547872238223228
7.63	0.02841631444940396
7.640000000000001	0.02828553404077449
7.65	0.028155525410252277
7.66	0.028026283003374113
7.67	0.02789780131283002
7.68	0.027770074878002027
7.69	0.027643098284508286
7.7	0.027516866163752162
7.71	0.027391373192476202
7.72	0.027266614092321197
7.73	0.02714258362938988
7.74	0.027019276613815594
7.75	0.026896687899335664
7.76	0.026774812382869377
7.7700000000000005	0.026653645004100664
7.78	0.02653318074506521
7.79	0.026413414629742317
7.8	0.026294341723650975
7.8100000000000005	0.02617595713345044
7.82	0.026058256006545183
7.83	0.02594123353069406
7.84	0.025824884933623796
7.8500000000000005	0.02570920548264658
7.86	0.02559419048428191
7.87	0.02547983528388239
7.88	0.025366135265263642
7.890000000000001	0.025253085850338277
7.9	0.02514068249875366
7.91	0.025028920707533663
7.92	0.02491779601072425
7.930000000000001	0.024807303979042877
7.94	0.024697440219531658
7.95	0.02458820037521412
7.96	0.024479580124755873
7.97	0.024371575182128655
7.98	0.024264181296278085
7.99	0.024157394250794908
8.	0.024051209863589888
8.01	0.023945623986571796
8.02	0.02384063250532929
8.03	0.023736231338815694
8.040000000000001	0.02363241643903755
8.05	0.023529183790746092
8.06	0.02342652941113218
8.07	0.023324449349524448
8.08	0.023222939687090584
8.09	0.023121996536541654
8.1	0.023021616041839766
8.11	0.022920631793659402
8.120000000000001	0.022807265716899717
8.13	0.0226945988457968
8.14	0.022582626015783442
8.15	0.02247134210671809
8.16	0.02236074204244877
8.17	0.022250820790381848
8.18	0.0221415733610557
8.19	0.02203299480771878
8.2	0.021925080225912576
8.21	0.021817824753058938
8.22	0.021711223568052166
8.23	0.0216052718908553
8.24	0.021499964982101032
8.25	0.02139529814269681
8.26	0.021291266713434457
8.27	0.021187866074603774
8.28	0.021085091645610583
8.290000000000001	0.02098293888459875
8.3	0.020881403288076535
8.31	0.020780480390546606
8.32	0.0206801657641405
8.33	0.0205804550182567
8.34	0.020481343799202887
8.35	0.020382827789841722
8.36	0.020284902709240823
8.370000000000001	0.02018756431232621
8.38	0.020090808389539666
8.39	0.019994630766499606
8.4	0.019899027303665755
8.41	0.019803993896007323
8.42	0.01970952647267472
8.43	0.01961562099667478
8.44	0.01952227346454956
8.45	0.019429479906058433
8.46	0.01933723638386356
8.47	0.019245538993218826
8.48	0.01915438386166199
8.49	0.019063767148710106
8.5	0.01897368504555824
8.51	0.018884133774781216
8.52	0.018795109590038758
8.53	0.018706608775783538
8.540000000000001	0.018618627646972342
8.55	0.01853116254878041
8.56	0.018444209856318602
8.57	0.018357765974353638
8.58	0.018271827337031313
8.59	0.018186390407602487
8.6	0.018101451678152053
8.61	0.01801700766933069
8.620000000000001	0.017933054930089433
8.63	0.017849590037417064
8.64	0.017766609596080108
8.65	0.017684110238365667
8.66	0.01760208862382687
8.67	0.017520541439031017
8.68	0.017439465397310238
8.69	0.017358181262803946
8.700000000000001	0.01727019593510531
8.71	0.01718275689550297
8.72	0.01709586013080714
8.73	0.01700950166186438
8.74	0.016923677543230393
8.75	0.016838383862846338
8.76	0.01675361674171861
8.77	0.016669372333602085
8.78	0.01658564682468664
8.790000000000001	0.01650243643328723
8.8	0.016419737409537116
8.81	0.016337546035084353
8.82	0.016255858622791653
8.83	0.016174671516439296
8.84	0.016093981090431312
8.85	0.016013783749504733
8.86	0.01593407592844187
8.870000000000001	0.01585485409178577
8.88	0.015776114733558604
8.89	0.01569785437698305
8.9	0.01562006957420653
8.91	0.015542756906028618
8.92	0.015465912981630948
8.93	0.015389534438310306
8.94	0.01531361794121429
8.950000000000001	0.015238160183079932
8.96	0.015163157883974876
8.97	0.015088607791041415
8.98	0.01501450667824316
8.99	0.014940851346114331
9.	0.014867638621511692
9.01	0.014794865357369102
9.02	0.014722528432454534
9.03	0.014650624751129757
9.040000000000001	0.014579151243112366
9.05	0.01450810486324043
9.06	0.014437482591239476
9.07	0.014367281431491942
9.08	0.014297498412808972
9.09	0.014228130588204614
9.1	0.014159175034672369
9.11	0.01409062885296396
9.120000000000001	0.014022489167370481
9.13	0.01395475312550571
9.14	0.013887417898091706
9.15	0.013820480678746661
9.16	0.013753938683774714
9.17	0.013687789151958273
9.18	0.013622029344352063
9.19	0.01355665654407961
9.200000000000001	0.013491668056131622
9.21	0.013427061207166517
9.22	0.01336283334531287
9.23	0.013298981839974047
9.24	0.013235504081634642
9.25	0.013172397481669056
9.26	0.01310965947215185
9.27	0.013047287505670156
9.28	0.0129852790551379
9.290000000000001	0.01292363161361199
9.3	0.012862342694110254
9.31	0.01280140982943132
9.32	0.012734724572556243
9.33	0.012668080847768439
9.34	0.01260185671652447
9.35	0.01253604909202503
9.36	0.012470654913446129
9.370000000000001	0.012405671145692987
9.38	0.012341094779156654
9.39	0.012276922829473165
9.4	0.012213152337285193
9.41	0.012149780368006196
9.42	0.012086804011587064
9.43	0.012024220382285223
9.44	0.011962026618436098
9.450000000000001	0.011900219882227054
9.46	0.011838797359473529
9.47	0.011777756259397731
9.48	0.01171709381440946
9.49	0.011656807279889282
9.5	0.011596893933973923
9.51	0.011537351077343926
9.52	0.011478176033013512
9.53	0.011419366146122583
9.540000000000001	0.0113609187837309
9.55	0.011302831334614403
9.56	0.01124510120906355
9.57	0.011187725838683896
9.58	0.011130702676198569
9.59	0.011074029195252888
9.6	0.011017702890220877
9.61	0.010961721276013924
9.620000000000001	0.010906081887891255
9.63	0.010850782281272446
9.64	0.010795820031551783
9.65	0.010741192733914594
9.66	0.010686898003155424
9.67	0.010632933473498054
9.68	0.010579296798417332
9.69	0.01052598565046296
9.700000000000001	0.010472997721084815
9.71	0.01042033072046037
9.72	0.010367982377323568
9.73	0.010315950438795614
9.74	0.010264232670217446
9.75	0.010212826854983842
9.76	0.010161730794379317
9.77	0.010110942307415554
9.78	0.010060459230670532
9.790000000000001	0.010010279418129334
9.8	0.009960400741026465
9.81	0.009910821087689795
9.82	0.009861538363386076
9.83	0.009812550490167996
9.84	0.009763855406722819
9.85	0.00971545106822246
9.86	0.009667335446175113
9.870000000000001	0.009619506528278332
9.88	0.00957196231827367
9.89	0.009524700835802594
9.9	0.009477720116264042
9.91	0.009431018210673265
9.92	0.009384593185522058
9.93	0.009338443122640521
9.94	0.009292566119060054
9.950000000000001	0.009246960286877721
9.96	0.009201623753122104
9.97	0.009156554659620276
9.98	0.00911010408592786
9.99	0.00906093262794823
10.	0.009012075369511976
10.01	0.008963529991729103
10.02	0.008915294195115882
10.03	0.008867365699413278
10.040000000000001	0.008819742243407307
10.05	0.008772421584751177
10.06	0.008725401499789343
10.07	0.008678679783383327
10.08	0.008632254248739339
10.09	0.008586122727237668
10.1	0.008540283068263856
10.11	0.008494733139041562
10.120000000000001	0.00844947082446718
10.13	0.00840449402694613
10.14	0.008359800666230818
10.15	0.008315388679260283
10.16	0.00827125602000145
10.17	0.008227400659292027
10.18	0.008183820584684986
10.19	0.00814051380029464
10.200000000000001	0.008097478326644293
10.21	0.00805471220051542
10.22	0.00801221347479841
10.23	0.007969980218344754
10.24	0.007928010515820837
10.25	0.007886302467563104
10.26	0.007844854189434794
10.27	0.007803663812684035
10.28	0.007762729483803392
10.290000000000001	0.007722049364390905
10.3	0.0076816216310124225
10.31	0.007641444475065363
10.32	0.007601516102643889
10.33	0.007561834734405366
10.34	0.007522398605438235
10.35	0.007483205965131121
10.36	0.007444255077043339
10.370000000000001	0.0074055442187766565
10.38	0.007367071681848335
10.39	0.007328835771565435
10.4	0.007290834806900422
10.41	0.007253067120367966
10.42	0.007215531057902948
10.43	0.007178224978739776
10.44	0.0071411472552928125
10.450000000000001	0.0071042962730379884
10.46	0.007067670430395668
10.47	0.007031268138614597
10.48	0.006995087821657049
10.49	0.0069591279160851
10.5	0.006923386870947982
10.51	0.00688786314767062
10.52	0.00685255521994324
10.53	0.006817461573612021
10.540000000000001	0.0067825807065709145
10.55	0.006747911128654426
10.56	0.006713451361531564
10.57	0.006679199938600708
10.58	0.006645155404885603
10.59	0.006611316316932342
10.6	0.00657768124270736
10.61	0.006544248761496377
10.620000000000001	0.006511017463804436
10.63	0.006477985951256821
10.64	0.006445152836500969
10.65	0.0064125167431093736
10.66	0.006380076305483381
10.67	0.0063478301687579725
10.68	0.0063157769887074175
10.69	0.006283908646963904
10.700000000000001	0.006248621724283574
10.71	0.006213565639074339
10.72	0.0061787386678365174
10.73	0.0061441391015291304
10.74	0.0061097652454352135
10.75	0.00607561541902865
10.76	0.006041687955842259
10.77	0.006007981203337256
10.78	0.005974493522774087
10.790000000000001	0.0059412232890845365
10.8	0.005908168890745127
10.81	0.0058753287296518675
10.82	0.005842701220996218
10.83	0.005810284793142313
10.84	0.005778077887505482
10.85	0.005746078958431946
10.86	0.0057142864730797575
10.870000000000001	0.005682698911300961
10.88	0.005651314765524897
10.89	0.005620132540642729
10.9	0.005589150753893135
10.91	0.005558367934749108
10.92	0.005527782624805925
10.93	0.00549739337767028
10.94	0.005467198758850442
10.950000000000001	0.0054371973456476125
10.96	0.005407387727048303
10.97	0.005377768503617829
10.98	0.005348338287394857
10.99	0.005319095701787016
11.	0.005290039381467516
11.01	0.005261167972272874
11.02	0.005232480131101572
11.03	0.0052039745258138
11.040000000000001	0.005175649835132159
11.05	0.00514750474854335
11.06	0.005119537966200857
11.07	0.005091748198828599
11.08	0.005064134167625501
11.09	0.005036694604171082
11.1	0.005009428250331894
11.11	0.0049823338581689615
11.120000000000001	0.00495541018984609
11.13	0.0049286560175390995
11.14	0.004902070123345938
11.15	0.004875651299197714
11.16	0.004849398346770565
11.17	0.004823310077398422
11.18	0.004797385311986625
11.19	0.0047716228809263845
11.200000000000001	0.004746021624010085
11.21	0.004720580390347428
11.22	0.004695298038282362
11.23	0.004670173435310878
11.24	0.0046452054579995735
11.25	0.004620392991905024
11.26	0.004595734931493949
11.27	0.004571230180064116
11.28	0.004546877649666106
11.290000000000001	0.004522676261025725
11.3	0.004498624943467267
11.31	0.004474722634837467
11.32	0.004450968281430213
11.33	0.004427360837912006
11.34	0.004403899267248094
11.35	0.004380582540629379
11.36	0.004357409637399983
11.370000000000001	0.004334379544985554
11.38	0.00431149125882223
11.39	0.004288743782286322
11.4	0.00426613612662465
11.41	0.004243667310885557
11.42	0.004221336361850601
11.43	0.004199142313966891
11.44	0.004177084209280066
11.450000000000001	0.004155161097367934
11.46	0.004132190316128151
11.47	0.004108397208363103
11.48	0.004084761656991458
11.49	0.004061282482801561
11.5	0.004037958516422673
11.51	0.004014788598234387
11.52	0.003991771578276924
11.53	0.003968906316162394
11.540000000000001	0.003946191680986916
11.55	0.0039236265512436015
11.56	0.003901209814736448
11.57	0.0038789403684950634
11.58	0.0038568171186902844
11.59	0.0038348389805505866
11.6	0.0038130048782793594
11.61	0.0037913137449730114
11.620000000000001	0.003769764522539893
11.63	0.0037483561616199956
11.64	0.0037270876215055055
11.65	0.003705957870062072
11.66	0.0036849658836509637
11.67	0.0036641106470518873
11.68	0.003643391153386638
11.69	0.0036228064040434997
11.700000000000001	0.003602355408602393
11.71	0.0035820371847607195
11.72	0.0035618507582600247
11.73	0.003541795162813318
11.74	0.003521869440033128
11.75	0.0035020726393602654
11.76	0.0034824038179933235
11.77	0.0034628620408188007
11.78	0.003443446380341986
11.790000000000001	0.003424155916618477
11.8	0.003404989737186392
11.81	0.0033859469369992364
11.82	0.0033670266183594257
11.83	0.0033482278908524726
11.84	0.0033295498712818217
11.85	0.0033109916836042827
11.86	0.0032925524588661606
11.870000000000001	0.003274231335139939
11.88	0.0032560274574616383
11.89	0.003237939977768759
11.9	0.0032199680548388207
11.91	0.0032021108542285097
11.92	0.0031843675482134443
11.93	0.003166737315728464
11.94	0.0031492193423085725
11.950000000000001	0.0031318128200303838
11.96	0.0031145169474541927
11.97	0.0030973309295665684
11.98	0.0030802539777235248
11.99	0.00306328530959422
12.	0.003046424149105227
12.01	0.0030296697263853265
12.02	0.0030130212777108203
12.030000000000001	0.0029964780454514012
12.040000000000001	0.002980039278016526
12.05	0.0029637042298022846
12.06	0.0029474721611388384
12.07	0.0029313423382382846
12.08	0.0029153140331431068
12.09	0.0028993865236750373
12.1	0.0028835590933844754
12.11	0.0028678310315003543
12.120000000000001	0.0028522016328804867
12.13	0.002836670197962409
12.14	0.002821236032714668
12.15	0.0028058984485885958
12.16	0.002790656762470519
12.17	0.0027755102966344628
12.18	0.002760458378695248
12.19	0.0027455003415620895
12.200000000000001	0.0027306355233926044
12.21	0.0027158632675472675
12.22	0.002701182922544289
12.23	0.002686593842014933
12.24	0.0026720953846592565
12.25	0.0026576869142022662
12.26	0.0026433677993504667
12.27	0.0026291374137488695
12.280000000000001	0.0026143594298827185
12.290000000000001	0.0025992988720329644
12.3	0.002584337217293225
12.31	0.002569473736545564
12.32	0.0025547077066331177
12.33	0.0025400384103066013
12.34	0.002525465136171301
12.35	0.002510987178634588
12.36	0.002496603837853979
12.370000000000001	0.0024823144196856363
12.38	0.0024681182356334507
12.39	0.0024540146027985646
12.4	0.002440002843829385
12.41	0.0024260822868721267
12.42	0.0024122522655217983
12.43	0.002398512118773668
12.44	0.0023848611909752177
12.450000000000001	0.0023712988317785406
12.46	0.0023578243960932182
12.47	0.002344437244039654
12.48	0.002331136740902829
12.49	0.0023179222570865543
12.5	0.0023047931680681105
12.51	0.0022917488543533642
12.52	0.0022787887014323036
12.530000000000001	0.002265912099735007
12.540000000000001	0.002253118444588013
12.55	0.0022404071361711514
12.56	0.0022277775794747458
12.57	0.0022152291842572644
12.58	0.0022027613650033463
12.59	0.0021903735408822416
12.6	0.002178065135706664
12.61	0.0021658355778920177
12.620000000000001	0.0021536843004160196
12.63	0.0021416107407787074
12.64	0.0021296143409628423
12.65	0.0021176945473946576
12.66	0.00210585081090502
12.67	0.0020940825866909386
12.68	0.0020823893342774343
12.69	0.0020707705174797986
12.700000000000001	0.0020592256043661782
12.71	0.0020477540672205405
12.72	0.0020363553825059875
12.73	0.002025029030828385
12.74	0.002013774496900394
12.75	0.0020025912695057916
12.76	0.00199147884146415
12.77	0.0019804367095958585
12.780000000000001	0.0019694643746874523
12.790000000000001	0.0019585613414572892
12.8	0.0019477271185215452
12.81	0.0019369612183605172
12.82	0.001926263157285257
12.83	0.0019156324554045225
12.84	0.0019050686365920243
12.85	0.0018945712284539906
12.86	0.0018841397622970284
12.870000000000001	0.001873773773096308
12.88	0.0018634727994640073
12.89	0.0018532363836180944
12.9	0.0018430640713513597
12.91	0.0018329554120007792
12.92	0.00182290995841713
12.93	0.0018129272669349106
12.94	0.0018030068973425338
12.950000000000001	0.0017931484128527932
12.96	0.0017833513800736148
12.97	0.0017736153689790755
12.98	0.001763939952880683
12.99	0.001754324708398944
13.	0.001744769215435172
13.01	0.0017352730571435695
13.02	0.0017258358199035756
13.030000000000001	0.0017164570932924515
13.040000000000001	0.001707136470058132
13.05	0.0016978735460923243
13.06	0.0016886679204038651
13.07	0.0016795191950923025
13.08	0.001670426975321746
13.09	0.0016613908692949386
13.1	0.001652410488227577
13.11	0.0016434854463228748
13.120000000000001	0.0016346153607463317
13.13	0.0016257998516007752
13.14	0.001617038541901599
13.15	0.0016083310575522455
13.16	0.0015996943846887624
13.17	0.0015911137641058295
13.18	0.001582585629700414
13.19	0.0015741096209657738
13.200000000000001	0.0015656853801419533
13.21	0.001557312552192802
13.22	0.0015489907847831895
13.23	0.001540719728256439
13.24	0.0015324990356119623
13.25	0.0015243283624831057
13.26	0.0015162073671151728
13.27	0.0015081357103436817
13.280000000000001	0.0015001130555727894
13.290000000000001	0.0014921390687539383
13.3	0.001484213418364669
13.31	0.0014763357753876443
13.32	0.001468505813289859
13.33	0.0014607232080020367
13.34	0.0014529876378982006
13.35	0.0014452987837754604
13.36	0.001437656328833937
13.370000000000001	0.0014300599586569145
13.38	0.0014225093611911369
13.39	0.0014150042267272926
13.4	0.0014075442478806853
13.41	0.0014001291195720642
13.42	0.0013927585390086266
13.43	0.001385432205665205
13.44	0.0013781498212656108
13.450000000000001	0.0013709110897641423
13.46	0.0013637157173272722
13.47	0.001356563412315487
13.48	0.0013494538852652969
13.49	0.0013423868488713958
13.5	0.0013353620179689877
13.51	0.0013283791095162823
13.52	0.0013214378425771144
13.530000000000001	0.0013145379383037563
13.540000000000001	0.0013076791199198535
13.55	0.001300861112703535
13.56	0.0012940836439706493
13.57	0.0012873464430581713
13.58	0.001280649241307747
13.59	0.0012739917720493827
13.6	0.0012673737705852833
13.61	0.0012607949741738297
13.620000000000001	0.001254255122013699
13.63	0.0012477539552281332
13.64	0.001241291216849325
13.65	0.0012348666518029706
13.66	0.0012284800068929366
13.67	0.001222131030786073
13.68	0.0012158194739971548
13.69	0.001209545088873959
13.700000000000001	0.0012033076295824687
13.71	0.0011971068520922213
13.72	0.001190942514161761
13.73	0.001184814375324245
13.74	0.0011787221968731522
13.75	0.0011726657418481394
13.76	0.0011666447750210034
13.77	0.001160659062881776
13.780000000000001	0.0011547083736249415
13.790000000000001	0.0011487924771357652
13.8	0.001142911144976752
13.81	0.001137064150374213
13.82	0.0011312512682049624
13.83	0.0011254722749831126
13.84	0.0011197269488470059
13.85	0.0011140150695462421
13.86	0.001108336418428824
13.870000000000001	0.0011026907784284202
13.88	0.0010970779340517295
13.89	0.0010914976713659642
13.9	0.0010859497779864356
13.91	0.001080434043064246
13.92	0.0010749502572740953
13.93	0.0010694982128021864
13.94	0.001064077703334233
13.950000000000001	0.0010586885240435795
13.96	0.0010533304715794189
13.97	0.0010480033440551041
13.98	0.001042706941036583
13.99	0.0010374410635309024
14.	0.0010322055139748386
14.01	0.0010270000962236089
14.02	0.0010218246155396869
14.030000000000001	0.0010166788785817094
14.040000000000001	0.0010115626933934862
14.05	0.0010064758693930935
14.06	0.0010014182173620754
14.07	0.0009963895494347228
14.08	0.0009913896790874485
14.09	0.000986418421128263
14.1	0.0009824618401991863
14.11	0.0009787914287117158
14.120000000000001	0.0009751373154411435
14.13	0.0009714994165504599
14.14	0.0009678776486928026
14.15	0.0009642719290082522
14.16	0.0009606821751206394
14.17	0.0009571083051343832
14.18	0.0009535502376313568
14.19	0.0009500078916677619
14.200000000000001	0.0009464811867710386
14.21	0.0009429700429367925
14.22	0.0009394743806257404
14.23	0.0009359941207606871
14.24	0.0009325291847235178
14.25	0.0009290794943522068
14.26	0.0009256449719378632
14.27	0.0009222255402217836
14.280000000000001	0.0009188211223925298
14.290000000000001	0.0009154316420830346
14.3	0.0009120570233677142
14.31	0.0009086971907596191
14.32	0.0009053520692075869
14.33	0.0009020215840934329
14.34	0.0008987056612291445
14.35	0.00089540422685411
14.36	0.0008921172076323581
14.370000000000001	0.0008888445306498191
14.38	0.0008855861234116095
14.39	0.0008823419138393298
14.4	0.0008791118302683856
14.41	0.000875895801445326
14.42	0.0008726937565252056
14.43	0.0008695056250689567
14.44	0.0008663313370407872
14.450000000000001	0.0008631708228055924
14.46	0.0008600240131263948
14.47	0.0008568908391617839
14.48	0.0008537712324633942
14.49	0.0008506651249733839
14.5	0.000847572449021948
14.51	0.000844493137324834
14.52	0.0008414271229808828
14.530000000000001	0.0008383743394695889
14.540000000000001	0.0008353347206486698
14.55	0.0008323082007516615
14.56	0.000829294714385524
14.57	0.000826294196528269
14.58	0.0008233065825265988
14.59	0.0008203318080935675
14.6	0.0008173698093062552
14.61	0.0008144205226034589
14.620000000000001	0.0008114838847833998
14.63	0.0008085598330014487
14.64	0.0008056483047678628
14.65	0.0008027492379455425
14.66	0.0007998625707478031
14.67	0.0007969882417361609
14.68	0.0007941261898181348
14.69	0.000791276354245065
14.700000000000001	0.0007884386746099464
14.71	0.0007856130908452731
14.72	0.0007827995432209047
14.73	0.0007799979723419432
14.74	0.0007772083191466244
14.75	0.0007744305249042265
14.76	0.0007716645312129937
14.77	0.0007689102799980655
14.780000000000001	0.000766167713509437
14.790000000000001	0.0007634367743199154
14.8	0.000760717405323103
14.81	0.0007580095497313912
14.82	0.0007553131510739627
14.83	0.0007526281531948169
14.84	0.0007499545002508007
14.85	0.00074729213670966
14.86	0.0007446410073480969
14.870000000000001	0.000742001057249848
14.88	0.0007393722318037699
14.89	0.0007367544767019425
14.9	0.0007341477379377815
14.91	0.0007315519618041674
14.92	0.0007289670948915847
14.93	0.0007263930840862744
14.94	0.0007238298765684
14.950000000000001	0.0007212774198102275
14.96	0.0007187356615743127
14.97	0.0007162045499117073
14.98	0.0007136840331601735
14.99	0.0007111740599424112
15.	0.0007086745791642973
15.01	0.0007061855400131413
15.02	0.0007037068919559413
15.030000000000001	0.0007012385847376696
15.040000000000001	0.0006987805683795502
15.05	0.0006963327931773673
15.06	0.000693895209699769
15.07	0.0007008175673082088
15.08	0.0007184764443284019
15.09	0.0007365681305017564
15.1	0.0007551029363203144