0.01	3.0806436079284545
0.02	2.4364728948798304
0.03	2.2281626569409103
0.04	2.116597725553194
0.05	2.046376430501557
0.06	1.9945652446612274
0.07	1.95045532592591
0.08	1.9143355587282391
0.09	1.882410705536288
0.1	1.854329882148917
0.11	1.8278309481814061
0.12	1.8023391780113174
0.13	1.778019398513928
0.14	1.7536689183927865
0.15	1.7310024612061048
0.16	1.70770456561491
0.17	1.685928595487972
0.18	1.6640163483879258
0.19	1.6428598156399274
0.2	1.6227681307560706
0.21	1.6021563513349648
0.22	1.582747476033709
0.23	1.5639535551857213
0.24	1.5442002700480573
0.25	1.5254879301994733
0.26	1.507723218853846
0.27	1.4893180926876033
0.28	1.4714455276011238
0.29	1.4544035508195874
0.3	1.4381268574123245
0.31	1.4208740338919459
0.32	1.4042361900319065
0.33	1.3882963055536295
0.34	1.3730052457497217
0.35000000000000003	1.3576810695525174
0.36	1.3422540202050475
0.37	1.3274178562615218
0.38	1.3131348711455033
0.39	1.2993706767827151
0.4	1.2855786521274202
0.41000000000000003	1.2713547062924846
0.42	1.2576252871550395
0.43	1.2443620278303664
0.44	1.231538800251772
0.45	1.219131492358391
0.46	1.2066111446502437
0.47000000000000003	1.193950902906357
0.48	1.1816858925366924
0.49	1.169795919378843
0.5	1.1582622063400152
0.51	1.1470672679883696
0.52	1.136194798452365
0.53	1.124923684866826
0.54	1.1137262364295741
0.55	1.1028426739131933
0.56	1.0922587274504223
0.5700000000000001	1.0819610158768886
0.58	1.0719369769565983
0.59	1.062174804179833
0.6	1.0526633894147541
0.61	1.042549286487719
0.62	1.0326904946120603
0.63	1.0230804580878334
0.64	1.0137090991156303
0.65	1.0045668974250634
0.66	0.9956448514249641
0.67	0.9869344426018887
0.68	0.9784276028514225
0.6900000000000001	0.9700291693367721
0.7000000000000001	0.9610903697616819
0.71	0.952358995990824
0.72	0.9438274135500136
0.73	0.9354883699415812
0.74	0.9273349706172113
0.75	0.9193606567630876
0.76	0.9115591847385494
0.77	0.9039246070252521
0.78	0.8964512545578909
0.79	0.8891337203200278
0.8	0.8814077812855512
0.81	0.8737813628302824
0.8200000000000001	0.8663133030684506
0.8300000000000001	0.858998442018397
0.84	0.8518318473668712
0.85	0.8448088018589647
0.86	0.8379247915252459
0.87	0.8311754946815108
0.88	0.8245567716422276
0.89	0.8180646550938616
0.9	0.8116953410788715
0.91	0.8053331785608157
0.92	0.7985831551282112
0.93	0.7919617702255388
0.9400000000000001	0.7854652282501038
0.9500000000000001	0.7790898844145404
0.96	0.7728322372438706
0.97	0.7666889215194201
0.98	0.7606567016386843
0.99	0.754732465362662
1.	0.7489132179244009
1.01	0.743196076474507
1.02	0.737578264841233
1.03	0.7320571085844405
1.04	0.726630030324288
1.05	0.7209132907951931
1.06	0.7151513471384494
1.07	0.7094889142550243
1.08	0.7039233674266981
1.09	0.698452174626955
1.1	0.6930728924341129
1.11	0.6877831621598677
1.12	0.6825807061800768
1.1300000000000001	0.6774633244555145
1.1400000000000001	0.6724288912311864
1.1500000000000001	0.6674753519035632
1.16	0.662600720045818
1.17	0.6578030745818113
1.18	0.6530805571001929
1.19	0.6484313693005478
1.2	0.6437322530188452
1.21	0.6387886845812585
1.22	0.6339233021257163
1.23	0.6291342432991861
1.24	0.6244197047744802
1.25	0.6197779399221046
1.26	0.6152072565916904
1.27	0.6107060149970286
1.28	0.6062726256990961
1.29	0.6019055476818098
1.3	0.5976032865155656
1.31	0.5933643926039154
1.32	0.5891874595090185
1.33	0.5850711223517634
1.34	0.5810140562826954
1.35	0.577014975020115
1.36	0.5730726294519285
1.37	0.5691858062980186
1.3800000000000001	0.5651621370196572
1.3900000000000001	0.561032602442053
1.4000000000000001	0.5569625211038918
1.41	0.5529506214918514
1.42	0.54899566804851
1.43	0.5450964599112685
1.44	0.541251829703952
1.45	0.5374606423785409
1.46	0.5337217941046256
1.47	0.5300342112043062
1.48	0.5263968491303791
1.49	0.5228086914857815
1.5	0.5192687490823532
1.51	0.5157760590370989
1.52	0.5123296839042124
1.53	0.5089287108412295
1.54	0.5055722508077496
1.55	0.5022594377952545
1.56	0.4989894280866266
1.57	0.4957613995440372
1.58	0.4925144588494905
1.59	0.4890213513733653
1.6	0.4855746867630647
1.61	0.48217356301834435
1.62	0.47881710111494236
1.6300000000000001	0.4755044442820159
1.6400000000000001	0.4722347573065691
1.6500000000000001	0.46900722586370397
1.6600000000000001	0.46582105587158606
1.67	0.4626754728700719
1.68	0.45956972142199193
1.69	0.45650306453613676
1.7	0.4534747831110355
1.71	0.45048417539865965
1.72	0.447530556487227
1.73	0.44461325780231997
1.74	0.4417316266255675
1.75	0.4388850256301749
1.76	0.43607283243262146
1.77	0.4332944391598718
1.78	0.43054925203148375
1.79	0.42783669095601673
1.8	0.42515618914117503
1.81	0.4225071927171474
1.82	0.41966131462453365
1.83	0.4167895072920817
1.84	0.41395284232446095
1.85	0.41115070217869426
1.86	0.40838248342318983
1.87	0.40564759634159603
1.8800000000000001	0.40294546454982544
1.8900000000000001	0.40027552462573923
1.9000000000000001	0.39763722575101296
1.9100000000000001	0.3950300293647178
1.92	0.3924534088281783
1.93	0.38990684910068
1.94	0.38738984642562396
1.95	0.38490190802673907
1.96	0.3824425518139794
1.97	0.3800113060987514
1.98	0.3776077093181287
1.99	0.37523130976772756
2.	0.3728816653429287
2.0100000000000002	0.37055834328814463
2.02	0.36826091995384425
2.0300000000000002	0.3659889805610564
2.04	0.36374211897308883
2.05	0.3615199374742052
2.06	0.35932204655501626
2.07	0.35714806470435057
2.08	0.3549976182073782
2.09	0.3526374457069114
2.1	0.3502897327923047
2.11	0.3479686920043217
2.12	0.34567389605876875
2.13	0.3434049264885235
2.14	0.34116137342128
2.15	0.3389428353639031
2.16	0.33674891899316645
2.17	0.334579238952655
2.18	0.33243341765562484
2.19	0.3303110850936181
2.2	0.32821187865063906
2.21	0.3261354429227084
2.22	0.3240814295426115
2.23	0.3220494970096735
2.24	0.3200393105243924
2.25	0.3180505418277712
2.2600000000000002	0.31608286904519567
2.27	0.3141359765347093
2.2800000000000002	0.31220955473954376
2.29	0.31030330004476553
2.3000000000000003	0.30841691463790905
2.31	0.3065501063734665
2.32	0.3047025886411125
2.33	0.3028740802375449
2.34	0.3010643052418275
2.35	0.2992729928941248
2.36	0.2974998774777213
2.37	0.2957446982042251
2.38	0.29400719910185436
2.39	0.29226394948145173
2.4	0.2903641976748036
2.41	0.28848461688733607
2.42	0.28662491057873507
2.43	0.2847847877692089
2.44	0.2829639629128857
2.45	0.28116215577459697
2.46	0.27937909130994504
2.47	0.2776144995485518
2.48	0.2758681154803945
2.49	0.274139678945132
2.5	0.2724289345243345
2.5100000000000002	0.27073563143652507
2.52	0.2690595234349538
2.5300000000000002	0.2674003687080185
2.54	0.26575792978225543
2.5500000000000003	0.2641319734278243
2.56	0.2625222705664127
2.57	0.2609285961814891
2.58	0.2593507292308365
2.59	0.2577884525612996
2.6	0.2562415528256808
2.61	0.2547098204017236
2.62	0.25319304931312286
2.63	0.25169103715250424
2.64	0.25020358500631446
2.65	0.24873049738157132
2.66	0.2472715821344176
2.67	0.24582665040042925
2.68	0.24439551652662836
2.69	0.24297799800515255
2.7	0.2415739154085347
2.71	0.24018309232654883
2.72	0.23880535530457672
2.73	0.23744053378345575
2.74	0.2360884600407648
2.75	0.2346310883472455
2.7600000000000002	0.2331436624257301
2.77	0.23167099439742136
2.7800000000000002	0.2302128853500226
2.79	0.22876913975463578
2.8000000000000003	0.22733956539634953
2.81	0.22592397330649333
2.82	0.2245221776965105
2.83	0.22313399589340802
2.84	0.22175924827673793
2.85	0.22039775821707064
2.86	0.21904935201591852
2.87	0.21771385884707023
2.88	0.21639111069930064
2.89	0.21508094232041497
2.9	0.21378319116259636
2.91	0.2124976973290182
2.92	0.2112243035216903
2.93	0.20996285499050552
2.94	0.2087131994834538
2.95	0.20747518719797614
2.96	0.2062486707334252
2.97	0.2050335050446062
2.98	0.2038295473963691
2.99	0.2026366573192243
3.	0.20145469656595674
3.0100000000000002	0.2002835290692116
3.02	0.19912302090002745
3.0300000000000002	0.19797304022729156
3.04	0.196833457278096
3.0500000000000003	0.19570414429896846
3.06	0.19458497551795922
3.0700000000000003	0.19347582710755962
3.08	0.19237657714843345
3.09	0.19128710559393927
3.1	0.19020729423542437
3.11	0.18913702666827237
3.12	0.18807618825868325
3.13	0.18702466611117033
3.14	0.18598234903675448
3.15	0.18493729570322986
3.16	0.1837832842491852
3.17	0.18264008597031864
3.18	0.18150756591304829
3.19	0.1803855912252088
3.2	0.17927403111687423
3.21	0.17817275682203162
3.22	0.17708164156108297
3.23	0.17600056050415558
3.24	0.17492939073520186
3.25	0.1738680112168678
3.2600000000000002	0.17281630275611143
3.27	0.17177414797055518
3.2800000000000002	0.17074143125555102
3.29	0.16971803875194366
3.3000000000000003	0.16870385831451393
3.31	0.16769877948108616
3.3200000000000003	0.16670269344228336
3.33	0.16571549301191557
3.34	0.1647370725979849
3.35	0.16376732817429393
3.36	0.16280615725264275
3.37	0.16185345885559976
3.38	0.1609091334898347
3.39	0.15997308311999858
3.4	0.15904521114313924
3.41	0.15812542236363925
3.42	0.15721362296866437
3.43	0.15630972050411038
3.44	0.15541362385103688
3.45	0.1545252432025771
3.46	0.15364449004131228
3.47	0.1527712771171005
3.48	0.15190551842534866
3.49	0.15104712918571897
3.5	0.15019602582125816
3.5100000000000002	0.149352125937942
3.52	0.14851534830462346
3.5300000000000002	0.14768561283337722
3.54	0.146862840560231
3.5500000000000003	0.14604695362627415
3.56	0.14523787525913706
3.5700000000000003	0.14443552975483046
3.58	0.14363984245993966
3.59	0.14285073975416301
3.6	0.14206814903318868
3.61	0.14129199869190204
3.62	0.1404765854350757
3.63	0.1396093861278295
3.64	0.13874990392737727
3.65	0.13789804924127105
3.66	0.13705373375872829
3.67	0.1362168704288599
3.68	0.1353873734393274
3.69	0.13456515819541753
3.7	0.13375014129952614
3.71	0.13294224053104217
3.72	0.13214137482662278
3.73	0.13134746426085045
3.74	0.13056043002726486
3.75	0.12978019441976021
3.7600000000000002	0.12900668081434008
3.77	0.12823981365122322
3.7800000000000002	0.12747951841729074
3.79	0.12672572162886905
3.8000000000000003	0.12597835081483993
3.81	0.12523733450007163
3.8200000000000003	0.12450260218916359
3.83	0.12377408435049796
3.84	0.12305171240059182
3.85	0.12233541868874305
3.86	0.12162513648196445
3.87	0.12092079995019846
3.88	0.12022234415180878
3.89	0.11952970501934061
3.9	0.11884281934554584
3.91	0.11816162476966616
3.92	0.11748605976396966
3.93	0.11681606362053505
3.94	0.11615157643827854
3.95	0.11549253911021835
3.96	0.1148388933109716
3.97	0.11419058148447944
3.98	0.1135475468319549
3.99	0.1129097333000493
4.	0.11227708556923284
4.01	0.1116495490423845
4.0200000000000005	0.1110270698335875
4.03	0.11040959475712585
4.04	0.10979707131667768
4.05	0.10918944769470192
4.0600000000000005	0.10858667274201363
4.07	0.1079886959675453
4.08	0.10739546752828882
4.09	0.10680693821941618
4.1	0.10622305946457371
4.11	0.10564378330634777
4.12	0.1050690623968975
4.13	0.10449884998875167
4.14	0.10393309992576638
4.15	0.10337176663424048
4.16	0.10274282987318671
4.17	0.10210838603494646
4.18	0.10147936551201886
4.19	0.10085570913654646
4.2	0.10023735852526379
4.21	0.09962425606725778
4.22	0.09901634491194762
4.23	0.09841356895727982
4.24	0.09781587283813367
4.25	0.09722320191493332
4.26	0.09663550226246177
4.2700000000000005	0.09605272065887369
4.28	0.09547480457490155
4.29	0.09490170216325321
4.3	0.09433336224819497
4.3100000000000005	0.09376973431531826
4.32	0.0932107685014853
4.33	0.09265641558495026
4.34	0.092106626975653
4.3500000000000005	0.09156135470568134
4.36	0.09102055141989902
4.37	0.09048417036673574
4.38	0.08995216538913667
4.39	0.08942449091566732
4.4	0.08890110195177206
4.41	0.08838195407118221
4.42	0.08786700340747124
4.43	0.08735620664575429
4.44	0.08684952101452913
4.45	0.08634690427765596
4.46	0.08584831472647289
4.47	0.08535371117204538
4.48	0.08486305293754622
4.49	0.08437629985076413
4.5	0.08389341223673819
4.51	0.08341435091051592
4.5200000000000005	0.08293907717003254
4.53	0.0824675527891093
4.54	0.08199974001056827
4.55	0.0815356015394619
4.5600000000000005	0.08107510053641477
4.57	0.08061820061107548
4.58	0.08016486581567697
4.59	0.07971506063870293
4.6000000000000005	0.07926874999865827
4.61	0.07882589923794193
4.62	0.07838647411682007
4.63	0.07795044080749768
4.64	0.07751776588828693
4.65	0.07708841633787047
4.66	0.07666235952965775
4.67	0.07623956322623282
4.68	0.0758199955738921
4.69	0.0754036250972699
4.7	0.07499042069405087
4.71	0.07458035162976719
4.72	0.07417338753267907
4.73	0.07376949838873748
4.74	0.07336865453662698
4.75	0.0729708266628877
4.76	0.07257598579711481
4.7700000000000005	0.07216055891763191
4.78	0.0717077196231164
4.79	0.07125865957819971
4.8	0.07081333945110256
4.8100000000000005	0.07037172040013413
4.82	0.06993376406658307
4.83	0.06949943256772667
4.84	0.06906868848995498
4.8500000000000005	0.06864149488200838
4.86	0.0682178152483264
4.87	0.0677976135425055
4.88	0.06738085416086394
4.89	0.066967501936112
4.9	0.06655752213112524
4.91	0.06615088043281905
4.92	0.06574754294612287
4.93	0.06534747618805176
4.94	0.06495064708187417
4.95	0.06455702295137375
4.96	0.06416657151520332
4.97	0.06377926088133005
4.98	0.06339505954156952
4.99	0.06301393636620722
5.	0.0626358605987062
5.01	0.0622608018504989
5.0200000000000005	0.06188873009586223
5.03	0.06151961566687357
5.04	0.061153429248447154
5.05	0.060790141873448805
5.0600000000000005	0.06042972491788767
5.07	0.06007215009618418
5.08	0.059717389456511887
5.09	0.059365415376212816
5.1000000000000005	0.05901620055728449
5.11	0.05866971802193755
5.12	0.05832594110822271
5.13	0.0579848434657258
5.14	0.05764639905132973
5.15	0.05731058212504227
5.16	0.05697736724588834
5.17	0.0566467292678659
5.18	0.056318643335964126
5.19	0.055993084882242895
5.2	0.05567002962197263
5.21	0.05534945354983316
5.22	0.05503133293617093
5.23	0.05471564432331336
5.24	0.054402364521939264
5.25	0.05409147060750482
5.26	0.05378293991672347
5.2700000000000005	0.05347675004409939
5.28	0.05317287883851349
5.29	0.05287130439986087
5.3	0.052572005075738885
5.3100000000000005	0.05227495945818533
5.32	0.05198014638046534
5.33	0.051687544913906563
5.34	0.05139713436478182
5.3500000000000005	0.05110889427123805
5.36	0.05082280440027132
5.37	0.0505388447447467
5.38	0.05025699552046236
5.39	0.04997723716325738
5.4	0.04969955032616212
5.41	0.04942391587659092
5.42	0.049150314893576005
5.43	0.04887872866504219
5.44	0.04860913868512156
5.45	0.04834152665150764
5.46	0.04807587446284817
5.47	0.04781216421617596
5.48	0.04751474932869568
5.49	0.047207928535528056
5.5	0.046903641967401745
5.51	0.04660186414181424
5.5200000000000005	0.046302569878092344
5.53	0.0460057342932789
5.54	0.045711332798083024
5.55	0.04541934109289265
5.5600000000000005	0.04512973516384819
5.57	0.04484249127897645
5.58	0.04455758598438359
5.59	0.04427499610050614
5.6000000000000005	0.04399469871841935
5.61	0.04371667119620156
5.62	0.043440891155353725
5.63	0.04316733647727331
5.64	0.04289598529978161
5.65	0.042626816013703286
5.66	0.04235980725949765
5.67	0.04209493792394073
5.68	0.041832187136856935
5.69	0.04157153426789991
5.7	0.04131295892338161
5.71	0.04105644094314868
5.72	0.0408019603975055
5.73	0.040549497584182984
5.74	0.04029903302535252
5.75	0.04005054746468422
5.76	0.039804021864448744
5.7700000000000005	0.039559437402662004
5.78	0.039316775470271896
5.79	0.03907601766838685
5.8	0.03883714580554468
5.8100000000000005	0.03860014189502197
5.82	0.038364988152182686
5.83	0.03813166699186563
5.84	0.03790016102581022
5.8500000000000005	0.03767045306011958
5.86	0.03744252609276081
5.87	0.03721636331110144
5.88	0.03699194808948174
5.89	0.03676926398682217
5.9	0.03654829474426543
5.91	0.03632902428285262
5.92	0.03611143670123279
5.93	0.03589551627340556
5.94	0.035681247446496096
5.95	0.035468614838562215
5.96	0.035257603236432504
5.97	0.03504819759357566
5.98	0.034840383028000174
5.99	0.03463414482018389
6.	0.03442946841103309
6.01	0.0342263393998704
6.0200000000000005	0.03402474354245146
6.03	0.03382466674900952
6.04	0.03362609508232761
6.05	0.03342901475583811
6.0600000000000005	0.03323341213174892
6.07	0.033039273719196016
6.08	0.032846586172421983
6.09	0.03265533628898
6.1000000000000005	0.032465511007963084
6.11	0.03227709740825792
6.12	0.03209008270682312
6.13	0.03190445425699154
6.140000000000001	0.031720199546795926
6.15	0.03153730619731821
6.16	0.03135576196106128
6.17	0.03117555472034351
6.18	0.0309966724857154
6.19	0.030819103394398004
6.2	0.030642835708742995
6.21	0.030467857814713718
6.22	0.030294158220387196
6.23	0.03012172555447666
6.24	0.02995054856487424
6.25	0.029780616117213627
6.26	0.029611917193452235
6.2700000000000005	0.029444440890472764
6.28	0.029278176418703724
6.29	0.029096907257192235
6.3	0.028909222462340404
6.3100000000000005	0.02872304309898884
6.32	0.028538354734821827
6.33	0.028355143098410203
6.34	0.028173394077167492
6.3500000000000005	0.027993093715335267
6.36	0.027814228211997045
6.37	0.027636783919120594
6.38	0.027460747339627764
6.390000000000001	0.0272861051254919
6.4	0.027112844075862022
6.41	0.02694095113521359
6.42	0.026770413391525215
6.43	0.026601218074481108
6.44	0.026433352553698875
6.45	0.02626680433698206
6.46	0.026101561068597234
6.47	0.025937610527575105
6.48	0.02577494062603559
6.49	0.025613539407535895
6.5	0.02545339504544197
6.51	0.025294495841322304
6.5200000000000005	0.02513683022336423
6.53	0.02498038674481205
6.54	0.02482515408242689
6.55	0.02467112103496772
6.5600000000000005	0.024518276521693482
6.57	0.024366609580885667
6.58	0.024216109368391407
6.59	0.024066765156186477
6.6000000000000005	0.02391856633095798
6.61	0.02377150239270656
6.62	0.02362556295336761
6.63	0.02348073773545137
6.640000000000001	0.02333701657070152
6.65	0.02319438939877217
6.66	0.023052846265922536
6.67	0.0229123773237297
6.68	0.022772972827818545
6.69	0.022634623136608974
6.7	0.02249731871008011
6.71	0.022361050108551037
6.72	0.02222580799147805
6.73	0.02209158311626813
6.74	0.021949031554713932
6.75	0.021804273358658532
6.76	0.02166068205355449
6.7700000000000005	0.02151824652778262
6.78	0.021376955791724418
6.79	0.021236798976245336
6.8	0.021097765331199014
6.8100000000000005	0.020959844223952345
6.82	0.020823025137930915
6.83	0.020687297671184525
6.84	0.020552651534972505
6.8500000000000005	0.020419076552368593
6.86	0.020286562656884888
6.87	0.02015509989111488
6.88	0.0200246784053949
6.890000000000001	0.019895288456484056
6.9	0.019766920406262215
6.91	0.019639564720445632
6.92	0.019513211967320317
6.93	0.019387852816492475
6.94	0.019263478037656007
6.95	0.0191400784993768
6.96	0.019017645167893418
6.97	0.01889616910593407
6.98	0.01877564147154962
6.99	0.018656053516962277
7.	0.01853739658742988
7.01	0.01841966212012544
7.0200000000000005	0.018302841643031777
7.03	0.018186926773850948
7.04	0.018071909218928355
7.05	0.01795778077219123
7.0600000000000005	0.017844533314101345
7.07	0.01773215881062163
7.08	0.01762064931219665
7.09	0.01750999695274664
7.1000000000000005	0.017400193948674852
7.11	0.017291232597888243
7.12	0.01718310527883087
7.13	0.017075804449530396
7.140000000000001	0.016969322646656966
7.15	0.01686365248459464
7.16	0.016758786654525036
7.17	0.01665471792352298
7.18	0.016551439133664157
7.19	0.016448943201144366
7.2	0.01634722311541041
7.21	0.01624627193830232
7.22	0.016139627212029727
7.23	0.01602926218845254
7.24	0.015919802838014252
7.25	0.015811240493045314
7.26	0.015703566580621824
7.2700000000000005	0.015596772621401305
7.28	0.01549085022847439
7.29	0.015385791106232108
7.3	0.015281587049248655
7.3100000000000005	0.015178229941179256
7.32	0.015075711753673055
7.33	0.014974024545300663
7.34	0.014873160460496292
7.3500000000000005	0.014773111728514119
7.36	0.014673870662398782
7.37	0.014575429657969641
7.38	0.014477781192818891
7.390000000000001	0.014380917825322963
7.4	0.0142848321936673
7.41	0.014189517014884169
7.42	0.014094965083903285
7.43	0.014001169272615296
7.44	0.013908122528947563
7.45	0.013815817875952412
7.46	0.013724248410907452
7.47	0.013633407304427875
7.48	0.013543287799590544
7.49	0.013453883211069686
7.5	0.01336518692428401
7.51	0.013277192394555194
7.5200000000000005	0.013189893146277309
7.53	0.013103282772097435
7.54	0.013017354932106854
7.55	0.012932103353042982
7.5600000000000005	0.012847521827501799
7.57	0.012763604213160579
7.58	0.012680344432010802
7.59	0.012597736469601096
7.6000000000000005	0.012515774374290125
7.61	0.012434452256509175
7.62	0.012353764288034363
7.63	0.012273704701268312
7.640000000000001	0.012194267788531199
7.65	0.012115447901360965
7.66	0.01203723944982263
7.67	0.011959636901826552
7.68	0.011882634782455425
7.69	0.011806227673300102
7.7	0.011730410211803896
7.71	0.011655177090615356
7.72	0.0115805230569493
7.73	0.011506442911956207
7.74	0.011424849628177683
7.75	0.011343847258340437
7.76	0.011263522539831148
7.7700000000000005	0.01118386894120931
7.78	0.011104880002276806
7.79	0.01102654933321075
7.8	0.010948870613707714
7.8100000000000005	0.010871837592139728
7.82	0.01079544408472132
7.83	0.01071968397468795
7.84	0.01064455121148521
7.8500000000000005	0.010570039809969041
7.86	0.010496143849616432
7.87	0.010422857473746796
7.88	0.010350174888753557
7.890000000000001	0.010278090363346128
7.9	0.010206598227801667
7.91	0.010135692873227086
7.92	0.010065368750830491
7.930000000000001	0.009995620371202553
7.94	0.00992644230360715
7.95	0.009857829175281408
7.96	0.009789775670745085
7.97	0.009722276531118818
7.98	0.00965532655345156
7.99	0.009588920590056624
8.	0.009523053547856607
8.01	0.009457720387736727
8.02	0.009392916123906771
8.03	0.00932863582327121
8.040000000000001	0.009264874604807663
8.05	0.009201627638953358
8.06	0.009138890146999635
8.07	0.00907665740049426
8.08	0.00901492472065155
8.09	0.008953687477770063
8.1	0.008892941090657941
8.11	0.008832681026065513
8.120000000000001	0.00877290279812542
8.13	0.008713601967799772
8.14	0.00865477414233457
8.15	0.008596414974721009
8.16	0.008538520163163877
8.17	0.008481085450556576
8.18	0.008424106623962997
8.19	0.008367579514106037
8.2	0.00831149999486253
8.21	0.008255863982764783
8.22	0.008200667436508354
8.23	0.00814590635646615
8.24	0.00809157678420868
8.25	0.00803767480203044
8.26	0.007984196532482274
8.27	0.007931138137909676
8.28	0.007878495819996926
8.290000000000001	0.007821929525871293
8.3	0.007764023561487339
8.31	0.007706615228152456
8.32	0.007649699658201719
8.33	0.007593272037352525
8.34	0.0075373276040560985
8.35	0.00748186164885756
8.36	0.0074268695137645726
8.370000000000001	0.007372346591624354
8.38	0.007318288325508958
8.39	0.007264690208108737
8.4	0.00721154778113383
8.41	0.00715885663472352
8.42	0.007106612406863521
8.43	0.007054810782810789
8.44	0.0070034474945261105
8.45	0.006952518320113966
8.46	0.006902019083269951
8.47	0.006851945652735279
8.48	0.0068022939417586225
8.49	0.006753059907564823
8.5	0.006704239550830753
8.51	0.0066558289151678485
8.52	0.00660782408661154
8.53	0.006560221193117249
8.540000000000001	0.006513016404063061
8.55	0.006466205929758707
8.56	0.00641978602096115
8.57	0.006373752968396222
8.58	0.006328103102286682
8.59	0.006282832791886229
8.6	0.006237938445019661
8.61	0.0061934165076288706
8.620000000000001	0.00614926346332482
8.63	0.006105475832945189
8.64	0.006062050174117797
8.65	0.006018983080829568
8.66	0.005976271183001143
8.67	0.005933911146066835
8.68	0.0058918996705600545
8.69	0.005850233491704006
8.700000000000001	0.005808909379007636
8.71	0.005767924135866735
8.72	0.005727274599170137
8.73	0.005686957638910933
8.74	0.005646970157802653
8.75	0.005607309090900317
8.76	0.005567971405226288
8.77	0.00552895409940091
8.78	0.005490254203277786
8.790000000000001	0.005451868777583712
8.8	0.005413794913563142
8.81	0.005376029732627158
8.82	0.005338570386006842
8.83	0.005301414054411082
8.84	0.0052645579476886
8.85	0.005227999304494292
8.86	0.005191735391959777
8.870000000000001	0.005155763505367967
8.88	0.005118312164357053
8.89	0.005079149941699229
8.9	0.005040330887619516
8.91	0.0050018516144920075
8.92	0.004963708771880157
8.93	0.004925899046087399
8.94	0.00488841915971382
8.950000000000001	0.004851265871218541
8.96	0.004814435974487987
8.97	0.004777926298409664
8.98	0.004741733706451737
8.99	0.00470585509624792
9.	0.004670287399187944
9.01	0.0046350275800132925
9.02	0.004600072636418309
9.03	0.004565419598656375
9.040000000000001	0.0045310655291514075
9.05	0.004497007522114222
9.06	0.00446324270316405
9.07	0.004429768228954852
9.08	0.004396581286806567
9.09	0.004363679094341098
9.1	0.004331058899123012
9.11	0.004298717978304934
9.120000000000001	0.004266653638277449
9.13	0.004234863214323595
9.14	0.004203344070277765
9.15	0.004172093598189039
9.16	0.004141109217988801
9.17	0.00411038837716269
9.18	0.004079928550426695
9.19	0.004049727239407474
9.200000000000001	0.00401978197232669
9.21	0.003990090303689483
9.22	0.003960649813976814
9.23	0.003931458109341862
9.24	0.003902512821310154
9.25	0.0038738116064836654
9.26	0.0038453521462485456
9.27	0.003817132146486674
9.28	0.003789149337290793
9.290000000000001	0.0037614014726833457
9.3	0.003733886330338761
9.31	0.003706601711309379
9.32	0.0036795454397547393
9.33	0.0036527153626743705
9.34	0.0036261093496438835
9.35	0.0035997252925544427
9.36	0.003573561105355495
9.370000000000001	0.00354761472380073
9.38	0.003521884105197262
9.39	0.0034963672281579238
9.4	0.0034710620923566887
9.41	0.0034459667182871515
9.42	0.003421079147024034
9.43	0.003396397439987666
9.44	0.003371919678711415
9.450000000000001	0.0033476439646120074
9.46	0.0033235684187627157
9.47	0.0032996911816693874
9.48	0.0032760104130492196
9.49	0.003252524291612309
9.5	0.003229231014845921
9.51	0.0032061287988014078
9.52	0.0031812843722116377
9.53	0.0031566355690190655
9.540000000000001	0.0031322032974496735
9.55	0.003107985431355572
9.56	0.0030839798676605364
9.57	0.0030601845260858755
9.58	0.0030365973488798467
9.59	0.0030132163005505653
9.6	0.002990039367602329
9.61	0.0029670645582753844
9.620000000000001	0.002944289902288964
9.63	0.0029217134505877223
9.64	0.0028993332750913156
9.65	0.0028771474684472997
9.66	0.002855154143787082
9.67	0.0028333514344851016
9.68	0.0028117374939210056
9.69	0.002790310495244899
9.700000000000001	0.002769068631145576
9.71	0.0027480101136217157
9.72	0.002727133173755965
9.73	0.0027064360614919296
9.74	0.0026859170454139464
9.75	0.0026655744125297165
9.76	0.0026454064680556137
9.77	0.0026254115352047887
9.78	0.0026055879549778827
9.790000000000001	0.002585934085956455
9.8	0.002566448304098954
9.81	0.002547129002539287
9.82	0.002527974591387953
9.83	0.002508983497535623
9.84	0.0024901541644592436
9.85	0.0024714850520305308
9.86	0.0024529746363269036
9.870000000000001	0.0024346214094447456
9.88	0.0024164238793150596
9.89	0.002398380569521365
9.9	0.002380490019119927
9.91	0.002362750782462176
9.92	0.0023451614290193987
9.93	0.002327720543209557
9.94	0.002310426724226315
9.950000000000001	0.0022932785858701286
9.96	0.0022762747563815043
9.97	0.002259413878276271
9.98	0.002242694608182915
9.99	0.0022261156166819267
10.	0.0022096755881471503
10.01	0.0021933732205890425
10.02	0.0021772072254999495
10.03	0.0021611763277012076
10.040000000000001	0.002145279265192177
10.05	0.0021295147890011256
10.06	0.0021138816630379325
10.07	0.002098378663948621
10.08	0.0020830045809716534
10.09	0.0020677582157960137
10.1	0.002052638382421
10.11	0.002037643907017756
10.120000000000001	0.002022773627792488
10.13	0.0020080263948513417
10.14	0.001993401070066941
10.15	0.001978896526946543
10.16	0.0019645116505018143
10.17	0.0019502453371201673
10.18	0.0019360964944376757
10.19	0.001922064041213533
10.200000000000001	0.001908025013309581
10.21	0.0018940987278575747
10.22	0.0018802875717296458
10.23	0.0018665904818884272
10.24	0.0018530064061373043
10.25	0.0018395343029994318
10.26	0.0018261731415982068
10.27	0.0018129219015391934
10.28	0.0017997795727934837
10.290000000000001	0.0017867451555824497
10.3	0.001773817660263914
10.31	0.0017609961072196645
10.32	0.0017482795267443443
10.33	0.0017356669589356731
10.34	0.0017231574535859894
10.35	0.0017107500700750912
10.36	0.001698443877264374
10.370000000000001	0.001686237953392227
10.38	0.0016741313859706954
10.39	0.0016621232716833563
10.4	0.001650212716284451
10.41	0.0016383988344991882
10.42	0.0016266807499252577
10.43	0.00161505759493551
10.44	0.0016035285105818033
10.450000000000001	0.0015920926464999784
10.46	0.0015807491608159933
10.47	0.001569497220053129
10.48	0.0015583359990403417
10.49	0.001547264680821676
10.5	0.0015362824565667498
10.51	0.0015253885254823158
10.52	0.001514582094724845
10.53	0.001503862379314175
10.540000000000001	0.0014932286020481313
10.55	0.0014826799934182112
10.56	0.0014722157915262055
10.57	0.0014618352420018492
10.58	0.001451537597921397
10.59	0.0014413221197271966
10.6	0.001431188075148166
10.61	0.0014211347391212474
10.620000000000001	0.0014111613937137215
10.63	0.0014012673280465035
10.64	0.0013914518382182651
10.65	0.0013817142272305005
10.66	0.0013720538049134224
10.67	0.0013624698878527506
10.68	0.0013529617993173408
10.69	0.0013435288691876625
10.700000000000001	0.001334170433885091
10.71	0.001324885836302054
10.72	0.0013156744257329467
10.73	0.001306535557805885
10.74	0.0012974685944152234
10.75	0.00128847290365487
10.76	0.0012795478597523607
10.77	0.0012706928430037043
10.78	0.0012619072397089728
10.790000000000001	0.0012531904421086359
10.8	0.0012445418483206315
10.81	0.0012359608622781548
10.82	0.0012274468936681706
10.83	0.001218999357870622
10.84	0.0012106176758983427
10.85	0.0012023012743376594
10.86	0.0011940495852896737
10.870000000000001	0.0011858620463122082
10.88	0.0011777381003624265
10.89	0.0011696771957401073
10.9	0.001161678786031556
10.91	0.0011537423300541697
10.92	0.0011460403621288723
10.93	0.0011400846719259049
10.94	0.0011341653360360502
10.950000000000001	0.0011282820996209092
10.96	0.0011224347098588471
10.97	0.0011166229159272302
10.98	0.0011108464689848026
10.99	0.001105105122154258
11.	0.0010993986305049656
11.01	0.0010937267510358803
11.02	0.0010880892426585926
11.03	0.0010824858661805752
11.040000000000001	0.0010769163842885554
11.05	0.0010713805615320843
11.06	0.0010658781643072327
11.07	0.0010604089608404676
11.08	0.001054972721172668
11.09	0.0010495692171433103
11.1	0.0010441982223747836
11.11	0.001038859512256881
11.120000000000001	0.0010335528639314174
11.13	0.0010282780562770137
11.14	0.001023034869894008
11.15	0.001017823087089532
11.16	0.0010126424918627073
11.17	0.0010074928698900045
11.18	0.001002374008510724
11.19	0.0009972856967126304
11.200000000000001	0.0009922277251177174
11.21	0.0009871998859680977
11.22	0.000982201973112048
11.23	0.0009772337819901685
11.24	0.0009722951096216902
11.25	0.0009673857545908869
11.26	0.0009625055170336507
11.27	0.00095765419862416
11.28	0.0009528316025616997
11.290000000000001	0.0009480375335575904
11.3	0.0009432717978222478
11.31	0.0009385342030523616
11.32	0.0009338245584181987
11.33	0.0009291426745510216
11.34	0.0009244883635306281
11.35	0.000919861438873004
11.36	0.0009152617155181021
11.370000000000001	0.0009106890098177189
11.38	0.0009061431395235066
11.39	0.0009016239237750734
11.4	0.0008971311830882175
11.41	0.0008926647393432531
11.42	0.0008882244157734597
11.43	0.0008838100369536303
11.44	0.0008794214287887271
11.450000000000001	0.0008750584185026496
11.46	0.0008707208346270979
11.47	0.0008664085069905463
11.48	0.0008621212667073168
11.49	0.0008578589461667573
11.5	0.0008536213790225139
11.51	0.0008494084001819071
11.52	0.000845219845795406
11.53	0.0008410555532462005
11.540000000000001	0.0008369153611398678
11.55	0.0008327991092941362
11.56	0.0008287066387287417
11.57	0.0008246377916553788
11.58	0.0008205924114677462
11.59	0.0008165703427316821
11.6	0.0008125714311753862
11.61	0.0008085955236797403
11.620000000000001	0.000804642468268712
11.63	0.0008007121140998471
11.64	0.0007968043114548491
11.65	0.0007929189117302461
11.66	0.0007890557674281448
11.67	0.0007852147321470609
11.68	0.0008033951505096815
11.69	0.0008322488626827439
11.700000000000001	0.0008621128367761943