0.01	3.0813184272687297
0.02	2.4887376534305523
0.03	2.2985953543345077
0.04	2.1966080686046023
0.05	2.1306685261192406
0.06	2.078342611001848
0.07	2.035728309461773
0.08	1.9981795693103506
0.09	1.9657549688440492
0.1	1.9361877012842719
0.11	1.9084036838401544
0.12	1.8805413935818647
0.13	1.8539149050898258
0.14	1.8285262680241754
0.15	1.8030674595246725
0.16	1.7787012687252295
0.17	1.7545965595192143
0.18	1.7311248270652402
0.19	1.7088960398578603
0.2	1.6863447269277705
0.21	1.6651701520013584
0.22	1.6441343947677873
0.23	1.62237774302067
0.24	1.6018170245501988
0.25	1.5820425839739065
0.26	1.5616408980314238
0.27	1.542257701236659
0.28	1.5238071595812224
0.29	1.5052234255550285
0.3	1.4863950450761443
0.31	1.4684081919004015
0.32	1.4511998760831246
0.33	1.4343565134551126
0.34	1.417111407234938
0.35000000000000003	1.400564660536553
0.36	1.3846692205004696
0.37	1.3693824004606272
0.38	1.3540292343585483
0.39	1.3382625995789732
0.4	1.3230718574299491
0.41000000000000003	1.3084223465765878
0.42	1.2942822727035879
0.43	1.2806224098014316
0.44	1.2664779014856473
0.45	1.2525954873350955
0.46	1.2391654087699084
0.47000000000000003	1.2261635649229277
0.48	1.21356761699484
0.49	1.2013568259141205
0.5	1.1890726682689954
0.51	1.1765547730058008
0.52	1.164407935583427
0.53	1.1526143330035281
0.54	1.1411573139523925
0.55	1.1300213017843914
0.56	1.119191707134345
0.5700000000000001	1.1085865131052288
0.58	1.0974039876416954
0.59	1.086522556496154
0.6	1.0759292121703168
0.61	1.0656117138393706
0.62	1.0555585304864075
0.63	1.045758789093221
0.64	1.0362022273656415
0.65	1.0268791505326624
0.66	1.0171969012654796
0.67	1.0074246066698087
0.68	0.9978889036843159
0.6900000000000001	0.9885807096527837
0.7000000000000001	0.9794914156952977
0.71	0.9706128556535847
0.72	0.9619372774759773
0.73	0.9534573168194651
0.74	0.945165972669351
0.75	0.937056584797401
0.76	0.9284474799170896
0.77	0.9199970001967864
0.78	0.9117309966313892
0.79	0.9036431534902996
0.8	0.8957274476580314
0.81	0.8879781316253224
0.8200000000000001	0.8803897176646588
0.8300000000000001	0.8729569630944372
0.84	0.86567485654478
0.85	0.8585386051459165
0.86	0.8515436225671293
0.87	0.8441042647752907
0.88	0.8367019306775708
0.89	0.8294470609852472
0.9	0.8223351100877592
0.91	0.8153617209675507
0.92	0.8085227154081583
0.93	0.8018140848106518
0.9400000000000001	0.7952319815745541
0.9500000000000001	0.7887727110029633
0.96	0.7824327236948551
0.97	0.7762086083905267
0.98	0.770097085238831
0.99	0.7640529372313528
1.	0.7575743216796214
1.01	0.751214289322364
1.02	0.7449695274742374
1.03	0.7388368472785689
1.04	0.7328131779316126
1.05	0.7268955612286861
1.06	0.7210811464113753
1.07	0.7153671852965315
1.08	0.7097510276691801
1.09	0.7042301169227498
1.1	0.6988019859312183
1.11	0.6934642531388571
1.12	0.6882146188542612
1.1300000000000001	0.6830508617362805
1.1400000000000001	0.6777669465018493
1.1500000000000001	0.6722850502543307
1.16	0.6668943822855373
1.17	0.661592657413695
1.18	0.6563776665851894
1.19	0.6512472737198407
1.2	0.6461994127121149
1.21	0.6412320845793403
1.22	0.6363433547485786
1.23	0.6315313504743306
1.24	0.6267942583797691
1.25	0.6221303221146433
1.26	0.6175378401234417
1.27	0.6130151635177902
1.28	0.608560694047443
1.29	0.6041728821645694
1.3	0.5998502251763604
1.31	0.5953612266221692
1.32	0.5907791760588976
1.33	0.5862665744135883
1.34	0.5818218586780155
1.35	0.5774435123374052
1.36	0.5731300636557592
1.37	0.5688800840364711
1.3800000000000001	0.5646921864544037
1.3900000000000001	0.560565023955826
1.4000000000000001	0.5564972882228018
1.41	0.5524877081988306
1.42	0.5485350487727091
1.43	0.5446381095177608
1.44	0.5407957234837327
1.45	0.5370067560388149
1.46	0.5332701037593701
1.47	0.5295846933651007
1.48	0.5259494806974955
1.49	0.5223634497395206
1.5	0.5187226679586274
1.51	0.5148488751672597
1.52	0.5110292960975342
1.53	0.5072628227966985
1.54	0.5035483769994724
1.55	0.49988490914625217
1.56	0.4962713974398689
1.57	0.4927068469391482
1.58	0.4891902886876099
1.59	0.4857207788757405
1.6	0.4822973980353342
1.61	0.47891925026448895
1.62	0.4755854624819082
1.6300000000000001	0.4722951837092257
1.6400000000000001	0.46904758438013744
1.6500000000000001	0.46584185567518305
1.6600000000000001	0.46267720888107433
1.67	0.45955287477352486
1.68	0.4564681030225829
1.69	0.4534221616195209
1.7	0.4504143363243753
1.71	0.44744393013327693
1.72	0.4444838964928139
1.73	0.44126563485421283
1.74	0.4380890232792432
1.75	0.43495328799245275
1.76	0.4318576739052432
1.77	0.42880144406162746
1.78	0.42578387910344434
1.79	0.42280427675424326
1.8	0.4198619513210861
1.81	0.4169562332135516
1.82	0.4140864684792522
1.83	0.4112520183552158
1.84	0.40845225883450054
1.85	0.4056865802474512
1.86	0.4029543868570243
1.87	0.4002550964676358
1.8800000000000001	0.3975881400470126
1.8900000000000001	0.39495296136054564
1.9000000000000001	0.3923490166176715
1.9100000000000001	0.3897757741298226
1.92	0.38723271397951137
1.93	0.38471932770012945
1.94	0.38223511796606185
1.95	0.37977959829273183
1.96	0.3773522927462105
1.97	0.3749527356620383
1.98	0.3724115800841829
1.99	0.36979381889961965
2.	0.3672074422806407
2.0100000000000002	0.3646519198391637
2.02	0.3621267327292151
2.0300000000000002	0.35963137334018913
2.04	0.35716534499972263
2.05	0.35472816168583565
2.06	0.3523193477480074
2.07	0.34993843763686844
2.08	0.3475849756422014
2.09	0.3452585156389582
2.1	0.34295862084100864
2.11	0.34068486356235395
2.12	0.3384368249855406
2.13	0.3362140949370266
2.14	0.3340162716692601
2.15	0.3318429616492392
2.16	0.32969377935332994
2.17	0.327568347068132
2.18	0.3254662946971839
2.19	0.32338725957331305
2.2	0.321330886276439
2.21	0.3192968264566496
2.22	0.3172847386623714
2.23	0.3152942881734693
2.24	0.3133251468391087
2.25	0.3113769929202275
2.2600000000000002	0.3094495109364636
2.27	0.3074619841483648
2.2800000000000002	0.3053584794487992
2.29	0.3032784774491068
2.3000000000000003	0.30122161463089386
2.31	0.2991875346457775
2.32	0.2971758881437051
2.33	0.2951863326061047
2.34	0.2932185321837077
2.35	0.29127215753889374
2.36	0.2893468856924157
2.37	0.28744239987436115
2.38	0.28555838937922
2.39	0.2836945494249249
2.4	0.28185058101574256
2.41	0.28002619080889257
2.42	0.27822109098477943
2.43	0.2764349991207242
2.44	0.2746676380680885
2.45	0.2729187358326845
2.46	0.27118802545837273
2.47	0.2694752449137475
2.48	0.2677801369818177
2.49	0.26610244915259107
2.5	0.2644419335184755
2.5100000000000002	0.26279834667241003
2.52	0.2611714496086478
2.5300000000000002	0.2595610076261073
2.54	0.2579667902342186
2.5500000000000003	0.2563885710611899
2.56	0.2548261277646225
2.57	0.2532792419444052
2.58	0.2517476990578221
2.59	0.2502312883368089
2.6	0.24872980270729442
2.61	0.247098991531518
2.62	0.2454472313050793
2.63	0.2438127419653938
2.64	0.24219527828396364
2.65	0.24059459942522646
2.66	0.2390104688516656
2.67	0.23744265423131794
2.68	0.23589092734760866
2.69	0.23435506401144765
2.7	0.2328348439755206
2.71	0.23133005085071412
2.72	0.22984047202461225
2.73	0.22836589858200743
2.74	0.2269061252273673
2.75	0.22546095020920395
2.7600000000000002	0.22403017524629026
2.77	0.22261360545567405
2.7800000000000002	0.2212110492824373
2.79	0.2198223184311552
2.8000000000000003	0.2184472277990042
2.81	0.2170855954104775
2.82	0.21573724235366068
2.83	0.21440199271802685
2.84	0.21307967353370907
2.85	0.21177011471220925
2.86	0.21047314898850675
2.87	0.20918861186452586
2.88	0.20791634155392905
2.89	0.20665617892819665
2.9	0.20540796746396292
2.91	0.20417155319157093
2.92	0.202946784644817
2.93	0.2017335128118513
2.94	0.20053159108720592
2.95	0.19934087522491808
2.96	0.19816122329272398
2.97	0.19699249562729068
2.98	0.1958345547904631
2.99	0.19465249176060068
3.	0.19337202579014112
3.0100000000000002	0.19210420218823854
3.02	0.19084885475192878
3.0300000000000002	0.189605820003673
3.04	0.18837493713786238
3.0500000000000003	0.18715604796854374
3.06	0.185948996878335
3.0700000000000003	0.1847536307684997
3.08	0.18356979901015164
3.09	0.1823973533965576
3.1	0.18123614809651373
3.11	0.18008603960876488
3.12	0.1789468867174422
3.13	0.1778185504484924
3.14	0.17670089402707317
3.15	0.17559378283589147
3.16	0.17449708437445957
3.17	0.1734106682192467
3.18	0.17233440598470343
3.19	0.17126817128513758
3.2	0.1702118396974196
3.21	0.16916528872449715
3.22	0.1681283977596998
3.23	0.16710104805181264
3.24	0.1660831226709013
3.25	0.16507450647486954
3.2600000000000002	0.1640750860767312
3.27	0.1630847498125796
3.2800000000000002	0.16210338771023697
3.29	0.16113089145856818
3.3000000000000003	0.1601671543774415
3.31	0.15921207138832252
3.3200000000000003	0.15826553898548412
3.33	0.15732745520781963
3.34	0.15639771961124305
3.35	0.15547623324166407
3.36	0.1545628986085229
3.37	0.15365761965887217
3.38	0.15276030175199312
3.39	0.1518708516345338
3.4	0.15098917741615592
3.41	0.15011518854568018
3.42	0.1492487957877166
3.43	0.14838991119977024
3.44	0.14742528340515967
3.45	0.14646708155752722
3.46	0.1455178540231982
3.47	0.1445774911764446
3.48	0.14364588504128079
3.49	0.14272292926198907
3.5	0.14180851907425496
3.5100000000000002	0.14090255127689658
3.52	0.1400049242041752
3.5300000000000002	0.13911553769867346
3.54	0.13823429308472787
3.5500000000000003	0.13736109314240175
3.56	0.13649584208198856
3.5700000000000003	0.13563844551903007
3.58	0.13478881044984098
3.59	0.13394684522752578
3.6	0.13311245953847728
3.61	0.13228556437934727
3.62	0.13146607203447586
3.63	0.13065389605377198
3.64	0.1298489512310325
3.65	0.12905115358269167
3.66	0.12826042032699
3.67	0.12747666986355444
3.68	0.12669982175337927
3.69	0.12592979669920018
3.7	0.12516651652625127
3.71	0.1244099041633981
3.72	0.12365988362463685
3.73	0.12291637999095305
3.74	0.12217931939253043
3.75	0.12144862899130403
3.7600000000000002	0.12072423696384768
3.77	0.12000607248459118
3.7800000000000002	0.1192940657093575
3.79	0.11858814775921532
3.8000000000000003	0.11788825070463808
3.81	0.11719430754996439
3.8200000000000003	0.11650625221815238
3.83	0.11582401953582244
3.84	0.11514754521858124
3.85	0.11447676585662209
3.86	0.11381161890059459
3.87	0.11315204264773908
3.88	0.11249797622827905
3.89	0.11184935959206693
3.9	0.11120613349547774
3.91	0.11056823948854487
3.92	0.10993561990233347
3.93	0.10930821783654662
3.94	0.10867144135533395
3.95	0.1079625910483118
3.96	0.1072601392784904
3.97	0.10656401234871037
3.98	0.10587413759331367
3.99	0.10519044336116246
4.	0.10451285899897886
4.01	0.10384131483499916
4.0200000000000005	0.10317574216293578
4.03	0.10251607322624043
4.04	0.10186224120266169
4.05	0.1012141801890914
4.0600000000000005	0.10057182518669355
4.07	0.09993511208630931
4.08	0.09930397765413303
4.09	0.09867835951765333
4.1	0.09805819615185304
4.11	0.09744342686566422
4.12	0.09683399178867111
4.13	0.09622983185805707
4.14	0.09563088880579004
4.15	0.09503710514604186
4.16	0.09444842416283594
4.17	0.09386478989791977
4.18	0.09328614713885632
4.19	0.09271244140733098
4.2	0.09214361894766905
4.21	0.09157962671555951
4.22	0.09102041236698101
4.23	0.09046592424732629
4.24	0.08991611138072024
4.25	0.08937092345952857
4.26	0.0888303108340525
4.2700000000000005	0.0882942245024064
4.28	0.08776261610057419
4.29	0.08723543789264135
4.3	0.08671264276119844
4.3100000000000005	0.08619418419791382
4.32	0.0856800162942707
4.33	0.0851700937324668
4.34	0.08466437177647206
4.3500000000000005	0.08416280626324255
4.36	0.08366535359408638
4.37	0.08317197072617949
4.38	0.08268261516422767
4.39	0.08219724495227282
4.4	0.08171581866563941
4.41	0.08123829540302017
4.42	0.08076463477869622
4.43	0.08029479691489086
4.44	0.07982874243425335
4.45	0.07936643245247063
4.46	0.07890782857100438
4.47	0.07845289286995112
4.48	0.07800158790102266
4.49	0.07755387668064544
4.5	0.07710972268317522
4.51	0.07666908983422621
4.5200000000000005	0.07623194250411149
4.53	0.07574055315761509
4.54	0.0752397954094519
4.55	0.07474343929063001
4.5600000000000005	0.0742514365643527
4.57	0.07376373962660752
4.58	0.07328030149650465
4.59	0.07280107580678365
4.6000000000000005	0.07232601679448478
4.61	0.07185507929178266
4.62	0.07138821871697769
4.63	0.07092539106564347
4.64	0.07046655290192663
4.65	0.070011661349996
4.66	0.06956067408563839
4.67	0.06911354932799846
4.68	0.06867024583145934
4.69	0.06823072287766173
4.7	0.06779494026765864
4.71	0.06736285831420336
4.72	0.06693443783416766
4.73	0.06650964014108865
4.74	0.06608842703784071
4.75	0.0656707608094311
4.76	0.06525660421591631
4.7700000000000005	0.0648459204854372
4.78	0.06443867330737058
4.79	0.0640348268255949
4.8	0.06363434563186823
4.8100000000000005	0.06323719475931622
4.82	0.06284333967602802
4.83	0.06245274627875809
4.84	0.06206538088673207
4.8500000000000005	0.06168121023555475
4.86	0.061300201471218126
4.87	0.06092232214420788
4.88	0.06054754020370626
4.89	0.06017582399188993
4.9	0.05980714223832035
4.91	0.05944146405442617
4.92	0.05907875892807453
4.93	0.05871899671823084
4.94	0.05836214764970477
4.95	0.05800818230798115
4.96	0.05765707163413404
4.97	0.057308786919822684
4.98	0.056963299802367695
4.99	0.056620582259906294
5.	0.056280606606624706
5.01	0.05594334548806674
5.0200000000000005	0.055608771876517145
5.03	0.055276859066458295
5.04	0.054947580670098674
5.05	0.05462091061297253
5.0600000000000005	0.05429682312960874
5.07	0.053975292759268
5.08	0.05365629434174722
5.09	0.05333980301324964
5.1000000000000005	0.05302579420231967
5.11	0.05271424362584159
5.12	0.05240512728510021
5.13	0.05209842146190337
5.14	0.05179410271476454
5.15	0.05149214787514464
5.16	0.051192534043752076
5.17	0.05089523858690016
5.18	0.050600239132920354
5.19	0.05030751356863118
5.2	0.049973907001641296
5.21	0.04963337069074884
5.22	0.04929580122453444
5.23	0.048961167145494346
5.24	0.04862943738892088
5.25	0.04830058127726065
5.26	0.047974568514564456
5.2700000000000005	0.047651369181027046
5.28	0.04733095372761523
5.29	0.047013292970782716
5.3	0.04669835808727
5.3100000000000005	0.046386120608987856
5.32	0.04607655241798312
5.33	0.04576962574148497
5.34	0.0454653131470304
5.3500000000000005	0.04516358753766752
5.36	0.044864422147235516
5.37	0.04456779053571907
5.38	0.0442736665846772
5.39	0.04398202449274394
5.4	0.043692838771200615
5.41	0.04340608423961767
5.42	0.04312173602156531
5.43	0.0428397695403916
5.44	0.042560160515066774
5.45	0.042282884956092684
5.46	0.04200791916147622
5.47	0.04173523971276554
5.48	0.041464823471148285
5.49	0.041196647573609996
5.5	0.040930689429152775
5.51	0.04066692671507206
5.5200000000000005	0.04040533737329139
5.53	0.0401458996067533
5.54	0.03988859187586638
5.55	0.039633392895006496
5.5600000000000005	0.0393802816290722
5.57	0.03912923729009255
5.58	0.038880239333887186
5.59	0.03863326745677706
5.6000000000000005	0.03838830159234579
5.61	0.03814532190824983
5.62	0.037904308803077415
5.63	0.03766524290325507
5.64	0.03742810506000098
5.65	0.03719287634632426
5.66	0.03695953805406979
5.67	0.03672807169100722
5.68	0.036498458977964054
5.69	0.03627068184600145
5.7	0.036044722433632714
5.71	0.03582056308408294
5.72	0.035598186342590016
5.73	0.035377574953745376
5.74	0.03515871185887494
5.75	0.03494158019345824
5.76	0.03472616328458637
5.7700000000000005	0.0345124446484573
5.78	0.034300407987908205
5.79	0.034090037189984275
5.8	0.03388131632354332
5.8100000000000005	0.033674229636895446
5.82	0.03346876155547759
5.83	0.03326489667956186
5.84	0.03306261978199772
5.8500000000000005	0.03286191580598662
5.86	0.03266276986288979
5.87	0.03246516723006719
5.88	0.03226909334874834
5.89	0.03207453382193375
5.9	0.031881474412326936
5.91	0.0316899010402962
5.92	0.03149979978186576
5.93	0.03131115686673598
5.94	0.031123958676331963
5.95	0.030938191741880002
5.96	0.030753842742512034
5.97	0.030546901092437077
5.98	0.03033889320295418
5.99	0.030132645741059425
6.	0.029928140906038226
6.01	0.029725361106413117
6.0200000000000005	0.029524288957141757
6.03	0.029324907276856948
6.04	0.02912719908514801
6.05	0.028931147599882998
6.0600000000000005	0.028736736234570823
6.07	0.028543948595762744
6.08	0.028352768480492844
6.09	0.028163179873755956
6.1000000000000005	0.02797516694602394
6.11	0.027788714050797924
6.12	0.027603805722197353
6.13	0.02742042667258443
6.140000000000001	0.027238561790223628
6.15	0.02705819613697573
6.16	0.026879314946025787
6.17	0.026701903619644356
6.18	0.026525947726981705
6.19	0.02635143300189403
6.2	0.026178345340801962
6.21	0.026006670800579505
6.22	0.02583639559647466
6.23	0.0256675061000595
6.24	0.025499988837210476
6.25	0.02533383048611784
6.26	0.02516901787532385
6.2700000000000005	0.025005537981789432
6.28	0.02484337792898861
6.29	0.02468252498503049
6.3	0.02452296656080818
6.3100000000000005	0.02436469020817434
6.32	0.024207683618142867
6.33	0.02405193461911623
6.34	0.023897431175138414
6.3500000000000005	0.023744161384172367
6.36	0.023592113476402436
6.37	0.023441275812560617
6.38	0.023291636882276718
6.390000000000001	0.023139502335920843
6.4	0.0229782841265243
6.41	0.022818438243093913
6.42	0.022659950890429215
6.43	0.02250280843318632
6.44	0.022346997393780845
6.45	0.022192504450321424
6.46	0.02203931643457377
6.47	0.02188742032995397
6.48	0.02173680326955164
6.49	0.0215874525341812
6.5	0.021439355550461982
6.51	0.021292499888925936
6.5200000000000005	0.021146873262152834
6.53	0.021002463522932432
6.54	0.020859258662453143
6.55	0.02071724680851691
6.5600000000000005	0.02057641622377971
6.57	0.020436755304017364
6.58	0.020298252576416338
6.59	0.02016089669788889
6.6000000000000005	0.020024676453412438
6.61	0.019889580754392663
6.62	0.019755598637049857
6.63	0.019622719260828442
6.640000000000001	0.019490931906828945
6.65	0.01936022597626235
6.66	0.019230590988926346
6.67	0.019102016581703126
6.68	0.018974492507078486
6.69	0.018848008631681755
6.7	0.018722554934846508
6.71	0.01859812150719112
6.72	0.01847469854921982
6.73	0.018352276369942994
6.74	0.018230845385516895
6.75	0.01811039611790254
6.76	0.017990919193543172
6.7700000000000005	0.01787240534206027
6.78	0.01775484539496772
6.79	0.01763823028440388
6.8	0.01752255104188117
6.8100000000000005	0.01740779879705317
6.82	0.017293964776498683
6.83	0.017181040302522564
6.84	0.017069016791973333
6.8500000000000005	0.016950739313848474
6.86	0.016828309053691135
6.87	0.016706939483433415
6.88	0.016586619889722497
6.890000000000001	0.01646733968276203
6.9	0.016349088394710633
6.91	0.016231855678103525
6.92	0.016115631304296718
6.93	0.016000405161933604
6.94	0.015886167255433542
6.95	0.01577290770350189
6.96	0.01566061673766155
6.97	0.01554928470080528
6.98	0.015438902045768695
6.99	0.015329459333923552
7.	0.015220947233791042
7.01	0.015113356519674648
7.0200000000000005	0.015006678070312501
7.03	0.01490090286754871
7.04	0.014796021995023442
7.05	0.014692026636881489
7.0600000000000005	0.014588908076499083
7.07	0.014486657695228534
7.08	0.014385266971160507
7.09	0.014284727477903636
7.1000000000000005	0.014185030883381375
7.11	0.014086168948645424
7.12	0.013988133526705882
7.13	0.013890916561377763
7.140000000000001	0.013794510086143384
7.15	0.01369890622303074
7.16	0.013604097181507357
7.17	0.013510075257389585
7.18	0.013416832831766791
7.19	0.013324362369940675
7.2	0.013232656420379088
7.21	0.013141707613684286
7.22	0.013051508661575426
7.23	0.01296205235588502
7.24	0.012873331567569165
7.25	0.012785339245731442
7.26	0.012698068416660045
7.2700000000000005	0.012611512182878128
7.28	0.012525663722207172
7.29	0.012440516286843098
7.3	0.012356063202444858
7.3100000000000005	0.012272297867235618
7.32	0.012189213751115974
7.33	0.012106804394789348
7.34	0.01201927092841262
7.3500000000000005	0.011929118385762915
7.36	0.011839763244296413
7.37	0.011751197381893763
7.38	0.011663412770025375
7.390000000000001	0.011576401472548264
7.4	0.011490155644519873
7.41	0.01140466753102875
7.42	0.01131992946604166
7.43	0.011235933871267206
7.44	0.011152673255035224
7.45	0.011070140211192216
7.46	0.010988327418012084
7.47	0.010907227637122357
7.48	0.010826833712445439
7.49	0.01074713856915466
7.5	0.010668135212644977
7.51	0.010589816727518
7.5200000000000005	0.01051217627658131
7.53	0.010435207099861626
7.54	0.010358902513631701
7.55	0.010283255909450858
7.5600000000000005	0.010208260753218746
7.57	0.01013391058424226
7.58	0.010060199014315378
7.59	0.009987119726811718
7.6000000000000005	0.00991466647578965
7.61	0.009842833085109776
7.62	0.00977161344756448
7.63	0.00970100152401955
7.640000000000001	0.009630991342567497
7.65	0.009561576997692686
7.66	0.009492752649447635
7.67	0.009424512522640807
7.68	0.009356850906035412
7.69	0.009289762151559196
7.7	0.009223240673524927
7.71	0.009157280947861562
7.72	0.009091877511355881
7.73	0.009027024960904345
7.74	0.008962717952775196
7.75	0.008898951201880459
7.76	0.00883571948105791
7.7700000000000005	0.008773017620362578
7.78	0.008710840506368028
7.79	0.008649183081476842
7.8	0.008588040343240557
7.8100000000000005	0.00852740734368861
7.82	0.008467279188666403
7.83	0.008407651037182147
7.84	0.008348518100762552
7.8500000000000005	0.008289875642817052
7.86	0.008230475913645794
7.87	0.008165966936856554
7.88	0.008102044524924152
7.890000000000001	0.008038702610107477
7.9	0.007975935195009672
7.91	0.007913736351674961
7.92	0.007852100220698275
7.930000000000001	0.007791021010347332
7.94	0.007730492995697123
7.95	0.007670510517776456
7.96	0.007611067982726563
7.97	0.007552159860971367
7.98	0.007493780686399422
7.99	0.007435925055557228
8.	0.0073785876268538456
8.01	0.007321763119776507
8.02	0.007265446314117213
8.03	0.007209632049210003
8.040000000000001	0.007154315223178882
8.05	0.007099490792196085
8.06	0.007045153769750654
8.07	0.00699129922592711
8.08	0.006937922286694108
8.09	0.00688501813320284
8.1	0.00683258200109515
8.11	0.006780609179821147
8.120000000000001	0.006729095011966204
8.13	0.006678034892587126
8.14	0.006627424268557524
8.15	0.006577258637922067
8.16	0.006527533549259554
8.17	0.006478244601054748
8.18	0.006429387441078694
8.19	0.0063809577657775425
8.2	0.006332951319669672
8.21	0.006285363894750942
8.22	0.0062381913299081135
8.23	0.0061914295103401235
8.24	0.0061450743669873
8.25	0.0060991218759681495
8.26	0.006053568058023899
8.27	0.00600840897797043
8.28	0.005963640744157647
8.290000000000001	0.005919259507936087
8.3	0.005875261463130706
8.31	0.0058316428455217435
8.32	0.005788399932332546
8.33	0.005745529041724209
8.34	0.0057030265322970276
8.35	0.005660888802598586
8.36	0.005619112290638418
8.370000000000001	0.005577693473409088
8.38	0.005536628866413742
8.39	0.005495915023199839
8.4	0.005455548534899158
8.41	0.00541552602977383
8.42	0.005375844172768433
8.43	0.0053323348150062354
8.44	0.005289139562785187
8.45	0.005246344747941239
8.46	0.0052039461909407945
8.47	0.005161939760739895
8.48	0.005120321374165406
8.49	0.005079086995304655
8.5	0.005038232634903723
8.51	0.004997754349773992
8.52	0.004957648242206959
8.53	0.00491791045939715
8.540000000000001	0.0048785371928730115
8.55	0.0048395246779357175
8.56	0.004800869193105679
8.57	0.004762567059576676
8.58	0.004724614640677567
8.59	0.00468700834134134
8.6	0.004649744607581524
8.61	0.004612819925975757
8.620000000000001	0.004576230823156402
8.63	0.004539973865308213
8.64	0.004504045657672824
8.65	0.004468442844060017
8.66	0.004433162106365656
8.67	0.004398200164096221
8.68	0.004363553773899796
8.69	0.004329219729103433
8.700000000000001	0.004295194859256801
8.71	0.004261476029682037
8.72	0.004228060141029732
8.73	0.0041949441288408485
8.74	0.004162124963114628
8.75	0.00412959964788232
8.76	0.004097365220786672
8.77	0.004065418752667052
8.78	0.004033757347150188
8.790000000000001	0.004002378140246414
8.8	0.0039712782999513484
8.81	0.003940455025852843
8.82	0.00390990554874331
8.83	0.0038796271302371614
8.84	0.0038496170623933913
8.85	0.0038198726673431987
8.86	0.003790391296922571
8.870000000000001	0.003761170332309773
8.88	0.003732207183667677
8.89	0.0037034992897907815
8.9	0.0036750441177570226
8.91	0.003646839162584109
8.92	0.0036188819468904896
8.93	0.003591170020560735
8.94	0.003563700960415414
8.950000000000001	0.003536472369885264
8.96	0.003509481878689735
8.97	0.003482727142519694
8.98	0.0034562058427243646
8.99	0.003429915686002337
9.	0.003403854404096707
9.01	0.0033780197534941008
9.02	0.003352409515127778
9.03	0.003325335274109936
9.040000000000001	0.0032979761314457213
9.05	0.003270871961028995
9.06	0.0032440201088488048
9.07	0.0032174179514052144
9.08	0.003191062895325448
9.09	0.003164952376985268
9.1	0.003139083862135525
9.11	0.003113454845533815
9.120000000000001	0.0030880628505811454
9.13	0.0030629054289635083
9.14	0.0030379801602983952
9.15	0.0030132846517860433
9.16	0.0029888165378654545
9.17	0.0029645734798750493
9.18	0.002940553165717908
9.19	0.0029167533095315703
9.200000000000001	0.0028931716513622553
9.21	0.0028698059568435037
9.22	0.002846654016879108
9.23	0.0028237136473303636
9.24	0.0028009826887074943
9.25	0.002778459005865203
9.26	0.0027561404877023497
9.27	0.0027340250468656244
9.28	0.002712110619457194
9.290000000000001	0.0026903951647462487
9.3	0.0026688766648844146
9.31	0.0026475531246249614
9.32	0.002626422571045749
9.33	0.002605483053275853
9.34	0.002584732642225842
9.35	0.002564169430321628
9.36	0.002543791531241863
9.370000000000001	0.002523597079658786
9.38	0.0025035842309825314
9.39	0.0024837511611088187
9.4	0.002464096066169955
9.41	0.002444617162289141
9.42	0.0024253126853380053
9.43	0.00240618089069736
9.44	0.0023872200530210635
9.450000000000001	0.0023684284660030162
9.46	0.002349804442147212
9.47	0.0023313463125407834
9.48	0.0023130524266300723
9.49	0.0022949211519995632
9.5	0.002276950874153758
9.51	0.002259139996301887
9.52	0.0022414869391454203
9.53	0.0022239901406683597
9.540000000000001	0.002206648055930244
9.55	0.0021894591568618715
9.56	0.0021724219320636675
9.57	0.0021555348866066472
9.58	0.0021387965418359998
9.59	0.0021222054351771754
9.6	0.0021057601199445213
9.61	0.002089459165152352
9.620000000000001	0.0020733011553284923
9.63	0.002057284690330207
9.64	0.002041408385162512
9.65	0.002025670869798805
9.66	0.0020100707890038346
9.67	0.0019945679481261106
9.68	0.001979071812482939
9.69	0.0019637118830051663
9.700000000000001	0.0019484868237684854
9.71	0.0019333953133092083
9.72	0.0019184360444530742
9.73	0.0019036077241462604
9.74	0.0018889090732885367
9.75	0.001874338826568608
9.76	0.0018598957323015175
9.77	0.0018455785522681603
9.78	0.0018313860615568405
9.790000000000001	0.0018173170484068434
9.8	0.00180337031405403
9.81	0.001789544672578363
9.82	0.0017758389507534019
9.83	0.0017622519878976962
9.84	0.0017487826357280953
9.85	0.0017354297582148697
9.86	0.0017221922314387243
9.870000000000001	0.0017090689434495836
9.88	0.0016960587941271905
9.89	0.001683160695043446
9.9	0.001670373569326504
9.91	0.0016576963515265717
9.92	0.001645127987483411
9.93	0.0016326674341954949
9.94	0.0016203136596908234
9.950000000000001	0.0016080656428993445
9.96	0.0015959223735270136
9.97	0.001583882851931384
9.98	0.0015719460889987904
9.99	0.0015601111060230615
10.	0.0015483769345857486
10.01	0.001536742616437839
10.02	0.0015252072033829724
10.03	0.0015137697571620818
10.040000000000001	0.0015024293493394974
10.05	0.001491185061190452
10.06	0.0014800359835899916
10.07	0.0014689812169032558
10.08	0.0014580198708771404
10.09	0.0014471510645332824
10.1	0.001436373926062374
10.11	0.001425687592719792
10.120000000000001	0.0014150912107225122
10.13	0.001404583935147289
10.14	0.0013941649298301096
10.15	0.001383833367266861
10.16	0.0013735884285152504
10.17	0.0013634293030978992
10.18	0.0013533551889066534
10.19	0.0013433652921080509
10.200000000000001	0.0013334588270499683
10.21	0.0013236350161693832
10.22	0.001313893089901286
10.23	0.0013042322865887035
10.24	0.0012946518523938122
10.25	0.00128515104121014
10.26	0.0012757291145758427
10.27	0.001266385341588034
10.28	0.0012571189988181543
10.290000000000001	0.0012479293702283697
10.3	0.0012388157470889847
10.31	0.0012297774278968708
10.32	0.0012208137182948568
10.33	0.0012119239309921175
10.34	0.0012031073856855177
10.35	0.0011943634089819064
10.36	0.0011858700922267086
10.370000000000001	0.001179291692366379
10.38	0.0011727560729386226
10.39	0.0011662629149221215
10.4	0.0011598119019783286
10.41	0.001153402720426345
10.42	0.0011470350592180786
10.43	0.0011407086099136452
10.44	0.0011344230666570302
10.450000000000001	0.0011281781261519878
10.46	0.001121973487638207
10.47	0.0011158088528677034
10.48	0.0011096839260814702
10.49	0.0011035984139863473
10.5	0.001097552025732148
10.51	0.0010915444728890123
10.52	0.0010855754694249803
10.53	0.0010796447316838123
10.540000000000001	0.0010737519783630205
10.55	0.0010678969304921359
10.56	0.001062079311411185
10.57	0.0010562988467493965
10.58	0.001050555264404111
10.59	0.0010448482945199207
10.6	0.0010391776694680056
10.61	0.001033543123825689
10.620000000000001	0.0010279443943561912
10.63	0.0010223812199886021
10.64	0.001016853341798033
10.65	0.0010113605029859966
10.66	0.001005902448860956
10.67	0.0010004789268190956
10.68	0.0009950896863252672
10.69	0.000989734478894135
10.700000000000001	0.00098441305807151
10.71	0.0009791251794158688
10.72	0.0009738706004800596
10.73	0.0009686490807931916
10.74	0.0009634603818427042
10.75	0.0009583042670566167
10.76	0.0009531805017859538
10.77	0.0009480888532873474
10.78	0.0009430290907058113
10.790000000000001	0.0009380009850576871
10.8	0.0009330043092137637
10.81	0.0009280388378825545
10.82	0.0009231043475937534
10.83	0.0009182006166818454
10.84	0.0009133274252698827
10.85	0.0009084845552534243
10.86	0.000903671790284628
10.870000000000001	0.0008988889157565074
10.88	0.0008941357187873374
10.89	0.0008894119882052182
10.9	0.0008847175145327852
10.91	0.0008800520899720833
10.92	0.0008754155083895707
10.93	0.0008708075653012852
10.94	0.0008662280578581494
10.950000000000001	0.0008616767848314253
10.96	0.0008571535465982996
10.97	0.0008526581451276285
10.98	0.0008481903839658006
10.99	0.0008437500682227636
11.	0.0008393370045581578
11.01	0.0008349510011676089
11.02	0.000830591867769145
11.03	0.0008262594155897462
11.040000000000001	0.000821953457352022
11.05	0.0008176738072610275
11.06	0.0008134202809911963
11.07	0.0008091926956734113
11.08	0.0008243703041711619
11.09	0.0008561209348695972
11.1	0.0008890641575877652