0.01	3.202908270797842
0.02	2.2245633643730867
0.03	1.8941095889971094
0.04	1.714049203628322
0.05	1.6045000037037673
0.06	1.5312803467499647
0.07	1.478058847057743
0.08	1.4380315481593462
0.09	1.4055219632422387
0.1	1.3786319907841282
0.11	1.35623366630377
0.12	1.3374230813626002
0.13	1.3199386319403446
0.14	1.3033623708092616
0.15	1.2881572392704963
0.16	1.274128144210462
0.17	1.260757762117706
0.18	1.2477755660201546
0.19	1.2356185155177275
0.2	1.2227387938323557
0.21	1.2104993449798342
0.22	1.1988764828099716
0.23	1.187288802862331
0.24	1.1762993327382985
0.25	1.1658541249547933
0.26	1.1548584660985903
0.27	1.1442033076396319
0.28	1.1340287169836107
0.29	1.124138952021924
0.3	1.113634663992004
0.31	1.1035682309524513
0.32	1.0939081353260487
0.33	1.0846260247312276
0.34	1.0750530315432858
0.35000000000000003	1.0657298152689907
0.36	1.0567467356538696
0.37	1.0480824396824315
0.38	1.0397174465247483
0.39	1.0306512786152184
0.4	1.0218312554581328
0.41000000000000003	1.0133017446642831
0.42	1.0050464342025092
0.43	0.997050288846548
0.44	0.9890738884599785
0.45	0.9808302804664998
0.46	0.9728343285912666
0.47000000000000003	0.9650734467638779
0.48	0.9575359391101501
0.49	0.9502109199950838
0.5	0.9430882427125865
0.51	0.9355859089485494
0.52	0.9281715789304109
0.53	0.9209555746049678
0.54	0.913928996559636
0.55	0.9070835001213741
0.56	0.9004112514381563
0.5700000000000001	0.8939048877507831
0.58	0.8873033428928467
0.59	0.8804815496526963
0.6	0.8738255487129221
0.61	0.8673286467731123
0.62	0.8609845248194452
0.63	0.8547872115607658
0.64	0.8487310591372735
0.65	0.8428107208752854
0.66	0.837021130887213
0.67	0.830938956026525
0.68	0.824924277248137
0.6900000000000001	0.8190399966158091
0.7000000000000001	0.8132814579152747
0.71	0.8076442346652702
0.72	0.8021241157384161
0.73	0.7967170920674094
0.74	0.7914193443409943
0.75	0.786227231603764
0.76	0.7811054463298656
0.77	0.7756222865960661
0.78	0.7702476290108414
0.79	0.7649779762556591
0.8	0.7598099861715774
0.81	0.7547404630396481
0.8200000000000001	0.7497663494519952
0.8300000000000001	0.7448847187268895
0.84	0.7400927678253721
0.85	0.7353878107307189
0.86	0.7307672722554732
0.87	0.7262286822438145
0.88	0.7214035101678278
0.89	0.7165815172919443
0.9	0.7118450962455065
0.91	0.707191802707858
0.92	0.7026192880469484
0.93	0.698125294582546
0.9400000000000001	0.6937076511319369
0.9500000000000001	0.6893642688184587
0.96	0.6850931371247759
0.97	0.6808923201742312
0.98	0.6767599532248871
0.99	0.6726942393620734
1.	0.6686934463763123
1.01	0.6644229666299873
1.02	0.6601834688387894
1.03	0.6560119896810479
1.04	0.6519067932365968
1.05	0.6478662040259929
1.06	0.6438886043548414
1.07	0.639972431798579
1.08	0.6361161768190462
1.09	0.632318380504802
1.1	0.628577632427682
1.11	0.6248925686086316
1.12	0.6212618695863102
1.1300000000000001	0.6176842585824136
1.1400000000000001	0.6141584997580608
1.1500000000000001	0.6106660458717399
1.16	0.606979968659473
1.17	0.6033474964511474
1.18	0.5997674014438074
1.19	0.5962384940511118
1.2	0.5927596214048529
1.21	0.5893296659271428
1.22	0.5859475439693842
1.23	0.5826122045143843
1.24	0.579322627938195
1.25	0.576077824828472
1.26	0.5728768348563514
1.27	0.5697187256990093
1.28	0.5666025920102533
1.29	0.5635275544366465
1.3	0.5604927586768182
1.31	0.5574973745817441
1.32	0.5545296805047544
1.33	0.5513261801300392
1.34	0.5481649756012841
1.35	0.5450451990518911
1.36	0.5419660066788048
1.37	0.5389265779043757
1.3800000000000001	0.5359261145732797
1.3900000000000001	0.5329638401827914
1.4000000000000001	0.5300389991447928
1.41	0.5271508560779974
1.42	0.5242986951289423
1.43	0.5214818193203935
1.44	0.5186995499258681
1.45	0.5159512258690573
1.46	0.5132362031469935
1.47	0.5105538542758692
1.48	0.5079035677584676
1.49	0.5052847475722266
1.5	0.5026968126770022
1.51	0.5001391965416477
1.52	0.49748951545719444
1.53	0.49474407249675934
1.54	0.4920315187171476
1.55	0.48935125036804955
1.56	0.4867026785833323
1.57	0.48408522892158995
1.58	0.48149834092369376
1.59	0.47894146768661494
1.6	0.4764140754528182
1.61	0.4739156432145686
1.62	0.4714456623325186
1.6300000000000001	0.4690036361679768
1.6400000000000001	0.4665890797282851
1.6500000000000001	0.46420151932476356
1.6600000000000001	0.46184049224270196
1.67	0.4595055464229042
1.68	0.4571962401543169
1.69	0.454912141777291
1.7	0.45265282939704793
1.71	0.45041789060694426
1.72	0.4482069222211412
1.73	0.44601953001631006
1.74	0.4438470787358157
1.75	0.44150211610807477
1.76	0.43918279866148346
1.77	0.4368887025987304
1.78	0.43461941346797134
1.79	0.4323745259056767
1.8	0.4301536433879441
1.81	0.42795637798995256
1.82	0.4257823501532497
1.83	0.4236311884605721
1.84	0.42150252941791866
1.85	0.4193960172436046
1.86	0.41731130366403507
1.87	0.41524804771595014
1.8800000000000001	0.4132059155549034
1.8900000000000001	0.4111845802697442
1.9000000000000001	0.40918372170288714
1.9100000000000001	0.40720302627615634
1.92	0.40524218682200447
1.93	0.4033009024199146
1.94	0.4013788782377983
1.95	0.39947582537821336
1.96	0.3975914607292312
1.97	0.39572550681978896
1.98	0.39387769167937164
1.99	0.39204774870187126
2.	0.3901877471885348
2.0100000000000002	0.38821616099348516
2.02	0.3862642476908263
2.0300000000000002	0.38433171504031194
2.04	0.38241827655413196
2.05	0.3805236513561733
2.06	0.3786475640453929
2.07	0.37678974456315995
2.08	0.3749499280644343
2.09	0.3731278547926534
2.1	0.3713232699582029
2.11	0.3695359236203515
2.12	0.36776557057253667
2.13	0.366011970230889
2.14	0.3642748865258915
2.15	0.3625540877970687
2.16	0.3608493466906097
2.17	0.35916044005982833
2.18	0.35748714886837096
2.19	0.3558292580960823
2.2	0.35418655664744464
2.21	0.3525588372625109
2.22	0.3509458964302496
2.23	0.34934753430422816
2.24	0.3477635546205597
2.25	0.34619376461804485
2.2600000000000002	0.3446379749604378
2.27	0.3430959996607734
2.2800000000000002	0.34156765600769007
2.29	0.3400527644936881
2.3000000000000003	0.338440652005584
2.31	0.33679061783753506
2.32	0.3351557038550355
2.33	0.33353570722205955
2.34	0.3319304286785695
2.35	0.3303396724625264
2.36	0.3287632462339256
2.37	0.32720096100079415
2.38	0.325652631047094
2.39	0.32411807386247166
2.4	0.3225971100738014
2.41	0.32108956337846817
2.42	0.319595260479339
2.43	0.3181140310213731
2.44	0.31664570752982396
2.45	0.315190125349986
2.46	0.3137471225884409
2.47	0.3123165400557618
2.48	0.3108982212106321
2.49	0.30949201210533844
2.5	0.3080977613326002
2.5100000000000002	0.30671531997369494
2.52	0.30534454154784624
2.5300000000000002	0.30398528196283586
2.54	0.302637399466807
2.5500000000000003	0.30130075460122546
2.56	0.2999752101549661
2.57	0.29866063111949326
2.58	0.29735688464510623
2.59	0.296063839998218
2.6	0.2947813685196413
2.61	0.2935093435838542
2.62	0.29224764055921587
2.63	0.29099613676911157
2.64	0.2896579415607884
2.65	0.28828995982240696
2.66	0.28693355478725385
2.67	0.2855885855150014
2.68	0.28425491330044506
2.69	0.28293240162988526
2.7	0.28162091613851636
2.71	0.28032032456879996
2.72	0.27903049672979396
2.73	0.27775130445741264
2.74	0.27648262157559306
2.75	0.2752243238583439
2.7600000000000002	0.2739762889926539
2.77	0.2727383965422372
2.7800000000000002	0.2715105279120923
2.79	0.2702925663138572
2.8000000000000003	0.26908439673193574
2.81	0.2678859058903785
2.82	0.26669698222049637
2.83	0.26551751582919125
2.84	0.26434739846798155
2.85	0.2631865235027082
2.86	0.26203478588390244
2.87	0.2608920821177979
2.88	0.2597583102379734
2.89	0.25863336977760704
2.9	0.25751716174232986
2.91	0.25640958858366125
2.92	0.2553105541730138
2.93	0.25421996377625206
2.94	0.25313772402879203
2.95	0.25206374291122896
2.96	0.25099792972547824
2.97	0.2499401950714204
2.98	0.24889045082403347
2.99	0.24784861011100548
3.	0.24681458729081202
3.0100000000000002	0.24578829793124957
3.02	0.24476965878841248
3.0300000000000002	0.24367930501986865
3.04	0.24256239427883863
3.0500000000000003	0.2414542457853055
3.06	0.24035476240699538
3.0700000000000003	0.23926384840105863
3.08	0.23818140938975182
3.09	0.23710735233662125
3.1	0.2360415855231787
3.11	0.2349840185260556
3.12	0.23393456219462527
3.13	0.23289312862908226
3.14	0.23185963115896768
3.15	0.23083398432212998
3.16	0.22981610384411158
3.17	0.2288059066179507
3.18	0.22780331068438914
3.19	0.22680823521247692
3.2	0.22582060048056352
3.21	0.2248403278576683
3.22	0.2238673397852201
3.23	0.2229015597591585
3.24	0.22194291231238764
3.25	0.22099132299757548
3.2600000000000002	0.2200467183702901
3.27	0.21910902597246557
3.2800000000000002	0.21817817431618974
3.29	0.21725409286780725
3.3000000000000003	0.21633671203233026
3.31	0.21542596313815035
3.3200000000000003	0.2145217784220438
3.33	0.2136240910144662
3.34	0.21273283492512685
3.35	0.21184794502883955
3.36	0.21096935705164158
3.37	0.21009700755717658
3.38	0.20923083393333453
3.39	0.20837077437914361
3.4	0.2075167678919087
3.41	0.20666875425459041
3.42	0.20582667402342064
3.43	0.2049904685157481
3.44	0.20416007979811038
3.45	0.2033354506745263
3.46	0.2025165246750049
3.47	0.2017032460442663
3.48	0.20080897190585792
3.49	0.19991213027717827
3.5	0.1990218429883558
3.5100000000000002	0.1981380436166184
3.52	0.19726066659897293
3.5300000000000002	0.19638964721867422
3.54	0.19552492159194426
3.5500000000000003	0.19466642665493686
3.56	0.19381410015094216
3.5700000000000003	0.19296788061782597
3.58	0.1921277073756995
3.59	0.19129352051481407
3.6	0.19046526088367563
3.61	0.189642870077376
3.62	0.18882629042613497
3.63	0.18801546498404909
3.64	0.18721033751804356
3.65	0.18641085249702224
3.66	0.1856169550812117
3.67	0.18482859111169633
3.68	0.18404570710013915
3.69	0.18326825021868562
3.7	0.18249616829004614
3.71	0.18172940977775384
3.72	0.1809679237765941
3.73	0.180211660003202
3.74	0.17946056878682495
3.75	0.1787146010602465
3.7600000000000002	0.17797370835086848
3.77	0.17723784277194818
3.7800000000000002	0.1765069570139875
3.79	0.17578100433627117
3.8000000000000003	0.17505993855855045
3.81	0.17434371405287075
3.8200000000000003	0.1736322857355385
3.83	0.17292560905922644
3.84	0.17222364000521292
3.85	0.17152633507575382
3.86	0.17083365128658395
3.87	0.17014554615954497
3.88	0.16946197771533889
3.89	0.16878290446640246
3.9	0.16810828540990216
3.91	0.16743808002084654
3.92	0.16677224824531336
3.93	0.16611075049379
3.94	0.16545354763462472
3.95	0.1648006009875863
3.96	0.16415187231753064
3.97	0.16350732382817162
3.98	0.16286691815595483
3.99	0.16219515029302897
4.	0.1614897834728284
4.01	0.16078923395545835
4.0200000000000005	0.1600934569506434
4.03	0.1594024081945661
4.04	0.1587160439423923
4.05	0.15803432096092074
4.0600000000000005	0.1573571965213552
4.07	0.1566846283921954
4.08	0.156016574832246
4.09	0.1553529945837401
4.1	0.1546938468655764
4.11	0.15403909136666633
4.12	0.15338868823939064
4.13	0.15274259809316254
4.14	0.1521007819880952
4.15	0.15146320142877243
4.16	0.15082981835812012
4.17	0.15020059515137657
4.18	0.14957549461015993
4.19	0.1489544799566311
4.2	0.14833751482775057
4.21	0.14772456326962619
4.22	0.14711558973195238
4.23	0.14651055906253682
4.24	0.14590943650191462
4.25	0.145312187678048
4.26	0.14471877860110918
4.2700000000000005	0.14412917565834613
4.28	0.14354334560902868
4.29	0.14296125557947445
4.3	0.14238287305815217
4.3100000000000005	0.14180816589086198
4.32	0.1412371022759906
4.33	0.1406696507598402
4.34	0.14010578023203032
4.3500000000000005	0.13954545992097012
4.36	0.13898865938940164
4.37	0.13843534853001063
4.38	0.1378854975611058
4.39	0.13733907702236373
4.4	0.1367960577706393
4.41	0.13625641097583996
4.42	0.13572010811686286
4.43	0.13518712097759386
4.44	0.13465742164296698
4.45	0.13413098249508387
4.46	0.13360777620939163
4.47	0.13308777575091796
4.48	0.13257095437056385
4.49	0.13205728560145086
4.5	0.13154674325532334
4.51	0.13103930141900505
4.5200000000000005	0.13053493445090733
4.53	0.1300336169775907
4.54	0.1295353238903761
4.55	0.12904003034200717
4.5600000000000005	0.1285477117433614
4.57	0.12805834376021008
4.58	0.1275446932361928
4.59	0.12699964296820798
4.6000000000000005	0.12645810051266945
4.61	0.12592003574188826
4.62	0.12538541885151802
4.63	0.1248542203563947
4.64	0.12432641108643838
4.65	0.12380196218261683
4.66	0.12328084509296879
4.67	0.12276303156868697
4.68	0.12224849366025878
4.69	0.12173720371366475
4.7	0.12122913436663321
4.71	0.12072425854494967
4.72	0.12022254945882145
4.73	0.11972398059929514
4.74	0.11922852573472696
4.75	0.11873615890730467
4.76	0.11824685442962041
4.7700000000000005	0.1177605868812934
4.78	0.1172773311056418
4.79	0.11679706220640329
4.8	0.11631975554450227
4.8100000000000005	0.11584538673486498
4.82	0.11537393164327976
4.83	0.11490536638330266
4.84	0.11443966731320782
4.8500000000000005	0.11397681103298124
4.86	0.11351677438135804
4.87	0.1130595344329014
4.88	0.11260506849512376
4.89	0.11215335410564864
4.9	0.11170436902941273
4.91	0.11125809125590783
4.92	0.11081449899646167
4.93	0.11037357068155705
4.94	0.10993528495818874
4.95	0.10949962068725784
4.96	0.10906655694100213
4.97	0.1086360730004627
4.98	0.10820814835298614
4.99	0.10778276268976135
5.	0.10735989590339037
5.01	0.1069395280854935
5.0200000000000005	0.10652163952434705
5.03	0.10610621070255445
5.04	0.10569322229474856
5.05	0.1052826551653266
5.0600000000000005	0.10487449036621538
5.07	0.10446870913466803
5.08	0.10406529289109015
5.09	0.10366422323689606
5.1000000000000005	0.10326548195239428
5.11	0.10286905099470167
5.12	0.1024749124956861
5.13	0.10208304875993678
5.14	0.10169344226276221
5.15	0.10130607564821524
5.16	0.10092093172714448
5.17	0.1005379934752724
5.18	0.10015724403129869
5.19	0.09977866669502945
5.2	0.09940224492553129
5.21	0.09902796233930995
5.22	0.0986558027085135
5.23	0.09828574995915908
5.24	0.09791778816938337
5.25	0.0975519015677163
5.26	0.09715543122067503
5.2700000000000005	0.09674381873903412
5.28	0.09633472546831051
5.29	0.0959281312625287
5.3	0.09552401617448256
5.3100000000000005	0.095122360453404
5.32	0.09472314454266337
5.33	0.09432634907750075
5.34	0.09393195488278834
5.3500000000000005	0.09353994297082287
5.36	0.09315029453914757
5.37	0.09276299096840411
5.38	0.09237801382021242
5.39	0.09199534483507989
5.4	0.091614965930338
5.41	0.09123685919810667
5.42	0.0908610069032856
5.43	0.09048739148157273
5.44	0.09011599553750854
5.45	0.08974680184254677
5.46	0.08937979333315006
5.47	0.08901495310891153
5.48	0.08865226443070047
5.49	0.08829171071883267
5.5	0.08793327555126505
5.51	0.08757694266181339
5.5200000000000005	0.08722269593839405
5.53	0.08687051942128823
5.54	0.08652039730142896
5.55	0.0861723139187105
5.5600000000000005	0.08582625376031965
5.57	0.08548220145908864
5.58	0.08514014179186963
5.59	0.08480005967792971
5.6000000000000005	0.08446194017736729
5.61	0.0841257684895482
5.62	0.08379152995156251
5.63	0.08345921003670068
5.64	0.0831287943529495
5.65	0.08280026864150733
5.66	0.08247361877531799
5.67	0.08214883075762368
5.68	0.08182589072053602
5.69	0.08150478492362558
5.7	0.08118549975252891
5.71	0.08086802171757343
5.72	0.08055233745241974
5.73	0.08023843371272088
5.74	0.07992629737479859
5.75	0.0796159154343363
5.76	0.07930727500508802
5.7700000000000005	0.07900036331760431
5.78	0.07869516771797322
5.79	0.07839167566657768
5.8	0.07808987473686782
5.8100000000000005	0.07778975261414899
5.82	0.07749129709438467
5.83	0.07719449608301403
5.84	0.0768993375937845
5.8500000000000005	0.07660580974759845
5.86	0.07631390077137436
5.87	0.07602359899692157
5.88	0.07573489285982948
5.89	0.0754477708983699
5.9	0.07516222175241294
5.91	0.07487823416235638
5.92	0.07459579696806785
5.93	0.07431489910784005
5.94	0.07403552961735856
5.95	0.07375767762868242
5.96	0.07348133236923676
5.97	0.07320648316081786
5.98	0.07293311941861017
5.99	0.07266123065021521
6.	0.07239080645469204
6.01	0.07212183652160949
6.0200000000000005	0.07185431063010947
6.03	0.07158821864798202
6.04	0.0712915920366669
6.05	0.07098957256835164
6.0600000000000005	0.07068932820315439
6.07	0.07039084560455856
6.08	0.07009411155798818
6.09	0.06979911296949488
6.1000000000000005	0.06950583686446113
6.11	0.06921427038631923
6.12	0.0689244007952866
6.13	0.06863621546711611
6.140000000000001	0.06834970189186239
6.15	0.0680648476726628
6.16	0.06778164052453352
6.17	0.0675000682731805
6.18	0.06722011885382491
6.19	0.0669417803100426
6.2	0.06666504079261833
6.21	0.06638988855841338
6.22	0.06611631196924718
6.23	0.06584429949079242
6.24	0.06557383969148371
6.25	0.06530492124143912
6.26	0.06503753291139505
6.2700000000000005	0.06477166357165372
6.28	0.06450730219104354
6.29	0.06424443783589169
6.3	0.06398305966900929
6.3100000000000005	0.06372315694868855
6.32	0.06346471902771196
6.33	0.06320773535237353
6.34	0.06295219546151105
6.3500000000000005	0.06269808898555078
6.36	0.06244540564556269
6.37	0.06219413525232744
6.38	0.061944267705414
6.390000000000001	0.061695792992268586
6.4	0.06144870118731403
6.41	0.06120298245105995
6.42	0.06095862702922321
6.43	0.06071562525185911
6.44	0.06047396753250217
6.45	0.06023364436731757
6.46	0.05999464633426209
6.47	0.05975696409225516
6.48	0.0595205883803593
6.49	0.0592855100169704
6.5	0.059051719899017134
6.51	0.05881920900116974
6.5200000000000005	0.05858796837505826
6.53	0.05835798914849927
6.54	0.058129262524732175
6.55	0.057901779781663734
6.5600000000000005	0.05767553227112173
6.57	0.057450511418116995
6.58	0.05722670872011397
6.59	0.05700411574630961
6.6000000000000005	0.05678272413692065
6.61	0.056562525602478764
6.62	0.056343511923134186
6.63	0.05612567494796674
6.640000000000001	0.055909006594305255
6.65	0.05569349884705428
6.66	0.055479143758028676
6.67	0.055265933445295734
6.68	0.05505386009252456
6.69	0.05484291594834307
6.7	0.05463309332570205
6.71	0.05442438460124642
6.72	0.05421678221469358
6.73	0.05401027866821879
6.74	0.05380486652584729
6.75	0.053600538412853525
6.76	0.053397287015166606
6.7700000000000005	0.053195105078782945
6.78	0.05299398540918505
6.79	0.052793920870767
6.8	0.05259490438626607
6.8100000000000005	0.05239692893620106
6.82	0.05219998755831641
6.83	0.05200407334703276
6.84	0.051809179452903496
6.8500000000000005	0.051615299082077175
6.86	0.05142242549576614
6.87	0.05123055200972068
6.88	0.051039671993709256
6.890000000000001	0.05084977887100407
6.9	0.0506608661178727
6.91	0.050472927263074896
6.92	0.05028595588736519
6.93	0.05008608932072885
6.94	0.04987069097360586
6.95	0.04965652711155574
6.96	0.049443588898533695
6.97	0.04923186757430888
6.98	0.04902135445370662
6.99	0.0488120409258588
7.	0.04860391845346329
7.01	0.048396978572051344
7.0200000000000005	0.048191212889263584
7.03	0.047986613084134204
7.04	0.04778317090638312
7.05	0.04758087817571631
7.0600000000000005	0.04737972678113387
7.07	0.04717970868024621
7.08	0.04698081589859748
7.09	0.04678304052899701
7.1000000000000005	0.046586374730858034
7.11	0.04639081072954404
7.12	0.04619634081572218
7.13	0.04600295734472409
7.140000000000001	0.045810652735913844
7.15	0.04561941947206298
7.16	0.04542925009873229
7.17	0.045240137223660784
7.18	0.04505207351616124
7.19	0.04486505170652247
7.2	0.04467906458541838
7.21	0.04449410500332331
7.22	0.04431016586993408
7.23	0.04412724015359821
7.24	0.043945320880748685
7.25	0.043764401135344536
7.26	0.04358447405831814
7.2700000000000005	0.04340553284702798
7.28	0.04322757075471786
7.29	0.04305058108998184
7.3	0.042874557216234975
7.3100000000000005	0.04269949255119001
7.32	0.04252538056633955
7.33	0.042352214786444096
7.34	0.04217998878902547
7.3500000000000005	0.042008696203865825
7.36	0.041838330712512056
7.37	0.041668886047785604
7.38	0.0415003559932975
7.390000000000001	0.04133273438296876
7.4	0.04116601510055573
7.41	0.04100019207918091
7.42	0.04083525930086836
7.43	0.040671210796084545
7.44	0.040508040643283665
7.45	0.04034574296845835
7.46	0.04018431194469465
7.47	0.04002374179173219
7.48	0.039864026775528714
7.49	0.03970516120782952
7.5	0.039547139445741265
7.51	0.0393899558913104
7.5200000000000005	0.03923360499110617
7.53	0.03907808123580775
7.54	0.038923379159796066
7.55	0.03876949334074974
7.5600000000000005	0.03861641839924536
7.57	0.03846414899836191
7.58	0.03831267984328952
7.59	0.03816200568094204
7.6000000000000005	0.03801212129957403
7.61	0.03786302152840146
7.62	0.03771470123722662
7.63	0.037567155336066756
7.640000000000001	0.037420378774786725
7.65	0.03727436654273542
7.66	0.03712911366838596
7.67	0.036984615218979715
7.68	0.03684086630017389
7.69	0.03669786205569293
7.7	0.036555597666983394
7.71	0.036414068352872475
7.72	0.03627326936923001
7.73	0.03613319600863403
7.74	0.035993843600039696
7.75	0.035855207508451746
7.76	0.035717283134600125
7.7700000000000005	0.035580065914619166
7.78	0.03544355131972989
7.79	0.03530773485592563
7.8	0.0351726120636609
7.8100000000000005	0.03503817851754339
7.82	0.03490442982602913
7.83	0.03477136163112071
7.84	0.03463896960806864
7.8500000000000005	0.03450724946507578
7.86	0.03437619694300456
7.87	0.03424580781508748
7.88	0.03411607788664028
7.890000000000001	0.03398700299477812
7.9	0.03385857900813469
7.91	0.03373080182658393
7.92	0.03360366738096487
7.930000000000001	0.0334771716328089
7.94	0.03335131057407014
7.95	0.03322608022685816
7.96	0.03308296206429796
7.97	0.03293739540296855
7.98	0.032792650567867294
7.99	0.03264872189805454
8.	0.03250560377860099
8.01	0.032363290640156694
8.02	0.03222177695852506
8.03	0.032081057254240805
8.040000000000001	0.031941126092152834
8.05	0.03180197808101131
8.06	0.03166360787305902
8.07	0.03152601016362722
8.08	0.031389179690735625
8.09	0.031253111234696575
8.1	0.031117799617723468
8.11	0.03098323970354319
8.120000000000001	0.0308494263970126
8.13	0.030716354643739188
8.14	0.030584019429705407
8.15	0.030452415780897225
8.16	0.030321538762936306
8.17	0.03019138348071618
8.18	0.030061945078042114
8.19	0.029933218737274732
8.2	0.029805199678977292
8.21	0.02967788316156677
8.22	0.029551264480968346
8.23	0.02942533897027353
8.24	0.029300101999401935
8.25	0.02917554897476631
8.26	0.029051675338941305
8.27	0.02892847657033531
8.28	0.028805948182865925
8.290000000000001	0.028684085725638655
8.3	0.02856288478262892
8.31	0.028442340972367204
8.32	0.0283224499476277
8.33	0.028203207395119754
8.34	0.02808460903518278
8.35	0.027966650621484093
8.36	0.02784932794071991
8.370000000000001	0.0277326368123193
8.38	0.027616573088151252
8.39	0.027501132652234573
8.4	0.027386311420450837
8.41	0.027272105340260165
8.42	0.02715851039041993
8.43	0.02704552258070624
8.44	0.02693313795163828
8.45	0.026821352574205388
8.46	0.02671016254959685
8.47	0.02659956400893453
8.48	0.02648955311300797
8.49	0.026380126052012415
8.5	0.02627127904528916
8.51	0.026163008341068716
8.52	0.026055310216216473
8.53	0.02594818097598085
8.540000000000001	0.025841616953743936
8.55	0.0257356145107748
8.56	0.025630170035984966
8.57	0.02552527994568655
8.58	0.025420940683352676
8.59	0.025317148719380223
8.6	0.02521390055085512
8.61	0.02511119270131966
8.620000000000001	0.025009021720542382
8.63	0.02490738418429009
8.64	0.02480627669410208
8.65	0.02470569587706664
8.66	0.02460563838559981
8.67	0.024506100897226164
8.68	0.024407080114361875
8.69	0.024308572764099742
8.700000000000001	0.024210575597996584
8.71	0.024113085391862375
8.72	0.024016098945551692
8.73	0.0239196130827571
8.74	0.02382362465080449
8.75	0.023728130520450554
8.76	0.023633127585682034
8.77	0.023538612763517167
8.78	0.023444582993808714
8.790000000000001	0.02335103523904922
8.8	0.023257966484178005
8.81	0.023165373736389955
8.82	0.023073254024946335
8.83	0.022981604400987232
8.84	0.022890421937345928
8.85	0.02279970372836506
8.86	0.02270944688971437
8.870000000000001	0.02261964855821053
8.88	0.022530305891638274
8.89	0.022441416068573666
8.9	0.022352976288208676
8.91	0.022264983770177747
8.92	0.022177435754385785
8.93	0.02209032950083788
8.94	0.02200366228947067
8.950000000000001	0.021917431419985287
8.96	0.021831634211681814
8.97	0.021746268003295443
8.98	0.021661330152834092
8.99	0.02157681803741752
9.	0.021492729053118127
9.01	0.021409060614803088
9.02	0.021325810155978057
9.03	0.02124297512863226
9.040000000000001	0.021160553003085215
9.05	0.021078541267834733
9.06	0.020996937429406365
9.07	0.020915739012204317
9.08	0.020834943558363784
9.09	0.02075454862760452
9.1	0.02067455179708592
9.11	0.020594950661263454
9.120000000000001	0.020515742831746297
9.13	0.020436416963940596
9.14	0.020346964956478517
9.15	0.020258001662244226
9.16	0.02016952388145232
9.17	0.02008152843872849
9.18	0.019994012182896873
9.19	0.019906971986769592
9.200000000000001	0.019820404746938268
9.21	0.019734307383567677
9.22	0.019648676840191334
9.23	0.01956351008350906
9.24	0.01947880410318664
9.25	0.01939455591165724
9.26	0.019310762543924928
9.27	0.019227421057369964
9.28	0.019144528531556113
9.290000000000001	0.019062082068039703
9.3	0.01898007879018059
9.31	0.018898515842954905
9.32	0.018817390392769705
9.33	0.01873669962727927
9.34	0.018656440755203303
9.35	0.01857661100614677
9.36	0.018497207630421557
9.370000000000001	0.01841822789886976
9.38	0.01833966910268875
9.39	0.01826152855325785
9.4	0.018183803581966723
9.41	0.018106491540045302
9.42	0.01802958979839548
9.43	0.017953095747424336
9.44	0.017877006796878866
9.450000000000001	0.017801320375682494
9.46	0.01772603393177291
9.47	0.017651144931941653
9.48	0.017576650861674974
9.49	0.017502549224996496
9.5	0.01742883754431112
9.51	0.01735551336025057
9.52	0.01728257423152025
9.53	0.017210017734747708
9.540000000000001	0.01713784146433237
9.55	0.01706604303229685
9.56	0.01699462006813948
9.57	0.0169235702186884
9.58	0.016852891147956912
9.59	0.016782580537000158
9.6	0.01671263608377334
9.61	0.016643055502990937
9.620000000000001	0.016573836525987585
9.63	0.01650497690058004
9.64	0.016436474390930458
9.65	0.01636832677741101
9.66	0.016300531856469742
9.67	0.016233087440497614
9.68	0.01616599135769689
9.69	0.016099241451950595
9.700000000000001	0.016032835582693406
9.71	0.015966771624783452
9.72	0.01590104746837558
9.73	0.015835661018795594
9.74	0.01577061019641575
9.75	0.015705892936531397
9.76	0.015641507189238672
9.77	0.015577450919313453
9.78	0.015513722106091326
9.790000000000001	0.015445655761496561
9.8	0.01537642800209998
9.81	0.01530758065351888
9.82	0.015239111240784519
9.83	0.0151710173075275
9.84	0.015103296415819204
9.85	0.015035946146014868
9.86	0.014968964096598012
9.870000000000001	0.014902347884026466
9.88	0.014836095142579865
9.89	0.014770203524208428
9.9	0.014704670698383354
9.91	0.01463949435194857
9.92	0.014574672188973858
9.93	0.014510201930609342
9.94	0.014446081314941486
9.950000000000001	0.01438230809685028
9.96	0.014318880047867905
9.97	0.014255794956038606
9.98	0.014193050625780062
9.99	0.014130644877745777
10.	0.014068575548689106
10.01	0.014006840491328264
10.02	0.013945437574212769
10.03	0.013884364681591044
10.040000000000001	0.013823619713279334
10.05	0.013763200584531805
10.06	0.013703105225911812
10.07	0.013643331583164426
10.08	0.013583877617090194
10.09	0.013524741303419956
10.1	0.013465920632690824
10.11	0.013407413610123523
10.120000000000001	0.01334921825550058
10.13	0.013291332603045835
10.14	0.013233754701304975
10.15	0.013176482613027288
10.16	0.013119514415048317
10.17	0.013062848198173776
10.18	0.013006482067064463
10.19	0.01295041414012224
10.200000000000001	0.012894642549377
10.21	0.012839165440374833
10.22	0.012783980972067042
10.23	0.012729087316700284
10.24	0.012674482659707659
10.25	0.012620165199600882
10.26	0.012566133147863343
10.27	0.012512384728844155
10.28	0.01245891817965328
10.290000000000001	0.012405731750057459
10.3	0.012352823702377209
10.31	0.012300192311384659
10.32	0.012247835864202425
10.33	0.012195752660203313
10.34	0.012143941010910972
10.35	0.012092399239901427
10.36	0.012041125682705543
10.370000000000001	0.011990118686712306
10.38	0.011939376611073077
10.39	0.011888897826606595
10.4	0.011838680715704935
10.41	0.01178872367224024
10.42	0.01173902510147234
10.43	0.011689583419957232
10.44	0.011640397055456244
10.450000000000001	0.011591464446846195
10.46	0.011542784044030249
10.47	0.011494354307849569
10.48	0.011446173709995832
10.49	0.011394160766449573
10.5	0.011341344739917618
10.51	0.011288823462570152
10.52	0.011236595011404383
10.53	0.01118465747777457
10.540000000000001	0.011133008967271261
10.55	0.01108164759960179
10.56	0.011030571508471856
10.57	0.01097977884146812
10.58	0.010929267759942006
10.59	0.010879036438894547
10.6	0.010829083066862283
10.61	0.010779405845804236
10.620000000000001	0.010730002990989921
10.63	0.010680872730888425
10.64	0.010632013307058472
10.65	0.010583422974039533
10.66	0.010535099999243956
10.67	0.010487042662850062
10.68	0.010439249257696221
10.69	0.010391718089175946
10.700000000000001	0.01034444747513393
10.71	0.010297435745763034
10.72	0.010250681243502233
10.73	0.010204182322935502
10.74	0.010157937350691613
10.75	0.01011194470534485
10.76	0.010066202777316685
10.77	0.010020709968778277
10.78	0.009975464693553928
10.790000000000001	0.009930465377025377
10.8	0.009885710456036974
10.81	0.009841198378801774
10.82	0.009796927604808372
10.83	0.00975289660472872
10.84	0.009709103860326694
10.85	0.009665547864367493
10.86	0.009622227120527922
10.870000000000001	0.009579140143307425
10.88	0.009536285457939955
10.89	0.009493661600306642
10.9	0.009451267116849241
10.91	0.00940910056448435
10.92	0.009367160510518438
10.93	0.009325445532563625
10.94	0.009283954218454198
10.950000000000001	0.009242685166163916
10.96	0.009201636983723987
10.97	0.009160808289141908
10.98	0.009120197710320929
10.99	0.009079803884980258
11.	0.009039625460575974
11.01	0.008999661094222742
11.02	0.008959909452616086
11.03	0.008920369211955449
11.040000000000001	0.008881039057867912
11.05	0.00884191768533261
11.06	0.008803003798605786
11.07	0.008764296111146565
11.08	0.008725793345543315
11.09	0.008687494233440769
11.1	0.008649397515467672
11.11	0.008611501941165167
11.120000000000001	0.00857380626891578
11.13	0.008536309265872998
11.14	0.008499009707891532
11.15	0.008461906379458184
11.16	0.0084249980736233
11.17	0.00838828359193278
11.18	0.008351761744360859
11.19	0.008315431349243277
11.200000000000001	0.008279291233211175
11.21	0.008243340231125476
11.22	0.008207577186011962
11.23	0.008172000948996793
11.24	0.008133591458129676
11.25	0.008094742354191753
11.26	0.008056113078478453
11.27	0.00801770219351349
11.28	0.007979508272483924
11.290000000000001	0.007941529899151709
11.3	0.007903765667766027
11.31	0.007866214182976476
11.32	0.007828874059747002
11.33	0.007791743923270636
11.34	0.007754822408885005
11.35	0.0077181081619886495
11.36	0.007681599837958043
11.370000000000001	0.007645296102065426
11.38	0.0076091956293973355
11.39	0.007573297104773937
11.4	0.00753759922266902
11.41	0.007502100687130799
11.42	0.0074668002117033345
11.43	0.00743169651934878
11.44	0.0073967883423702455
11.450000000000001	0.007362074422335387
11.46	0.007327553510000714
11.47	0.007293224365236515
11.48	0.007259085756952542
11.49	0.007225136463024322
11.5	0.007191375270220115
11.51	0.007157800974128547
11.52	0.007124412379086943
11.53	0.007091208298110204
11.540000000000001	0.0070581875528204375
11.55	0.007025348973377071
11.56	0.006992691398407797
11.57	0.006960213674939917
11.58	0.006927914658332473
11.59	0.006895793212208871
11.6	0.006863848208390182
11.61	0.006832078526828998
11.620000000000001	0.006800483055543889
11.63	0.00676906069055445
11.64	0.006737810335816893
11.65	0.006706730903160273
11.66	0.006675821312223236
11.67	0.00664508049039134
11.68	0.006614507372734907
11.69	0.006584100901947495
11.700000000000001	0.00655386002828483
11.71	0.006523783709504374
11.72	0.006493870910805282
11.73	0.006464120604769067
11.74	0.006434531771300675
11.75	0.0064051033975700885
11.76	0.006375834477954478
11.77	0.006346724013980848
11.78	0.0063177710142691855
11.790000000000001	0.0062889744944761095
11.8	0.006260333477239027
11.81	0.0062318469921207416
11.82	0.0062035140755546106
11.83	0.006175333770790111
11.84	0.006147305127838958
11.85	0.006119427203421604
11.86	0.006091699060914297
11.870000000000001	0.006064119770296547
11.88	0.0060366884080990686
11.89	0.006009404057352151
11.9	0.005982265807534517
11.91	0.005955272754522622
11.92	0.005928424000540361
11.93	0.005901718654109211
11.94	0.005875155829998889
11.950000000000001	0.005848734649178328
11.96	0.005822454238767137
11.97	0.00579631373198748
11.98	0.005770312268116354
11.99	0.005744448992438286
12.	0.005718723056198459
12.01	0.0056931336165562
12.02	0.005667679836538891
12.030000000000001	0.005642360884996312
12.040000000000001	0.0056158446958628865
12.05	0.005588108707317632
12.06	0.005560532541176782
12.07	0.00553311514512043
12.08	0.005505855474621082
12.09	0.005478752492879585
12.1	0.005451805170761556
12.11	0.005425012486734541
12.120000000000001	0.005398373426805576
12.13	0.005371886984459408
12.14	0.005345552160597263
12.15	0.005319367963476124
12.16	0.005293333408648603
12.17	0.005267447518903327
12.18	0.005241709324205871
12.19	0.005216117861640197
12.200000000000001	0.00519067217535066
12.21	0.005165371316484502
12.22	0.00514021434313487
12.23	0.005115200320284327
12.24	0.0050903283197489164
12.25	0.0050655974201226734
12.26	0.005041006706722653
12.27	0.0050165552715344475
12.280000000000001	0.0049922422131581925
12.290000000000001	0.004968066636755063
12.3	0.004944027653994203
12.31	0.004920124383000188
12.32	0.004896355948300886
12.33	0.004872721480775862
12.34	0.00484922011760516
12.35	0.004825851002218611
12.36	0.0048026132842454924
12.370000000000001	0.0047795061194647655
12.38	0.0047565286697556376
12.39	0.004733680103048612
12.4	0.004710959593276962
12.41	0.0046883663203286415
12.42	0.004665899469998599
12.43	0.004643558233941537
12.44	0.004621341809625051
12.450000000000001	0.004599249400283221
12.46	0.004577280214870584
12.47	0.0045554334680165285
12.48	0.004533708379980065
12.49	0.004512104176604996
12.5	0.004490620089275524
12.51	0.004469255354872184
12.52	0.004448009215728195
12.530000000000001	0.0044268809195861895
12.540000000000001	0.004405869719555315
12.55	0.004384974874068727
12.56	0.004364195646841417
12.57	0.004343531306828437
12.58	0.0043229811281834864
12.59	0.004302544390217842
12.6	0.0042822203773596555
12.61	0.00426200837911361
12.620000000000001	0.0042419076900209055
12.63	0.004221917609619615
12.64	0.0042020374424053784
12.65	0.004182266497792427
12.66	0.004162604090074914
12.67	0.004143049538388688
12.68	0.004123602166673259
12.69	0.004104261303634183
12.700000000000001	0.0040850262827057315
12.71	0.004065896442013915
12.72	0.004046871124339776
12.73	0.004027949677083057
12.74	0.004009131452226113
12.75	0.003990415806298204
12.76	0.003971802100340041
12.77	0.003953289699868658
12.780000000000001	0.003934877974842576
12.790000000000001	0.003916566299627283
12.8	0.0038983540529609895
12.81	0.0038802406179206765
12.82	0.0038622253818884566
12.83	0.0038443077365181775
12.84	0.0038264870777023757
12.85	0.003808762805539444
12.86	0.0037911343243011196
12.870000000000001	0.003773601042400236
12.88	0.0037561623723587497
12.89	0.003738817730776046
12.9	0.0037208690300168375
12.91	0.0037020548664883596
12.92	0.0036833502920490145
12.93	0.003664754584280838
12.94	0.0036462670260815028
12.950000000000001	0.0036278869056211387
12.96	0.0036096135162995376
12.97	0.0035914461567037475
12.98	0.0035733841305660183
12.99	0.003555426746722156
13.	0.0035375733190701883
13.01	0.0035198231665294825
13.02	0.0035021756130001434
13.030000000000001	0.0034846299873228124
13.040000000000001	0.003467185623238811
13.05	0.0034498418593506275
13.06	0.0034325980390827863
13.07	0.0034154535106430154
13.08	0.0033984076269837757
13.09	0.003381459745764149
13.1	0.0033646092293120344
13.11	0.0033478554445866802
13.120000000000001	0.003331197763141553
13.13	0.0033146355610875343
13.14	0.0032981682190564264
13.15	0.003281795122164798
13.16	0.0032655156599781235
13.17	0.0032493292264752444
13.18	0.0032332352200131597
13.19	0.003217233043292099
13.200000000000001	0.003201322103320908
13.21	0.0031855018113827213
13.22	0.0031697715830009917
13.23	0.0031541308379057346
13.24	0.003138579000000121
13.25	0.0031231154973273357
13.26	0.003107739762037753
13.27	0.0030924512303563564
13.280000000000001	0.003077249342550465
13.290000000000001	0.003062133542897744
13.3	0.0030471032796544778
13.31	0.003032158005024121
13.32	0.0030172971751261366
13.33	0.003002520249965081
13.34	0.0029878266933999614
13.35	0.0029732159731138785
13.36	0.0029586875605838977
13.370000000000001	0.0029442409310512156
13.38	0.0029298755634915383
13.39	0.0029155909405857703
13.4	0.0029013865486909054
13.41	0.0028872618778111926
13.42	0.0028732164215695506
13.43	0.002859249677179212
13.44	0.002845361145415632
13.450000000000001	0.0028315503305886176
13.46	0.0028178167405147037
13.47	0.0028041598864897706
13.48	0.0027905792832618884
13.49	0.00277707444900439
13.5	0.0027636449052891856
13.51	0.0027502901770602908
13.52	0.0027370097926075953
13.530000000000001	0.0027238032835408504
13.540000000000001	0.0027106701847638536
13.55	0.0026976100344488973
13.56	0.002684622374011399
13.57	0.0026717067480847606
13.58	0.0026588627044954374
13.59	0.002646089794238223
13.6	0.002633387571451738
13.61	0.002620755593394128
13.620000000000001	0.0026081934204189735
13.63	0.0025957006159513904
13.64	0.0025832767464643407
13.65	0.002570921381455147
13.66	0.002558634093422192
13.67	0.0025464144578418316
13.68	0.002534262053145486
13.69	0.002522176460696931
13.700000000000001	0.002510157264769784
13.71	0.0024982040525251756
13.72	0.002486316413989593
13.73	0.00247449394203295
13.74	0.0024627362323467916
13.75	0.0024510428834227317
13.76	0.002439413496530997
13.77	0.0024278476756992556
13.780000000000001	0.0024163450276915265
13.790000000000001	0.002404905161987316
13.8	0.002393527690760909
13.81	0.002382212228860847
13.82	0.0023708157771305384
13.83	0.0023588698032608888
13.84	0.002346992591728893
13.85	0.0023351836974754943
13.86	0.002323442678640596
13.870000000000001	0.002311769096537769
13.88	0.002300162515629212
13.89	0.0022886225035008813
13.9	0.0022771486308378872
13.91	0.002265740471400052
13.92	0.0022543976019977225
13.93	0.002243119602467741
13.94	0.0022319060556496755
13.950000000000001	0.0022207565473622197
13.96	0.002209670666379798
13.97	0.002198648004409378
13.98	0.002187688156067487
13.99	0.0021767907188574107
14.	0.002165955293146592
14.01	0.0021551814821442325
14.02	0.0021444688918790676
14.030000000000001	0.002133817131177344
14.040000000000001	0.002123225811640986
14.05	0.002112694547625934
14.06	0.0021022229562206777
14.07	0.0020918106572249766
14.08	0.002081457273128748
14.09	0.002071162429091142
14.1	0.0020609257529197915
14.11	0.0020507468750502423
14.120000000000001	0.002040625428525554
14.13	0.0020305610489760742
14.14	0.00202055337459937
14.15	0.0020106020461403743
14.16	0.0020007067068716295
14.17	0.0019908670025737675
14.18	0.0019810825815161043
14.19	0.001971353094437422
14.200000000000001	0.0019616781945269155
14.21	0.0019520575374052807
14.22	0.00194249078110598
14.23	0.001932977586056652
14.24	0.0019235176150606914
14.25	0.0019141105332789673
14.26	0.0019047560082117096
14.27	0.0018954537096805327
14.280000000000001	0.0018862033098106267
14.290000000000001	0.00187700448301308
14.3	0.0018678569059673736
14.31	0.0018587602576039769
14.32	0.0018497142190871522
14.33	0.001840718473797843
14.34	0.00183177270731675
14.35	0.0018228766074075123
14.36	0.0018140298640000564
14.370000000000001	0.0018052321691740642
14.38	0.001796483217142598
14.39	0.0017877827042358416
14.4	0.0017791303288849883
14.41	0.001770525791606257
14.42	0.0017619687949850511
14.43	0.0017534590436602314
14.44	0.0017449962443085321
14.450000000000001	0.0017365801056291104
14.46	0.0017282103383282042
14.47	0.0017198866551039365
14.48	0.0017116087706312319
14.49	0.0017033764015468651
14.5	0.0016951892664346419
14.51	0.001687047085810668
14.52	0.0016789495821087793
14.530000000000001	0.0016708964796660689
14.540000000000001	0.0016628875047085437
14.55	0.0016549223853368888
14.56	0.0016470008515123591
14.57	0.0016391226350427764
14.58	0.0016312874695686534
14.59	0.0016234950905494234
14.6	0.0016157452352497808
14.61	0.001608037642726138
14.620000000000001	0.0016003720538131975
14.63	0.0015927482111106207
14.64	0.001585165858969823
14.65	0.001577624743480854
14.66	0.0015701246124594076
14.67	0.0015626652154339263
14.68	0.0015552463036328135
14.69	0.0015478676299717417
14.700000000000001	0.0015405289490410792
14.71	0.0015332300170934046
14.72	0.0015259705920311365
14.73	0.001518750433394251
14.74	0.0015115693023481005
14.75	0.001504426961671341
14.76	0.0014973231757439522
14.77	0.0014902577105353467
14.780000000000001	0.001483230333592586
14.790000000000001	0.0014762408140286867
14.8	0.0014692889225110246
14.81	0.0014623979779808977
14.82	0.0014555852809072418
14.83	0.0014488088846635976
14.84	0.0014420685715417051
14.85	0.0014353641252844158
14.86	0.0014286953310750422
14.870000000000001	0.0014220619755268016
14.88	0.0014154638466723588
14.89	0.001408900733953424
14.9	0.001402372428210459
14.91	0.0013958787216724442
14.92	0.0013894194079467506
14.93	0.0013829942820090758
14.94	0.001376603140193456
14.950000000000001	0.0013702457801823777
14.96	0.0013639220009969528
14.97	0.0013576316029871678
14.98	0.0013513743878222292
14.99	0.0013451501584809643
15.	0.0013389587192423132
15.01	0.0013327998756758894
15.02	0.0013266734346326179
15.030000000000001	0.0013205792042354444
15.040000000000001	0.0013145169938701161
15.05	0.0013084866141760496
15.06	0.0013024878770372494
15.07	0.001296520595573313
15.08	0.0012905845841305016
15.09	0.001284679658272886
15.1	0.0012788056347735575
15.11	0.0012729623316059034
15.120000000000001	0.0012671495679349642
15.13	0.0012613671641088476
15.14	0.0012556149416502165
15.15	0.0012498927232478388
15.16	0.0012442003327482022
15.17	0.0012385375951472107
15.18	0.0012329043365819179
15.19	0.0012273003843223543
15.200000000000001	0.0012217255667633959
15.21	0.0012161797134167128
15.22	0.0012106626549027663
15.23	0.0012051742229428827
15.24	0.0011997142503513815
15.25	0.0011942825710277568
15.26	0.0011888790199489402
15.27	0.0011835034331616064
15.280000000000001	0.001178155647774542
15.290000000000001	0.0011728355019510837
15.3	0.0011675428349015992
15.31	0.0011622774868760408
15.32	0.0011570392991565516
15.33	0.0011518281140501224
15.34	0.0011466437748813192
15.35	0.0011414861259850528
15.36	0.0011363550126994178
15.370000000000001	0.0011312502813585756
15.38	0.0011261717792856974
15.39	0.0011211193547859637
15.4	0.0011160928571396157
15.41	0.0011110921365950596
15.42	0.0011061170443620206
15.43	0.0011011674326047644
15.44	0.0010962431544353497
15.450000000000001	0.0010913440639069487
15.46	0.0010864700160072122
15.47	0.0010816208666516894
15.48	0.001076796472677293
15.49	0.0010719966918358225
15.5	0.0010672213827875212
15.51	0.0010624704050947091
15.52	0.0010577436192154368
15.530000000000001	0.0010530408864972063
15.540000000000001	0.0010483620691707335
15.55	0.0010437070303437551
15.56	0.0010390756339948922
15.57	0.0010344677449675495
15.58	0.0010298832289638764
15.59	0.0010253219525387463
15.6	0.0010207837830938215
15.610000000000001	0.0010162685888716286
15.620000000000001	0.0010117762389496945
15.63	0.0010073066032347277
15.64	0.001002859552456836
15.65	0.0009984349581638012
15.66	0.0009940326927153804
15.67	0.000989652629277666
15.68	0.0009852946418174757
15.69	0.0009809586050967987
15.700000000000001	0.0009766443946672698
15.71	0.0009723518868646954
15.72	0.0009680809588036169
15.73	0.0009638314883719145
15.74	0.0009596033542254575
15.75	0.0009553964357827854
15.76	0.0009512106132198349
15.77	0.0009470457674647093
15.780000000000001	0.0009429017801924853
15.790000000000001	0.0009387785338200529
15.8	0.0009346759115009967
15.81	0.0009305937971205309
15.82	0.0009265320752904461
15.83	0.000922490631344116
15.84	0.0009184693513315253
15.85	0.0009144681220143517
15.860000000000001	0.00091048683086107
15.870000000000001	0.0009070056735384585
15.88	0.0009040847281801888
15.89	0.0009011750194455651
15.9	0.0008982764970775248
15.91	0.0008953891110751865
15.92	0.0008925128116923935
15.93	0.0008896475494362517
15.94	0.0008867932750656842
15.950000000000001	0.0008839499395899931
15.96	0.0008811174942674329
15.97	0.0008782958906037829
15.98	0.0008754850803509474
15.99	0.0008726850155055436
16.	0.0008698956483075149
16.01	0.0008671169312387419
16.02	0.0008643488170216716
16.03	0.0008615912586179462
16.04	0.0008588442092270469
16.05	0.0008561076222849422
16.06	0.0008533814514627495
16.07	0.0008506656506653996
16.080000000000002	0.0008479601740303143
16.09	0.0008452649759260883
16.1	0.0008425800109511813
16.11	0.0008399052339326204
16.12	0.0008372405999247064
16.13	0.0008345860642077317
16.14	0.000831941582286703
16.15	0.0008293071098900755
16.16	0.0008266826029684944
16.17	0.0008240680176935411
16.18	0.0008214633104564886
16.19	0.0008188684378670688
16.2	0.0008162833567522405
16.21	0.0008137080241549725
16.22	0.0008111423973330259
16.23	0.0008085864337577534
16.240000000000002	0.0008060400911128982
16.25	0.0008035033272934035
16.26	0.0008009761004042303
16.27	0.0007984583687591827
16.28	0.0007959500908797347
16.29	0.0007934512254938766
16.3	0.0007909617315349526
16.31	0.0007884815681405195
16.32	0.000786010694651205
16.330000000000002	0.0007835490706095743
16.34	0.0007810966557590069
16.35	0.0007786534100425741
16.36	0.0007762192936019296
16.37	0.0007737942667762045
16.38	0.0007713782901009087
16.39	0.0007689713243068368
16.4	0.0007665733303189893
16.41	0.0007641842692554885
16.42	0.0007618041024265112
16.43	0.0007594327913332222
16.44	0.0007570702976667154
16.45	0.0007547165833069648
16.46	0.0007523716103217749
16.47	0.0007500353409657473
16.48	0.0007477077376792417
16.490000000000002	0.0007453887630873557
16.5	0.0007430783799989022
16.51	0.0007407765514053972
16.52	0.0007384832404800462
16.53	0.0007361984105767539
16.54	0.0007339220252291194
16.55	0.000731654048149452
16.56	0.0007293944432277868
16.57	0.0007271431745309081
16.580000000000002	0.0007249002063013764
16.59	0.000722665502956567
16.6	0.0007204390290877069
16.61	0.0007182207494589241
16.62	0.0007160106290062976
16.63	0.0007138086328369175
16.64	0.0007116147262279482
16.65	0.0007094288746256969
16.66	0.0007072510436446895
16.67	0.0007050811990667525
16.68	0.0007029193068400989
16.69	0.0007007653330784166
16.7	0.0006986192440599701
16.71	0.0006964810062267024
16.72	0.0006943505861833439
16.73	0.00069222795069652
16.740000000000002	0.0006901130666938798
16.75	0.0006880059012632137
16.76	0.0006859064216515835
16.77	0.0006838145952644615
16.78	0.0006817303896648637
16.79	0.0006796537725725022
16.8	0.0006775847118629301
16.81	0.0006755231755667007
16.82	0.0006734691318685245
16.830000000000002	0.0006714225491064386
16.84	0.0006693833957709747
16.85	0.0006673516405043345
16.86	0.0006653272520995722
16.87	0.0006633101994997787
16.88	0.0006613004517972719
16.89	0.0006592979782327924
16.9	0.0006573027481947011
16.91	0.0006553147312181884
16.92	0.0006533338969844803
16.93	0.0006513602153200529
16.94	0.0006493936561958528
16.95	0.0006474341897265191
16.96	0.0006454817861696123
16.97	0.0006579169076722566
16.98	0.0006720528750277924
16.990000000000002	0.0006864839749509831
17.	0.0007012161900846641