0.01	3.0957009226639296
0.02	2.377698707831295
0.03	2.142827804876403
0.04	2.017120896085142
0.05	1.9400259052215676
0.06	1.884959519710581
0.07	1.839366213847903
0.08	1.8032894683082419
0.09	1.7725458299244703
0.1	1.745206966870724
0.11	1.7204203337000172
0.12	1.6974404395476306
0.13	1.6750961070801753
0.14	1.654030434837101
0.15	1.632574097292194
0.16	1.6124378232584002
0.17	1.5922247147027822
0.18	1.5729575902770183
0.19	1.5541899714946854
0.2	1.5353141465006077
0.21	1.517572251346634
0.22	1.499669009132647
0.23	1.4820069857934546
0.24	1.4652917202315867
0.25	1.4486629516173368
0.26	1.431878780937928
0.27	1.415911744938746
0.28	1.4006939356023345
0.29	1.3847687693301247
0.3	1.3691993534282672
0.31	1.3543070592914506
0.32	1.3400419802147245
0.33	1.3254389019509853
0.34	1.3108578365854051
0.35000000000000003	1.2968529848327657
0.36	1.2833860637551906
0.37	1.2704223083786337
0.38	1.256953216384283
0.39	1.2437544502543367
0.4	1.2310232538669745
0.41000000000000003	1.2187319814272943
0.42	1.206855245591326
0.43	1.194997206343925
0.44	1.1826962328607573
0.45	1.1707941050206174
0.46	1.1592694498765206
0.47000000000000003	1.1481024727677567
0.48	1.1372748101370729
0.49	1.1267693988129905
0.5	1.1156780439535163
0.51	1.1048947310012263
0.52	1.0944220296967704
0.53	1.0842452731950276
0.54	1.0743507472458844
0.55	1.0647256120517024
0.56	1.0553578318219077
0.5700000000000001	1.0456281037908837
0.58	1.035920329459924
0.59	1.0264663433585564
0.6	1.0172553753195286
0.61	1.0082772819612313
0.62	0.9995225006532195
0.63	0.9909820075423635
0.64	0.9826472792233907
0.65	0.9742245726998954
0.66	0.965541482638308
0.67	0.9570646275676228
0.68	0.9487861391482303
0.6900000000000001	0.940698559254722
0.7000000000000001	0.9327948130179436
0.71	0.9250681839944334
0.72	0.9175122912680774
0.73	0.9101210683091395
0.74	0.9028887434338004
0.75	0.8952374037823662
0.76	0.8876150370527419
0.77	0.8801559468118545
0.78	0.8728545823944311
0.79	0.8657056498608573
0.8	0.8587040970556927
0.81	0.851845099709905
0.8200000000000001	0.8451240485020421
0.8300000000000001	0.8385365370013996
0.84	0.8320783504232592
0.85	0.8257454551325636
0.86	0.819112591917618
0.87	0.8125135407751923
0.88	0.8060421668967377
0.89	0.7996945907831174
0.9	0.7934670926811627
0.91	0.7873561043198208
0.92	0.7813582011591249
0.93	0.7754700951149757
0.9400000000000001	0.7696886277257728
0.9500000000000001	0.7640107637296815
0.96	0.7584335850238342
0.97	0.7529542849790406
0.98	0.7474676413439675
0.99	0.7416524222747558
1.	0.7359402117956962
1.01	0.7303281822743556
1.02	0.724813610689908
1.03	0.7193938737837204
1.04	0.714066443479255
1.05	0.7088288825539097
1.06	0.7036788405466883
1.07	0.6986140498867652
1.08	0.6936323222290831
1.09	0.6887315449841138
1.1	0.68390967802982
1.11	0.6791647505946947
1.12	0.6744948583015283
1.1300000000000001	0.6695796824590189
1.1400000000000001	0.6646098201524552
1.1500000000000001	0.6597197703630997
1.16	0.6549075739134828
1.17	0.6501713360635126
1.18	0.6455092238626607
1.19	0.6409194636322975
1.2	0.6364003385707522
1.21	0.6319501864741479
1.22	0.6275673975665111
1.23	0.6232504124330714
1.24	0.6189977200510502
1.25	0.6148078559125948
1.26	0.6106794002348523
1.27	0.6066109762524802
1.28	0.6026012485881814
1.29	0.5986241435468783
1.3	0.5943515636011679
1.31	0.5901418698070217
1.32	0.5859936670439997
1.33	0.5819056014019497
1.34	0.5778763586651654
1.35	0.5739046628631204
1.36	0.5699892748843841
1.37	0.5661289911505282
1.3800000000000001	0.5623226423470047
1.3900000000000001	0.558569092208165
1.4000000000000001	0.554867236353728
1.41	0.5512160011741816
1.42	0.5476143427627183
1.43	0.544061245891459
1.44	0.5405557230298285
1.45	0.5370968134030699
1.46	0.533683582088992
1.47	0.530315119151151
1.48	0.526990538806755
1.49	0.5234112261633901
1.5	0.5198685723304151
1.51	0.5163731978790742
1.52	0.5129241649486099
1.53	0.5095205602901168
1.54	0.5061614944650482
1.55	0.502846101074826
1.56	0.49957353602015586
1.57	0.4963429767887189
1.58	0.493153621769981
1.59	0.4900046895959237
1.6	0.48689541850655826
1.61	0.48382506573914563
1.62	0.4807929069400942
1.6300000000000001	0.47779823559855883
1.6400000000000001	0.47484036250081535
1.6500000000000001	0.47191861520452405
1.6600000000000001	0.46903233753204526
1.67	0.466180889082002
1.68	0.4633636447583332
1.69	0.4605799943161076
1.7	0.4578200183087138
1.71	0.45480072647590214
1.72	0.45181877840058965
1.73	0.4488734990902683
1.74	0.44596422956072945
1.75	0.44309032636713297
1.76	0.440251161151399
1.77	0.4374461202052624
1.78	0.434674604048368
1.79	0.4319360270208017
1.8	0.42922981688949136
1.81	0.42655541446792744
1.82	0.4239122732486843
1.83	0.4212998590482432
1.84	0.4187176496636398
1.85	0.416165134540482
1.86	0.4136418144519011
1.87	0.41114720118802073
1.8800000000000001	0.4086808172555449
1.8900000000000001	0.4062421955870825
1.9000000000000001	0.40383087925984523
1.9100000000000001	0.40144642122336627
1.92	0.39908838403590763
1.93	0.3967563396092342
1.94	0.39444986896144735
1.95	0.39216856197758326
1.96	0.3897013480230285
1.97	0.38722499635338664
1.98	0.38477680002383896
1.99	0.38235629913074826
2.	0.3799630435432955
2.0100000000000002	0.37759659264825307
2.02	0.37525651510265257
2.0300000000000002	0.37294238859406614
2.04	0.3706537996082316
2.05	0.36839034320375846
2.06	0.3661516227936703
2.07	0.36393724993354093
2.08	0.3617468441159952
2.09	0.35958003257135446
2.1	0.35743645007421343
2.11	0.3553157387557466
2.12	0.3532175479215456
2.13	0.3511415338748018
2.14	0.3490873597446518
2.15	0.34705469531951233
2.16	0.34504321688523554
2.17	0.34305260706792745
2.18	0.34108255468126875
2.19	0.3391327545781955
2.2	0.3372029075067907
2.21	0.33529271997025084
2.22	0.33340190409079523
2.23	0.3315301774773883
2.24	0.32967726309715195
2.25	0.32764380907821056
2.2600000000000002	0.32561851619514526
2.27	0.32361460147586907
2.2800000000000002	0.3216317465684355
2.29	0.31966963922990543
2.3000000000000003	0.3177279731830897
2.31	0.31580644797725715
2.32	0.3139047688526793
2.33	0.3120226466088926
2.34	0.31015979747655964
2.35	0.3083159429928153
2.36	0.3064908098799909
2.37	0.30468412992760824
2.38	0.3028956398775447
2.39	0.301125081312268
2.4	0.2993722005460511
2.41	0.2976367485190697
2.42	0.29591848069429927
2.43	0.2942171569571239
2.44	0.29253254151757585
2.45	0.29086440281512554
2.46	0.2892125134259461
2.47	0.2875766499725783
2.48	0.2859565930359241
2.49	0.28435212706949947
2.5	0.2827630403158806
2.5100000000000002	0.28118912472527774
2.52	0.27963017587617495
2.5300000000000002	0.2780859928979751
2.54	0.2765563783955927
2.5500000000000003	0.2750411383759356
2.56	0.2735400821762249
2.57	0.27205302239409584
2.58	0.27045237402300004
2.59	0.2688231155949245
2.6	0.267209894023366
2.61	0.2656124906835241
2.62	0.2640306907532164
2.63	0.26246428313254616
2.64	0.26091306036556466
2.65	0.2593768185638718
2.66	0.2578553573320985
2.67	0.2563484796952198
2.68	0.254855992027644
2.69	0.2533777039840318
2.7	0.2519134284317939
2.71	0.25046298138522116
2.72	0.2490261819412032
2.73	0.24760285221648956
2.74	0.24619281728645212
2.75	0.24479590512530788
2.7600000000000002	0.2434119465477604
2.77	0.2420407751520233
2.7800000000000002	0.24068222726418645
2.79	0.23933614188389038
2.8000000000000003	0.2380023606312708
2.81	0.23668072769514345
2.82	0.2353710897823904
2.83	0.23407329606852167
2.84	0.23278719814937568
2.85	0.231512649993932
2.86	0.2302495078982058
2.87	0.228997630440194
2.88	0.22775687843584888
2.89	0.22652711489604857
2.9	0.22530820498454204
2.91	0.22410001597683932
2.92	0.2229024172200271
2.93	0.22171528009348115
2.94	0.22053847797045684
2.95	0.21937188618053113
2.96	0.21812867446551812
2.97	0.21684551463996582
2.98	0.21557417829130607
2.99	0.21431451734415183
3.	0.21306638606438127
3.0100000000000002	0.2118296410144731
3.02	0.21060414100983998
3.0300000000000002	0.20938974707613195
3.04	0.2081863224074882
3.0500000000000003	0.2069937323257103
3.06	0.20581184424033572
3.0700000000000003	0.20464052760958712
3.08	0.20347965390217732
3.09	0.2023290965599468
3.1	0.20118873096131415
3.11	0.20005843438551837
3.12	0.19893808597763393
3.13	0.19782756671433957
3.14	0.1967267593704214
3.15	0.19563554848599357
3.16	0.19455382033441787
3.17	0.1934814628909052
3.18	0.19241836580178362
3.19	0.19136442035441464
3.2	0.1903195194477446
3.21	0.18928355756347331
3.22	0.18825643073782683
3.23	0.18723803653392004
3.24	0.18622827401469258
3.25	0.18522704371640816
3.2600000000000002	0.18423424762270038
3.27	0.1832497891391545
3.2800000000000002	0.18227357306841122
3.29	0.18130550558578082
3.3000000000000003	0.1803454942153553
3.31	0.1793934478066074
3.3200000000000003	0.17844927651146425
3.33	0.1775128917618459
3.34	0.17658420624765644
3.35	0.1756631338952187
3.36	0.17474958984614145
3.37	0.17384349043660888
3.38	0.17294475317708427
3.39	0.17205329673241598
3.4	0.17107170912212935
3.41	0.17008371087242172
3.42	0.16910428676511358
3.43	0.1681333376458909
3.44	0.16717076579159615
3.45	0.16621647488548857
3.46	0.16527036999300315
3.47	0.1643323575379948
3.48	0.16340234527945902
3.49	0.16248024228871602
3.5	0.16156595892704914
3.5100000000000002	0.1606594068237872
3.52	0.15976049885481935
3.5300000000000002	0.1588691491215349
3.54	0.1579852729301765
3.5500000000000003	0.15710878677159862
3.56	0.15623960830142203
3.5700000000000003	0.15537765632057476
3.58	0.1545228507562124
3.59	0.1536751126430076
3.6	0.15283436410480206
3.61	0.15200052833661204
3.62	0.1511735295869801
3.63	0.1503532931406656
3.64	0.14953974530166564
3.65	0.14873281337656077
3.66	0.14793242565817682
3.67	0.14713851140955722
3.68	0.146351000848238
3.69	0.14556982513082037
3.7	0.14479491633783262
3.71	0.14402620745887712
3.72	0.14326363237805445
3.73	0.1425071258596603
3.74	0.14175662353414833
3.75	0.14101206188435386
3.7600000000000002	0.14027337823197236
3.77	0.13954051072428805
3.7800000000000002	0.1388133983211469
3.79	0.13809198078216875
3.8000000000000003	0.13737619865419404
3.81	0.13666599325895967
3.8200000000000003	0.13596130668099987
3.83	0.13526208175576673
3.84	0.13456826205796635
3.85	0.13387979189010568
3.86	0.1331966162712467
3.87	0.1325186809259615
3.88	0.13184593227348756
3.89	0.13117831741707517
3.9	0.13045947123308782
3.91	0.12971252200837888
3.92	0.12897174102897493
3.93	0.12823706181699357
3.94	0.1275084187776572
3.95	0.12678574718535887
3.96	0.1260689831699828
3.97	0.12535806370347435
3.98	0.12465292658665349
3.99	0.12395351043626782
4.	0.12325975467227884
4.01	0.12257159950537858
4.0200000000000005	0.12188898592472966
4.03	0.12121185568592605
4.04	0.12054015129916912
4.05	0.11987381601765469
4.0600000000000005	0.11921279382616698
4.07	0.11855702942987556
4.08	0.11790646824332991
4.09	0.11726105637964988
4.1	0.11662074063990552
4.11	0.11598546850268478
4.12	0.11535518811384372
4.13	0.11472984827643624
4.14	0.11410939844081992
4.15	0.11349378869493426
4.16	0.11288296975474767
4.17	0.11227689295487028
4.18	0.11167551023932928
4.19	0.11107877415250321
4.2	0.11048663783021241
4.21	0.10989905499096275
4.22	0.10931597992733912
4.23	0.10873736749754606
4.24	0.10816317311709299
4.25	0.1075933527506205
4.26	0.10702786290386576
4.2700000000000005	0.1064666606157637
4.28	0.10590970345068185
4.29	0.10535694949078607
4.3	0.10480835732853455
4.3100000000000005	0.10426388605929786
4.32	0.10372349527410257
4.33	0.10318714505249589
4.34	0.1026547959555294
4.3500000000000005	0.10212640901885935
4.36	0.1016019457459614
4.37	0.10108136810145758
4.38	0.10056463850455369
4.39	0.10005171982258437
4.4	0.09954257536466482
4.41	0.09903716887544596
4.42	0.09853546452897258
4.43	0.09803742692264085
4.44	0.09754302107125509
4.45	0.09705221240118057
4.46	0.09656496674459134
4.47	0.09608125033381114
4.48	0.09553414860259567
4.49	0.09498676524436013
4.5	0.09444372555272983
4.51	0.09390498552125559
4.5200000000000005	0.09337050168552982
4.53	0.09284023111533025
4.54	0.09231413140689455
4.55	0.0917921606753233
4.5600000000000005	0.0912742775471093
4.57	0.09076044115279007
4.58	0.09025061111972206
4.59	0.0897447475649737
4.6000000000000005	0.08924281108833557
4.61	0.08874476276544498
4.62	0.08825056414102338
4.63	0.08776017722222396
4.64	0.08727356447208802
4.65	0.08679068880310749
4.66	0.08631151357089235
4.67	0.08583600256793995
4.68	0.08536412001750589
4.69	0.08489583056757291
4.7	0.08443109928491774
4.71	0.08396989164927214
4.72	0.0835121735475787
4.73	0.08305791126833756
4.74	0.08260707149604399
4.75	0.08215962130571401
4.76	0.08171552815749757
4.7700000000000005	0.08127475989137661
4.78	0.0808372847219476
4.79	0.08040307123328587
4.8	0.07997208837389135
4.8100000000000005	0.0795443054517136
4.82	0.07911969212925493
4.83	0.0786982184187502
4.84	0.07827985467742209
4.8500000000000005	0.07786457160281014
4.86	0.07745234022817275
4.87	0.07704313191796046
4.88	0.0766369183633594
4.89	0.07623367157790362
4.9	0.07583336389315551
4.91	0.07543596795445229
4.92	0.07504145671671823
4.93	0.0746498034403409
4.94	0.07426098168711096
4.95	0.07387496531622341
4.96	0.07349172848034051
4.97	0.07311124562171391
4.98	0.07273349146836641
4.99	0.07235844103033097
5.	0.07198606959594715
5.01	0.0716163527282131
5.0200000000000005	0.07124926626119253
5.03	0.07088478629647627
5.04	0.07052288919969604
5.05	0.07016355159709131
5.0600000000000005	0.06980675037212682
5.07	0.06945246266216117
5.08	0.06910066585516438
5.09	0.0687513375864849
5.1000000000000005	0.06840445573566398
5.11	0.06805999842329773
5.12	0.06771794400794505
5.13	0.06737827108308161
5.14	0.06700206153414544
5.15	0.06661219032682196
5.16	0.0662253374091771
5.17	0.06584147363267985
5.18	0.06546057018591508
5.19	0.06508259859004417
5.2	0.06470753069433487
5.21	0.0643353386717599
5.22	0.06396599501466284
5.23	0.06359947253049021
5.24	0.06323574433758869
5.25	0.06287478386106618
5.26	0.06251656482871563
5.2700000000000005	0.06216106126700098
5.28	0.061808247497103355
5.29	0.061458098131027455
5.3	0.061110588067766064
5.3100000000000005	0.06076569248952294
5.32	0.060423386857991666
5.33	0.06008364691069098
5.34	0.059746448657354234
5.3500000000000005	0.0594117683763734
5.36	0.059079582611295575
5.37	0.05874986816737194
5.38	0.05842260210815762
5.39	0.058097761752162295
5.4	0.05777532466955018
5.41	0.057455268678888546
5.42	0.057137571843944565
5.43	0.05682221247052886
5.44	0.056509169103385826
5.45	0.056198420523129
5.46	0.05588994574322185
5.47	0.05558372400700218
5.48	0.0552797347847502
5.49	0.05497795777079903
5.5	0.05467837288068746
5.51	0.05438096024835364
5.5200000000000005	0.05408570022336972
5.53	0.05379257336821617
5.54	0.05350156045559551
5.55	0.05321264246578468
5.5600000000000005	0.05292580058402558
5.57	0.05264101619795282
5.58	0.05235827089505837
5.59	0.05207754646019257
5.6000000000000005	0.051798824873100544
5.61	0.05152208830599396
5.62	0.05124731912115705
5.63	0.050974499868586876
5.64	0.05070361328366668
5.65	0.05043464228487246
5.66	0.050167569971511776
5.67	0.049902379621494186
5.68	0.049639054689133606
5.69	0.049377578802980826
5.7	0.049117935763687046
5.71	0.04886010954189681
5.72	0.04860408427617067
5.73	0.04834984427093662
5.74	0.0480973739944703
5.75	0.04784665807690283
5.76	0.047597681308256805
5.7700000000000005	0.04735042863650897
5.78	0.047104885165680094
5.79	0.04686103615395094
5.8	0.046618867011804205
5.8100000000000005	0.04637836330019219
5.82	0.04613951072872938
5.83	0.04590229515391001
5.84	0.04566670257734975
5.8500000000000005	0.045432719144051774
5.86	0.04520033114069605
5.87	0.044969524993952306
5.88	0.044740287268815515
5.89	0.044512604666964384
5.9	0.04425984091829203
5.91	0.04399493282620214
5.92	0.04373205413163907
5.93	0.043471185899129704
5.94	0.043212309401392784
5.95	0.0429554061167045
5.96	0.042700457726301856
5.97	0.042447446111823134
5.98	0.042196353352784745
5.99	0.041947161724094205
6.	0.04169985369359816
6.01	0.041454411919665535
6.0200000000000005	0.04121081924880455
6.03	0.04096905871331388
6.04	0.04072911352896645
6.05	0.04049096709272639
6.0600000000000005	0.04025460298049768
6.07	0.04002000494490474
6.08	0.03978715691310398
6.09	0.03955604298462603
6.1000000000000005	0.0393266474292481
6.11	0.039098954684896166
6.12	0.03887294935557616
6.13	0.038648616209334234
6.140000000000001	0.038425940176244976
6.15	0.03820490634642792
6.16	0.03798549996809123
6.17	0.03776770644560249
6.18	0.037551511337586246
6.19	0.03733690035504746
6.2	0.03712385935952124
6.21	0.036912374361247384
6.22	0.03670243151737052
6.23	0.0364940171301645
6.24	0.03628711764528121
6.25	0.03608171965002326
6.26	0.035877809871640194
6.2700000000000005	0.03567537517564784
6.28	0.03547440256417063
6.29	0.03527487917430607
6.3	0.03507679227651178
6.3100000000000005	0.034880129273013954
6.32	0.03468487769623752
6.33	0.03449102520725736
6.34	0.034298559594270396
6.3500000000000005	0.03410746877108816
6.36	0.03391774077564961
6.37	0.03372936376855383
6.38	0.033542326031612384
6.390000000000001	0.03335661596642094
6.4	0.0331722220929499
6.41	0.032989133048153985
6.42	0.03280733758459993
6.43	0.03262682456911272
6.44	0.03244758298143959
6.45	0.032269601912931684
6.46	0.03209287056524317
6.47	0.03191737824904747
6.48	0.03174311438277045
6.49	0.031570068491340114
6.5	0.03139823020495285
6.51	0.031227589257855796
6.5200000000000005	0.03105813548714503
6.53	0.03088985883157963
6.54	0.0307227493304111
6.55	0.03055679712222804
6.5600000000000005	0.030391992443815758
6.57	0.030228325629030967
6.58	0.030065787107690617
6.59	0.02990436740447565
6.6000000000000005	0.029744057137848338
6.61	0.029584847018984138
6.62	0.029426727850716858
6.63	0.029269690526497798
6.640000000000001	0.02911372602936776
6.65	0.02895882543094288
6.66	0.028804979890412755
6.67	0.028652180653551997
6.68	0.028500419051744014
6.69	0.028349686501017306
6.7	0.02819997450109423
6.71	0.028051274634451555
6.72	0.027903578565393213
6.73	0.02775687803913453
6.74	0.027611164880898386
6.75	0.027466430995022408
6.76	0.02732266836407777
6.7700000000000005	0.02717283545736239
6.78	0.02701047621607911
6.79	0.026849324231274486
6.8	0.026689368767929742
6.8100000000000005	0.026530599202070994
6.82	0.026373005019459855
6.83	0.02621657581430128
6.84	0.02606130128796854
6.8500000000000005	0.025907171247745067
6.86	0.02575417560558273
6.87	0.025602304376876606
6.88	0.025451547679255785
6.890000000000001	0.025301895731390054
6.9	0.02515333885181217
6.91	0.025005867457755588
6.92	0.024859472064007408
6.93	0.024714143281776155
6.94	0.024569871817574498
6.95	0.024426648472116265
6.96	0.02428446413922809
6.97	0.02414330980477478
6.98	0.02400317654559905
6.99	0.02386405552847455
7.	0.023725938009072786
7.01	0.023588815330943
7.0200000000000005	0.023452678924505553
7.03	0.02331752030605787
7.04	0.02318333107679364
7.05	0.023050102921833956
7.0600000000000005	0.022917827609271493
7.07	0.022786496989226506
7.08	0.022656102992914994
7.09	0.022526637631728803
7.1000000000000005	0.022398092996327383
7.11	0.022270461255741072
7.12	0.022143734656485857
7.13	0.022017905521689224
7.140000000000001	0.021892966250227235
7.15	0.021768909315872408
7.16	0.021645727266452364
7.17	0.021523412723019112
7.18	0.02140195837902882
7.19	0.021281356999531827
7.2	0.02116160142037287
7.21	0.021042684547401366
7.22	0.020924599355691527
7.23	0.020807338888772217
7.24	0.02069089625786655
7.25	0.020575264641140817
7.26	0.020450011378919455
7.2700000000000005	0.02032509677189749
7.28	0.020201115313173132
7.29	0.020078058764390908
7.3	0.019955918971087432
7.3100000000000005	0.019834687861723908
7.32	0.019714357446730797
7.33	0.01959491981756522
7.34	0.01947636714577994
7.3500000000000005	0.019358691682104766
7.36	0.019241885755539367
7.37	0.01912594177245797
7.38	0.01901085221572523
7.390000000000001	0.018896609643823684
7.4	0.018783206689991967
7.41	0.018670636061374413
7.42	0.018558890538180984
7.43	0.018447962972858355
7.44	0.018337846289271063
7.45	0.018228533481893343
7.46	0.018120017615010996
7.47	0.01801229182193345
7.48	0.017905349304215615
7.49	0.017799183330889666
7.5	0.017693787237706433
7.51	0.0175891544263863
7.5200000000000005	0.01748527836387951
7.53	0.017382152581635755
7.54	0.017279770674882875
7.55	0.01717812630191456
7.5600000000000005	0.01707721318338697
7.57	0.016977025101624084
7.58	0.016877555899931687
7.59	0.016778799481919942
7.6000000000000005	0.016680749810834263
7.61	0.016583400908894597
7.62	0.016486746856642764
7.63	0.01639078179229799
7.640000000000001	0.016295499911120247
7.65	0.016200895464781578
7.66	0.016106962760745098
7.67	0.01601369616165162
7.68	0.015921090084713835
7.69	0.0158291390011179
7.7	0.01573783743543243
7.71	0.015647179965024554
7.72	0.015557161219483324
7.73	0.015467775880049918
7.74	0.015379018679055043
7.75	0.015290884399362938
7.76	0.015203367873822319
7.7700000000000005	0.015115605214599991
7.78	0.015019867519041372
7.79	0.01492485800819882
7.8	0.014830570219342145
7.8100000000000005	0.014736997755279415
7.82	0.014644134283609724
7.83	0.014551973535985183
7.84	0.01446050930738239
7.8500000000000005	0.014369735455383056
7.86	0.014279645899463676
7.87	0.014190234620294244
7.88	0.014101495659045636
7.890000000000001	0.014013423116705887
7.9	0.01392601115340488
7.91	0.013839253987747602
7.92	0.013753145896155717
7.930000000000001	0.01366768121221736
7.94	0.013582854326045066
7.95	0.013498659683641718
7.96	0.013415091786274373
7.97	0.01333214518985587
7.98	0.013249814504334139
7.99	0.013168094393089103
8.	0.013086979572337034
8.01	0.013006464810542255
8.02	0.0129265449278362
8.03	0.012847214795443549
8.040000000000001	0.012768469335115508
8.05	0.01269030351857004
8.06	0.012612712366939
8.07	0.012535690950222035
8.08	0.012459234386747236
8.09	0.01238333784263835
8.1	0.012307996531288492
8.11	0.012233205712840419
8.120000000000001	0.012158960693673008
8.13	0.012085256825894081
8.14	0.012012089506839331
8.15	0.011939454178577455
8.16	0.01186734632742123
8.17	0.011795761483444526
8.18	0.011724695220005136
8.19	0.011654143153273507
8.2	0.011584100941767074
8.21	0.011514564285890195
8.22	0.011445528927479699
8.23	0.011376990649355925
8.24	0.01130894527487908
8.25	0.011241388667511006
8.26	0.011174316730382135
8.27	0.011107725405863763
8.28	0.011041610675145301
8.290000000000001	0.010975968557816653
8.3	0.010910795111455582
8.31	0.010846086431220014
8.32	0.010781838649445182
8.33	0.010714378606289869
8.34	0.010644141309723727
8.35	0.010574447789283056
8.36	0.010505293191377517
8.370000000000001	0.010436672711470125
8.38	0.010368581593523808
8.39	0.010301015129454617
8.4	0.010233968658591962
8.41	0.010167437567145455
8.42	0.01010141728767838
8.43	0.010035903298587669
8.44	0.009970891123590406
8.45	0.009906376331216573
8.46	0.009842354534308189
8.47	0.009778821389524465
8.48	0.009715772596853222
8.49	0.009653203899128264
8.5	0.009591111081552646
8.51	0.009529489971227826
8.52	0.00946833643668864
8.53	0.009407646387443933
8.540000000000001	0.009347415773522804
8.55	0.009287640585026393
8.56	0.00922831685168521
8.57	0.009169440642421806
8.58	0.009111008064918758
8.59	0.009053015265191939
8.6	0.008995458427169025
8.61	0.008938333772273018
8.620000000000001	0.008881637559010893
8.63	0.008825366082567187
8.64	0.008769515674402569
8.65	0.008714082701857175
8.66	0.008659063567758805
8.67	0.00860445471003577
8.68	0.008550252601334535
8.69	0.00849645374864178
8.700000000000001	0.00844305469291115
8.71	0.008390052008694408
8.72	0.00833744230377707
8.73	0.008285222218818328
8.74	0.00823338842699534
8.75	0.00818193763365177
8.76	0.008130866575950446
8.77	0.008080172022530278
8.78	0.008029850773167172
8.790000000000001	0.00797989965843903
8.8	0.00793031553939464
8.81	0.007881095307226645
8.82	0.007832235882948253
8.83	0.0077837342170738455
8.84	0.007735587289303324
8.85	0.0076877921082102165
8.86	0.0076403457109335
8.870000000000001	0.007593245162872929
8.88	0.007546487557388083
8.89	0.007500070015500881
8.9	0.007453989685601648
8.91	0.007408243743158558
8.92	0.00736282939043052
8.93	0.0073125263245498754
8.94	0.007262561425785763
8.950000000000001	0.007212993212790975
8.96	0.007163818098204445
8.97	0.0071150325310586114
8.98	0.00706663299637018
8.99	0.007018616014735971
9.	0.006970978141933736
9.01	0.006923715968527924
9.02	0.006876826119480227
9.03	0.006830305253764976
9.040000000000001	0.0067841500639892055
9.05	0.006738357276017452
9.06	0.006692923648601048
9.07	0.00664784597301203
9.08	0.006603121072681451
9.09	0.006558745802842206
9.1	0.006514717050176112
9.11	0.006471031732465319
9.120000000000001	0.0064276867982479904
9.13	0.0063846792264781495
9.14	0.00634200602618963
9.15	0.0062996642361641386
9.16	0.006257650924603319
9.17	0.006215963188804793
9.18	0.006174598154842096
9.19	0.006133552977248508
9.200000000000001	0.006092824838704671
9.21	0.006052410949729992
9.22	0.006012308548377727
9.23	0.0059725148999337846
9.24	0.005933027296619066
9.25	0.005893843057295462
9.26	0.005854959527175313
9.27	0.005816374077534391
9.28	0.005778084105428237
9.290000000000001	0.005740087033411998
9.3	0.005702380309263497
9.31	0.005664961405709704
9.32	0.005627827820156346
9.33	0.0055909770744208605
9.34	0.005554406714468414
9.35	0.005518114310151153
9.36	0.005482097454950415
9.370000000000001	0.005446353765722129
9.38	0.005410880882445161
9.39	0.005375676467972618
9.4	0.005340738207786105
9.41	0.005306063809752917
9.42	0.005271651003886035
9.43	0.005237497542106973
9.44	0.005203601198011405
9.450000000000001	0.005169959766637541
9.46	0.00513657106423726
9.47	0.005103432928049847
9.48	0.005070543216078448
9.49	0.005037899806869104
9.5	0.005005500599292382
9.51	0.004973343512327538
9.52	0.00494142648484921
9.53	0.0049097474754165845
9.540000000000001	0.004878304462065024
9.55	0.0048470954421001135
9.56	0.004815494753577416
9.57	0.004781531773236657
9.58	0.004747843424778635
9.59	0.004714427204268599
9.6	0.004681280633177936
9.61	0.004648401258100315
9.620000000000001	0.004615786650471252
9.63	0.00458343440629113
9.64	0.004551342145851601
9.65	0.004519507513465231
9.66	0.004487928177198548
9.67	0.004456601828608238
9.68	0.004425526182480596
9.69	0.004394698976574079
9.700000000000001	0.004364117971365022
9.71	0.004333780949796406
9.72	0.004303685717029672
9.73	0.004273830100199478
9.74	0.0042442119481714965
9.75	0.004214829131303065
9.76	0.004185679541206724
9.77	0.004156761090516581
9.78	0.004128071712657551
9.790000000000001	0.0040996093616172775
9.8	0.00407137201172082
9.81	0.004043357657408021
9.82	0.004015564313013588
9.83	0.00398799001254972
9.84	0.003960632809491388
9.85	0.003933490776564142
9.86	0.003906562005534463
9.870000000000001	0.0038798446070025905
9.88	0.003853336710197833
9.89	0.003827036462776266
9.9	0.0038009420306208824
9.91	0.00377505159764408
9.92	0.0037493633655924724
9.93	0.003723875553854028
9.94	0.0036985863992674973
9.950000000000001	0.0036734941559340485
9.96	0.0036485970950311647
9.97	0.0036238935046286943
9.98	0.003599381689507099
9.99	0.0035750599709778153
10.	0.0035509266867057195
10.01	0.0035269801905337046
10.02	0.003503218852309277
10.03	0.003479641057713205
10.040000000000001	0.0034562452080901377
10.05	0.00343302972028128
10.06	0.0034099930264589085
10.07	0.003387133573962903
10.08	0.003364449825139149
10.09	0.00334194025717983
10.1	0.003319603361965542
10.11	0.0032974376459092907
10.120000000000001	0.0032754416298022694
10.13	0.0032536138486614417
10.14	0.0032319528515788315
10.15	0.0032104572015726526
10.16	0.0031891254754400768
10.17	0.0031679562636117327
10.18	0.003146948170007873
10.19	0.003126099811896221
10.200000000000001	0.0031054098197514242
10.21	0.003084876837116139
10.22	0.003064499520463694
10.23	0.0030442765390623645
10.24	0.0030242065748411627
10.25	0.0030029307769218715
10.26	0.00298155620910715
10.27	0.002960354384247525
10.28	0.0029393237401182807
10.290000000000001	0.0029184627301227463
10.3	0.0028977698231209626
10.31	0.0028772435032604366
10.32	0.002856882269808859
10.33	0.002836684636988855
10.34	0.002816649133814668
10.35	0.002796774303930817
10.36	0.002777058705452629
10.370000000000001	0.002757500910808676
10.38	0.0027380995065851045
10.39	0.002718853093371747
10.4	0.002699760285610115
10.41	0.0026808197114431454
10.42	0.0026620300125667377
10.43	0.0026433898440830174
10.44	0.0026248978743553574
10.450000000000001	0.0026065527848650907
10.46	0.002588353270069905
10.47	0.002570298037263885
10.48	0.0025523858064392313
10.49	0.002534615310149551
10.5	0.002516985293374824
10.51	0.002499494513387836
10.52	0.0024821417396222807
10.53	0.002464925753542353
10.540000000000001	0.002447845348513841
10.55	0.002430899329676764
10.56	0.002414086513819466
10.57	0.0023974057292541866
10.58	0.0023808558156940603
10.59	0.0023644356241315583
10.6	0.0023481440167183254
10.61	0.002331979866646442
10.620000000000001	0.002315942058031007
10.63	0.002300029485794118
10.64	0.0022842410555501923
10.65	0.0022685756834925734
10.66	0.0022530322962814957
10.67	0.002237609830933292
10.68	0.0022223072347109228
10.69	0.002207123465015721
10.700000000000001	0.002192057489280397
10.71	0.002177108284863281
10.72	0.0021622748389437765
10.73	0.0021475561484189856
10.74	0.0021329512198015473
10.75	0.0021184590691186262
10.76	0.0021040787218120746
10.77	0.0020898092126397016
10.78	0.002075649585577695
10.790000000000001	0.002061598893724152
10.8	0.0020476561992036845
10.81	0.002033820573073141
10.82	0.0020200910952283798
10.83	0.0020064668543121034
10.84	0.0019929469476227387
10.85	0.001979530481024346
10.86	0.0019662165688575563
10.870000000000001	0.0019530043338515171
10.88	0.001939892907036804
10.89	0.0019268814276593542
10.9	0.001913969043095357
10.91	0.001901154908767088
10.92	0.0018884381880596944
10.93	0.0018758180522389486
10.94	0.0018632936803698805
10.950000000000001	0.0018508642592363507
10.96	0.0018385289832615146
10.97	0.0018262870544291782
10.98	0.0018140943076191487
10.99	0.0018019635110366739
11.	0.0017899247552881747
11.01	0.0017779772593026436
11.02	0.001766120249338081
11.03	0.001754352958906155
11.040000000000001	0.001742674628697707
11.05	0.0017310845065091063
11.06	0.001719581847169396
11.07	0.001708165912468276
11.08	0.0016968359710848712
11.09	0.0016855912985173037
11.1	0.001674431177013044
11.11	0.0016633548955000252
11.120000000000001	0.001652361749518533
11.13	0.0016414510411538583
11.14	0.0016306220789696713
11.15	0.0016198741779421503
11.16	0.0016092066593948423
11.17	0.0015986188509342187
11.18	0.0015881100863859758
11.19	0.001577679705732009
11.200000000000001	0.0015673270550480985
11.21	0.0015570514864422672
11.22	0.0015468523579938304
11.23	0.0015367290336931075
11.24	0.0015266808833817934
11.25	0.0015167072826939851
11.26	0.001506807612997859
11.27	0.00149698126133798
11.28	0.0014872276203782508
11.290000000000001	0.0014775460883454667
11.3	0.00146793606897351
11.31	0.0014583969714481362
11.32	0.0014489282103523687
11.33	0.0014395292056124762
11.34	0.001430199382444565
11.35	0.0014209381713017237
11.36	0.0014117450078217548
11.370000000000001	0.0014026193327754675
11.38	0.0013935605920155406
11.39	0.0013845682364259373
11.4	0.0013756417218718478
11.41	0.0013667805091502018
11.42	0.001357984063940702
11.43	0.001349251856757383
11.44	0.0013405833629006943
11.450000000000001	0.0013319780624101015
11.46	0.0013234354400172069
11.47	0.0013149549850993549
11.48	0.00130653619163375
11.49	0.0012981785581520579
11.5	0.0012898815876955106
11.51	0.001281644787770471
11.52	0.0012734676703044874
11.53	0.0012653497516028121
11.540000000000001	0.0012572905523053938
11.55	0.0012492895973443131
11.56	0.0012413464159016867
11.57	0.001233460541368019
11.58	0.0012256315113009855
11.59	0.001217858867384667
11.6	0.0012101421553892167
11.61	0.0012024809251309524
11.620000000000001	0.001194874730432863
11.63	0.001187323129085559
11.64	0.001179825682808607
11.65	0.0011723819572123009
11.66	0.0011649915217598146
11.67	0.0011576539497297692
11.68	0.0011503688181791945
11.69	0.0011431357079068713
11.700000000000001	0.0011359542034170718
11.71	0.0011288238928836786
11.72	0.0011217443681146748
11.73	0.0011147152245170198
11.74	0.0011077360610618804
11.75	0.0011008064802502373
11.76	0.0010940917663572972
11.77	0.001088913110788425
11.78	0.0010837633341330023
11.790000000000001	0.0010786422510365048
11.8	0.0010735496774898436
11.81	0.0010684854308184715
11.82	0.0010634493296715838
11.83	0.0010584411940114215
11.84	0.0010534608451026578
11.85	0.0010485081055018955
11.86	0.0010435827990472406
11.870000000000001	0.0010386847508479875
11.88	0.001033813787274378
11.89	0.0010289697359474625
11.9	0.0010241524257290438
11.91	0.0010193616867117223
11.92	0.0010145973502090127
11.93	0.001009859248745562
11.94	0.0010051472160474456
11.950000000000001	0.001000461087032554
11.96	0.0009958006978010635
11.97	0.0009911658856259847
11.98	0.0009865564889438108
11.99	0.000981972347345223
12.	0.000977413301565905
12.01	0.0009728791934774162
12.02	0.0009683698660781606
12.030000000000001	0.0009638851634844219
12.040000000000001	0.0009594249309214892
12.05	0.0009549890147148557
12.06	0.0009505772622814872
12.07	0.0009461895221211809
12.08	0.0009418256438079895
12.09	0.0009374854779817227
12.1	0.0009331688763395269
12.11	0.000928875691627529
12.120000000000001	0.0009246057776325638
12.13	0.0009203589891739688
12.14	0.0009161351820954471
12.15	0.0009119342132570054
12.16	0.0009077559405269608
12.17	0.0009036002227740179
12.18	0.0008994669198594125
12.19	0.0008953558926291232
12.200000000000001	0.0008912670029061549
12.21	0.0008872001134828852
12.22	0.0008831550881134727
12.23	0.0008791317915063421
12.24	0.0008751300893167257
12.25	0.0008711498481392695
12.26	0.0008671909355007081
12.27	0.0008632532198525945
12.280000000000001	0.0008593365705641028
12.290000000000001	0.0008554408579148851
12.3	0.0008515659530879905
12.31	0.000847711728162848
12.32	0.0008438780561083053
12.33	0.0008400648107757344
12.34	0.0008362718668921863
12.35	0.0008324991000536152
12.36	0.0008287463867181491
12.370000000000001	0.0008250136041994263
12.38	0.000821300630659986
12.39	0.0008176073451047195
12.4	0.0008139336273743636
12.41	0.0008102793581390667
12.42	0.0008066444188920001
12.43	0.0008030286919430229
12.44	0.0007994320604124059
12.450000000000001	0.0007958544082246032
12.46	0.0007922956201020818
12.47	0.0007887555815591997
12.48	0.0007852341788961357
12.49	0.0007817312991928749
12.5	0.0007782468303032406
12.51	0.0007747806608489763
12.52	0.0007713326802138814
12.530000000000001	0.0007679027785379934
12.540000000000001	0.0007644908467118223
12.55	0.0007610967763706263
12.56	0.0007577204598887439
12.57	0.0007543617903739729
12.58	0.0007759974470060406
12.59	0.0008012089503154846
12.6	0.000827218554826056