0.01	2.965734975537955
0.02	3.3289581076875274
0.03	3.6059821648114565
0.04	3.7741847574053953
0.05	3.848063960097578
0.06	3.8521172927842056
0.07	3.8177055708958982
0.08	3.76542795717686
0.09	3.7008709404663187
0.1	3.6268900483128625
0.11	3.5424657040637455
0.12	3.4577299085388207
0.13	3.3752693134267275
0.14	3.2895540815571156
0.15	3.2104312664337926
0.16	3.129181651173147
0.17	3.0542763954892167
0.18	2.980270972945471
0.19	2.910052483812745
0.2	2.8438318769998867
0.21	2.77650649862255
0.22	2.713798595457753
0.23	2.6540734568123905
0.24	2.594271691016153
0.25	2.538177956320476
0.26	2.485427312788264
0.27	2.430937682686774
0.28	2.378715206130873
0.29	2.329389248109999
0.3	2.2827073222500793
0.31	2.235239887654665
0.32	2.190121410741854
0.33	2.1472607091118747
0.34	2.1064813763644388
0.35000000000000003	2.065648630957219
0.36	2.0249594075827706
0.37	1.986154094199983
0.38	1.9490979965512225
0.39	1.9136692699463185
0.4	1.8783372299632122
0.41000000000000003	1.8425371268875557
0.42	1.8082577266113948
0.43	1.775400481272586
0.44	1.743875329327747
0.45	1.7135997919790913
0.46	1.6830604647534186
0.47000000000000003	1.6525446431646902
0.48	1.6232073124522837
0.49	1.5949798024795658
0.5	1.567798739848376
0.51	1.541605543353374
0.52	1.5163459762890281
0.53	1.4900269776560013
0.54	1.4642065686956016
0.55	1.4392951989327292
0.56	1.4152451939487023
0.5700000000000001	1.3920121725927865
0.58	1.3695547666002097
0.59	1.3478343684314307
0.6	1.3266264782625652
0.61	1.3039871613168095
0.62	1.2820929896626116
0.63	1.2609080031638038
0.64	1.2403985116775307
0.65	1.22053291905254
0.66	1.201281563232737
0.67	1.182616570773944
0.68	1.1645117242818732
0.6900000000000001	1.146562494837721
0.7000000000000001	1.127684368473745
0.71	1.10937829540581
0.72	1.0916192449414448
0.73	1.0743836091590575
0.74	1.057649103921655
0.75	1.0413946780040262
0.76	1.02560042957046
0.77	1.0102475293207673
0.78	0.9953181496936538
0.79	0.9807797138900716
0.8	0.9651650871179075
0.81	0.9499884335279443
0.8200000000000001	0.9352322859649903
0.8300000000000001	0.9208800756087568
0.84	0.9069160756450859
0.85	0.893325349089295
0.86	0.8800937004109347
0.87	0.8672076306425502
0.88	0.8546542956848505
0.89	0.8424214675473858
0.9	0.8304974982877856
0.91	0.8184727553050593
0.92	0.8058726000462476
0.93	0.7935995175056666
0.9400000000000001	0.7816416360478675
0.9500000000000001	0.769987635096903
0.96	0.758626714095571
0.97	0.7475485635144776
0.98	0.736743337756061
0.99	0.7262016298118649
1.	0.7159144475432536
1.01	0.7058731914665615
1.02	0.6960696339334663
1.03	0.6864958996062953
1.04	0.6771444471360666
1.05	0.6670068045301384
1.06	0.6569700787699182
1.07	0.6471765092278412
1.08	0.6376180142922726
1.09	0.6282868524339545
1.1	0.6191756049416256
1.11	0.6102771596813081
1.12	0.60158469580999
1.1300000000000001	0.5930916693796822
1.1400000000000001	0.5847917997726625
1.1500000000000001	0.576679056913117
1.16	0.5687476492044508
1.17	0.5609920121452522
1.18	0.5534067975803201
1.19	0.5459868635462951
1.2	0.5383410990997279
1.21	0.5303906594705489
1.22	0.5226216307214995
1.23	0.5150284369172443
1.24	0.507605716951539
1.25	0.5003483146232064
1.26	0.49325126924543566
1.27	0.4863098067557819
1.28	0.4795193312964809
1.29	0.4728754172367516
1.3	0.46637380161067576
1.31	0.4600103769460082
1.32	0.4537811844609067
1.33	0.44768240760709005
1.34	0.4417103659393375
1.35	0.43586150929254774
1.36	0.4301324122487846
1.37	0.4245197688778641
1.3800000000000001	0.4184905883072301
1.3900000000000001	0.41239899768804883
1.4000000000000001	0.40643879645293607
1.41	0.400606242279077
1.42	0.39489772494510095
1.43	0.38930976078006035
1.44	0.3838389873824628
1.45	0.37848215859445405
1.46	0.3732361397171653
1.47	0.3680979029541008
1.48	0.36306452307022746
1.49	0.35813317325518973
1.5	0.3533011211797506
1.51	0.34856572523522555
1.52	0.34392443094626624
1.53	0.33937476754793205
1.54	0.3349143447185078
1.55	0.3305408494600262
1.56	0.32625204311891576
1.57	0.3220457585396315
1.58	0.3177013202830775
1.59	0.3131132865792814
1.6	0.30861965571029926
1.61	0.3042179133064601
1.62	0.299905627013108
1.6300000000000001	0.2956804433306126
1.6400000000000001	0.29154008459458486
1.6500000000000001	0.28748234608926704
1.6600000000000001	0.2835050932874591
1.67	0.27960625921071497
1.68	0.2757838419038845
1.69	0.27203590201840433
1.7	0.268360560499044
1.71	0.2647559963691032
1.72	0.26122044460932187
1.73	0.25775219412602424
1.74	0.2543495858042503
1.75	0.2510110106418588
1.76	0.24773490796079306
1.77	0.2445197636919028
1.78	0.24136410872990371
1.79	0.23826651735522986
1.8	0.23522560571970533
1.81	0.23221889853864924
1.82	0.22882752504937162
1.83	0.2255038578258402
1.84	0.2222461861831101
1.85	0.21905285163125446
1.86	0.21592224601200824
1.87	0.21285280971149698
1.8800000000000001	0.20984302994556125
1.8900000000000001	0.20689143911435814
1.9000000000000001	0.20399661322309456
1.9100000000000001	0.2011571703659021
1.92	0.19837176927001568
1.93	0.19563910789755856
1.94	0.19295792210236892
1.95	0.19032698433943349
1.96	0.1877451024246095
1.97	0.18521111834243134
1.98	0.1827239070999059
1.99	0.18028237562430044
2.	0.1778854617030251
2.0100000000000002	0.17553213296380016
2.02	0.17322138589338798
2.0300000000000002	0.17095224489324795
2.04	0.16872376137055214
2.05	0.16653501286307232
2.06	0.16438510219651833
2.07	0.16227315667297443
2.08	0.16011511383085528
2.09	0.15773110837698942
2.1	0.15539372578365354
2.11	0.15310183872526203
2.12	0.15085435229742897
2.13	0.14865020293746267
2.14	0.146488357385655
2.15	0.14436781168564403
2.16	0.1422875902222049
2.17	0.14024674479490418
2.18	0.1382443537261217
2.19	0.13627952100201576
2.2	0.13435137544507103
2.21	0.1324590699169307
2.22	0.13060178055027435
2.23	0.12877870600855815
2.24	0.12698906677248623
2.25	0.12523210445213656
2.2600000000000002	0.12350708112370741
2.27	0.12181327868990031
2.2800000000000002	0.120149998262998
2.29	0.11851655956973592
2.3000000000000003	0.11691230037710726
2.31	0.11533657593827798
2.32	0.11378875845782355
2.33	0.11226823657553545
2.34	0.11077441486807468
2.35	0.10930671336778329
2.36	0.10786456709799334
2.37	0.1064474256241997
2.38	0.10505475262049271
2.39	0.10356717648014979
2.4	0.10196690700545145
2.41	0.10039786458190685
2.42	0.09885931405241291
2.43	0.09735054050462962
2.44	0.0958708486332476
2.45	0.09441956212485185
2.46	0.09299602306449295
2.47	0.09159959136311521
2.48	0.09022964420502805
2.49	0.08888557551464234
2.5	0.0875667954417248
2.5100000000000002	0.08627272986445772
2.52	0.08500281990961979
2.5300000000000002	0.08375652148923315
2.54	0.08253330485304942
2.5500000000000003	0.08133265415627339
2.56	0.08015406704194905
2.57	0.0789970542374547
2.58	0.07786113916457886
2.59	0.07674585756266906
2.6	0.07565075712436696
2.61	0.07457539714346297
2.62	0.07351934817442278
2.63	0.07248219170315638
2.64	0.0714635198286171
2.65	0.07046293495483494
2.66	0.06948004949300525
2.67	0.06851448557326757
2.68	0.06756587476582447
2.69	0.06663385781106505
2.7	0.06571808435836955
2.71	0.06481821271328544
2.72	0.06393390959277664
2.73	0.06306484988825992
2.74	0.06219579986311639
2.75	0.061227571245208945
2.7600000000000002	0.060277848221850706
2.77	0.05934621196012493
2.7800000000000002	0.05843225457017694
2.79	0.05753557878132904
2.8000000000000003	0.05665579762889709
2.81	0.05579253415131865
2.82	0.0549454210972187
2.83	0.05411410064205214
2.84	0.05329822411397827
2.85	0.05249745172863508
2.86	0.0517114523324944
2.87	0.050939903154491546
2.88	0.050182489565635334
2.89	0.0494389048463148
2.9	0.048708849961031676
2.91	0.04799203334029576
2.92	0.047288170669433305
2.93	0.04659698468406526
2.94	0.045879672334641144
2.95	0.04514162622421286
2.96	0.04441789037567446
2.97	0.04370814037408362
2.98	0.04301206021621866
2.99	0.04232934206524191
3.	0.041659686013307946
3.0100000000000002	0.04100279985183339
3.02	0.040358398849156776
3.0300000000000002	0.03972620553532735
3.04	0.039105949493771726
3.0500000000000003	0.038497367159596715
3.06	0.03790020162429617
3.0700000000000003	0.037314202446638564
3.08	0.03673912546952013
3.09	0.036174732642577034
3.1	0.03562079185035737
3.11	0.035077076745861795
3.12	0.0345433665892683
3.13	0.03401944609166358
3.14	0.03350510526361065
3.15	0.03296783261517797
3.16	0.03241344685179754
3.17	0.031870091262971266
3.18	0.03133751262684164
3.19	0.03081546430509106
3.2	0.03030370605187373
3.21	0.02980200382886666
3.22	0.02931012962622579
3.23	0.028827861289240832
3.24	0.028354982350490783
3.25	0.02789128186730915
3.2600000000000002	0.027436554264375173
3.27	0.026990599181254564
3.2800000000000002	0.026553221324719333
3.29	0.026124230325683097
3.3000000000000003	0.02570344060059392
3.31	0.02529067121713343
3.3200000000000003	0.02488574576407498
3.33	0.024488492225161095
3.34	0.024098742856863517
3.35	0.023716334069896063
3.36	0.023341106314353537
3.37	0.022970719842028434
3.38	0.022563157148833543
3.39	0.022163997861333787
3.4	0.021773044685653366
3.41	0.021390105520759504
3.42	0.021014993307110496
3.43	0.02064752588013968
3.44	0.020287525828408516
3.45	0.01993482035626603
3.46	0.01958924115085969
3.47	0.019250624253347032
3.48	0.01891880993416449
3.49	0.01859364257221392
3.5	0.018274970537833193
3.5100000000000002	0.01796264607942199
3.52	0.01765652521359859
3.5300000000000002	0.01735646761876808
3.54	0.017062336531986726
3.5500000000000003	0.016773998649011575
3.56	0.016491324027428294
3.5700000000000003	0.016214185992753902
3.58	0.0159424610474156
3.59	0.015676028782509184
3.6	0.015414771792245372
3.61	0.015158575590994441
3.62	0.014875431359031039
3.63	0.01459661033548022
3.64	0.01432376104718087
3.65	0.014056739710660496
3.66	0.013795406384689951
3.67	0.013539624857501214
3.68	0.01328926253761089
3.69	0.013044190348124684
3.7	0.012804282624402787
3.71	0.012569417014970621
3.72	0.012339474385563686
3.73	0.012114338726199245
3.74	0.011893897061171629
3.75	0.011678039361871681
3.7600000000000002	0.011466658462334526
3.77	0.011259649977423205
3.7800000000000002	0.011056912223559534
3.79	0.01085834614191589
3.8000000000000003	0.010663855223985831
3.81	0.010473345439453528
3.8200000000000003	0.010286725166285449
3.83	0.01010390512296988
3.84	0.009924798302833552
3.85	0.009749319910365758
3.86	0.00957738729948418
3.87	0.0094060075790687
3.88	0.009218232464232257
3.89	0.009034674901049393
3.9	0.008855229681536039
3.91	0.008679794482224907
3.92	0.00850826977798538
3.93	0.008340558758629223
3.94	0.008176567248204978
3.95	0.00801620362688815
3.96	0.007859378755377107
3.97	0.0077060059017084485
3.98	0.0075560006704085
3.99	0.007409280933900736
4.	0.007265766766091972
4.01	0.007125380378062757
4.0200000000000005	0.006988046055790433
4.03	0.006853690099835649
4.04	0.006722240766925794
4.05	0.0065936282133713065
4.0600000000000005	0.006467784440252694
4.07	0.006344643240319168
4.08	0.006224140146540886
4.09	0.006106212382259872
4.1	0.005990798812885787
4.11	0.005877839899085518
4.12	0.005767277651416411
4.13	0.005659055586355695
4.14	0.0055531186836795445
4.15	0.005445091435344556
4.16	0.005334381573344996
4.17	0.005226180416325501
4.18	0.005120425303738536
4.19	0.005017055284625778
4.2	0.0049160110670510345
4.21	0.004817234969144246
4.22	0.004720670871701821
4.23	0.00462626417229007
4.24	0.0045339617408009115
4.25	0.004443711876410366
4.26	0.0043554642658926055
4.2700000000000005	0.004269169943243723
4.28	0.004184781250571142
4.29	0.004102251800206151
4.3	0.00402153643799866
4.3100000000000005	0.003942591207754518
4.32	0.0038653733167774112
4.33	0.0037898411024785274
4.34	0.0037159540000185286
4.3500000000000005	0.0036436725109476446
4.36	0.0035729581728109637
4.37	0.003503773529686918
4.38	0.0034360821036285337
4.39	0.0033698483669775043
4.4	0.003305037715522761
4.41	0.0032416164424757753
4.42	0.0031795517132360714
4.43	0.0031188115409211173
4.44	0.003059364762635963
4.45	0.003003131091942246
4.46	0.0029485066973732816
4.47	0.0028949948912816224
4.48	0.0028425705990973433
4.49	0.002791209365510118
4.5	0.0027408873378440665
4.51	0.002691581249914602
4.5200000000000005	0.0026432684063521176
4.53	0.0025959266673781815
4.54	0.0025495344340200586
4.55	0.0025040706337501363
4.5600000000000005	0.0024595147065370805
4.57	0.002415846591296055
4.58	0.0023730467127257753
4.59	0.002331095968520509
4.6000000000000005	0.0022899757169455794
4.61	0.002249667764765254
4.62	0.0022101543555123324
4.63	0.002171418158088993
4.64	0.0021334422556889016
4.65	0.002096210135030851
4.66	0.002059705675894492
4.67	0.0020239131409491248
4.68	0.001988817165866652
4.69	0.0019544027497102635
4.7	0.0019206552455905096
4.71	0.001887560351580845
4.72	0.0018551041018848556
4.73	0.0018232728582477334
4.74	0.001792053301604708
4.75	0.0017614324239594021
4.76	0.0017316479562838882
4.7700000000000005	0.0017082946271726601
4.78	0.0016853041672613197
4.79	0.0016626701966822165
4.8	0.0016403864607200441
4.8100000000000005	0.001618446827103114
4.82	0.0015968452833587288
4.83	0.0015755759342310073
4.84	0.001554632999159552
4.8500000000000005	0.0015340108098174088
4.86	0.0015137038077068037
4.87	0.0014937065418112025
4.88	0.0014740136663022169
4.89	0.0014546199383000328
4.9	0.0014355202156859385
4.91	0.001416709454965693
4.92	0.0013981827091824113
4.93	0.0013799351258777456
4.94	0.0013619619451001493
4.95	0.0013442584974590185
4.96	0.0013268202022236103
4.97	0.0013096425654655665
4.98	0.001292721178244006
4.99	0.0012760517148320875
5.	0.0012596299309840524
5.01	0.0012434516622416992
5.0200000000000005	0.0012275128222793744
5.03	0.001211809401286465
5.04	0.0011963374643865266
5.05	0.0011810931500921098
5.0600000000000005	0.0011660726687944285
5.07	0.001151272301287012
5.08	0.0011366883973225072
5.09	0.0011433773579360982
5.1000000000000005	0.001256897055857158