0.01	3.2030326206599917
0.02	2.274977145097537
0.03	1.971291292876327
0.04	1.7988754721332982
0.05	1.6937054780741967
0.06	1.623387637298517
0.07	1.5719494936378697
0.08	1.5325878197158664
0.09	1.4993852133337555
0.1	1.4724324145161725
0.11	1.4506016060635225
0.12	1.4305232312700293
0.13	1.411575813408343
0.14	1.3943243286220421
0.15	1.3784778581580268
0.16	1.3631486482747142
0.17	1.3486961566297477
0.18	1.3341788714907232
0.19	1.3195835971313796
0.2	1.3058847511332947
0.21	1.2922112240457833
0.22	1.2792270244690067
0.23	1.2669420072551663
0.24	1.2539934226016562
0.25	1.2415972162107767
0.26	1.2298027030438319
0.27	1.2177569613163681
0.28	1.2055039155681022
0.29	1.1937977804141133
0.3	1.182596510133457
0.31	1.171480245786084
0.32	1.160549257215843
0.33	1.1500520062273112
0.34	1.1399589001022765
0.35000000000000003	1.1301377727503736
0.36	1.1194215145775221
0.37	1.109096374246528
0.38	1.0991380709607452
0.39	1.0895244203730052
0.4	1.0802351052729462
0.41000000000000003	1.0704877700450999
0.42	1.0609787505140191
0.43	1.051775008633754
0.44	1.0428599790650759
0.45	1.0342183460188896
0.46	1.0258359237065113
0.47000000000000003	1.0168907297326752
0.48	1.008177355910723
0.49	0.9997160247880073
0.5	0.9914945211424531
0.51	0.983501451027702
0.52	0.9757261717369505
0.53	0.9680539659887817
0.54	0.9599530675924628
0.55	0.9520667570394882
0.56	0.9443856009055502
0.5700000000000001	0.9369007394731625
0.58	0.9296038425054531
0.59	0.9224870691244443
0.6	0.9155430313505514
0.61	0.9085762722021399
0.62	0.9013596210869491
0.63	0.8943143958257382
0.64	0.8874338988379835
0.65	0.8807117936274547
0.66	0.8741420801186438
0.67	0.8677190720221373
0.68	0.8614373760345317
0.6900000000000001	0.8552918726996717
0.7000000000000001	0.8490894786726461
0.71	0.842620106063225
0.72	0.8362894809487579
0.73	0.8300927617894502
0.74	0.8240253393328262
0.75	0.8180828225112046
0.76	0.8122610253701975
0.77	0.8065559549404074
0.78	0.8009637999730089
0.79	0.795480920467495
0.8	0.7901038379266454
0.81	0.7843140361376951
0.8200000000000001	0.7786336664795027
0.8300000000000001	0.7730625475713405
0.84	0.767597299465004
0.85	0.7622346854073886
0.86	0.7569716041755024
0.87	0.7518050829053595
0.88	0.7467322703776686
0.89	0.7417504307264011
0.9	0.7368569375391972
0.91	0.7320492683211524
0.92	0.7272600465803802
0.93	0.7221605503246752
0.9400000000000001	0.7171507817587541
0.9500000000000001	0.7122282324803482
0.96	0.7073904896569849
0.97	0.7026352314353357
0.98	0.6979602226157512
0.99	0.6933633105741289
1.	0.6888424214146434
1.01	0.6843955563381031
1.02	0.6800207882118522
1.03	0.6757162583281808
1.04	0.6714801733391681
1.05	0.6673108023567625
1.06	0.6630434754297402
1.07	0.6587008039490153
1.08	0.654426577691005
1.09	0.650219098984398
1.1	0.6460767273372068
1.11	0.6419978770124469
1.12	0.6379810147273597
1.1300000000000001	0.6340246574688434
1.1400000000000001	0.6301273704182558
1.1500000000000001	0.626287764979206
1.16	0.6225044969023821
1.17	0.6187762645018454
1.18	0.6151018069575993
1.19	0.6114799026995613
1.2	0.6079093678683932
1.21	0.6043890548489244
1.22	0.6006160645402576
1.23	0.5968659584303024
1.24	0.5931693494346889
1.25	0.5895250521229967
1.26	0.5859319165407851
1.27	0.5823888268766854
1.28	0.5788947001896022
1.29	0.5754484851928738
1.3	0.5720491610924175
1.31	0.5686957364760723
1.32	0.5653872482515122
1.33	0.5621227606302514
1.34	0.55890136415542
1.35	0.5557221747711074
1.36	0.5525843329312043
1.37	0.5494870027457949
1.3800000000000001	0.5464293711632495
1.3900000000000001	0.5434106471862858
1.4000000000000001	0.5401464142668514
1.41	0.5369145825699129
1.42	0.5337247234915883
1.43	0.5305760020599433
1.44	0.527467605599543
1.45	0.5243987429863175
1.46	0.5213686439322647
1.47	0.5183765582986014
1.48	0.5154217554360464
1.49	0.5125035235509879
1.5	0.5096211690963557
1.51	0.5067740161860765
1.52	0.5039614060320488
1.53	0.5011826964026339
1.54	0.4984372611017015
1.55	0.4957244894673256
1.56	0.49304378588926573
1.57	0.4903945693444164
1.58	0.4877762729494443
1.59	0.4851883435298754
1.6	0.4825407309136377
1.61	0.4797704276671814
1.62	0.4770330354049031
1.6300000000000001	0.474327963590931
1.6400000000000001	0.4716546358226739
1.6500000000000001	0.4690124894089435
1.6600000000000001	0.46640097496313676
1.67	0.46381955601085273
1.68	0.461267708611348
1.69	0.45874492099226594
1.7	0.4562506931970972
1.71	0.45378453674485514
1.72	0.4513459743014772
1.73	0.4489345393624799
1.74	0.44654977594642087
1.75	0.44419123829874085
1.76	0.4418584906055749
1.77	0.4395511067171459
1.78	0.43726866988036517
1.79	0.4350107724802838
1.8	0.43277701579005723
1.81	0.4305670097290926
1.82	0.4283803726290724
1.83	0.42621673100755214
1.84	0.42392596398535687
1.85	0.4216009117493838
1.86	0.41930104265811036
1.87	0.4170259507421055
1.8800000000000001	0.4147752387009593
1.8900000000000001	0.4125485176732781
1.9000000000000001	0.4103454070139624
1.9100000000000001	0.40816553407849654
1.92	0.40600853401399667
1.93	0.40387404955676975
1.94	0.40176173083614863
1.95	0.399671235184378
1.96	0.39760222695233327
1.97	0.395554377330867
1.98	0.3935273641775809
1.99	0.3915208718488336
2.	0.389534591036801
2.0100000000000002	0.3875682186114114
2.02	0.38562145746698745
2.0300000000000002	0.38369401637343165
2.04	0.3817856098317992
2.05	0.3798959579341081
2.06	0.37802478622724284
2.07	0.37617182558081175
2.08	0.3743368120588259
2.09	0.3725194867950702
2.1	0.3707195958720441
2.11	0.36882575787798916
2.12	0.36686446216129254
2.13	0.3649227522214024
2.14	0.36300034189076724
2.15	0.3610969504941992
2.16	0.35921230271852717
2.17	0.35734612848593117
2.18	0.35549816283083424
2.19	0.35366814578024036
2.2	0.3518558222374013
2.21	0.35006094186871095
2.22	0.34828325899371926
2.23	0.34652253247816744
2.24	0.3447785256299488
2.25	0.3430510060979031
2.2600000000000002	0.3413397457733518
2.27	0.3396445206942934
2.2800000000000002	0.3379651109521704
2.29	0.33630130060113234
2.3000000000000003	0.3346528775697138
2.31	0.3330196335748564
2.32	0.3314013640381994
2.33	0.3297978680045722
2.34	0.32820894806262113
2.35	0.32663441026750334
2.36	0.3250740640655898
2.37	0.323527722221113
2.38	0.32199520074470317
2.39	0.3204763188237564
2.4	0.3189708987545802
2.41	0.317478765876263
2.42	0.31593752493316385
2.43	0.3143112252828217
2.44	0.3126999244950074
2.45	0.31110342361583515
2.46	0.30952152712808034
2.47	0.30795404287814915
2.48	0.30640078200488907
2.49	0.3048615588701851
2.5	0.3033361909912911
2.5100000000000002	0.30182449897484465
2.52	0.3003263064525197
2.5300000000000002	0.29884144001826696
2.54	0.2973697291670986
2.5500000000000003	0.29591100623537314
2.56	0.2944651063425379
2.57	0.29303186733428765
2.58	0.29161112972709974
2.59	0.2902027366541076
2.6	0.2888065338122753
2.61	0.28742236941083604
2.62	0.2860500941209609
2.63	0.28468956102662346
2.64	0.28334062557662665
2.65	0.282003145537762
2.66	0.2806769809490677
2.67	0.27936199407715895
2.68	0.2780580493725977
2.69	0.2767650134272779
2.7	0.27548275493279534
2.71	0.2742111446397788
2.72	0.2729500553181541
2.73	0.27169936171831877
2.74	0.27045894053320185
2.75	0.2692286703611848
2.7600000000000002	0.2680084316698637
2.77	0.2667981067606272
2.7800000000000002	0.26551694253353453
2.79	0.26419047778747334
2.8000000000000003	0.2628753501468188
2.81	0.2615714227423966
2.82	0.2602785608365641
2.83	0.25899663178260596
2.84	0.25772550498504265
2.85	0.25646505186082946
2.86	0.25521514580142196
2.87	0.2539756621356868
2.88	0.25274647809363493
2.89	0.2515274727709568
2.9	0.25031852709433977
2.91	0.2491195237875455
2.92	0.24793034733823208
2.93	0.24675088396549796
2.94	0.2455810215881317
2.95	0.24442064979355005
2.96	0.2432696598074066
2.97	0.24212794446385355
2.98	0.2409953981764423
2.99	0.23987191690964507
3.	0.23875739815098365
3.0100000000000002	0.23765174088375018
3.02	0.2365548455603042
3.0300000000000002	0.23546661407593394
3.04	0.23438694974326643
3.0500000000000003	0.23331575726721418
3.06	0.23225294272044492
3.0700000000000003	0.23119841351936166
3.08	0.23015207840058197
3.09	0.22911384739790286
3.1	0.2280836318197408
3.11	0.22706134422703603
3.12	0.2260468984116078
3.13	0.22504020937495367
3.14	0.22404119330747851
3.15	0.2230497675681458
3.16	0.2220658506645402
3.17	0.22108936223333253
3.18	0.22012022302113646
3.19	0.21910231722797244
3.2	0.21803407218404514
3.21	0.21697434416501005
3.22	0.2159230390488115
3.23	0.2148800640414692
3.24	0.21384532765430092
3.25	0.2128187396816053
3.2600000000000002	0.21180021117879294
3.27	0.21078965444095635
3.2800000000000002	0.2097869829818676
3.29	0.2087921115133955
3.3000000000000003	0.20780495592533038
3.31	0.20682543326560995
3.3200000000000003	0.20585346172093422
3.33	0.204888960597763
3.34	0.2039318503036861
3.35	0.2029820523291581
3.36	0.20203948922958964
3.37	0.20110408460778675
3.38	0.20017576309673143
3.39	0.19925445034269443
3.4	0.19834007298867465
3.41	0.1974325586581557
3.42	0.19653183593917556
3.43	0.1956378343686984
3.44	0.19475048441728673
3.45	0.19386971747406304
3.46	0.19299546583195723
3.47	0.19212766267323247
3.48	0.191266242055284
3.49	0.19041113889670447
3.5	0.18956228896361033
3.5100000000000002	0.18871962885622384
3.52	0.18788309599570482
3.5300000000000002	0.18705262861122682
3.54	0.18622816572729325
3.5500000000000003	0.18540964715128688
3.56	0.18459701346124957
3.5700000000000003	0.18379020599388543
3.58	0.18298916683278496
3.59	0.18219383879686274
3.6	0.18140416542900703
3.61	0.18062009098493476
3.62	0.17984156042224853
3.63	0.17906851938969143
3.64	0.17830091421659516
3.65	0.17753869190251806
3.66	0.17675564873359628
3.67	0.17591761588715135
3.68	0.17508582049570628
3.69	0.17426019937310389
3.7	0.1734406901421435
3.71	0.17262723122207388
3.72	0.17181976181631256
3.73	0.17101822190038635
3.74	0.17022255221008967
3.75	0.16943269422985546
3.7600000000000002	0.168648590181334
3.77	0.16787018301217616
3.7800000000000002	0.16709741638501618
3.79	0.16633023466665084
3.8000000000000003	0.16556858291740942
3.81	0.16481240688071286
3.8200000000000003	0.16406165297281564
3.83	0.16331626827272905
3.84	0.16257620051232113
3.85	0.1618413980665888
3.86	0.16111180994410146
3.87	0.160387385777609
3.88	0.1596680758148145
3.89	0.15895383090930534
3.9	0.15824460251164232
3.91	0.15754034266060066
3.92	0.15684100397456302
3.93	0.1561465396430592
3.94	0.15545690341845034
3.95	0.1547720496077557
3.96	0.15409193306461758
3.97	0.15341650918140318
3.98	0.15274573388143972
3.99	0.152079563611381
4.	0.15141795533370236
4.01	0.15076086651932125
4.0200000000000005	0.15010825514034223
4.03	0.1494600796629229
4.04	0.1488162990402584
4.05	0.1481768727056831
4.0600000000000005	0.14754176056588642
4.07	0.14691092299424133
4.08	0.1462843208242422
4.09	0.14566191534305176
4.1	0.1450436682851531
4.11	0.14442954182610637
4.12	0.1438194985764073
4.13	0.14321350157544582
4.14	0.14261151428556298
4.15	0.1420135005862047
4.16	0.1414194247681696
4.17	0.14082925152795017
4.18	0.14024294596216483
4.19	0.13966047356207978
4.2	0.13907290296080937
4.21	0.1384246635444455
4.22	0.1377809728708901
4.23	0.13714178835541485
4.24	0.13650706791134581
4.25	0.13587676994308173
4.26	0.1352508533392259
4.2700000000000005	0.1346292774658304
4.28	0.1340120021597498
4.29	0.13339898772210268
4.3	0.13279019491183908
4.3100000000000005	0.13218558493941154
4.32	0.13158511946054846
4.33	0.13098876057012704
4.34	0.13039647079614466
4.3500000000000005	0.1298082130937867
4.36	0.12922395083958907
4.37	0.1286436478256933
4.38	0.12806726825419354
4.39	0.1274947767315723
4.4	0.12692613826322496
4.41	0.12636131824807031
4.42	0.12580028247324573
4.43	0.125242997108886
4.44	0.12468942870298373
4.45	0.12413954417633043
4.46	0.12359331081753593
4.47	0.12305069627812591
4.48	0.12251166856771517
4.49	0.12197619604925601
4.5	0.12144424743435978
4.51	0.12091579177869044
4.5200000000000005	0.12039079847742992
4.53	0.11986923726081192
4.54	0.119351078189725
4.55	0.1188362916513825
4.5600000000000005	0.11832484835505883
4.57	0.11781671932789028
4.58	0.11731187591074002
4.59	0.11681028975412544
4.6000000000000005	0.1163119328142072
4.61	0.11581677734883918
4.62	0.11532479591367699
4.63	0.1148359613583462
4.64	0.11435024682266683
4.65	0.11386762573293514
4.66	0.11338807179826074
4.67	0.11291155900695796
4.68	0.11243806162299111
4.69	0.11196755418247263
4.7	0.11150001149021296
4.71	0.11103540861632107
4.72	0.11057372089285532
4.73	0.1101149239105241
4.74	0.10965899351543382
4.75	0.10920590580588553
4.76	0.10875563712921782
4.7700000000000005	0.10830816407869584
4.78	0.10786346349044576
4.79	0.10742151244043377
4.8	0.1069822882414885
4.8100000000000005	0.10654576844036708
4.82	0.10611193081486303
4.83	0.10562654447135875
4.84	0.10513929914193924
4.8500000000000005	0.10465530014982803
4.86	0.10417451923911367
4.87	0.10369692845726435
4.88	0.10322250015125672
4.89	0.10275120696376126
4.9	0.1022830218293843
4.91	0.10181791797096523
4.92	0.10135586889592804
4.93	0.10089684839268637
4.94	0.10044083052710125
4.95	0.09998778963899037
4.96	0.09953770033868845
4.97	0.0990905375036573
4.98	0.09864627627514544
4.99	0.0982048920548958
5.	0.09776636050190102
5.01	0.09733065752920596
5.0200000000000005	0.0968977593007555
5.03	0.09646764222828846
5.04	0.09604028296827535
5.05	0.09561565841890046
5.0600000000000005	0.09519374571708658
5.07	0.09477452223556265
5.08	0.09435796557997274
5.09	0.09394405358602612
5.1000000000000005	0.09353276431668783
5.11	0.09312407605940909
5.12	0.0927179673233964
5.13	0.09231441683691963
5.14	0.09191340354465728
5.15	0.09151490660507995
5.16	0.09111890538786949
5.17	0.09072537947137482
5.18	0.09033430864010288
5.19	0.08994567288224506
5.2	0.08955945238723736
5.21	0.08917562754335474
5.22	0.08879417893533888
5.23	0.08841508734205822
5.24	0.08803833373420097
5.25	0.08766389927199951
5.26	0.08729176530298575
5.2700000000000005	0.08692191335977786
5.28	0.08655432515789695
5.29	0.08618898259361366
5.3	0.08582586774182414
5.3100000000000005	0.08546496285395477
5.32	0.08510625035589568
5.33	0.08474971284596196
5.34	0.08439533309288258
5.3500000000000005	0.08404309403381649
5.36	0.08369297877239558
5.37	0.08334497057679381
5.38	0.08299905287782224
5.39	0.08265520926704976
5.4	0.082313423494949
5.41	0.08197367946906682
5.42	0.0816359612522193
5.43	0.08130025306071072
5.44	0.08096653926257634
5.45	0.08063480437584834
5.46	0.08030503306684461
5.47	0.07997721014848046
5.48	0.07965132057860233
5.49	0.07932734945834348
5.5	0.07900528203050158
5.51	0.07868510367793696
5.5200000000000005	0.07836679992199254
5.53	0.07805035642093384
5.54	0.07771278129008699
5.55	0.07735359304662527
5.5600000000000005	0.07699670709838793
5.57	0.07664210458721332
5.58	0.07628976684287939
5.59	0.0759396753808984
5.6000000000000005	0.07559181190034114
5.61	0.07524615828169091
5.62	0.0749026965847258
5.63	0.07456140904642979
5.64	0.07422227807893175
5.65	0.07388528626747197
5.66	0.07355041636839581
5.67	0.07321765130717421
5.68	0.07288697417645046
5.69	0.07255836823411296
5.7	0.07223181690139349
5.71	0.07190730376099062
5.72	0.07158481255521813
5.73	0.0712643271841775
5.74	0.07094583170395481
5.75	0.07062931032484115
5.76	0.07031474740957643
5.7700000000000005	0.07000212747161613
5.78	0.0696914351734209
5.79	0.06938265532476828
5.8	0.06907577288108652
5.8100000000000005	0.06877077294181005
5.82	0.0684676407487564
5.83	0.06816636168452403
5.84	0.06786692127091096
5.8500000000000005	0.06756930516735374
5.86	0.06727349916938685
5.87	0.06697948920712155
5.88	0.06668726134374449
5.89	0.06639680177403563
5.9	0.06610809682290501
5.91	0.0658211329439484
5.92	0.06553589671802115
5.93	0.06525237485183044
5.94	0.06497055417654547
5.95	0.06469042164642502
5.96	0.0644119643374627
5.97	0.06413516944604926
5.98	0.06386002428765171
5.99	0.06358651629550938
6.	0.06331463301934606
6.01	0.06304436212409857
6.0200000000000005	0.0627756913886612
6.03	0.06250860870464602
6.04	0.0622431020751585
6.05	0.06197915961358847
6.0600000000000005	0.06171676954241646
6.07	0.06145592019203443
6.08	0.06119659999958156
6.09	0.06093879750779415
6.1000000000000005	0.06068250136387017
6.11	0.06042770031834753
6.12	0.060174383223996285
6.13	0.059922539034724526
6.140000000000001	0.05967215680449782
6.15	0.059423225686271876
6.16	0.05917573493093816
6.17	0.058929673886282626
6.18	0.05868503199595715
6.19	0.05844179879846344
6.2	0.05819996392614942
6.21	0.05795951710421774
6.22	0.05772044814974647
6.23	0.05748274697072154
6.24	0.05724640356508093
6.25	0.05701140801977057
6.26	0.05677775050981134
6.2700000000000005	0.0565454212973777
6.28	0.056314410730887034
6.29	0.056084709244100237
6.3	0.05585630735523286
6.3100000000000005	0.05562919566607713
6.32	0.05540336486113425
6.33	0.0551788057067573
6.34	0.05495550905030403
6.3500000000000005	0.05473346581930009
6.36	0.054495009005617254
6.37	0.05423944684413967
6.38	0.05398548124448203
6.390000000000001	0.05373309975346787
6.4	0.053482290034331734
6.41	0.053233039865451234
6.42	0.052985337139094965
6.43	0.05273916986018624
6.44	0.05249452614508149
6.45	0.052251394220364525
6.46	0.052009762421655004
6.47	0.05176961919243224
6.48	0.051530953082872914
6.49	0.05129375274870349
6.5	0.05105800695006653
6.51	0.050823704550400896
6.5200000000000005	0.05059083451533579
6.53	0.05035938591159812
6.54	0.0501293479059335
6.55	0.04990070976403989
6.5600000000000005	0.04967346084951474
6.57	0.049447590622814695
6.58	0.04922308864022782
6.59	0.04899994455285836
6.6000000000000005	0.04877814810562391
6.61	0.04855768913626448
6.62	0.048338557574363554
6.63	0.048120743440381
6.640000000000001	0.047904236844697606
6.65	0.04768902798667109
6.66	0.047475107153703164
6.67	0.04726246472031816
6.68	0.047051091147252505
6.69	0.04684097698055488
6.7	0.04663211285069733
6.71	0.046424489471696806
6.72	0.046218097640247285
6.73	0.04601292823486202
6.74	0.04580897221502597
6.75	0.04560622062035844
6.76	0.045404664569785265
6.7700000000000005	0.04520429526072112
6.78	0.04500510396826119
6.79	0.04480708204438248
6.8	0.044610220917154365
6.8100000000000005	0.04441451208995858
6.82	0.0442199471407182
6.83	0.0440265177211356
6.84	0.043834215555939415
6.8500000000000005	0.04364303244214028
6.86	0.043452960248295126
6.87	0.04326399091378002
6.88	0.043076116448071494
6.890000000000001	0.04288932893003632
6.9	0.04270362050722931
6.91	0.04251898339519914
6.92	0.042335409876802566
6.93	0.04215289230152615
6.94	0.041971423084815954
6.95	0.04179099470741498
6.96	0.04161159971470805
6.97	0.04143323071607436
6.98	0.04125588038424727
6.99	0.04107954145468152
7.	0.040904206724927734
7.01	0.0407298690540137
7.0200000000000005	0.04055652136183315
7.03	0.040384156628541126
7.04	0.04021276789395643
7.05	0.04004234825697054
7.0600000000000005	0.039872890874963596
7.07	0.03970438896322673
7.08	0.03953683579439092
7.09	0.039370224697862305
7.1000000000000005	0.03920454905926391
7.11	0.03903980231988357
7.12	0.038875977976128066
7.13	0.03871306957898325
7.140000000000001	0.03855107073348052
7.15	0.03838997509816883
7.16	0.038229776384593
7.17	0.03807046835677745
7.18	0.037912044830715974
7.19	0.03775449967386705
7.2	0.03759782680465469
7.21	0.03744202019197492
7.22	0.03728707385470774
7.23	0.03713298186123424
7.24	0.03697973832895941
7.25	0.036827337423839826
7.26	0.03667577335991676
7.2700000000000005	0.036525040398854396
7.28	0.03637513284948302
7.29	0.036226045067347314
7.3	0.03606908516999678
7.3100000000000005	0.03589572753752603
7.32	0.035723438391390715
7.33	0.03555220969978322
7.34	0.035382033502112525
7.3500000000000005	0.035212901908276965
7.36	0.035044807097945385
7.37	0.034877741319846244
7.38	0.034711696891065395
7.390000000000001	0.034546666196351626
7.4	0.034382641687430354
7.41	0.034219615882325055
7.42	0.03405758136468649
7.43	0.03389653078312986
7.44	0.03373645685057909
7.45	0.033577352343618985
7.46	0.033419210101854654
7.47	0.033262023027278084
7.48	0.03310578408364218
7.49	0.03295048629584167
7.5	0.032796122749301215
7.51	0.032642686589370196
7.5200000000000005	0.032490171020724726
7.53	0.03233856930677616
7.54	0.03218787476908619
7.55	0.032038080786788756
7.5600000000000005	0.031889180796018386
7.57	0.031741168289344944
7.58	0.03159403681521464
7.59	0.03144777997739742
7.6000000000000005	0.03130239143444054
7.61	0.031157864899128144
7.62	0.031014194137947017
7.63	0.030871372970558086
7.640000000000001	0.03072939526927409
7.65	0.030588254958542754
7.66	0.030447946014435963
7.67	0.030308462464144398
7.68	0.030169798385477942
7.69	0.030031947906371433
7.7	0.029894905204396038
7.71	0.029758664506275928
7.72	0.029623220087410293
7.73	0.029488566271400597
7.74	0.029354697429583118
7.75	0.029221607980566548
7.76	0.02908929238977456
7.7700000000000005	0.028957745168993583
7.78	0.028826960875925463
7.79	0.0286969341137449
7.8	0.028567659530661774
7.8100000000000005	0.028439131819488282
7.82	0.028311345717210782
7.83	0.028184296004566182
7.84	0.028057977505623062
7.8500000000000005	0.02793238508736717
7.86	0.027807513659291662
7.87	0.027683358172991487
7.88	0.027559913621762307
7.890000000000001	0.027437175040203717
7.9	0.027315137503826758
7.91	0.027193796128665536
7.92	0.02707314607089319
7.930000000000001	0.02695318252644187
7.94	0.026833900730626734
7.95	0.02671529595777413
7.96	0.026597363520853616
7.97	0.026480098771113934
7.98	0.026363497097722902
7.99	0.026247553927411113
8.	0.026132264724119454
8.01	0.02601762498865028
8.02	0.025903630258322402
8.03	0.025790276106629647
8.040000000000001	0.025677558142903078
8.05	0.025565472011976762
8.06	0.02545401339385709
8.07	0.025343178003395486
8.08	0.02523296158996471
8.09	0.02512335993713848
8.1	0.025014368862374455
8.11	0.02490598421670054
8.120000000000001	0.02479820188440451
8.13	0.024691017782726907
8.14	0.024584427861557068
8.15	0.024478428103132305
8.16	0.024373014521740385
8.17	0.02426818316342497
8.18	0.02416393010569411
8.19	0.02406025145723178
8.2	0.023957143357612582
8.21	0.0238546019770191
8.22	0.023752623515962405
8.23	0.023651204205005372
8.24	0.023550340304488833
8.25	0.023450028104260643
8.26	0.023350263923407426
8.27	0.0232510441099891
8.28	0.023152365040776245
8.290000000000001	0.023054223120989998
8.3	0.022956614784044763
8.31	0.022859536491293388
8.32	0.022762984731775165
8.33	0.022666956021966216
8.34	0.02257144690553247
8.35	0.022476453953085267
8.36	0.022381973761939254
8.370000000000001	0.02228800295587293
8.38	0.022191487536440013
8.39	0.022085367421917423
8.4	0.02197988027912869
8.41	0.02187502158579594
8.42	0.021770786857273784
8.43	0.02166717164619189
8.44	0.02156417154210143
8.45	0.021461782171125394
8.46	0.021359999195612468
8.47	0.021258818313794673
8.48	0.02115823525944866
8.49	0.021058245801560533
8.5	0.02095884574399425
8.51	0.020860030925163586
8.52	0.020761797217707458
8.53	0.020664140528168767
8.540000000000001	0.02056705679667656
8.55	0.02047054199663162
8.56	0.020374592134395242
8.57	0.020279203248981435
8.58	0.020184371411752205
8.59	0.020090092726116084
8.6	0.019996363327229934
8.61	0.019903179381703606
8.620000000000001	0.01981053708730795
8.63	0.01971843267268572
8.64	0.019626862397065604
8.65	0.019535822549979
8.66	0.019445309450980042
8.67	0.01935531944936837
8.68	0.019265848923914714
8.69	0.019176894282589462
8.700000000000001	0.019088451962293956
8.71	0.019000518428594626
8.72	0.01891309017545977
8.73	0.018826163724999085
8.74	0.018739735627206044
8.75	0.0186538024597026
8.76	0.01856836082748684
8.77	0.018483407362682967
8.78	0.01839893872429412
8.790000000000001	0.018314951597957405
8.8	0.01823144269570171
8.81	0.018148408755707838
8.82	0.018065846542071173
8.83	0.01798375284456667
8.84	0.017902124478416333
8.85	0.017820958284059024
8.86	0.01774025112692262
8.870000000000001	0.01765999989719843
8.88	0.017580201509617973
8.89	0.017500852903232004
8.9	0.017421951041191708
8.91	0.0173434929105322
8.92	0.01726547552195813
8.93	0.0171878959096315
8.94	0.01711075113096161
8.950000000000001	0.01703403826639712
8.96	0.01695775441922015
8.97	0.016881896715342508
8.98	0.016804147002923417
8.99	0.016721803145502857
9.	0.016639953662471865
9.01	0.016558595041348167
9.02	0.01647772379846449
9.03	0.016397336478700474
9.040000000000001	0.01631742965521764
9.05	0.0162379999291968
9.06	0.016159043929578475
9.07	0.01608055831280575
9.08	0.016002539762570014
9.09	0.015924984989559136
9.1	0.01584789073120844
9.11	0.015771253751453995
9.120000000000001	0.01569507084048871
9.13	0.01561933881452074
9.14	0.015544054515534571
9.15	0.015469214811054255
9.16	0.015394816593909413
9.17	0.01532085678200345
9.18	0.015247332318084162
9.19	0.015174240169516644
9.200000000000001	0.015101577328058703
9.21	0.015029340809638338
9.22	0.014957527654133626
9.23	0.014886134925154731
9.24	0.014815159709828359
9.25	0.014744599118584105
9.26	0.014674450284943177
9.27	0.014604710365309167
9.28	0.014535376538761023
9.290000000000001	0.01446644600684801
9.3	0.014397915993386825
9.31	0.014329783744260716
9.32	0.014262046527220624
9.33	0.0141947016316884
9.34	0.014127746368561876
9.35	0.014061178070022027
9.36	0.01399499408934196
9.370000000000001	0.013929191800697883
9.38	0.013863768598981955
9.39	0.013798721899616997
9.4	0.013734049138373077
9.41	0.013669747771185865
9.42	0.013605815273976914
9.43	0.013542249142475583
9.44	0.013479046892042913
9.450000000000001	0.013416206057497073
9.46	0.013353724192940652
9.47	0.013291598871589625
9.48	0.013229827685604049
9.49	0.013168408245920372
9.5	0.013107338182085485
9.51	0.013046615142092323
9.52	0.01298623679221716
9.53	0.012926200816858458
9.540000000000001	0.01286650491837737
9.55	0.012807146816939726
9.56	0.012748124250359625
9.57	0.012689434973944588
9.58	0.012631076760342141
9.59	0.012573047399387983
9.6	0.012515344697955637
9.61	0.012457966479807486
9.620000000000001	0.012400226381673856
9.63	0.012337406936117491
9.64	0.012274970437868711
9.65	0.012212914158858394
9.66	0.01215123539325016
9.67	0.012089931457236445
9.68	0.01202899968883658
9.69	0.011968437447697036
9.700000000000001	0.01190824211489367
9.71	0.01184841109273585
9.72	0.011788941804572767
9.73	0.011729831694601584
9.74	0.011671078227677581
9.75	0.011612678889126189
9.76	0.011554631184556923
9.77	0.011496932639679236
9.78	0.011439580800120253
9.790000000000001	0.011382573231244185
9.8	0.011325907517973757
9.81	0.011269581264613322
9.82	0.0112135920946738
9.83	0.011157937650699312
9.84	0.011102615594095597
9.85	0.01104762360496022
9.86	0.010992959381914311
9.870000000000001	0.01093862064193612
9.88	0.010884605120196206
9.89	0.010830910569894226
9.9	0.010777534762097427
9.91	0.010724475485580654
9.92	0.010671730546668054
9.93	0.01061929776907625
9.94	0.010567174993759145
9.950000000000001	0.01051536007875423
9.96	0.010463850899030446
9.97	0.010412645346337512
9.98	0.01036174132905676
9.99	0.010311136772053465
10.	0.010260829616530586
10.01	0.010210817819884043
10.02	0.010161099355559231
10.03	0.0101116722129092
10.040000000000001	0.010062534397054018
10.05	0.010013683928741609
10.06	0.009965118844209959
10.07	0.00991683719505063
10.08	0.00986883704807366
10.09	0.009821116485173762
10.1	0.009773673603197771
10.11	0.00972650651381352
10.120000000000001	0.009679613343379894
10.13	0.009632992232818114
10.14	0.00958664133748442
10.15	0.009540558827043867
10.16	0.009494742885345341
10.17	0.00944919171029793
10.18	0.009403903513748304
10.19	0.009358876521359404
10.200000000000001	0.009314108972490305
10.21	0.009269599120077165
10.22	0.00922534523051539
10.23	0.009181345583542931
10.24	0.00913759847212463
10.25	0.009094102202337834
10.26	0.009050855093258921
10.27	0.009007855476851052
10.28	0.008965101697852975
10.290000000000001	0.00892259211366885
10.3	0.00888032509425916
10.31	0.008836906901543219
10.32	0.008790776941174938
10.33	0.008744932114634361
10.34	0.00869937038601073
10.35	0.008654089735878915
10.36	0.008609088161150262
10.370000000000001	0.008564363674924753
10.38	0.008519914306344785
10.39	0.008475738100450337
10.4	0.00843183311803562
10.41	0.008388197435507127
10.42	0.008344829144743098
10.43	0.008301726352954461
10.44	0.008258887182546984
10.450000000000001	0.008216309770984987
10.46	0.008173992270656268
10.47	0.008131932848738463
10.48	0.008090129687066658
10.49	0.008048580982002333
10.5	0.008007284944303623
10.51	0.007966239798996851
10.52	0.00792544378524928
10.53	0.0078848951562432
10.540000000000001	0.00784459217905123
10.55	0.007804533134512753
10.56	0.007764716317111733
10.57	0.007725140034855579
10.58	0.007685802609155288
10.59	0.007646702374706747
10.6	0.007607837679373144
10.61	0.00756920688406859
10.620000000000001	0.007530808362642882
10.63	0.007492640501767327
10.64	0.007454701700821729
10.65	0.007416990371782505
10.66	0.007379504939111785
10.67	0.0073422438396477255
10.68	0.007305205522495778
10.69	0.00726838844892105
10.700000000000001	0.007231791092241783
10.71	0.007195411937723695
10.72	0.007159249482475531
10.73	0.007123302235345517
10.74	0.007087568716818791
10.75	0.0070520474589159405
10.76	0.007016737005092411
10.77	0.0069816359101389025
10.78	0.006946742740082786
10.790000000000001	0.006912056072090406
10.8	0.0068775744943703155
10.81	0.006843296606077523
10.82	0.006809221017218538
10.83	0.006775346348557434
10.84	0.006741671231522753
10.85	0.006708194308115282
10.86	0.006674914230816811
10.870000000000001	0.006641829662499614
10.88	0.006608939276336922
10.89	0.00657624175571419
10.9	0.006543735794141214
10.91	0.0065114200951650845
10.92	0.0064792933722839716
10.93	0.006447354348861754
10.94	0.006415601758043373
10.950000000000001	0.006384034342671114
10.96	0.006352650855201563
10.97	0.006321450057623439
10.98	0.006290430721376141
10.99	0.00625959162726908
11.	0.006228931565401807
11.01	0.006198449335084844
11.02	0.006168143744761288
11.03	0.006138013611929145
11.040000000000001	0.006108057763064415
11.05	0.006076251447300511
11.06	0.006043323617492299
11.07	0.0060106037439871685
11.08	0.005978090327353928
11.09	0.005945781880312072
11.1	0.00591367692762242
11.11	0.005881774005978949
11.120000000000001	0.005850071663901646
11.13	0.005818568461630366
11.14	0.005787262971019848
11.15	0.005756153775435685
11.16	0.005725239469651308
11.17	0.005694518659746073
11.18	0.005663989963004241
11.19	0.005633652007815
11.200000000000001	0.005603503433573505
11.21	0.005573542890582803
11.22	0.0055437690399567805
11.23	0.005514180553524052
11.24	0.005484776113732746
11.25	0.005455554413556308
11.26	0.005426514156400106
11.27	0.0053976540560090255
11.28	0.005368972836375989
11.290000000000001	0.005340469231651261
11.3	0.0053121419860527146
11.31	0.005283989853776974
11.32	0.005256011598911366
11.33	0.005228205995346772
11.34	0.005200571826691296
11.35	0.005173107886184774
11.36	0.005145812976614143
11.370000000000001	0.005118685910229561
11.38	0.0050917255086613865
11.39	0.005064930602837979
11.4	0.005038300032904203
11.41	0.005011832648140811
11.42	0.004985527306884551
11.43	0.004959382876449056
11.44	0.004933398233046487
11.450000000000001	0.004907572261709933
11.46	0.004881903856216565
11.47	0.004856391919011481
11.48	0.004831035361132355
11.49	0.004805833102134733
11.5	0.004780784070018081
11.51	0.004755887201152539
11.52	0.004731141440206355
11.53	0.00470654574007402
11.540000000000001	0.004682099061805113
11.55	0.004657800374533741
11.56	0.0046336486554087635
11.57	0.004609642889524604
11.58	0.004585782069852708
11.59	0.004562065197173713
11.6	0.004538491280010205
11.61	0.004515059334560137
11.620000000000001	0.004491768384630885
11.63	0.004468617461573881
11.64	0.004445605604219919
11.65	0.004422731858815053
11.66	0.004399995278957063
11.67	0.0043773949255325835
11.68	0.004354929866654768
11.69	0.004332599177601543
11.700000000000001	0.004310401940754509
11.71	0.004288337245538319
11.72	0.00426640418836067
11.73	0.004244601872552901
11.74	0.004222929408311038
11.75	0.004201385912637512
11.76	0.004179970509283332
11.77	0.004158682328690823
11.78	0.004137520507936938
11.790000000000001	0.004116484190677029
11.8	0.004095572527089193
11.81	0.004074784673819118
11.82	0.004054119793925445
11.83	0.004033577056825624
11.84	0.004011911851987924
11.85	0.003989620162964476
11.86	0.0039674709820752205
11.870000000000001	0.003945463279274001
11.88	0.003923596032818561
11.89	0.003901868229196703
11.9	0.0038802788630531277
11.91	0.0038588269371170295
11.92	0.0038375114621303484
11.93	0.0038163314567767706
11.94	0.003795285947611374
11.950000000000001	0.0037743739689909714
11.96	0.0037535945630051415
11.97	0.0037329467794078816
11.98	0.0037124296755499902
11.99	0.003692042316312037
12.	0.003671783774038005
12.01	0.003651653128469598
12.02	0.003631649466681123
12.030000000000001	0.003611771883015049
12.040000000000001	0.0035920194790181816
12.05	0.003572391363378398
12.06	0.003552886651862055
12.07	0.0035335044672519813
12.08	0.0035142439392860116
12.09	0.0034951042045961935
12.1	0.0034760844066485056
12.11	0.0034571836956831838
12.120000000000001	0.0034384012286556177
12.13	0.0034197361691778003
12.14	0.003401187687460335
12.15	0.0033827549602550274
12.16	0.0033644371707979496
12.17	0.003346233508753135
12.18	0.003328143170156759
12.19	0.0033101653573618297
12.200000000000001	0.003292299278983468
12.21	0.003274544149844648
12.22	0.003256899190922459
12.23	0.0032393636292949303
12.24	0.00322193669808827
12.25	0.0032046176364246832
12.26	0.003187405689370647
12.27	0.003170300107885648
12.280000000000001	0.003153300148771465
12.290000000000001	0.0031364050746218787
12.3	0.0031196141537728614
12.31	0.003102926660253275
12.32	0.0030863418737359693
12.33	0.0030698590794893794
12.34	0.003053477568329599
12.35	0.0030371966365728247
12.36	0.003021015585988334
12.370000000000001	0.003004933723751843
12.38	0.0029889503623993195
12.39	0.0029730648197812525
12.4	0.0029572764190172935
12.41	0.002941584488451361
12.42	0.0029259883616071774
12.43	0.0029104873771441647
12.44	0.0028950808788137934
12.450000000000001	0.0028797682154163384
12.46	0.0028645487407580193
12.47	0.0028494218136085243
12.48	0.0028343867976589727
12.49	0.00281944306148024
12.5	0.0028045899784816465
12.51	0.0027898269268700824
12.52	0.0027751532896094586
12.530000000000001	0.002760568454380566
12.540000000000001	0.002746071813541297
12.55	0.0027316627640872095
12.56	0.0027173407076124903
12.57	0.0027031050502712823
12.58	0.0026889552027392944
12.59	0.002674890580175867
12.6	0.0026609106021863297
12.61	0.00264701469278468
12.620000000000001	0.0026332022803566683
12.63	0.002619472797623179
12.64	0.002605825681603952
12.65	0.0025922603735816503
12.66	0.002578776319066226
12.67	0.0025653729677596617
12.68	0.0025520497735209862
12.69	0.002537884976537655
12.700000000000001	0.0025237953499997277
12.71	0.0025097949427378362
12.72	0.0024958831202611447
12.73	0.0024820592530847637
12.74	0.00246832271668635
12.75	0.00245467289146313
12.76	0.0024411091626893523
12.77	0.002427630920474081
12.780000000000001	0.0024142375597194818
12.790000000000001	0.0024009284800793865
12.8	0.0023877030859183338
12.81	0.0023745607862709728
12.82	0.0023615009948018267
12.83	0.0023485231297654405
12.84	0.0023356266139669406
12.85	0.0023228108747229063
12.86	0.002310075343822644
12.870000000000001	0.0022974194574898205
12.88	0.0022848426563444268
12.89	0.002272344385365161
12.9	0.0022599240938520784
12.91	0.0022475812353896503
12.92	0.002235315267810151
12.93	0.0022231256531573857
12.94	0.00221101185765074
12.950000000000001	0.002198973351649589
12.96	0.002187009609618027
12.97	0.0021751201100899103
12.98	0.0021633043356342483
12.99	0.0021515617728209077
13.	0.002139891912186613
13.01	0.0021282942482012974
13.02	0.0021167682792347345
13.030000000000001	0.0021053135075234995
13.040000000000001	0.0020939294391382215
13.05	0.002082615583951142
13.06	0.002071371455603976
13.07	0.00206019657147607
13.08	0.0020490904526528336
13.09	0.002038052623894499
13.1	0.0020270826136051393
13.11	0.0020161799538019626
13.120000000000001	0.0020053441800849245
13.13	0.0019945748316065872
13.14	0.0019838714510422694
13.15	0.0019732335845604626
13.16	0.001962660781793521
13.17	0.001952152595808623
13.18	0.001941708583078999
13.19	0.001931328303455396
13.200000000000001	0.0019210113201378577
13.21	0.0019107571996476967
13.22	0.0019005655117997663
13.23	0.0018904358296749804
13.24	0.0018803677295930565
13.25	0.0018703607910855325
13.26	0.0018604145968690313
13.27	0.0018505287328187316
13.280000000000001	0.0018407027879421337
13.290000000000001	0.0018309363543530118
13.3	0.0018212290272456315
13.31	0.0018115804048691947
13.32	0.00180199008850252
13.33	0.0017924576824289256
13.34	0.001782982793911384
13.35	0.0017735650331678625
13.36	0.0017642040133468949
13.370000000000001	0.0017548993505033862
13.38	0.0017456506635746328
13.39	0.0017364575743565281
13.4	0.0017273197074800335
13.41	0.0017182366903878078
13.42	0.0017092081533110993
13.43	0.0017002337292467893
13.44	0.0016913130539346845
13.450000000000001	0.0016824457658349947
13.46	0.0016736315061060174
13.47	0.001664869918582008
13.48	0.0016561606497512709
13.49	0.0016475033487344322
13.5	0.0016388976672628982
13.51	0.0016303432596575277
13.52	0.0016218397828074737
13.530000000000001	0.001613386896149224
13.540000000000001	0.0016049842616458363
13.55	0.001596631543766325
13.56	0.0015883284094652702
13.57	0.001580074528162598
13.58	0.0015718695717235071
13.59	0.0015637233877294535
13.6	0.001555649336662976
13.61	0.0015476228634687872
13.620000000000001	0.0015396436531357378
13.63	0.001531711392967436
13.64	0.0015238257725635443
13.65	0.0015159864838012727
13.66	0.0015081932208169963
13.67	0.001500445679988072
13.68	0.0014927435599147855
13.69	0.00148508656140247
13.700000000000001	0.0014774743874437818
13.71	0.001469906743201133
13.72	0.001462383335989261
13.73	0.0014549038752579792
13.74	0.0014474680725750572
13.75	0.0014400756416092478
13.76	0.0014327262981134834
13.77	0.001425419759908201
13.780000000000001	0.0014181557468648139
13.790000000000001	0.0014109339808893418
13.8	0.0014037541859061552
13.81	0.0013966160878419005
13.82	0.0013895194146095293
13.83	0.0013824638960924758
13.84	0.0013754492641289927
13.85	0.0013684752524965916
13.86	0.0013615415968966406
13.870000000000001	0.0013546480349390815
13.88	0.001347794306127294
13.89	0.0013409801518430716
13.9	0.0013342053153317472
13.91	0.0013274695416874286
13.92	0.0013207725778383813
13.93	0.0013141141725325166
13.94	0.0013074940763230206
13.950000000000001	0.0013009120415540998
13.96	0.0012943678223468497
13.97	0.0012878611745852436
13.98	0.0012813918559022514
13.99	0.0012749596256660671
14.	0.001268564244966447
14.01	0.0012622054766011938
14.02	0.0012558830850627277
14.030000000000001	0.0012495968365247778
14.040000000000001	0.0012433464988292082
14.05	0.001237131841472926
14.06	0.0012309526355949276
14.07	0.0012248086539634387
14.08	0.0012186996709631656
14.09	0.0012126254625826668
14.1	0.001206585806401826
14.11	0.0012005804815794197
14.120000000000001	0.0011946092688408108
14.13	0.0011886719504657344
14.14	0.0011827683102761852
14.15	0.0011768981336244247
14.16	0.0011710612073810647
14.17	0.001165257319923274
14.18	0.0011594862611230736
14.19	0.0011537478223357317
14.200000000000001	0.0011480417963882605
14.21	0.0011423679775680138
14.22	0.0011367261616113634
14.23	0.0011311161456924953
14.24	0.0011255377284122839
14.25	0.0011199907097872578
14.26	0.0011144748912386834
14.27	0.0011089900755817006
14.280000000000001	0.0011035360670145844
14.290000000000001	0.0010981126711080865
14.3	0.0010927196947948508
14.31	0.0010873569463589446
14.32	0.0010820242354254563
14.33	0.0010767213729501878
14.34	0.0010714481712094377
14.35	0.0010662044437898628
14.36	0.001060990005578424
14.370000000000001	0.0010558046727524282
14.38	0.0010506482627696359
14.39	0.0010455205943584657
14.4	0.0010404214875082704
14.41	0.0010353507634597017
14.42	0.0010303082446951552
14.43	0.001025293754929287
14.44	0.0010203071190996102
14.450000000000001	0.001015348163357189
14.46	0.0010104167150573756
14.47	0.0010055126027506574
14.48	0.0010006356561735557
14.49	0.0009957857062396207
14.5	0.00099096258503048
14.51	0.0009861661257869736
14.52	0.0009813961629003692
14.530000000000001	0.0009766525319036261
14.540000000000001	0.0009719350694627598
14.55	0.0009672436133682569
14.56	0.0009627247463302185
14.57	0.0009592689672408006
14.58	0.0009558279512313445
14.59	0.0009524016251732368
14.6	0.0009489899163498809
14.61	0.0009455927524540803
14.620000000000001	0.000942210061585467
14.63	0.0009388417722479305
14.64	0.0009354878133470727
14.65	0.0009321481141876789
14.66	0.0009288226044712063
14.67	0.0009255112142932836
14.68	0.000922213874141248
14.69	0.000918930514891671
14.700000000000001	0.0009156610678079218
14.71	0.0009124054645377475
14.72	0.0009091636371108518
14.73	0.0009059355179365164
14.74	0.0009027210398012145
14.75	0.0008995201358662594
14.76	0.0008963327396654594
14.77	0.0008931587851027891
14.780000000000001	0.0008899982064500832
14.790000000000001	0.0008868509383447409
14.8	0.000883716915787444
14.81	0.0008805960741399
14.82	0.0008774883491225913
14.83	0.0008743936768125423
14.84	0.0008713119936411075
14.85	0.0008682432363917687
14.86	0.0008651873421979447
14.870000000000001	0.0008621442485408289
14.88	0.0008591138932472263
14.89	0.000856096214487415
14.9	0.0008530911507730209
14.91	0.0008500986409549048
14.92	0.0008471186242210623
14.93	0.0008441510400945468
14.94	0.0008411958284313938
14.950000000000001	0.0008382529294185738
14.96	0.0008353222835719455
14.97	0.0008324038317342306
14.98	0.000829497515073004
14.99	0.0008266032750786919
15.	0.0008237210535625848
15.01	0.000820850792654871
15.02	0.0008179924348026736
15.030000000000001	0.0008151459227681052
15.040000000000001	0.0008123111996263397
15.05	0.0008094882087636902
15.06	0.0008066768938757025
15.07	0.0008038771989652663
15.08	0.0008010890683407308
15.09	0.0007983124466140402
15.1	0.0007955472786988783
15.11	0.0007927935098088234
15.120000000000001	0.0007900510854555264
15.13	0.0007873199514468837
15.14	0.000784600053885239
15.15	0.0007818913391655886
15.16	0.0007791937539737999
15.17	0.0007765072452848426
15.18	0.0007738317603610339
15.19	0.0007711672467502905
15.200000000000001	0.0007685136522843968
15.21	0.0007658709250772846
15.22	0.0007632390135233199
15.23	0.0007606178662956077
15.24	0.0007580074323443026
15.25	0.0007554076608949324
15.26	0.0007528185014467356
15.27	0.0007502399037710072
15.280000000000001	0.0007476718179094545
15.290000000000001	0.0007451141941725674
15.3	0.000742566983137999
15.31	0.0007400301356489522
15.32	0.0007375036028125826
15.33	0.0007349873359984121
15.34	0.0007324812868367488
15.35	0.0007299854072171191
15.36	0.000727499649286713
15.370000000000001	0.000725023965448836
15.38	0.0007225583083613747
15.39	0.0007201026309352695
15.4	0.0007176568863329981
15.41	0.000715221027967072
15.42	0.0007127950094985388
15.43	0.0007103787848354947
15.44	0.0007079723081316139
15.450000000000001	0.0007055755337846772
15.46	0.0007031884164351173
15.47	0.0007008109109645712
15.48	0.0006984429724944446
15.49	0.0006960845563844832
15.5	0.0006937356182313502
15.51	0.0006913961138672235
15.52	0.0006890659993583934
15.530000000000001	0.0006867452310038685
15.540000000000001	0.0006844337653340001
15.55	0.0006821315591091059
15.56	0.0006798385693181069
15.57	0.0006884853672153013
15.58	0.0007050996410390887
15.59	0.0007221037960845319
15.6	0.0007395067226245784