0.01	3.0819323125286258
0.02	2.4213039798471945
0.03	2.2070163765335415
0.04	2.0923501059609517
0.05	2.0209363662401842
0.06	1.9687209139261082
0.07	1.9241043296825298
0.08	1.8882267501549275
0.09	1.8565513328537977
0.1	1.8286591153882523
0.11	1.80257938670594
0.12	1.7779130277132482
0.13	1.753890214226733
0.14	1.7303436923862319
0.15	1.7078808296634551
0.16	1.6855033231886782
0.17	1.66398114717879
0.18	1.643020065561571
0.19	1.622099969604763
0.2	1.6024994569689337
0.21	1.582495376293269
0.22	1.5632516509516705
0.23	1.545082166140582
0.24	1.5260631624162653
0.25	1.5075915224441718
0.26	1.4900550829119503
0.27	1.4727023759449498
0.28	1.455010961605933
0.29	1.4381419248322873
0.3	1.4220305970829379
0.31	1.4058929681741157
0.32	1.389434971851685
0.33	1.373667340835296
0.34	1.3585414770057034
0.35000000000000003	1.344013506186958
0.36	1.3288937594458032
0.37	1.314199457263197
0.38	1.300053106198389
0.39	1.2864206409415966
0.4	1.2732709188202915
0.41000000000000003	1.2596380091153603
0.42	1.2460384435897611
0.43	1.2329005942703892
0.44	1.2201985832889588
0.45	1.2079085294164864
0.46	1.1960083537047357
0.47000000000000003	1.183763345855443
0.48	1.171602997758893
0.49	1.1598144864378155
0.5	1.1483791950393085
0.51	1.1372797873485185
0.52	1.1265000966446497
0.53	1.1160250261275906
0.54	1.1050564577853066
0.55	1.0942525786505326
0.56	1.0837461698993522
0.5700000000000001	1.0735239449096234
0.58	1.0635734302575324
0.59	1.0538829029543815
0.6	1.044441333496679
0.61	1.035238334104272
0.62	1.025466301808104
0.63	1.015916011635588
0.64	1.0066029831763648
0.65	0.9975177509830417
0.66	0.9886513653649933
0.67	0.9799953569840286
0.68	0.9715417043668443
0.6900000000000001	0.9632828040550564
0.7000000000000001	0.9552114431439361
0.71	0.9465848059272857
0.72	0.9380986023575163
0.73	0.929803969266745
0.74	0.9216940455490474
0.75	0.9137623042477807
0.76	0.9060025320892532
0.77	0.8984088105200494
0.78	0.890975498119632
0.79	0.8836972142722931
0.8	0.8765688239936338
0.81	0.8692578166865012
0.8200000000000001	0.8618280980904378
0.8300000000000001	0.854550794373501
0.84	0.8474209984040945
0.85	0.8404340170127106
0.86	0.8335853592790046
0.87	0.8268707255875529
0.88	0.8202859973936787
0.89	0.8138272276457952
0.9	0.8074906318153201
0.91	0.8012725794893499
0.92	0.7951695864850482
0.93	0.7888029211284694
0.9400000000000001	0.7823338464455243
0.9500000000000001	0.7759854449270845
0.96	0.7697542304954542
0.97	0.7636368527235148
0.98	0.7576300902243621
0.99	0.7517308444266625
1.	0.7459361337095857
1.01	0.7402430878731866
1.02	0.7346489429219462
1.03	0.7291510361408623
1.04	0.7237468014450256
1.05	0.7184337649850321
1.06	0.7132095409918686
1.07	0.7075940064053236
1.08	0.7020448074632506
1.09	0.6965896739267418
1.1	0.6912261700402298
1.11	0.6859519445107792
1.12	0.6807647268507593
1.1300000000000001	0.6756623239098698
1.1400000000000001	0.6706426165851392
1.1500000000000001	0.6657035566982928
1.16	0.6608431640306066
1.17	0.656059523506022
1.18	0.6513507825139222
1.19	0.6467151483635174
1.2	0.6421508858623364
1.21	0.6376563150117921
1.22	0.6331322967526041
1.23	0.628350760125337
1.24	0.6236436152124389
1.25	0.6190091185756481
1.26	0.6144455811521843
1.27	0.6099513661439318
1.28	0.6055248870044185
1.29	0.6011646055183387
1.3	0.5968690299686805
1.31	0.5926367133868276
1.32	0.5884662518812771
1.33	0.5843562830408778
1.34	0.5803054844087328
1.35	0.5763125720231405
1.36	0.572376299022158
1.37	0.5684954543085664
1.3800000000000001	0.5646688612722063
1.3900000000000001	0.5608953765668222
1.4000000000000001	0.5571090596907692
1.41	0.5530964487693609
1.42	0.5491407916599731
1.43	0.545240887373283
1.44	0.5413955684092062
1.45	0.5376036995985515
1.46	0.5338641769923994
1.47	0.5301759267969293
1.48	0.5265379043515376
1.49	0.5229490931482114
1.5	0.5194085038902265
1.51	0.5159151735883459
1.52	0.5124681646927811
1.53	0.5090665642592863
1.54	0.505709483147821
1.55	0.5023960552523145
1.56	0.4991254367601273
1.57	0.4958968054398889
1.58	0.49270935995644644
1.59	0.4895623192117309
1.6	0.4864549217104043
1.61	0.48322626503729205
1.62	0.4798624682672076
1.6300000000000001	0.47654257234225134
1.6400000000000001	0.4732657402227167
1.6500000000000001	0.4700311558026919
1.6600000000000001	0.46683802326361357
1.67	0.46368556645153447
1.68	0.46057302827709634
1.69	0.45749967013725495
1.7	0.4544647713578392
1.71	0.4514676286560826
1.72	0.448507555622296
1.73	0.4455838822198938
1.74	0.4426959543030226
1.75	0.4398431331510756
1.76	0.43702479501940783
1.77	0.4342403307056023
1.78	0.43148914513066244
1.79	0.42877065693453725
1.8	0.426084298085413
1.81	0.4234295135022273
1.82	0.4208057606898894
1.83	0.4182125093867126
1.84	0.41564924122358377
1.85	0.41292245832665275
1.86	0.4101425697271707
1.87	0.40739615158570147
1.8800000000000001	0.4046826251389206
1.8900000000000001	0.402001424638603
1.9000000000000001	0.3993519969920276
1.9100000000000001	0.3967338014141463
1.92	0.3941463090910737
1.93	0.39158900285447173
1.94	0.3890613768664242
1.95	0.38656293631440763
1.96	0.3840931971159895
1.97	0.3816516856328918
1.98	0.37923793839408065
1.99	0.3768515018275497
2.	0.37449193200048597
2.0100000000000002	0.3721587943675122
2.02	0.3698516635267193
2.0300000000000002	0.3675701229832072
2.04	0.365313764919871
2.05	0.3630821899751732
2.06	0.36087500702765773
2.07	0.3586918329869697
2.08	0.3565322925911531
2.09	0.3543960182100105
2.1	0.3522826496543134
2.11	0.35019183399066384
2.12	0.3480308421806816
2.13	0.34574683509240145
2.14	0.3434884101307718
2.15	0.3412551632177778
2.16	0.33904669849742014
2.17	0.33686262813133194
2.18	0.33470257210039067
2.19	0.33256615801212164
2.2	0.3304530209136973
2.21	0.3283628031103484
2.22	0.3262951539890018
2.23	0.3242497298469779
2.24	0.32222619372557476
2.25	0.32022421524838196
2.2600000000000002	0.318243470464169
2.27	0.3162836416941982
2.2800000000000002	0.3143444173838191
2.29	0.3124254919582067
2.3000000000000003	0.31052656568210935
2.31	0.30864734452347975
2.32	0.3067875400208624
2.33	0.30494686915442104
2.34	0.3031250542204904
2.35	0.30132182270953983
2.36	0.29953690718744425
2.37	0.2977700451799576
2.38	0.29602097906029046
2.39	0.2942894559396939
2.4	0.2925752275609602
2.41	0.29087805019474694
2.42	0.28919768453864225
2.43	0.2875275057036309
2.44	0.2856891177696153
2.45	0.28386993116384657
2.46	0.2820696681846768
2.47	0.28028805625352465
2.48	0.2785248278001113
2.49	0.2767797201507168
2.5	0.2750524754193672
2.5100000000000002	0.2733428404018622
2.52	0.2716505664725591
2.5300000000000002	0.26997540948383203
2.54	0.26831712966812415
2.5500000000000003	0.2666754915425185
2.56	0.265050263815752
2.57	0.2634412192976009
2.58	0.2618481348105684
2.59	0.2602707911038077
2.6	0.258708972769214
2.61	0.25716246815962523
2.62	0.25563106930906815
2.63	0.25411457185499275
2.64	0.25261277496243706
2.65	0.25112548125006834
2.66	0.24965249671804643
2.67	0.24819363067765818
2.68	0.2467486956826726
2.69	0.24531750746236966
2.7	0.2438998848561938
2.71	0.24249564974998924
2.72	0.24110462701377106
2.73	0.23972664444099095
2.74	0.2383615326892561
2.75	0.2370091252224605
2.7600000000000002	0.23566925825429158
2.77	0.23434177069307296
2.7800000000000002	0.23302650408790798
2.79	0.23171751249886408
2.8000000000000003	0.2302700144476856
2.81	0.22883667086085102
2.82	0.22741729369201794
2.83	0.22601169804786916
2.84	0.22461970212434393
2.85	0.2232411271443766
2.86	0.22187579729710502
2.87	0.2205235396785047
2.88	0.2191841842334156
2.89	0.21785756369891873
2.9	0.21654351354903187
2.91	0.21524187194068425
2.92	0.21395247966094108
2.93	0.21267518007544095
2.94	0.21140981907801634
2.95	0.21015624504146588
2.96	0.20891430876944783
2.97	0.20768386344946546
2.98	0.20646476460691704
2.99	0.20525687006018065
3.	0.20406003987671056
3.0100000000000002	0.20287413633011522
3.02	0.20169902385819458
3.0300000000000002	0.20053456902191105
3.04	0.19938064046527082
3.0500000000000003	0.19823710887609144
3.06	0.19710384694763516
3.0700000000000003	0.19598072934108313
3.08	0.19486763264883322
3.09	0.19376443535859736
3.1	0.19267101781828036
3.11	0.19158726220162026
3.12	0.1905130524745713
3.13	0.18944827436241096
3.14	0.18839281531755356
3.15	0.1873465644880528
3.16	0.18630941268677675
3.17	0.1852812523612379
3.18	0.18426197756406382
3.19	0.1832514839240915
3.2	0.1822496686180708
3.21	0.1811673505020052
3.22	0.18005823098188795
3.23	0.1789593092003973
3.24	0.17787046025688313
3.25	0.17679156115949507
3.2600000000000002	0.1757224907902536
3.27	0.1746631298708659
3.2800000000000002	0.17361336092926694
3.29	0.17257306826686888
3.3000000000000003	0.1715421379265018
3.31	0.17052045766102872
3.3200000000000003	0.16950791690261904
3.33	0.16850440673266473
3.34	0.16750981985232336
3.35	0.16652405055367386
3.36	0.16554699469147022
3.37	0.16457854965547833
3.38	0.16361861434338357
3.39	0.16266708913425418
3.4	0.16172387586254897
3.41	0.16078887779265516
3.42	0.1598619995939453
3.43	0.15894314731634018
3.44	0.15803222836636688
3.45	0.15712915148369977
3.46	0.15623382671817387
3.47	0.15534616540725982
3.48	0.15446608015398894
3.49	0.15359348480531979
3.5	0.1527282944309341
3.5100000000000002	0.1518704253024545
3.52	0.15101979487307274
3.5300000000000002	0.15017632175757992
3.54	0.14933992571279003
3.5500000000000003	0.14851052761834704
3.56	0.14768804945790795
3.5700000000000003	0.14687241430069245
3.58	0.14606354628339177
3.59	0.14526137059242894
3.6	0.1444658134465613
3.61	0.14367680207981937
3.62	0.14289426472477407
3.63	0.14211813059612438
3.64	0.14134832987459955
3.65	0.14058479369116833
3.66	0.13982745411154865
3.67	0.1390762441210113
3.68	0.13830523646229753
3.69	0.13746550820385606
3.7	0.136633130363007
3.71	0.1358080189931082
3.72	0.13499009132895515
3.73	0.1341792657670367
3.74	0.1333754618461717
3.75	0.13257860022851983
3.7600000000000002	0.13178860268095705
3.77	0.13100539205680867
3.7800000000000002	0.13022889227793202
3.79	0.1294590283171407
3.8000000000000003	0.1286957261809636
3.81	0.12793891289273102
3.8200000000000003	0.12718851647598114
3.83	0.1264444659381798
3.84	0.12570669125474704
3.85	0.12497512335338323
3.86	0.12424969409868956
3.87	0.1235303362770755
3.88	0.12281698358194777
3.89	0.12210957059917438
3.9	0.12140803279281898
3.91	0.12071230649113808
3.92	0.12002232887283756
3.93	0.11933803795358144
3.94	0.11865937257274875
3.95	0.11798627238043274
3.96	0.11731867782467731
3.97	0.11665653013894645
3.98	0.11599977132982092
3.99	0.11534834416491846
4.	0.11470219216103184
4.01	0.11406125957248132
4.0200000000000005	0.11342549137967665
4.03	0.11279483327788395
4.04	0.11216923166619433
4.05	0.11154863363668886
4.0600000000000005	0.11093298696379718
4.07	0.1103222400938448
4.08	0.10971634213478584
4.09	0.10911524284611734
4.1	0.10851889262897167
4.11	0.10792724251638296
4.12	0.1073402441637248
4.13	0.10675784983931501
4.14	0.10618001241518488
4.15	0.10560668535800928
4.16	0.10503782272019427
4.17	0.1044733791311194
4.18	0.10391330978853164
4.19	0.10335757045008788
4.2	0.1028061174250429
4.21	0.1022589075660804
4.22	0.10171589826128385
4.23	0.10111512773733858
4.24	0.10050116775072444
4.25	0.09989236883184295
4.26	0.09928867560471627
4.2700000000000005	0.0986900334155831
4.28	0.09809638832181745
4.29	0.09750768708104207
4.3	0.09692387714043425
4.3100000000000005	0.09634490662621865
4.32	0.09577072433334495
4.33	0.09520127971534467
4.34	0.09463652287436611
4.3500000000000005	0.09407640455138169
4.36	0.09352087611656548
4.37	0.09296988955983754
4.38	0.09242339748157123
4.39	0.09188135308346083
4.4	0.09134371015954633
4.41	0.090810423087392
4.42	0.09028144681941594
4.43	0.08975673687436785
4.44	0.08923624932895194
4.45	0.08871994080959231
4.46	0.08820776848433796
4.47	0.08769969005490487
4.48	0.08719566374885228
4.49	0.08669564831189139
4.5	0.08619960300032242
4.51	0.08570748757359957
4.5200000000000005	0.08521926228701954
4.53	0.08473488788453296
4.54	0.08425432559167492
4.55	0.08377753710861359
4.5600000000000005	0.0833044846033138
4.57	0.08283513070481416
4.58	0.08236943849661486
4.59	0.08190737151017478
4.6000000000000005	0.0814488937185154
4.61	0.08099396952992977
4.62	0.08054256378179434
4.63	0.0800946417344822
4.64	0.07965016906537542
4.65	0.07920911186297466
4.66	0.07877143662110475
4.67	0.07833711023321388
4.68	0.07790609998676512
4.69	0.07747837355771839
4.7	0.07705389900510114
4.71	0.0766326447656665
4.72	0.07621457964863679
4.73	0.07579967283053128
4.74	0.07538789385007656
4.75	0.07497921260319786
4.76	0.07457359933808991
4.7700000000000005	0.07417102465036642
4.78	0.07377145947828577
4.79	0.0733748750980525
4.8	0.07298124311919281
4.8100000000000005	0.07259053548000263
4.82	0.0722027244430675
4.83	0.07181778259085216
4.84	0.0714356828213596
4.8500000000000005	0.07104282655302935
4.86	0.07060443656983348
4.87	0.07016964458368012
4.88	0.06973841376734814
4.89	0.06931070774494787
4.9	0.0688864905854821
4.91	0.06846572679651153
4.92	0.06804838131792328
4.93	0.06763441951580029
4.94	0.06722380717639
4.95	0.0668165105001701
4.96	0.06641249609601022
4.97	0.0660117309754271
4.98	0.06561418254693231
4.99	0.06521981861047002
5.	0.0648286073519441
5.01	0.06444051733783208
5.0200000000000005	0.06405551750988515
5.03	0.0636735771799122
5.04	0.06329466602464646
5.05	0.06291875408069356
5.0600000000000005	0.06254581173955914
5.07	0.06217580974275503
5.08	0.06180871917698212
5.09	0.06144451146938921
5.1000000000000005	0.061083158382905706
5.11	0.06072463201164768
5.12	0.06036890477639543
5.13	0.060015949420141275
5.14	0.0596657390037071
5.15	0.059318246901429277
5.16	0.058973446796910835
5.17	0.058631312678839115
5.18	0.058291818836867786
5.19	0.05795493985756263
5.2	0.05762065062040926
5.21	0.05728892629388222
5.22	0.05695974233157422
5.23	0.05663307446838453
5.24	0.05630889871676557
5.25	0.05598719136302633
5.26	0.05566792896369234
5.2700000000000005	0.05535108834192047
5.28	0.05503664658396831
5.29	0.054724581035716556
5.3	0.05441486929924405
5.3100000000000005	0.054107489229454235
5.32	0.0538024189307524
5.33	0.05349963675377263
5.34	0.05319912129215367
5.3500000000000005	0.05290085137936318
5.36	0.052604806085569104
5.37	0.052310964714557616
5.38	0.05201930680069702
5.39	0.05172981210594642
5.4	0.05144246061690882
5.41	0.051157232541927694
5.42	0.050874108308226335
5.43	0.05059306855908932
5.44	0.0503140941510854
5.45	0.050037166151331074
5.46	0.04976226583479417
5.47	0.04948937468163702
5.48	0.04921847437459797
5.49	0.04894954679641142
5.5	0.04868257402726525
5.51	0.048417538342294814
5.5200000000000005	0.04815442220911362
5.53	0.04789320828537945
5.54	0.04763387941639563
5.55	0.04737641863274689
5.5600000000000005	0.04712080914796917
5.57	0.04684886660050201
5.58	0.046551370166150095
5.59	0.04625629048019227
5.6000000000000005	0.04596360363907767
5.61	0.045673286017771694
5.62	0.045385314266022124
5.63	0.04509966530468196
5.64	0.04481631632208763
5.65	0.0445352447704921
5.66	0.04425642836255172
5.67	0.04397984506786568
5.68	0.04370547310956801
5.69	0.043433290960970004
5.7	0.04316327734225347
5.71	0.04289541121721297
5.72	0.04262967179004705
5.73	0.04236603850219686
5.74	0.04210449102923206
5.75	0.04184500927778286
5.76	0.04158757338251731
5.7700000000000005	0.041332163703163616
5.78	0.04107876082157624
5.79	0.04082734553884517
5.8	0.04057789887244785
5.8100000000000005	0.04033040205344286
5.82	0.04008483652370479
5.83	0.03984118393319957
5.84	0.03959942613729955
5.8500000000000005	0.039359545194137806
5.86	0.039121523362001
5.87	0.038885343096760006
5.88	0.038650987049338045
5.89	0.03841843806321518
5.9	0.03818767917196925
5.91	0.03795869359685206
5.92	0.03773146474440068
5.93	0.037505976204082865
5.94	0.03728221174597664
5.95	0.03706015531848286
5.96	0.036839791046070804
5.97	0.03662110322705562
5.98	0.03640407633140782
5.99	0.036188694998593965
6.	0.03597494403544779
6.01	0.03576280841407175
6.0200000000000005	0.03555227326976833
6.03	0.03534332389900061
6.04	0.03513594575738156
6.05	0.03493012445769176
6.0600000000000005	0.034725845767925034
6.07	0.0345230956093616
6.08	0.034321860054668155
6.09	0.03412212532602464
6.1000000000000005	0.03392387779327729
6.11	0.03372710397211731
6.12	0.033531790522285145
6.13	0.03333792424579954
6.140000000000001	0.03314549208521137
6.15	0.03295448112188168
6.16	0.03276487857428353
6.17	0.03257667179632725
6.18	0.03238984827570912
6.19	0.032204395632282355
6.2	0.03202030161645105
6.21	0.03183755410758571
6.22	0.031656141112460776
6.23	0.0314760507637136
6.24	0.03129727131832424
6.25	0.031119791156116305
6.26	0.03094359877827804
6.2700000000000005	0.03076868280590359
6.28	0.030595031978554187
6.29	0.0304226351528387
6.3	0.03025148130101347
6.3100000000000005	0.030081559509601178
6.32	0.029912858978028197
6.33	0.02974536901728052
6.34	0.0295790790485775
6.3500000000000005	0.029413978602063746
6.36	0.029250057315518264
6.37	0.02908730493308113
6.38	0.02892571130399706
6.390000000000001	0.028765266381375807
6.4	0.028584321358019672
6.41	0.028403231384457883
6.42	0.028223568282593918
6.43	0.028045318613263825
6.44	0.027868469084504355
6.45	0.02769300654971559
6.46	0.027518918005849116
6.47	0.027346190591621636
6.48	0.027174811585753505
6.49	0.02700476840523186
6.5	0.026836048603597867
6.51	0.02666863986925778
6.5200000000000005	0.02650253002381756
6.53	0.0263377070204404
6.54	0.026174158942227067
6.55	0.02601187400061869
6.5600000000000005	0.025850840533821372
6.57	0.02569104700525278
6.58	0.02553248200200985
6.59	0.02537513423335767
6.6000000000000005	0.025218992529239058
6.61	0.02506404583880453
6.62	0.024910283228962344
6.63	0.024757693882948434
6.640000000000001	0.02460626709891567
6.65	0.024455992288542464
6.66	0.024306858975660213
6.67	0.02415885679489941
6.68	0.024011975490353953
6.69	0.02386620491426379
6.7	0.023721535025715126
6.71	0.02357795588935818
6.72	0.023435457674142388
6.73	0.023294030652068417
6.74	0.023153665196956975
6.75	0.023014351783234282
6.76	0.022876080984733597
6.7700000000000005	0.022738843473512835
6.78	0.022602630018688095
6.79	0.022467431485282498
6.8	0.022333238833090546
6.8100000000000005	0.022200043115557483
6.82	0.022067835478673557
6.83	0.0219366071598829
6.84	0.02180634948700687
6.8500000000000005	0.021674259336298244
6.86	0.021533682828157475
6.87	0.02139422086597631
6.88	0.021255863010103737
6.890000000000001	0.021118598933646288
6.9	0.020982418421089076
6.91	0.020847311366935333
6.92	0.0207132677743648
6.93	0.02058027775391017
6.94	0.020448331522151638
6.95	0.02031741940042914
6.96	0.020187531813572124
6.97	0.020058659288646353
6.98	0.019930792453717826
6.99	0.019803922036633326
7.	0.01967803886381735
7.01	0.019553133859085334
7.0200000000000005	0.019429198042472753
7.03	0.019306222529079986
7.04	0.01918419852793266
7.05	0.019063117340857187
7.0600000000000005	0.018942970361371478
7.07	0.018823749073590263
7.08	0.018705445051145207
7.09	0.01858804995611925
7.1000000000000005	0.01847155553799515
7.11	0.018355953632618098
7.12	0.018241236161171834
7.13	0.01812739512916862
7.140000000000001	0.018014422625452272
7.15	0.017902310821214604
7.16	0.017791051969024658
7.17	0.017680638401870764
7.18	0.017571062532215274
7.19	0.01746231685106154
7.2	0.017354393927033307
7.21	0.017247286405465984
7.22	0.01714098700750993
7.23	0.01703548852924537
7.24	0.016930783840808875
7.25	0.016826865885531176
7.26	0.016723727679086288
7.2700000000000005	0.01662136230865153
7.28	0.016519762932078554
7.29	0.016418922777075087
7.3	0.016318835140397194
7.3100000000000005	0.016219493387052017
7.32	0.01612089094951081
7.33	0.01602302132693204
7.34	0.015923182219756714
7.3500000000000005	0.015816153528354058
7.36	0.015709988291180463
7.37	0.015604678383307433
7.38	0.01550021576713697
7.390000000000001	0.015396592491346275
7.4	0.015293800689846692
7.41	0.015191832580756483
7.42	0.015090680465387503
7.43	0.014990336727245248
7.44	0.014890793831042356
7.45	0.014792044321725246
7.46	0.014694080823513646
7.47	0.014596896038952941
7.48	0.014500482747979078
7.49	0.014404833806995884
7.5	0.01430994214796456
7.51	0.014215800777505236
7.5200000000000005	0.014122402776010406
7.53	0.01402974129677
7.54	0.013937809565108018
7.55	0.013846600877530516
7.5600000000000005	0.013756108600884734
7.57	0.013666326171529318
7.58	0.013577247094515356
7.59	0.01348886494277818
7.6000000000000005	0.013401173356339639
7.61	0.013314166041520865
7.62	0.013227836770165287
7.63	0.013142179378871698
7.640000000000001	0.01305718776823727
7.65	0.012972855902110598
7.66	0.012889177806854085
7.67	0.012806147570616223
7.68	0.012723759342612969
7.69	0.0126420073324187
7.7	0.01256088580926603
7.71	0.01248038910135487
7.72	0.012400511595170183
7.73	0.012321247734808695
7.74	0.012242592021314041
7.75	0.012164539012020647
7.76	0.01208708331990572
7.7700000000000005	0.012010219612949896
7.78	0.011933942613505628
7.79	0.011858247097674027
7.8	0.011783127894689277
7.8100000000000005	0.011708579886311146
7.82	0.011634598006225065
7.83	0.011561177239449855
7.84	0.011488312621752955
7.8500000000000005	0.011415999239073056
7.86	0.01134423222694999
7.87	0.011266893508391832
7.88	0.01118841619801762
7.890000000000001	0.011110583995333803
7.9	0.011033390789786462
7.91	0.010956830536331844
7.92	0.010880897254652468
7.930000000000001	0.010805585028383555
7.94	0.010730888004349645
7.95	0.01065680039181135
7.96	0.01058331646172189
7.97	0.010510430545993543
7.98	0.01043813703677363
7.99	0.010366430385729994
8.	0.010295305103345916
8.01	0.01022475575822413
8.02	0.010154776976400038
8.03	0.01008536344066382
8.040000000000001	0.010016509889891383
8.05	0.009948211118384077
8.06	0.009880461975216854
8.07	0.009813257363595076
8.08	0.00974659224021948
8.09	0.009680461614659512
8.1	0.009614860548734625
8.11	0.009549784155903745
8.120000000000001	0.009485227600662394
8.13	0.009421186097947834
8.14	0.009357654912551586
8.15	0.009294629358539778
8.16	0.009232104798680694
8.17	0.009170076643879867
8.18	0.009108540352622206
8.19	0.009047491430421472
8.2	0.00898692542927657
8.21	0.008926837947134999
8.22	0.008867224627362908
8.23	0.008808081158222117
8.24	0.008749403272353603
8.25	0.008691186746267716
8.26	0.008633427399840668
8.27	0.008576121095817619
8.28	0.008519263739321804
8.290000000000001	0.008462851277370129
8.3	0.008406879698394659
8.31	0.008351345031770218
8.32	0.008296243347348018
8.33	0.008241570754994994
8.34	0.008187323404139081
8.35	0.008133497483320064
8.36	0.00808008921974619
8.370000000000001	0.008027094878856172
8.38	0.00797451076388684
8.39	0.00792233321544603
8.4	0.007870558611090935
8.41	0.007819183364911593
8.42	0.007768203927119679
8.43	0.007714371520617323
8.44	0.007658282115086083
8.45	0.00760266621701873
8.46	0.0075475192757740815
8.47	0.007492836789749643
8.48	0.0074386143057962335
8.49	0.007384847418640053
8.5	0.007331531770312528
8.51	0.007278663049587439
8.52	0.007226236991425516
8.53	0.007174249376426171
8.540000000000001	0.007122696030286498
8.55	0.007071572823267175
8.56	0.007020875669665386
8.57	0.006970600527294566
8.58	0.006920743396970897
8.59	0.006871300322006429
8.6	0.006822267387708782
8.61	0.0067736407208872996
8.620000000000001	0.006725416489365553
8.63	0.006677590901500189
8.64	0.006630160205705891
8.65	0.006583120689986527
8.66	0.006536468681472233
8.67	0.006490200545962543
8.68	0.006444312687475256
8.69	0.006398801547801168
8.700000000000001	0.0063536636060644615
8.71	0.0063088953782886835
8.72	0.00626449341696832
8.73	0.006220454310645772
8.74	0.0061767746834937316
8.75	0.006133451194902903
8.76	0.006090480539074892
8.77	0.006047859444620317
8.78	0.006005584674161973
8.790000000000001	0.005963653023943051
8.8	0.005922061323440279
8.81	0.005880806434981938
8.82	0.005839885253370768
8.83	0.005799294705511517
8.84	0.00575903175004327
8.85	0.005719093376976323
8.86	0.005679476607333705
8.870000000000001	0.005640178492797082
8.88	0.005601196115357218
8.89	0.005562526586968682
8.9	0.005524167049209015
8.91	0.005486114672941992
8.92	0.005448366657985245
8.93	0.005410920232781867
8.94	0.00537377265407626
8.950000000000001	0.005336921206593855
8.96	0.0053003632027249685
8.97	0.0052640959822124
8.98	0.005228116911843095
8.99	0.005192423385143447
9.	0.005157012822078486
9.01	0.0051218826687547125
9.02	0.0050870303971266425
9.03	0.005051377507251633
9.040000000000001	0.005013433819665171
9.05	0.004975816626293695
9.06	0.0049385227616290175
9.07	0.004901549094299156
9.08	0.004864892526663114
9.09	0.00482854999441098
9.1	0.0047925184661691345
9.11	0.004756794943110607
9.120000000000001	0.0047213764585704145
9.13	0.004686260077665938
9.14	0.004651442896922092
9.15	0.004616922043901408
9.16	0.004582694676838803
9.17	0.004548757984281096
9.18	0.004515109184731089
9.19	0.004481745526296262
9.200000000000001	0.004448664286341942
9.21	0.004415862771148893
9.22	0.004383338315575296
9.23	0.004351088282723047
9.24	0.004319110063608285
9.25	0.004287401076836139
9.26	0.004255958768279583
9.27	0.004224780610762403
9.28	0.0041938641037461795
9.290000000000001	0.004163206773021172
9.3	0.0041328061704012705
9.31	0.004102659873422591
9.32	0.004072765485046121
9.33	0.004043120633363878
9.34	0.004013722971308977
9.35	0.003984570176369205
9.36	0.003955659950304297
9.370000000000001	0.003926990018866676
9.38	0.0038985581315257993
9.39	0.0038703620611958475
9.4	0.0038423996039669613
9.41	0.0038146685788396782
9.42	0.0037871668274628593
9.43	0.003759892213874741
9.44	0.003732842624247338
9.450000000000001	0.003706015966633913
9.46	0.003679410170719726
9.47	0.0036530231875757328
9.48	0.0036268529894155
9.49	0.003600897569354973
9.5	0.0035751549411753777
9.51	0.003549623139088939
9.52	0.0035243002175075603
9.53	0.0034991842508143643
9.540000000000001	0.003474273333137987
9.55	0.0034495655781297597
9.56	0.0034250591187435266
9.57	0.003400752107018269
9.58	0.003376642713863321
9.59	0.0033527291288462835
9.6	0.0033290095599834983
9.61	0.003305482233533136
9.620000000000001	0.0032821453937907264
9.63	0.0032589973028873285
9.64	0.0032360362405900248
9.65	0.003213260504104959
9.66	0.0031906684078826827
9.67	0.003168258283425974
9.68	0.003144653859876748
9.69	0.003120749473148777
9.700000000000001	0.003097051173741291
9.71	0.003073556975189762
9.72	0.0030502649121943877
9.73	0.0030271730403732097
9.74	0.003004279436018228
9.75	0.0029815821958547287
9.76	0.0029590794368035546
9.77	0.0029367692957464665
9.78	0.0029146499292943885
9.790000000000001	0.0028927195135586502
9.8	0.002870976243925051
9.81	0.002849418334830806
9.82	0.0028280440195442933
9.83	0.0028068515499475397
9.84	0.002785839196321477
9.85	0.0027650052471338647
9.86	0.002744348008829876
9.870000000000001	0.0027238658056252967
9.88	0.0027035569793023386
9.89	0.0026834198890079513
9.9	0.002663452911054699
9.91	0.002643654438724093
9.92	0.0026240228820723858
9.93	0.002604556667738759
9.94	0.0025852542387559243
9.950000000000001	0.002566114054363047
9.96	0.002547134589821021
9.97	0.002528314336229995
9.98	0.0025096518003491844
9.99	0.0024911455044189026
10.	0.0024727939859847843
10.01	0.0024545957977241957
10.02	0.002436549507274754
10.03	0.0024186536970649945
10.040000000000001	0.0024009069641470868
10.05	0.0023833079200316363
10.06	0.002365855190524488
10.07	0.0023485474155655567
10.08	0.0023313832490696046
10.09	0.0023143613587690006
10.1	0.002297480426058367
10.11	0.002280739145841163
10.120000000000001	0.002264136226378084
10.13	0.002247670389137396
10.14	0.002231340368646987
10.15	0.0022151449123483198
10.16	0.00219908278045208
10.17	0.002183152745795636
10.18	0.002167353593702181
10.19	0.0021516841218416297
10.200000000000001	0.0021361431400931533
10.21	0.002120729470409411
10.22	0.0021054419466824026
10.23	0.002090279414610961
10.24	0.0020752407315698085
10.25	0.002060324766480239
10.26	0.0020455303996823157
10.27	0.0020308565228086186
10.28	0.0020163020386595233
10.290000000000001	0.0020018658610799532
10.3	0.0019875469148376325
10.31	0.001973344135502773
10.32	0.0019592564693292408
10.33	0.0019452828731370813
10.34	0.0019314223141965162
10.35	0.0019176737701132747
10.36	0.0019040362287153219
10.370000000000001	0.0018904460913683565
10.38	0.0018769157682736364
10.39	0.0018634951736801527
10.4	0.0018501833133814844
10.41	0.0018369792031227633
10.42	0.001823881868491671
10.43	0.0018108903448106762
10.44	0.0017980036770305979
10.450000000000001	0.0017852209196253896
10.46	0.0017725411364882227
10.47	0.001759963400828742
10.48	0.0017474867950715983
10.49	0.0017351104107561374
10.5	0.0017228333484373018
10.51	0.0017106547175876838
10.52	0.0016985736365007457
10.53	0.0016865892321951878
10.540000000000001	0.0016747006403204179
10.55	0.0016629070050631644
10.56	0.001651207479055156
10.57	0.00163960122328192
10.58	0.001628087406992612
10.59	0.0016166652076109401
10.6	0.001605333810647106
10.61	0.0015940924096107811
10.620000000000001	0.0015829402059251208
10.63	0.001571876408841748
10.64	0.0015609002353567554
10.65	0.0015500109101276847
10.66	0.0015392076653914528
10.67	0.001528489740883256
10.68	0.0015178563837564068
10.69	0.0015073068485031006
10.700000000000001	0.0014968403968761042
10.71	0.0014864562978113484
10.72	0.0014761538273514296
10.73	0.001465932268569971
10.74	0.0014557909114968923
10.75	0.0014457290530445095
10.76	0.0014357459969345132
10.77	0.0014258410536257657
10.78	0.001416013540242953
10.790000000000001	0.001406262780506042
10.8	0.0013965881046605515
10.81	0.0013869888494086212
10.82	0.0013774643578408946
10.83	0.0013680139793691326
10.84	0.0013586370696596658
10.85	0.0013493329905675407
10.86	0.0013401011100714765
10.870000000000001	0.0013309408022095209
10.88	0.0013218514470154704
10.89	0.001312832430455996
10.9	0.0013038831443684979
10.91	0.001295002986399653
10.92	0.0012861913599446892
10.93	0.0012774476740873035
10.94	0.0012687713435403148
10.950000000000001	0.0012601617885869448
10.96	0.0012516184350227948
10.97	0.0012431407140984594
10.98	0.0012347280624628032
10.99	0.0012263799221068723
11.	0.001218095740308428
11.01	0.001209874969577135
11.02	0.0012017170676003291
11.03	0.0011936214971894335
11.040000000000001	0.0011855877262269435
11.05	0.0011776152276140376
11.06	0.001169703479218748
11.07	0.0011618519638247383
11.08	0.001154060169080631
11.09	0.00114632758744993
11.1	0.0011386537161614699
11.11	0.001131814920464737
11.120000000000001	0.001126058278256297
11.13	0.001120336050596768
11.14	0.001114648001104211
11.15	0.0011089938952304264
11.16	0.0011033735002450864
11.17	0.0010977865852200518
11.18	0.0010922329210138024
11.19	0.0010867122802560491
11.200000000000001	0.001081224437332463
11.21	0.001075769168369577
11.22	0.001070346251219804
11.23	0.0010649554654466181
11.24	0.0010595965923098653
11.25	0.0010542694147512137
11.26	0.0010489737173797482
11.27	0.0010437092864576949
11.28	0.0010384759098862766
11.290000000000001	0.0010332733771917142
11.3	0.001028101479511352
11.31	0.001022960009579906
11.32	0.0010178487617158625
11.33	0.001012767531807978
11.34	0.0010077161173019343
11.35	0.001002694317187091
11.36	0.000997701931983383
11.370000000000001	0.0009927387637283297
11.38	0.0009878046159641737
11.39	0.0009828992937251254
11.4	0.0009780226035247487
11.41	0.0009731743533434402
11.42	0.0009683543526160444
11.43	0.0009635624122195761
11.44	0.0009587983444610538
11.450000000000001	0.0009540619630654529
11.46	0.0009493530831637698
11.47	0.0009446715212811928
11.48	0.0009400170953253818
11.49	0.0009353896245748682
11.5	0.0009307889296675423
11.51	0.0009262148325892711
11.52	0.0009216671566625988
11.53	0.0009171457265355678
11.540000000000001	0.0009126503681706312
11.55	0.0009081809088336807
11.56	0.0009037371770831573
11.57	0.0008993190027592861
11.58	0.0008949262169733802
11.59	0.0008905586520972759
11.6	0.0008862161417528368
11.61	0.0008818985208015715
11.620000000000001	0.0008776056253343354
11.63	0.00087333729266114
11.64	0.0008690933613010372
11.65	0.0008648736709721162
11.66	0.0008606780625815725
11.67	0.0008565063782158862
11.68	0.0008523584611310701
11.69	0.0008482341557430267
11.700000000000001	0.0008441333076179739
11.71	0.0008400557634629764
11.72	0.0008360013711165449
11.73	0.0008319699795393359
11.74	0.0008279614388049254
11.75	0.0008239756000906705
11.76	0.0008200123156686574
11.77	0.0008160714388967208
11.78	0.0008121528242095574
11.790000000000001	0.0008082563271099061
11.8	0.0008043818041598234
11.81	0.0008005291129720198
11.82	0.0007966981122012919
11.83	0.0007928886615360147
11.84	0.0007891006216897276
11.85	0.0007853338543927774
11.86	0.0007815882223840552
11.870000000000001	0.0007778635894027913
11.88	0.000796909901861007
11.89	0.000824887518187981
11.9	0.0008538225939287505