0.01	3.151860853715195
0.02	2.3247296013342775
0.03	2.054814923182215
0.04	1.909978647535164
0.05	1.8179342776323577
0.06	1.7546267190970635
0.07	1.708971540046906
0.08	1.6698725722215397
0.09	1.6386145202634448
0.1	1.6129442948465593
0.11	1.5892907625915178
0.12	1.5676275083853766
0.13	1.547723611342734
0.14	1.5289371682892072
0.15	1.5108714133494778
0.16	1.4931945129971387
0.17	1.475404696272614
0.18	1.4586958450312424
0.19	1.4418464193526053
0.2	1.4260413977099309
0.21	1.4104029102192726
0.22	1.3947118927793423
0.23	1.3798816125225855
0.24	1.3650937748440264
0.25	1.3499626040925392
0.26	1.3355829705375668
0.27	1.3218907225205427
0.28	1.3078972574207532
0.29	1.2944314658229554
0.3	1.2815539153813276
0.31	1.2692205484272423
0.32	1.2559575943486767
0.33	1.2430477380006268
0.34	1.2306501371827547
0.35000000000000003	1.21873027292525
0.36	1.206944998878333
0.37	1.1947747374950166
0.38	1.1830469194407467
0.39	1.1717344367125346
0.4	1.1608124835658216
0.41000000000000003	1.150258309188641
0.42	1.139042805197014
0.43	1.1281747609857626
0.44	1.117656734012867
0.45	1.1074698731087556
0.46	1.0975967327034661
0.47000000000000003	1.088021140162936
0.48	1.077871827485672
0.49	1.0679309894571256
0.5	1.058279916989751
0.51	1.0489046172025005
0.52	1.0397920304298027
0.53	1.0309299514614798
0.54	1.0223069587722537
0.55	1.0132076678634445
0.56	1.0042932026212255
0.5700000000000001	0.9956128895160044
0.58	0.9871566295150785
0.59	0.9789149236717355
0.6	0.97087882801973
0.61	0.9630399125449385
0.62	0.9553902238055717
0.63	0.9472666513442697
0.64	0.9392754619867105
0.65	0.9314740292655788
0.66	0.9238550304515164
0.67	0.9164115308471319
0.68	0.9091369578023331
0.6900000000000001	0.9020250768223118
0.7000000000000001	0.895069969572074
0.71	0.8882660136022897
0.72	0.881157146691706
0.73	0.8740227270711823
0.74	0.8670419708042252
0.75	0.8602095579575963
0.76	0.8535204205396241
0.77	0.8469697274432254
0.78	0.8405528704707824
0.79	0.8342654513503952
0.8	0.8281032696616465
0.81	0.8220623115966861
0.8200000000000001	0.8160496474696626
0.8300000000000001	0.8096578962259788
0.84	0.8033918642268
0.85	0.7972476257096655
0.86	0.7912214218144299
0.87	0.78530965164683
0.88	0.7795088639168488
0.89	0.7738157491088401
0.9	0.7682271321440622
0.91	0.7627399654995637
0.92	0.7573513227503863
0.93	0.7520583925047553
0.9400000000000001	0.746848525595194
0.9500000000000001	0.741337602241098
0.96	0.7359244150636414
0.97	0.73060623944475
0.98	0.7253804537904309
0.99	0.7202445346323526
1.	0.7151960520090512
1.01	0.7102326651081924
1.02	0.7053521181527079
1.03	0.700552236514927
1.04	0.6958309230439871
1.05	0.691186154592902
1.06	0.6866159787326412
1.07	0.6821185106415031
1.08	0.6776483992576897
1.09	0.6728680455786156
1.1	0.6681646110548687
1.11	0.6635361754706335
1.12	0.6589808832808157
1.1300000000000001	0.6544969408793962
1.1400000000000001	0.6500826140061415
1.1500000000000001	0.6457362252835178
1.16	0.6414561518762075
1.17	0.6372408232661263
1.18	0.6330887191363105
1.19	0.6289983673574766
1.2	0.6249683420714567
1.21	0.6209972618660842
1.22	0.6170837880364554
1.23	0.6132266229278035
1.24	0.609381118734745
1.25	0.6052635249958199
1.26	0.6012062325682345
1.27	0.5972078902022643
1.28	0.5932671872538271
1.29	0.5893828521587626
1.3	0.5855536509757477
1.31	0.5817783859942475
1.32	0.5780558944041384
1.33	0.5743850470238213
1.34	0.5707647470838376
1.35	0.5671939290631737
1.36	0.563671557575599
1.37	0.5601966263035382
1.3800000000000001	0.5567681569771172
1.3900000000000001	0.5533851983961596
1.4000000000000001	0.55004682549303
1.41	0.546752138434343
1.42	0.5435002617596613
1.43	0.540054936275083
1.44	0.5365825546860599
1.45	0.5331562990219136
1.46	0.5297752447474713
1.47	0.5264384920235518
1.48	0.5231451648848422
1.49	0.5198944104504789
1.5	0.5166853981658206
1.51	0.513517319073985
1.52	0.5103893851157892
1.53	0.5073008284568128
1.54	0.5042509008403573
1.55	0.5012388729651504
1.56	0.4982640338866918
1.57	0.49532569044120145
1.58	0.49242316669117503
1.59	0.489555803391609
1.6	0.4867229574759976
1.61	0.4839240015612535
1.62	0.4811583234707403
1.6300000000000001	0.4784253257746491
1.6400000000000001	0.4755459278507641
1.6500000000000001	0.4726214721404842
1.6600000000000001	0.4697325089818979
1.67	0.4668783976793652
1.68	0.4640585128474533
1.69	0.4612722439566567
1.7	0.4585189948951873
1.71	0.45579818354618046
1.72	0.4531092413796831
1.73	0.45045161305882786
1.74	0.44782475605961913
1.75	0.44522814030378843
1.76	0.4426612478041934
1.77	0.4401235723222692
1.78	0.437614619037052
1.79	0.4351339042253253
1.8	0.43268095495245207
1.81	0.430255308773482
1.82	0.4278565134441349
1.83	0.4254841266412836
1.84	0.42313771569257286
1.85	0.42081685731483
1.86	0.4185211373609329
1.87	0.41625015057481946
1.8800000000000001	0.4138799214496423
1.8900000000000001	0.41141024351044364
1.9000000000000001	0.4089682188456286
1.9100000000000001	0.4065533947061089
1.92	0.4041653280740443
1.93	0.40180358540436156
1.94	0.39946774237443583
1.95	0.39715738364163494
1.96	0.39487210260844413
1.97	0.3926115011948923
1.98	0.39037518961802137
1.99	0.388162786178143
2.	0.3859739170516447
2.0100000000000002	0.38380821609010785
2.02	0.3816653246255214
2.0300000000000002	0.3795448912813711
2.04	0.3774465717894034
2.05	0.3753700288118654
2.06	0.373314931769029
2.07	0.3712809566718234
2.08	0.36926778595939275
2.09	0.367275108341419
2.1	0.36530261864504265
2.11	0.3633500176662284
2.12	0.3614170120254263
2.13	0.35950331402738445
2.14	0.3576086415249746
2.15	0.3557327177868982
2.16	0.3537302582396184
2.17	0.35169076900498275
2.18	0.34967233490251237
2.19	0.34767464347009724
2.2	0.3456973882810227
2.21	0.34374026880062597
2.22	0.3418029902469865
2.23	0.33988526345551995
2.24	0.33798680474734905
2.25	0.33610733580133
2.2600000000000002	0.33424658352961734
2.27	0.33240427995665356
2.2800000000000002	0.3305801621014746
2.29	0.3287739718632284
2.3000000000000003	0.32698545590980155
2.31	0.3252143655694601
2.32	0.32346045672540774
2.33	0.32172348971317244
2.34	0.3200032292207328
2.35	0.31829944419129985
2.36	0.3166119077286732
2.37	0.3149403970050925
2.38	0.3132846931715078
2.39	0.3116445812701962
2.4	0.31001985014965355
2.41	0.30841029238169276
2.42	0.30681570418068294
2.43	0.3052358853248642
2.44	0.30367063907967956
2.45	0.30211977212306
2.46	0.3005830944726091
2.47	0.29906041941462863
2.48	0.2974092253794957
2.49	0.2957425599958389
2.5	0.294091858548051
2.5100000000000002	0.29245690518546363
2.52	0.29083748782025765
2.5300000000000002	0.2892333980472634
2.54	0.28764443106578086
2.5500000000000003	0.2860703856033586
2.56	0.28451106384147584
2.57	0.28296627134307295
2.58	0.28143581698187675
2.59	0.27991951287347094
2.6	0.27841717430805996
2.61	0.27692861968487986
2.62	0.27545367044820956
2.63	0.2739921510249364
2.64	0.27254388876363395
2.65	0.2711087138751095
2.66	0.2696864593743789
2.67	0.26827696102403203
2.68	0.26688005727894754
2.69	0.26549558923232264
2.7	0.2641234005629788
2.71	0.2627633374839126
2.72	0.2614152486920532
2.73	0.26007898531919804
2.74	0.2587544008840917
2.75	0.2574413512456197
2.7600000000000002	0.2561396945570856
2.77	0.2548492912215435
2.7800000000000002	0.2535700038481573
2.79	0.25230169720956036
2.8000000000000003	0.2510442382001873
2.81	0.24979749579555544
2.82	0.24856134101246743
2.83	0.24733564687011414
2.84	0.24609180063173663
2.85	0.24474427892518197
2.86	0.2434088170268479
2.87	0.24208526540276346
2.88	0.24077347688535872
2.89	0.23947330662796537
2.9	0.23818461206034577
2.91	0.23690725284522351
2.92	0.23564109083579102
2.93	0.2343859900341665
2.94	0.23314181655077817
2.95	0.23190843856465113
2.96	0.230685726284573
2.97	0.22947355191111782
2.98	0.2282717895995045
2.99	0.2270803154232703
3.	0.22589900733873783
3.0100000000000002	0.2247277451502561
3.02	0.22356641047619594
3.0300000000000002	0.22241488671568144
3.04	0.2212730590160388
3.0500000000000003	0.22014081424094456
3.06	0.21901804093925695
3.0700000000000003	0.21790462931451185
3.08	0.2168004711950693
3.09	0.2157054600048921
3.1	0.21461949073494344
3.11	0.213542459915187
3.12	0.21247426558717547
3.13	0.21141480727721362
3.14	0.21036398597008094
3.15	0.20932170408330195
3.16	0.20828786544194988
3.17	0.207262375253972
3.18	0.20624514008602282
3.19	0.2052360678397949
3.2	0.2042350677288337
3.21	0.20324205025582712
3.22	0.20225692719035637
3.23	0.20127961154709886
3.24	0.20031001756447236
3.25	0.1993480606837098
3.2600000000000002	0.19837667941954343
3.27	0.19731903770265724
3.2800000000000002	0.19627023845923453
3.29	0.19523018113943366
3.3000000000000003	0.1941987666376794
3.31	0.1931758972676217
3.3200000000000003	0.19216147673760314
3.33	0.19115541012662313
3.34	0.19015760386078592
3.35	0.18916796569022354
3.36	0.18818640466648062
3.37	0.1872128311203519
3.38	0.18624715664016128
3.39	0.18528929405047245
3.4	0.18433915739122195
3.41	0.18339666189726384
3.42	0.18246172397831842
3.43	0.18153426119931332
3.44	0.18061419226111117
3.45	0.17970143698161284
3.46	0.1787959162772288
3.47	0.1778975521447103
3.48	0.17700626764333272
3.49	0.17612198687742223
3.5	0.17524463497921913
3.5100000000000002	0.17437413809207047
3.52	0.17351042335394418
3.5300000000000002	0.17265341888125757
3.54	0.17180305375301436
3.5500000000000003	0.17095925799524184
3.56	0.1701219625657239
3.5700000000000003	0.16929109933902078
3.58	0.16846660109177183
3.59	0.16764840148827376
3.6	0.1668364350663289
3.61	0.16603063722335717
3.62	0.1652309442027678
3.63	0.16443729308058216
3.64	0.16364962175230624
3.65	0.1628678689200439
3.66	0.1620919740798482
3.67	0.1613218775093048
3.68	0.16055752025534256
3.69	0.15979884412226716
3.7	0.15904579166001215
3.71	0.15829830615260349
3.72	0.15755633160683372
3.73	0.15681981274113943
3.74	0.15608869497468061
3.75	0.15528187882160913
3.7600000000000002	0.15447004001737374
3.77	0.15366458504324187
3.7800000000000002	0.1528654469663422
3.79	0.1520725597301063
3.8000000000000003	0.15128585814052273
3.81	0.15050527785264262
3.8200000000000003	0.14973075535733035
3.83	0.14896222796825623
3.84	0.14819963380912354
3.85	0.14744291180112742
3.86	0.1466920016506395
3.87	0.1459468438371141
3.88	0.14520737960121116
3.89	0.14447355093313208
3.9	0.14374530056116328
3.91	0.14302257194042386
3.92	0.1423053092418132
3.93	0.1415934573411539
3.94	0.14088696180852678
3.95	0.14018576889779402
3.96	0.13948982553630573
3.97	0.13879907931478763
3.98	0.13811347847740527
3.99	0.13743297191200177
4.	0.13675750914050502
4.01	0.13608704030950186
4.0200000000000005	0.1354215161809751
4.03	0.13476088812320064
4.04	0.13410510810180157
4.05	0.13345412867095538
4.0600000000000005	0.13280790296475298
4.07	0.13216638468870467
4.08	0.1315295281113908
4.09	0.13089728805625542
4.1	0.1302696198935387
4.11	0.12964647953234568
4.12	0.12902782341284968
4.13	0.1284136084986268
4.14	0.12780379226911862
4.15	0.12719833271222308
4.16	0.12659718831700703
4.17	0.12600031806654244
4.18	0.1254076814308604
4.19	0.12481923836002334
4.2	0.12423494927731121
4.21	0.12365477507252065
4.22	0.12307867709537458
4.23	0.12250661714904072
4.24	0.12193855748375548
4.25	0.12137446079055338
4.26	0.12081429019509815
4.2700000000000005	0.12025800925161478
4.28	0.11970558193692021
4.29	0.11915697264455063
4.3	0.11857866001893956
4.3100000000000005	0.11796364302034829
4.32	0.11735323008701189
4.33	0.11674737621431451
4.34	0.11614603694009598
4.3500000000000005	0.11554916833688311
4.36	0.11495672700425
4.37	0.11436867006130429
4.38	0.11378495513929802
4.39	0.11320554037435958
4.4	0.11263038440034538
4.41	0.11205944634180866
4.42	0.11149268580708316
4.43	0.11093006288147986
4.44	0.11037153812059418
4.45	0.10981707254372226
4.46	0.10926662762738354
4.47	0.10872016529894842
4.48	0.10817764793036867
4.49	0.1076390383320086
4.5	0.10710429974657551
4.51	0.10657339584314754
4.5200000000000005	0.10604629071129636
4.53	0.10552294885530472
4.54	0.1050033351884752
4.55	0.10448741502752956
4.5600000000000005	0.10397515408709734
4.57	0.10346651847429089
4.58	0.1029614746833667
4.59	0.10245998959047041
4.6000000000000005	0.10196203044846451
4.61	0.10146756488183734
4.62	0.10097656088169124
4.63	0.10048898680080948
4.64	0.10000481134879989
4.65	0.0995240035873138
4.66	0.09904653292533941
4.67	0.09857236911456783
4.68	0.09810148224483074
4.69	0.0976338427396084
4.7	0.09716942135160686
4.71	0.09670818915840279
4.72	0.09625011755815528
4.73	0.09579517826538306
4.74	0.09534334330680591
4.75	0.09489458501725001
4.76	0.09444887603561457
4.7700000000000005	0.09400618930090042
4.78	0.0935664980482981
4.79	0.09312977580533524
4.8	0.09269599638808203
4.8100000000000005	0.09226513389741349
4.82	0.091837162715328
4.83	0.09141205750132074
4.84	0.09098979318881154
4.8500000000000005	0.09057034498162575
4.86	0.09015368835052766
4.87	0.08973979902980521
4.88	0.0893286530139054
4.89	0.08892022655411934
4.9	0.08851449615531633
4.91	0.088111438572726
4.92	0.08771103080876769
4.93	0.08731325010992623
4.94	0.08687039688356861
4.95	0.08641952252267694
4.96	0.0859718911555224
4.97	0.08552747298836134
4.98	0.08508623856035187
4.99	0.0846481587391756
5.	0.08421320471672522
5.01	0.08378134800485784
5.0200000000000005	0.08335256043121178
5.03	0.08292681413508625
5.04	0.08250408156338322
5.05	0.0820843354666096
5.0600000000000005	0.0816675488949394
5.07	0.08125369519433481
5.08	0.08084274800272447
5.09	0.08043468124623905
5.1000000000000005	0.08002946913550246
5.11	0.07962708616197775
5.12	0.07922750709436734
5.13	0.07883070697506599
5.14	0.07843666111666601
5.15	0.0780453450985141
5.16	0.07765673476331811
5.17	0.07727080621380396
5.18	0.07688753580942086
5.19	0.07650690016309507
5.2	0.07612887613803046
5.21	0.07575344084455554
5.22	0.07538057163701643
5.23	0.07501024611071447
5.24	0.07464244209888818
5.25	0.07427713766973872
5.26	0.07391431112349789
5.2700000000000005	0.07355394098953841
5.28	0.07319600602352559
5.29	0.07284048520460963
5.3	0.07248735773265791
5.3100000000000005	0.07213660302552698
5.32	0.07178820071637286
5.33	0.07144213065100007
5.34	0.07109837288524776
5.3500000000000005	0.07075690768241284
5.36	0.07041771551070981
5.37	0.07008077704076592
5.38	0.06974607314315172
5.39	0.06941358488594633
5.4	0.06908329353233686
5.41	0.06875518053825101
5.42	0.06842922755002313
5.43	0.06810541640209257
5.44	0.06778372911473408
5.45	0.06746414789181966
5.46	0.06714665511861152
5.47	0.06683123335958535
5.48	0.06651786535628379
5.49	0.06620653402519955
5.5	0.06589722245568733
5.51	0.06558991390790475
5.5200000000000005	0.06528459181078118
5.53	0.0649812397600146
5.54	0.06467984151609563
5.55	0.0643803810023586
5.5600000000000005	0.06408284230305904
5.57	0.0637872096614773
5.58	0.06349346747804793
5.59	0.06320160030851432
5.6000000000000005	0.06291159286210815
5.61	0.06262342999975369
5.62	0.062337096732295864
5.63	0.062052578218752444
5.64	0.0617698597645895
5.65	0.06148892682002004
5.66	0.061209764978325254
5.67	0.06089854136816252
5.68	0.06057772395027789
5.69	0.06025915649052678
5.7	0.05994281929675709
5.71	0.05962869288329254
5.72	0.059316757968410856
5.73	0.05900699547185758
5.74	0.058699386512394314
5.75	0.05839391240538083
5.76	0.05809055466039104
5.7700000000000005	0.057789294978861594
5.78	0.0574901152517732
5.79	0.05719299755736385
5.8	0.056897924158873396
5.8100000000000005	0.056604877502319365
5.82	0.05631384021430312
5.83	0.05602479509984602
5.84	0.0557377251402554
5.8500000000000005	0.05545261349101921
5.86	0.05516944347973004
5.87	0.05488819860403666
5.88	0.05460886252962387
5.89	0.054331419088219465
5.9	0.05405585227562833
5.91	0.05378214624979301
5.92	0.05351028532888038
5.93	0.0532402539893943
5.94	0.052972036864313364
5.95	0.052705618741253846
5.96	0.052440984560657024
5.97	0.052178119414001085
5.98	0.051917008542036604
5.99	0.05165763733304564
6.	0.051399991321124085
6.01	0.051144056184486676
6.0200000000000005	0.050889817743794585
6.03	0.05063726196050521
6.04	0.050386374935243575
6.05	0.05013714290619548
6.0600000000000005	0.04988955224752161
6.07	0.049643589467792626
6.08	0.049399241208444765
6.09	0.049156494242255704
6.1000000000000005	0.048915335471840356
6.11	0.0486757519281663
6.12	0.048437730769088666
6.13	0.04820125927790399
6.140000000000001	0.04796632486192299
6.15	0.047732915051061774
6.16	0.04750101749645139
6.17	0.0472706199690652
6.18	0.04704171035836432
6.19	0.04681427667096016
6.2	0.04658830702929445
6.21	0.04636378967033613
6.22	0.04614071294429491
6.23	0.04591906531335149
6.24	0.0456988353504039
6.25	0.045480011737829854
6.26	0.045262583266264964
6.2700000000000005	0.04504653883339646
6.28	0.04483186744277219
6.29	0.044618558202624906
6.3	0.04440660032471138
6.3100000000000005	0.04419598312316599
6.32	0.04398669601336924
6.33	0.04377872851083011
6.34	0.0435720702300827
6.3500000000000005	0.04336671088359678
6.36	0.04316264028070196
6.37	0.04295984832652523
6.38	0.04275832502094204
6.390000000000001	0.04255806045754022
6.4	0.042359044822597176
6.41	0.04216126839406932
6.42	0.04196472154059463
6.43	0.0417693947205072
6.44	0.0415752784808641
6.45	0.041382363456484474
6.46	0.041190640369000234
6.47	0.04100010002591857
6.48	0.040810733319696244
6.49	0.04062253122682483
6.5	0.0404354848069276
6.51	0.04022150929096981
6.5200000000000005	0.04000399788818103
6.53	0.03978799340330795
6.54	0.039573483112672864
6.55	0.03936045441925458
6.5600000000000005	0.03914889485123717
6.57	0.03893879206057689
6.58	0.03873013382158822
6.59	0.038522908029547755
6.6000000000000005	0.038317102699316326
6.61	0.038112705963978914
6.62	0.03790970607350182
6.63	0.03770809139340736
6.640000000000001	0.0375078504034654
6.65	0.0373089716964017
6.66	0.0371114439766227
6.67	0.03691525605895674
6.68	0.03672039686741116
6.69	0.03652685543394533
6.7	0.0363346208972593
6.71	0.03614368250159767
6.72	0.03595402959556873
6.73	0.03576565163097871
6.74	0.03557853816168034
6.75	0.03539267884243636
6.76	0.035208063427797046
6.7700000000000005	0.035024681770992085
6.78	0.034842523822836216
6.79	0.0346615796306487
6.8	0.03448183933718617
6.8100000000000005	0.034303293179589
6.82	0.03412593148834084
6.83	0.03394974468624088
6.84	0.033774723287389175
6.8500000000000005	0.033600857896184506
6.86	0.03342813920633464
6.87	0.03325655799987883
6.88	0.03308610514622261
6.890000000000001	0.032916771601184204
6.9	0.032748548406053124
6.91	0.03258142668665983
6.92	0.03241539765245743
6.93	0.032250452595614196
6.94	0.0320865828901175
6.95	0.031923779990888586
6.96	0.03176203543290822
6.97	0.031601340830353056
6.98	0.03144168787574249
6.99	0.031283068339095894
7.	0.03112547406710027
7.01	0.030968896982287695
7.0200000000000005	0.030813329082223114
7.03	0.03065876243870169
7.04	0.030505189196956006
7.05	0.030352601574872868
7.0600000000000005	0.030200991862219383
7.07	0.030050352419878572
7.08	0.029900675679094085
7.09	0.029751954140723888
7.1000000000000005	0.029604180374503172
7.11	0.029457347018315812
7.12	0.02931144677747463
7.13	0.029166472424010343
7.140000000000001	0.029022416795968987
7.15	0.02887927279671749
7.16	0.02873703339425786
7.17	0.028595691620549153
7.18	0.02845524057083782
7.19	0.028315673402995713
7.2	0.028176983336866086
7.21	0.028039163653617347
7.22	0.027902207695104188
7.23	0.027766108863236622
7.24	0.027630860619356053
7.25	0.02749645648361898
7.26	0.0273628900343878
7.2700000000000005	0.027230154907628715
7.28	0.027098244796316766
7.29	0.026967153449847774
7.3	0.02683687467345716
7.3100000000000005	0.02670740232764547
7.32	0.02657873032761077
7.33	0.026450852642687407
7.34	0.026323763295791416
7.3500000000000005	0.026197456362872303
7.36	0.026071925972371256
7.37	0.02594716630468552
7.38	0.02582317159163897
7.390000000000001	0.02569993611595883
7.4	0.02557745421075843
7.41	0.02545572025902581
7.42	0.025334728693118275
7.43	0.025214473994262767
7.44	0.02509495069206187
7.45	0.02497615336400551
7.46	0.024858076634988308
7.47	0.024731864771497532
7.48	0.024598528002353258
7.49	0.024466086791471553
7.5	0.024334533940171318
7.51	0.02420386231712505
7.5200000000000005	0.024074064857640094
7.53	0.02394513456294862
7.54	0.023817064499505894
7.55	0.023689847798297085
7.5600000000000005	0.023563477654152253
7.57	0.02343794732506966
7.58	0.023313250131546875
7.59	0.023189379455920086
7.6000000000000005	0.02306632874171109
7.61	0.02294409149298216
7.62	0.022822661273698346
7.63	0.02270203170709757
7.640000000000001	0.022582196475068005
7.65	0.022463149317532738
7.66	0.022344884031841938
7.67	0.022227394472171872
7.68	0.02211067454893113
7.69	0.021994718228173903
7.7	0.02187951953101997
7.71	0.021765072533081506
7.72	0.02165137136389666
7.73	0.021538410206369797
7.74	0.02142618329621799
7.75	0.021314684921424354
7.76	0.02120390942169736
7.7700000000000005	0.021093851187936666
7.78	0.02098450466170512
7.79	0.020875864334706683
7.8	0.020767924748270765
7.8100000000000005	0.020660680492842053
7.82	0.020554126207476632
7.83	0.020448256579343686
7.84	0.02034306634323303
7.8500000000000005	0.020238550281068166
7.86	0.020134703221425184
7.87	0.02003152003905693
7.88	0.019928995654422698
7.890000000000001	0.01982712503322342
7.9	0.019725903185941963
7.91	0.019625325167388873
7.92	0.01952538607625308
7.930000000000001	0.019426081054657943
7.94	0.019327405287722168
7.95	0.01922935400312575
7.96	0.019131922470680938
7.97	0.019035106001907918
7.98	0.018938899949615333
7.99	0.018843299707485592
8.	0.01874702458233688
8.01	0.01864346943329798
8.02	0.018540614436985143
8.03	0.01843845399538192
8.040000000000001	0.01833698256212264
8.05	0.018236194641952464
8.06	0.018136084790193584
8.07	0.01803664761221787
8.08	0.017937877762925453
8.09	0.01783976994622951
8.1	0.017742318914547077
8.11	0.017645519468295547
8.120000000000001	0.017549366455395277
8.13	0.017453854770777814
8.14	0.01735897935589977
8.15	0.017264735198262385
8.16	0.017171117330936684
8.17	0.01707812083209393
8.18	0.01698574082454172
8.19	0.016893972475265147
8.2	0.016802810994973452
8.21	0.01671225163765176
8.22	0.01662228970011801
8.23	0.016532920521584872
8.24	0.01644413948322673
8.25	0.01635594200775164
8.26	0.01626832355897807
8.27	0.01618127964141651
8.28	0.016094805799855894
8.290000000000001	0.016008897618954625
8.3	0.015923550722836244
8.31	0.01583876077468978
8.32	0.01575452347637456
8.33	0.015670834568029347
8.34	0.015587689827686244
8.35	0.015505085070888547
8.36	0.015423016150313145
8.370000000000001	0.015341478955397163
8.38	0.015260469411968668
8.39	0.015179983481881657
8.4	0.015100017162655022
8.41	0.015020566487115618
8.42	0.014941627523045373
8.43	0.014863196372832238
8.44	0.014785269173125042
8.45	0.014707842094492288
8.46	0.014630911341084633
8.47	0.014554473150301183
8.48	0.01447852379245949
8.49	0.014403059570469199
8.5	0.014328076819509282
8.51	0.014253571906708888
8.52	0.014179541230831703
8.53	0.014105981221963784
8.540000000000001	0.014032888341204839
8.55	0.013960259080362922
8.56	0.013888089961652477
8.57	0.013816377537395681
8.58	0.013737929147579075
8.59	0.01365950345337857
8.6	0.013581615933503806
8.61	0.013504262275528346
8.620000000000001	0.013427438206532924
8.63	0.013351139492698305
8.64	0.013275361938902738
8.65	0.013200101388324021
8.66	0.013125353722046153
8.67	0.013051114858670412
8.68	0.012977380753930871
8.69	0.012904147400314396
8.700000000000001	0.012831410826684797
8.71	0.012759167097911403
8.72	0.012687412314501753
8.73	0.012616142612238432
8.74	0.012545354161820161
8.75	0.012475043168506804
8.76	0.012405205871768374
8.77	0.012335838544938159
8.78	0.012266937494869557
8.790000000000001	0.012198499061596911
8.8	0.012130519618000133
8.81	0.012062995569472995
8.82	0.011995923353595332
8.83	0.011929299439808685
8.84	0.011863120329095775
8.85	0.011797382553663471
8.86	0.01173208267662925
8.870000000000001	0.01166721729171128
8.88	0.01160278302292186
8.89	0.011538776524264263
8.9	0.011475194479433013
8.91	0.011412033601517487
8.92	0.011349290632708712
8.93	0.011286962344009522
8.94	0.011225045534947884
8.950000000000001	0.011163537033293338
8.96	0.011102433694776651
8.97	0.011041732402812525
8.98	0.010981430068225344
8.99	0.01092152362897796
9.	0.01086201004990349
9.01	0.010802886322439973
9.02	0.010744149464368035
9.03	0.01068579651955133
9.040000000000001	0.010627824557679947
9.05	0.010570230674016488
9.06	0.010513011989145008
9.07	0.010456165648722655
9.08	0.010399688823234037
9.09	0.010343578707748248
9.1	0.010287832521678524
9.11	0.010232447508544571
9.120000000000001	0.01017742093573737
9.13	0.010122750094286617
9.14	0.01006843229863064
9.15	0.010014464886388833
9.16	0.009960845218136494
9.17	0.009907570677182162
9.18	0.0098546386693473
9.19	0.009798481941196745
9.200000000000001	0.009740679845343284
9.21	0.009683280968609195
9.22	0.009626282064961682
9.23	0.009569679917979548
9.24	0.009513471340551449
9.25	0.009457653174577476
9.26	0.009402222290674086
9.27	0.00934717558788235
9.28	0.009292509993379537
9.290000000000001	0.009238222462193831
9.3	0.009184309976922328
9.31	0.009130769547452157
9.32	0.009077598210684679
9.33	0.00902479303026286
9.34	0.008972351096301559
9.35	0.00892026952512096
9.36	0.008868545458982833
9.370000000000001	0.008817176065829838
9.38	0.008766158539027647
9.39	0.008715490097109984
9.4	0.008665167983526425
9.41	0.008615189466393076
9.42	0.008565551838245904
9.43	0.008516252415796908
9.44	0.008467288539692875
9.450000000000001	0.008418657574276853
9.46	0.008370356907352227
9.47	0.008322383949949436
9.48	0.00827473613609518
9.49	0.0082274109225842
9.5	0.008180405788753594
9.51	0.00813371823625951
9.52	0.008087345788856396
9.53	0.008041285992178576
9.540000000000001	0.007995536413524247
9.55	0.007950094641641831
9.56	0.007904958286518653
9.57	0.007860124979171905
9.58	0.007815592371441924
9.59	0.007771358135787631
9.6	0.007727419965084316
9.61	0.007683775572423483
9.620000000000001	0.007640422690914937
9.63	0.007597359073491039
9.64	0.007554582492712971
9.65	0.007512090740579193
9.66	0.007469881628335915
9.67	0.007427952986289648
9.68	0.007386302663621695
9.69	0.007344928528204757
9.700000000000001	0.007303828466421373
9.71	0.007263000382984426
9.72	0.007222442200759489
9.73	0.007182151860589131
9.74	0.007142127321119052
9.75	0.007102366558626097
9.76	0.007062867566848158
9.77	0.007023628356815756
9.78	0.006984646956685573
9.790000000000001	0.006945921411575656
9.8	0.0069074497834024015
9.81	0.006869230150719252
9.82	0.006831260608557153
9.83	0.006793539268266639
9.84	0.006756064257361633
9.85	0.006714718083621681
9.86	0.0066734755387887435
9.870000000000001	0.006632527732677621
9.88	0.006591872263519769
9.89	0.0065515067515207245
9.9	0.006511428838637108
9.91	0.006471636188356101
9.92	0.006432126485477445
9.93	0.006392897435897813
9.94	0.006353946766397564
9.950000000000001	0.006315272224429941
9.96	0.006276871577912494
9.97	0.00623874261502094
9.98	0.006200883143985178
9.99	0.006163290992887659
10.	0.006125964009463927
10.01	0.006088900060905391
10.02	0.006052097033664225
10.03	0.006015552833260506
10.040000000000001	0.00597926538409134
10.05	0.005943232629242223
10.06	0.005907452530300395
10.07	0.005871923067170227
10.08	0.005836642237890697
10.09	0.005801608058454815
10.1	0.005766818562631024
10.11	0.005732271801786573
10.120000000000001	0.005697965844712817
10.13	0.005663898777452386
10.14	0.005630068703128291
10.15	0.0055964737417748345
10.16	0.005563112030170402
10.17	0.005529981721672051
10.18	0.005497080986051885
10.19	0.0054644080093352344
10.200000000000001	0.005431960993640531
10.21	0.005399738157020989
10.22	0.005367737733307932
10.23	0.005335957971955862
10.24	0.005304397137889142
10.25	0.005273053511350403
10.26	0.0052419253877505
10.27	0.005211011077520175
10.28	0.005180308905963222
10.290000000000001	0.005149817213111293
10.3	0.005119534353580228
10.31	0.005089458696427938
10.32	0.005059588625013801
10.33	0.005029922536859583
10.34	0.005000458843511796
10.35	0.004971195970405573
10.36	0.004942132356729991
10.370000000000001	0.004913266455294787
10.38	0.0048845967323985304
10.39	0.004856121667698189
10.4	0.004827839754080086
10.41	0.004799749497532179
10.42	0.004771849417017787
10.43	0.004744138044350548
10.44	0.004716613924070782
10.450000000000001	0.004689275613323112
10.46	0.004662121681735407
10.47	0.004635150711298968
10.48	0.004608361296250019
10.49	0.0045817520429524234
10.5	0.004555321569781611
10.51	0.0045290685070097855
10.52	0.004502991496692255
10.53	0.004477089192555048
10.540000000000001	0.004451360259883635
10.55	0.00442430301599114
10.56	0.0043963440036216585
10.57	0.004368587889278185
10.58	0.004341033010662292
10.59	0.004313677720647044
10.6	0.004286520387124369
10.61	0.004259559392854132
10.620000000000001	0.004232793135314874
10.63	0.004206220026556136
10.64	0.004179838493052465
10.65	0.004153646975558997
10.66	0.0041276439289685985
10.67	0.004101827822170573
10.68	0.004076197137910952
10.69	0.0040507503726542535
10.700000000000001	0.004025486036446792
10.71	0.004000402652781433
10.72	0.00397549875846388
10.73	0.003950772903480344
10.74	0.003926223650866685
10.75	0.003901849576578995
10.76	0.0038776492693655493
10.77	0.003853621330640137
10.78	0.003829764374356809
10.790000000000001	0.0038060770268859294
10.8	0.0037825579268915806
10.81	0.0037592057252103235
10.82	0.0037360190847312044
10.83	0.0037129966802771108
10.84	0.003690137198487355
10.85	0.0036674393377015744
10.86	0.0036449018078448152
10.870000000000001	0.003622523330313907
10.88	0.003600302637865
10.89	0.0035782384745023767
10.9	0.003556329595368362
10.91	0.0035345747666345097
10.92	0.0035129727653938677
10.93	0.0034915223795544256
10.94	0.0034702224077337307
10.950000000000001	0.0034490716591545436
10.96	0.003428068953541712
10.97	0.003407213121020028
10.98	0.0033865030020132736
10.99	0.003365937447144254
11.	0.0033455153171359415
11.01	0.0033252354827136496
11.02	0.0033050968245082334
11.03	0.0032850982329603387
11.040000000000001	0.003265238608225646
11.05	0.003245516860081092
11.06	0.0032259319078321354
11.07	0.0032064826802209456
11.08	0.0031871681153355885
11.09	0.0031679871605201654
11.1	0.003148938772285864
11.11	0.003130021916223004
11.120000000000001	0.0031112355669139337
11.13	0.003092578707846899
11.14	0.0030740503313307754
11.15	0.003055649438410729
11.16	0.0030373750387846896
11.17	0.003019226150720803
11.18	0.0030012018009756224
11.19	0.0029833010247132695
11.200000000000001	0.002965522865425335
11.21	0.002947866374851682
11.22	0.0029303306129020586
11.23	0.0029129146475784778
11.24	0.0028956175548984896
11.25	0.0028784384188191483
11.26	0.0028613763311618598
11.27	0.0028444303915379334
11.28	0.00282759970727496
11.290000000000001	0.0028108833933439045
11.3	0.0027940701313292323
11.31	0.0027763187482331524
11.32	0.002758695682951503
11.33	0.0027411998957965716
11.34	0.0027238303564115812
11.35	0.0027065860436788114
11.36	0.002689465945628706
11.370000000000001	0.002672469059349986
11.38	0.0026555943909006736
11.39	0.0026388409552201113
11.4	0.0026222077760419075
11.41	0.002605693885807791
11.42	0.002589298325582407
11.43	0.0025730201449690217
11.44	0.0025568584020260934
11.450000000000001	0.002540812163184772
11.46	0.002524880503167248
11.47	0.0025090625049059745
11.48	0.0024933572594637347
11.49	0.0024777638659545975
11.5	0.002462281431465642
11.51	0.002446909070979581
11.52	0.0024316459072981395
11.53	0.0024164910709662995
11.540000000000001	0.0024014437001972926
11.55	0.0023865029407984153
11.56	0.002371667946097623
11.57	0.002356937876870869
11.58	0.0023423119012702573
11.59	0.0023277891947528877
11.6	0.0023133689400105083
11.61	0.0022990503268998643
11.620000000000001	0.0022848325523737926
11.63	0.002270714820413027
11.64	0.0022566963419587385
11.65	0.002242776334845757
11.66	0.0022289540237364997
11.67	0.0022152286400555976
11.68	0.0022015994219251774
11.69	0.0021880656141008417
11.700000000000001	0.00217462646790832
11.71	0.0021612812411807543
11.72	0.0021480291981966337
11.73	0.0021348696096184228
11.74	0.002121801752431755
11.75	0.0021088249098853134
11.76	0.0020959383714313005
11.77	0.0020831414326665473
11.78	0.0020704333952741997
11.790000000000001	0.0020578135669660495
11.8	0.002045281261425417
11.81	0.0020328357982506537
11.82	0.0020204765028992103
11.83	0.0020082027066322897
11.84	0.0019960137464600626
11.85	0.001983908965087445
11.86	0.0019718877108604376
11.870000000000001	0.0019599493377130163
11.88	0.0019480932051145624
11.89	0.0019363186780178233
11.9	0.0019246251268074327
11.91	0.0019130119272489216
11.92	0.0019014784604382761
11.93	0.001890024112752001
11.94	0.0018786482757976908
11.950000000000001	0.0018673503463651068
11.96	0.001856129726377752
11.97	0.0018449858228449393
11.98	0.001833918047814339
11.99	0.001822925818325025
12.	0.001812008556360975
12.01	0.0018011656888050718
12.02	0.0017903966473935258
12.030000000000001	0.0017797008686708162
12.040000000000001	0.0017690777939450293
12.05	0.0017585268692436975
12.06	0.001748047545270051
12.07	0.0017376392773597255
12.08	0.0017273015254378975
12.09	0.001717033753976867
12.1	0.0017068354319540492
12.11	0.0016966995758318849
12.120000000000001	0.0016866208263035623
12.13	0.0016766101850745681
12.14	0.001666667136314733
12.15	0.0016567911685208747
12.16	0.0016469817744769885
12.17	0.0016372384512148169
12.18	0.001627560699974841
12.19	0.0016179480261676391
12.200000000000001	0.00160839993933564
12.21	0.0015989159531152603
12.22	0.0015894955851994187
12.23	0.001580138357300418
12.24	0.0015708437951132026
12.25	0.001561611428278977
12.26	0.0015524407903491975
12.27	0.0015433314187499037
12.280000000000001	0.0015342828547464087
12.290000000000001	0.0015252946434083632
12.3	0.0015163663335751205
12.31	0.0015074974778214955
12.32	0.0014986876324238148
12.33	0.0014899363573263416
12.34	0.0014812432161080023
12.35	0.0014726077759494676
12.36	0.0014640296076005304
12.370000000000001	0.0014555082853478325
12.38	0.0014470433869828872
12.39	0.0014386344937704302
12.4	0.001430281190417078
12.41	0.0014219830650402878
12.42	0.001413739709137627
12.43	0.0014055507175563555
12.44	0.0013974156884632724
12.450000000000001	0.0013893342233149068
12.46	0.001381305926827953
12.47	0.0013733304069500254
12.48	0.001365407274830681
12.49	0.0013575361447927424
12.5	0.0013497166343038837
12.51	0.001341948363948497
12.52	0.0013342309573998422
12.530000000000001	0.0013265640413924627
12.540000000000001	0.0013189472456948588
12.55	0.0013113802030824376
12.56	0.0013038625493107306
12.57	0.0012963939230888587
12.58	0.0012889739660532542
12.59	0.0012816023227416526
12.6	0.001274278640567314
12.61	0.001267002569793513
12.620000000000001	0.001259773763508265
12.63	0.0012525918775992985
12.64	0.0012454565707292634
12.65	0.0012383675043111987
12.66	0.0012313243424841966
12.67	0.0012243267520893495
12.68	0.0012173744026458897
12.69	0.0012104669663275795
12.700000000000001	0.0012036041179393114
12.71	0.0011967855348939559
12.72	0.0011900108971894057
12.73	0.0011832798873858555
12.74	0.0011765921905832974
12.75	0.001169947494399226
12.76	0.0011633454889465591
12.77	0.00115678586681177
12.780000000000001	0.001150268323033233
12.790000000000001	0.001143792555079762
12.8	0.0011373582628293679
12.81	0.0011309651485482074
12.82	0.0011246129168697397
12.83	0.0011183012747740773
12.84	0.0011120299315675302
12.85	0.0011057985988623552
12.86	0.0010996069905566778
12.870000000000001	0.0010934548228146237
12.88	0.0010873418140466312
12.89	0.0010812676848899454
12.9	0.0010752321581892971
12.91	0.0010692349589777783
12.92	0.0010632758144578738
12.93	0.0010573544539826943
12.94	0.0010514706090373705
12.950000000000001	0.001045624013220635
12.96	0.0010398144022265678
12.97	0.0010340415138265127
12.98	0.0010294105234973454
12.99	0.0010251206265657325
13.	0.0010208518876445845
13.01	0.001016604186226255
13.02	0.0010123774025813325
13.030000000000001	0.0010081714177530223
13.040000000000001	0.001003986113551576
13.05	0.0009998213725487593
13.06	0.0009956770780723706
13.07	0.000991553114200794
13.08	0.0009874493657576087
13.09	0.000983365718306227
13.1	0.0009793020581445877
13.11	0.0009752582722998812
13.120000000000001	0.0009712342485233235
13.13	0.0009672298752849676
13.14	0.0009632450417685598
13.15	0.0009592796378664315
13.16	0.000955333554174434
13.17	0.0009514066819869185
13.18	0.0009474989132917447
13.19	0.0009436101407653368
13.200000000000001	0.0009397402577677795
13.21	0.0009358891583379462
13.22	0.0009320567371886699
13.23	0.000928242889701953
13.24	0.0009244475119242076
13.25	0.0009206705005615474
13.26	0.0009169117529750985
13.27	0.0009131711671763618
13.280000000000001	0.0009094486418226049
13.290000000000001	0.0009057440762122905
13.3	0.0009020573702805387
13.31	0.0008983884245946347
13.32	0.000894737140349557
13.33	0.0008911034193635525
13.34	0.0008874871640737366
13.35	0.0008838882775317386
13.36	0.0008803066633993692
13.370000000000001	0.0008767422259443304
13.38	0.0008731948700359553
13.39	0.00086966450114098
13.4	0.000866151025319351
13.41	0.0008626543492200636
13.42	0.0008591743800770334
13.43	0.0008557110257049975
13.44	0.0008522641944954514
13.450000000000001	0.000848833795412613
13.46	0.00084541973798942
13.47	0.0008420219323235633
13.48	0.0008386402890735339
13.49	0.0008352747194547268
13.5	0.0008319251352355488
13.51	0.0008285914487335737
13.52	0.0008252735728117204
13.530000000000001	0.00082197142087446
13.540000000000001	0.0008186849068640535
13.55	0.0008154139452568183
13.56	0.0008121584510594249
13.57	0.0008089183398052161
13.58	0.0008056935275505649
13.59	0.0008024839308712455
13.6	0.0007992894668588509
13.61	0.0007961100531172163
13.620000000000001	0.0007929456077588914
13.63	0.0007897960494016227
13.64	0.0007866612971648715
13.65	0.0007835412706663543
13.66	0.0007804358900186161
13.67	0.0007773450758256189
13.68	0.0007742687491793674
13.69	0.0007712068316565535
13.700000000000001	0.0007681592453152258
13.71	0.0007651259126914917
13.72	0.0007621067567962344
13.73	0.0007591017011118627
13.74	0.0007561106695890827
13.75	0.0007531335866436928
13.76	0.0007501703771534025
13.77	0.0007472209664546827
13.780000000000001	0.0007442852803396233
13.790000000000001	0.0007413632450528378
13.8	0.0007384547872883664
13.81	0.0007355598341866237
13.82	0.0007326783133313546
13.83	0.0007298101527466198
13.84	0.0007269552808938048
13.85	0.0007241136266686475
13.86	0.00072128511939829
13.870000000000001	0.0007229952686111206
13.88	0.0007435001905358904
13.89	0.0007645712543601592
13.9	0.0007862236667222178