0.01	3.206496526236427
0.02	2.2169997352559667
0.03	1.8798088055082587
0.04	1.69856626129006
0.05	1.5872862170974653
0.06	1.5136705993095985
0.07	1.4603711638849202
0.08	1.4198731564694536
0.09	1.3874136589038515
0.1	1.3603606936402444
0.11	1.3382265112781
0.12	1.3193287096092088
0.13	1.3022002642389652
0.14	1.285766065294454
0.15	1.270672615372768
0.16	1.2567643352979567
0.17	1.2437578319796134
0.18	1.2308712794150227
0.19	1.2188045508431278
0.2	1.2065796168951912
0.21	1.1944675938060376
0.22	1.1830323766005704
0.23	1.1717643616149531
0.24	1.1609036788181635
0.25	1.1505810099108271
0.26	1.1402532952403621
0.27	1.1297124098110825
0.28	1.1196471174133213
0.29	1.1100200880011066
0.3	1.1000945448362052
0.31	1.0901593062048995
0.32	1.0806250334887029
0.33	1.0714637520233876
0.34	1.0624409697786412
0.35000000000000003	1.0531931087692104
0.36	1.0442829190290768
0.37	1.035689192372487
0.38	1.0273925807007247
0.39	1.0191051783283813
0.4	1.0103770429687684
0.41000000000000003	1.001936450489548
0.42	0.9937672537795468
0.43	0.9858545697218944
0.44	0.9781846535629357
0.45	0.9703619519599785
0.46	0.9624415368793297
0.47000000000000003	0.9547540486328594
0.48	0.9472878957746466
0.49	0.9400322899700928
0.5	0.9329771753058267
0.51	0.9261131650939681
0.52	0.9188074286558873
0.53	0.9116605384024232
0.54	0.9047012880072033
0.55	0.8979214107811837
0.56	0.8913131461130623
0.5700000000000001	0.884869200108168
0.58	0.8785827099178923
0.59	0.8722107992854958
0.6	0.8656113435059426
0.61	0.8591696792391704
0.62	0.8528795383721309
0.63	0.8467349977533911
0.64	0.8407304550925631
0.65	0.8348606068898786
0.66	0.8291204281966185
0.67	0.8235051540293433
0.68	0.8176871347366746
0.6900000000000001	0.8118546342100118
0.7000000000000001	0.806146768025571
0.71	0.8005591487153432
0.72	0.7950876022663704
0.73	0.789728154944192
0.74	0.7844770210973331
0.75	0.7793305918576575
0.76	0.7742854246598034
0.77	0.769338233510442
0.78	0.7641404366592343
0.79	0.7589131963409858
0.8	0.7537867962395921
0.81	0.7487580665696532
0.8200000000000001	0.743823974731961
0.8300000000000001	0.7389816177903714
0.84	0.7342282154461246
0.85	0.7295611034712388
0.86	0.7249777275659783
0.87	0.7204756376084396
0.88	0.7160524822670338
0.89	0.7115850171305521
0.9	0.706879712354111
0.91	0.7022570013914798
0.92	0.69771455047487
0.93	0.6932501162186473
0.9400000000000001	0.6888615411927044
0.9500000000000001	0.6845467497570413
0.96	0.6803037441395827
0.97	0.6761306007406565
0.98	0.6720254666488562
0.99	0.667986556354173
1.	0.6640121486453675
1.01	0.6601005836795275
1.02	0.6562036352007047
1.03	0.652058896605814
1.04	0.6479800059112529
1.05	0.6439652987840159
1.06	0.64001316828785
1.07	0.6361220623850692
1.08	0.6322904815692639
1.09	0.6285169766209052
1.1	0.6248001464784059
1.11	0.6211386362177075
1.12	0.6175311351339436
1.1300000000000001	0.6139763749191596
1.1400000000000001	0.6104731279304794
1.1500000000000001	0.6070202055434828
1.16	0.6036164565858966
1.17	0.6002511641553383
1.18	0.5966900265637606
1.19	0.5931798021118918
1.2	0.5897193441617145
1.21	0.5863075411737428
1.22	0.5829433153534251
1.23	0.5796256213603385
1.24	0.5763534450767851
1.25	0.5731258024326
1.26	0.5699417382831798
1.27	0.5668003253379178
1.28	0.5637006631364095
1.29	0.5606418770699416
1.3	0.5576231174459279
1.31	0.5546435585930954
1.32	0.5517023980053478
1.33	0.5487988555223582
1.34	0.5459321725450508
1.35	0.542905445318769
1.36	0.5398379918658047
1.37	0.5368101523721255
1.3800000000000001	0.533821131661099
1.3900000000000001	0.5308701561283805
1.4000000000000001	0.5279564730066446
1.41	0.5250793496604226
1.42	0.5222380729096026
1.43	0.5194319483802402
1.44	0.5166602998813907
1.45	0.5139224688067523
1.46	0.5112178135599624
1.47	0.508545709002466
1.48	0.5059055459229138
1.49	0.5032967305271195
1.5	0.5007186839476419
1.51	0.4981708417721162
1.52	0.49565265358949434
1.53	0.49316358255340736
1.54	0.4907031049618898
1.55	0.488074629707593
1.56	0.4854324690196191
1.57	0.4828213577937009
1.58	0.48024073684810314
1.59	0.47769006052684787
1.6	0.47516879629001485
1.61	0.4726764243189215
1.62	0.47021243713555155
1.6300000000000001	0.4677763392356363
1.6400000000000001	0.4653676467348157
1.6500000000000001	0.46298588702733906
1.6600000000000001	0.46063059845678644
1.67	0.4583013299983187
1.68	0.4559976409519852
1.69	0.4537191006466433
1.7	0.45146528815405945
1.71	0.4492357920127866
1.72	0.44703020996142817
1.73	0.444848148680914
1.74	0.4426892235454403
1.75	0.44055305838172765
1.76	0.43843928523627695
1.77	0.4363475441503141
1.78	0.43408677112382815
1.79	0.43184449136734115
1.8	0.42962618950411974
1.81	0.4274314780403224
1.82	0.42525997783930514
1.83	0.4231113178966884
1.84	0.4209851351226644
1.85	0.4188810741312811
1.86	0.41679878703643775
1.87	0.41473793325434344
1.8800000000000001	0.4126981793122044
1.8900000000000001	0.41067919866290803
1.9000000000000001	0.40868067150548704
1.9100000000000001	0.4067022846111529
1.92	0.4047437311546989
1.93	0.4028047105510798
1.94	0.4008849282969822
1.95	0.39898409581720945
1.96	0.3971019303157118
1.97	0.3952381546310955
1.98	0.3933924970964583
1.99	0.39156469140339634
2.	0.38975447647004213
2.0100000000000002	0.3879615963129915
2.02	0.3861857999229887
2.0300000000000002	0.38442684114423836
2.04	0.3825568420754121
2.05	0.38066113554176745
2.06	0.3787839794179193
2.07	0.3769251034439393
2.08	0.3750842425776482
2.09	0.3732611368693992
2.1	0.37145553134044496
2.11	0.36966717586477527
2.12	0.36789582505430496
2.13	0.3661412381473074
2.14	0.36440317889998103
2.15	0.36268141548105215
2.16	0.3609757203693123
2.17	0.3592858702539963
2.18	0.3576116459379082
2.19	0.3559528322432102
2.2	0.35430921791978615
2.21	0.3526805955560999
2.22	0.3510667614924696
2.23	0.3494675157366808
2.24	0.3478826618818658
2.25	0.34631200702657966
2.2600000000000002	0.3447553616970024
2.27	0.34321253977120364
2.2800000000000002	0.34168335840540515
2.29	0.3401676379621806
2.3000000000000003	0.33866520194053296
2.31	0.3371758769077938
2.32	0.3356994924332864
2.33	0.33423588102370416
2.34	0.33268594554808695
2.35	0.3310919196928735
2.36	0.3295122516072321
2.37	0.327946751947746
2.38	0.32639523465282866
2.39	0.324857516872351
2.4	0.3233334188990647
2.41	0.32182276410176747
2.42	0.3203253788601606
2.43	0.31884109250134823
2.44	0.3173697372379306
2.45	0.315911148107644
2.46	0.3144651629145054
2.47	0.313031622171414
2.48	0.31161036904417305
2.49	0.310201249296886
2.5	0.30880411123869245
2.5100000000000002	0.3074188056718024
2.52	0.3060451858407944
2.5300000000000002	0.30468310738314025
2.54	0.3033324282809238
2.5500000000000003	0.3019930088137185
2.56	0.3006647115125925
2.57	0.2993474011152106
2.58	0.2980409445220006
2.59	0.29674521075335814
2.6	0.29546007090785786
2.61	0.2941853981214465
2.62	0.2929210675275891
2.63	0.2916669562183436
2.64	0.2904229432063389
2.65	0.28918890938763114
2.66	0.28796473750541535
2.67	0.28675031211457
2.68	0.28553817325395847
2.69	0.28420954932919984
2.7	0.2828920031995598
2.71	0.2815854019829328
2.72	0.2802896148736334
2.73	0.27900451310246693
2.74	0.2777299698977099
2.75	0.2764658604469783
2.7600000000000002	0.2752120618599575
2.77	0.2739684531319756
2.7800000000000002	0.27273491510839254
2.79	0.27151133044979
2.8000000000000003	0.2702975835979356
2.81	0.26909356074250596
2.82	0.26789914978854573
2.83	0.2667142403246468
2.84	0.2655387235918261
2.85	0.264372492453087
2.86	0.2632154413636455
2.87	0.26206746634180433
2.88	0.26092846494046
2.89	0.2597983362192249
2.9	0.2586769807171512
2.91	0.25756430042603945
2.92	0.25646019876431975
2.93	0.2553645805514891
2.94	0.2542773519830918
2.95	0.2531984206062312
2.96	0.2521276952955974
2.97	0.25106508622999957
2.98	0.2500105048693911
2.99	0.24896386393237346
3.	0.24792507737417085
3.0100000000000002	0.24689406036506026
3.02	0.24587072926924872
3.0300000000000002	0.24485500162418608
3.04	0.24384679612030366
3.0500000000000003	0.24284603258116674
3.06	0.24185263194403395
3.0700000000000003	0.24086651624081104
3.08	0.23984805227269523
3.09	0.23876656483615583
3.1	0.2376934246093562
3.11	0.23662854055047977
3.12	0.23557182289912496
3.13	0.2345231831542355
3.14	0.2334825340524795
3.15	0.2324497895470682
3.16	0.2314248647870014
3.17	0.23040767609673285
3.18	0.22939814095624347
3.19	0.22839617798151354
3.2	0.22740170690538547
3.21	0.22641464855880714
3.22	0.2254349248524477
3.23	0.22446245875867693
3.24	0.22349717429389968
3.25	0.22253899650123876
3.2600000000000002	0.22158785143355586
3.27	0.2206436661368054
3.2800000000000002	0.21970636863371226
3.29	0.21877588790776628
3.3000000000000003	0.21785215388752716
3.31	0.2169350974312324
3.3200000000000003	0.2160246503117008
3.33	0.21512074520152663
3.34	0.21422331565855646
3.35	0.21333229611164306
3.36	0.21244762184667057
3.37	0.2115692289928445
3.38	0.21069705450924067
3.39	0.2098310361716082
3.4	0.20897111255942016
3.41	0.20811722304316727
3.42	0.20726930777188848
3.43	0.20642730766093442
3.44	0.20559116437995797
3.45	0.20476082034112694
3.46	0.20393621868755524
3.47	0.20311730328194624
3.48	0.20230401869544523
3.49	0.20149631019669595
3.5	0.20069412374109674
3.5100000000000002	0.1998974059602523
3.52	0.19910610415161725
3.5300000000000002	0.19832016626832688
3.54	0.19746754312717965
3.5500000000000003	0.19660071024906184
3.56	0.1957401048761118
3.5700000000000003	0.19488566496359241
3.58	0.19403732925636738
3.59	0.19319503727668286
3.6	0.19235872931217113
3.61	0.19152834640407287
3.62	0.19070383033567173
3.63	0.1898851236209387
3.64	0.18907216949338002
3.65	0.1882649118950863
3.66	0.18746329546597662
3.67	0.1866672655332363
3.68	0.1858767681009408
3.69	0.18509174983986595
3.7	0.18431215807747725
3.71	0.1835379407880966
3.72	0.18276904658324233
3.73	0.1820054247021389
3.74	0.18124702500239265
3.75	0.18049379795083131
3.7600000000000002	0.17974569461450204
3.77	0.1790026666518271
3.7800000000000002	0.17826466630391222
3.79	0.1775316463860055
3.8000000000000003	0.17680356027910366
3.81	0.17608036192170268
3.8200000000000003	0.17536200580168973
3.83	0.1746484469483744
3.84	0.1739396409246556
3.85	0.17323554381932166
3.86	0.17253611223948165
3.87	0.17184130330312453
3.88	0.17115107463180407
3.89	0.17046538434344738
3.9	0.16978419104528356
3.91	0.16910745382689163
3.92	0.1684351322533646
3.93	0.16776718635858692
3.94	0.16710357663862468
3.95	0.16644426404522478
3.96	0.1657892099794223
3.97	0.16513837628525252
3.98	0.16449172524356784
3.99	0.163849219565955
4.	0.16321082238875279
4.01	0.16257649726716691
4.0200000000000005	0.16194620816948163
4.03	0.16131991947136493
4.04	0.16069759595026595
4.05	0.16007920277990387
4.0600000000000005	0.15943273472686204
4.07	0.15875134686175482
4.08	0.15807453254878365
4.09	0.15740224999261268
4.1	0.1567344578807688
4.11	0.15607111537690296
4.12	0.1554121821141613
4.13	0.1547576181886651
4.14	0.15410738415309602
4.15	0.1534614410103858
4.16	0.15281975020750843
4.17	0.15218227362937167
4.18	0.1515489735928082
4.19	0.15091981284066222
4.2	0.15029475453597185
4.21	0.14967376225624374
4.22	0.1490567999878197
4.23	0.14844383212033274
4.24	0.14783482344125107
4.25	0.14722973913050902
4.26	0.14662854475522225
4.2700000000000005	0.14603120626448657
4.28	0.14543768998425907
4.29	0.14484796261231872
4.3	0.1442619912133066
4.3100000000000005	0.14367974321384328
4.32	0.1431011863977227
4.33	0.14252628890118027
4.34	0.14195501920823494
4.3500000000000005	0.14138734614610285
4.36	0.1408232388806824
4.37	0.14026266691210865
4.38	0.13970560007037586
4.39	0.13915200851102738
4.4	0.13860186271091182
4.41	0.1380551334640035
4.42	0.13751179187728696
4.43	0.1369718093667038
4.44	0.13643515765316122
4.45	0.13590180875860092
4.46	0.13537173500212718
4.47	0.13484490899619359
4.48	0.13432130364284672
4.49	0.13380089213002683
4.5	0.13328364792792288
4.51	0.1327695447853831
4.5200000000000005	0.13225855672637807
4.53	0.1317506580465174
4.54	0.13124582330961707
4.55	0.13074402734431823
4.5600000000000005	0.13024524524075587
4.57	0.12974945234727617
4.58	0.12925662426720302
4.59	0.12876673685565065
4.6000000000000005	0.12827976621638437
4.61	0.12779568869872618
4.62	0.1273144808945058
4.63	0.1268361196350562
4.64	0.12636058198825253
4.65	0.12588784525559407
4.66	0.12539607396646787
4.67	0.12486943553173362
4.68	0.12434612828835262
4.69	0.12382612411468959
4.7	0.123309395185777
4.71	0.12279591396956253
4.72	0.12228565322321255
4.73	0.12177858598946914
4.74	0.1212746855930611
4.75	0.12077392563716743
4.76	0.12027627999993228
4.7700000000000005	0.11978172283103107
4.78	0.11929022854828626
4.79	0.11880177183433246
4.8	0.11831632763332982
4.8100000000000005	0.11783387114772485
4.82	0.11735437783505834
4.83	0.11687782340481864
4.84	0.1164041838153408
4.8500000000000005	0.1159334352707498
4.86	0.11546555421794753
4.87	0.1150005173436434
4.88	0.11453830157142604
4.89	0.11407888405887814
4.9	0.11362224219473104
4.91	0.11316835359606049
4.92	0.11271719610552135
4.93	0.1122687477886218
4.94	0.11182298693103597
4.95	0.11137989203595389
4.96	0.11093944182146895
4.97	0.11050161521800189
4.98	0.11006639136576077
4.99	0.10963374961223618
5.	0.10920366950973166
5.01	0.10877613081292781
5.0200000000000005	0.10835111347648106
5.03	0.10792859765265458
5.04	0.10750856368898286
5.05	0.10709099212596782
5.0600000000000005	0.10667586369480676
5.07	0.1062631593151518
5.08	0.10585286009289946
5.09	0.1054449473180108
5.1000000000000005	0.10503940246236138
5.11	0.10463620717762011
5.12	0.10423534329315738
5.13	0.10383679281398107
5.14	0.10344053791870089
5.15	0.10304656095752017
5.16	0.10265484445025437
5.17	0.10226537108437689
5.18	0.1018781237130903
5.19	0.10149308535342423
5.2	0.10111023918435821
5.21	0.10072956854496981
5.22	0.10035105693260714
5.23	0.09997468800108616
5.24	0.09960044555891152
5.25	0.09922831356752115
5.26	0.09885827613955395
5.2700000000000005	0.09849031753714045
5.28	0.09812442217021607
5.29	0.09776057459485632
5.3	0.09739875951163408
5.3100000000000005	0.09703896176399823
5.32	0.09668116633667366
5.33	0.09632535835408203
5.34	0.09597152307878315
5.3500000000000005	0.0956012244714597
5.36	0.09520299611927369
5.37	0.09480716423394583
5.38	0.09441370997146503
5.39	0.0940226146706417
5.4	0.09363385985099894
5.41	0.0932474272106925
5.42	0.09286329862445757
5.43	0.09248145614158407
5.44	0.0921018819839175
5.45	0.09172455854388753
5.46	0.09134946838256187
5.47	0.0909765942277262
5.48	0.09060591897198934
5.49	0.09023742567091333
5.5	0.08987109754116829
5.51	0.08950691795871107
5.5200000000000005	0.08914487045698812
5.53	0.08878493872516181
5.54	0.08842710660635962
5.55	0.08807135809594642
5.5600000000000005	0.08771767733981904
5.57	0.087366048632723
5.58	0.08701645641659123
5.59	0.08666888527890386
5.6000000000000005	0.0863233199510696
5.61	0.08597974530682774
5.62	0.08563814636067077
5.63	0.0852985082662871
5.64	0.08496081631502414
5.65	0.08462505593437047
5.66	0.08429121268645802
5.67	0.08395927226658259
5.68	0.08362922050174404
5.69	0.08330104334920432
5.7	0.08297472689506424
5.71	0.08265025735285797
5.72	0.08232762106216537
5.73	0.08200680448724201
5.74	0.08168779421566619
5.75	0.0813705769570031
5.76	0.08105513954148569
5.7700000000000005	0.08074146891871208
5.78	0.08042955215635933
5.79	0.08011937643891305
5.8	0.07981092906641318
5.8100000000000005	0.07950419745321503
5.82	0.07919916912676593
5.83	0.07889583172639691
5.84	0.07859417300212951
5.8500000000000005	0.07829418081349705
5.86	0.07799584312838084
5.87	0.0776991480218602
5.88	0.07740408367507717
5.89	0.07711063837411472
5.9	0.07681880050888888
5.91	0.07652855857205454
5.92	0.07623990115792427
5.93	0.07595281696140066
5.94	0.07566729477692148
5.95	0.07538332349741775
5.96	0.07510089211328419
5.97	0.0748199897113625
5.98	0.07454060547393679
5.99	0.0742627286777409
6.	0.0739863486929781
6.01	0.07371145498235215
6.0200000000000005	0.07343803710011033
6.03	0.07316608469109787
6.04	0.07289558748982333
6.05	0.07262653531953588
6.0600000000000005	0.07235891809131277
6.07	0.07209272580315834
6.08	0.07182794853911331
6.09	0.07156457646837469
6.1000000000000005	0.07130259984442648
6.11	0.07104200900418016
6.12	0.07078279436712563
6.13	0.07052494643449209
6.140000000000001	0.07026191757120284
6.15	0.0699691549197793
6.16	0.06967808481399065
6.17	0.06938869474487878
6.18	0.0691009723160005
6.19	0.06881490524223556
6.2	0.06853048134860912
6.21	0.06824768856912886
6.22	0.06796651494563584
6.23	0.06768694862666957
6.24	0.0674089778663466
6.25	0.06713259102325307
6.26	0.06685777655934991
6.2700000000000005	0.06658452303889216
6.28	0.06631281912736044
6.29	0.06604265359040583
6.3	0.06577401529280709
6.3100000000000005	0.06550689319744055
6.32	0.06524127636426218
6.33	0.06497715394930195
6.34	0.06471451520367003
6.3500000000000005	0.06445334947257497
6.36	0.06419364619435333
6.37	0.0639353948995111
6.38	0.06367858520977625
6.390000000000001	0.06342320683716259
6.4	0.06316924958304462
6.41	0.06291670333724333
6.42	0.06266555807712279
6.43	0.06241580386669731
6.44	0.06216743085574903
6.45	0.061920429278955996
6.46	0.0616747894550302
6.47	0.06143050178586599
6.48	0.06118755675569815
6.49	0.06094594493026995
6.5	0.06070565695601071
6.51	0.060466683559223085
6.5200000000000005	0.060229015545279645
6.53	0.05999264379782885
6.54	0.059757559278010026
6.55	0.05952375302367764
6.5600000000000005	0.05929121614863436
6.57	0.05905993984187287
6.58	0.058829915366826614
6.59	0.05860113406062892
6.6000000000000005	0.058373587333380696
6.61	0.05814726666742656
6.62	0.05792216361663909
6.63	0.0576982698057113
6.640000000000001	0.057475576929457255
6.65	0.057254076752120464
6.66	0.057033761106690305
6.67	0.05681462189422599
6.68	0.0565966510831884
6.69	0.05637984070877923
6.7	0.05616418287228787
6.71	0.05594966974044535
6.72	0.05573629354478574
6.73	0.055524046581014626
6.74	0.05531292120838482
6.75	0.0551029098490788
6.76	0.05489400498759831
6.7700000000000005	0.05468619917016054
6.78	0.054479485004101366
6.79	0.05427385515728479
6.8	0.05406930235751931
6.8100000000000005	0.05386581939198065
6.82	0.053663399106640794
6.83	0.05346203440570347
6.84	0.05326171825104578
6.8500000000000005	0.05306244366166609
6.86	0.05286420371313782
6.87	0.05266699153706951
6.88	0.052470800320570554
6.890000000000001	0.05227562330572294
6.9	0.05208145378905878
6.91	0.05188828512104347
6.92	0.05169611070556454
6.93	0.051504923999426126
6.94	0.051314718511848864
6.95	0.051125487803975266
6.96	0.05093722548838046
6.97	0.05074992522858825
6.98	0.050563580738592365
6.99	0.050378185782382956
7.	0.050193734173478166
7.01	0.050010219774460705
7.0200000000000005	0.0498276364965195
7.03	0.04964597829899626
7.04	0.04946523918893683
7.05	0.049278558261981104
7.0600000000000005	0.04907027612681476
7.07	0.04886316726482311
7.08	0.04865722342133162
7.09	0.04845243641128683
7.1000000000000005	0.048248798118572106
7.11	0.048046300495331
7.12	0.04784493556129825
7.13	0.047644695403138176
7.140000000000001	0.04744557217379062
7.15	0.047247558091823995
7.16	0.047050645440795735
7.17	0.04685482656861958
7.18	0.04666009388694035
7.19	0.04646643987051507
7.2	0.04627385705660156
7.21	0.046082338044353195
7.22	0.045891875494220934
7.23	0.045702462127361385
7.24	0.0455140907250519
7.25	0.04532675412811168
7.26	0.04514044523632964
7.2700000000000005	0.04495515700789805
7.28	0.044770882458853044
7.29	0.044587614662520564
7.3	0.044405346748968885
7.3100000000000005	0.04422407190446674
7.32	0.04404378337094772
7.33	0.04386447444548011
7.34	0.043686138479742814
7.3500000000000005	0.04350876887950669
7.36	0.043332359104121886
7.37	0.04315690266601017
7.38	0.04298239313016341
7.390000000000001	0.042808824113646754
7.4	0.04263618928510794
7.41	0.04246448236429114
7.42	0.04229369712155657
7.43	0.04212382737740495
7.44	0.041954867002007325
7.45	0.04178680991473963
7.46	0.041619650083722405
7.47	0.041453381525365436
7.48	0.04128799830391721
7.49	0.04112349453101915
7.5	0.04095986436526455
7.51	0.040797102011762426
7.5200000000000005	0.04063520172170562
7.53	0.04047415779194384
7.54	0.040313964564560996
7.55	0.040154616426457075
7.5600000000000005	0.03999610780893443
7.57	0.039838433187288406
7.58	0.039681587080402314
7.59	0.03952556405034661
7.6000000000000005	0.03937035870198232
7.61	0.039215965682568625
7.62	0.03906237968137448
7.63	0.0389095954292945
7.640000000000001	0.03875760769846849
7.65	0.03860641130190538
7.66	0.03845600109311072
7.67	0.03830637196571826
7.68	0.03815751885312524
7.69	0.03800943672813156
7.7	0.03786212060258261
7.71	0.03771556552701582
7.72	0.03756976659031089
7.73	0.03742471891934355
7.74	0.03728041767864306
7.75	0.03713685807005303
7.76	0.03699403533239582
7.7700000000000005	0.036851944741140424
7.78	0.036710581608073736
7.79	0.036569941280975064
7.8	0.036430019143294246
7.8100000000000005	0.03629081061383267
7.82	0.03615231114642801
7.83	0.0360145162296417
7.84	0.035877421386449976
7.8500000000000005	0.03574102217393777
7.86	0.03560531418299601
7.87	0.03547029303802161
7.88	0.03533595439662083
7.890000000000001	0.035202293949315525
7.9	0.03506930741925229
7.91	0.03493699056191457
7.92	0.03480533916483783
7.930000000000001	0.03467434904732723
7.94	0.03454401606017864
7.95	0.03441433608540192
7.96	0.034285305035947344
7.97	0.034156918855434745
7.98	0.03402917351788505
7.99	0.03390206502745493
8.	0.03377558941817371
8.01	0.03364974275368325
8.02	0.03352452112698006
8.03	0.03339992066016029
8.040000000000001	0.033275937504167
8.05	0.03315256783854021
8.06	0.03302980787116907
8.07	0.03290765383804681
8.08	0.03278610200302792
8.09	0.0326651486575878
8.1	0.03252760407265561
8.11	0.032387008404042926
8.120000000000001	0.03224719257137324
8.13	0.032108151296750806
8.14	0.031969879344430414
8.15	0.03183237152042972
8.16	0.03169562267214527
8.17	0.03155962768797288
8.18	0.03142438149693151
8.19	0.03128987906829158
8.2	0.031156115411206584
8.21	0.031023085574348942
8.22	0.030890784645549393
8.23	0.03075920775144019
8.24	0.030628350057101968
8.25	0.030498206765714204
8.26	0.030368773118209322
8.27	0.030240044392930418
8.28	0.03011201590529226
8.290000000000001	0.029984683007446094
8.3	0.029858041087947564
8.31	0.029732085571428323
8.32	0.029606811918270658
8.33	0.029482215624285824
8.34	0.029358292220395325
8.35	0.029235037272315634
8.36	0.029112446380245995
8.370000000000001	0.028990515178559544
8.38	0.028869239335497406
8.39	0.02874861455286594
8.4	0.028628636565737164
8.41	0.02850930114215197
8.42	0.028390604082826593
8.43	0.028272541220861834
8.44	0.028155108421455383
8.45	0.028038301581616815
8.46	0.02792211662988572
8.47	0.027806549526052448
8.48	0.02769159626088174
8.49	0.027577252855839052
8.5	0.02746351536281986
8.51	0.027350379863881207
8.52	0.02723784247097649
8.53	0.027125899325692357
8.540000000000001	0.027014546598988654
8.55	0.026903780490940655
8.56	0.02679359723048403
8.57	0.026683993075162275
8.58	0.026574964310876553
8.59	0.02646650725163827
8.6	0.02635861823932381
8.61	0.02625129364343183
8.620000000000001	0.026144529860842973
8.63	0.026038323315581854
8.64	0.02593267045858147
8.65	0.025827567767449888
8.66	0.025723011746239203
8.67	0.025618998925216824
8.68	0.025515525860638922
8.69	0.025412589134526115
8.700000000000001	0.02531018535444143
8.71	0.025208311153270352
8.72	0.02510696318900293
8.73	0.02500613814451818
8.74	0.0249058327273705
8.75	0.02480604366957821
8.76	0.024706767727413956
8.77	0.02460800168119744
8.78	0.024509742335089898
8.790000000000001	0.024411986516890735
8.8	0.024314731077836053
8.81	0.024217972892399055
8.82	0.024121708858092568
8.83	0.02402593589527324
8.84	0.023930650946947782
8.85	0.023835850978581
8.86	0.023741532977905655
8.870000000000001	0.0236476939547342
8.88	0.023554330940772316
8.89	0.02346144098943417
8.9	0.023369021175659414
8.91	0.02327706859573211
8.92	0.023185580367101194
8.93	0.02309455362820269
8.94	0.023003985538283662
8.950000000000001	0.022913873277227832
8.96	0.022824214045382804
8.97	0.022735005063388974
8.98	0.022646243572009988
8.99	0.022557926831964947
9.	0.022470052123762005
9.01	0.022382616747533706
9.02	0.02229561802287374
9.03	0.022209053288675402
9.040000000000001	0.02212291990297129
9.05	0.02203721524277487
9.06	0.021951936703923217
9.07	0.02186708170092142
9.08	0.021782647666788307
9.09	0.02169863205290375
9.1	0.021615032328857288
9.11	0.021531845982298244
9.120000000000001	0.021449070518787118
9.13	0.021366703461648533
9.14	0.021284742351825394
9.15	0.02120318474773451
9.16	0.021122028225123445
9.17	0.021041270376928847
9.18	0.020960908813135944
9.19	0.02088094116063942
9.200000000000001	0.020801365063105523
9.21	0.02072217818083556
9.22	0.020643378190630474
9.23	0.02056496278565681
9.24	0.020486929675313882
9.25	0.020409276585102054
9.26	0.020332001256492434
9.27	0.020255101446797617
9.28	0.020178574929043607
9.290000000000001	0.020102419491842927
9.3	0.020016688208514478
9.31	0.019930726156977836
9.32	0.019845224960917587
9.33	0.01976018165910776
9.34	0.019675593312494848
9.35	0.019591457004008137
9.36	0.01950776983837217
9.370000000000001	0.01942452894192067
9.38	0.0193417314624126
9.39	0.019259374568849724
9.4	0.019177455451296024
9.41	0.019095971320698773
9.42	0.019014919408711438
9.43	0.018934296967518166
9.44	0.01885410126965992
9.450000000000001	0.018774329607862437
9.46	0.018694979294865535
9.47	0.018616047663254396
9.48	0.018537532065292104
9.49	0.01845942987275407
9.5	0.018381738476763707
9.51	0.018304455287630028
9.52	0.01822757773468645
9.53	0.018151103266131303
9.540000000000001	0.018075029348869735
9.55	0.017999353468357276
9.56	0.017924073128444653
9.57	0.017849185851224195
9.58	0.01777468917687767
9.59	0.017700580663525534
9.6	0.01762685788707756
9.61	0.017553518441084923
9.620000000000001	0.0174805599365936
9.63	0.017407980001999255
9.64	0.017335776282903278
9.65	0.017263946441970428
9.66	0.017192488158787517
9.67	0.017121399129723637
9.68	0.017050677067791634
9.69	0.016980319702510682
9.700000000000001	0.01691032477977047
9.71	0.01684069006169628
9.72	0.016771413326515626
9.73	0.016702492368425907
9.74	0.016633924997463412
9.75	0.01656570903937343
9.76	0.016497842335481683
9.77	0.016430322742566804
9.78	0.01636314813273411
9.790000000000001	0.016296316393290395
9.8	0.016229825426620076
9.81	0.01616367315006223
9.82	0.016097857495788997
9.83	0.016032376410684827
9.84	0.015967227856227163
9.85	0.015902409808367865
9.86	0.01583792025741599
9.870000000000001	0.01577375720792148
9.88	0.015709918678560014
9.89	0.01564640270201873
9.9	0.015583207324883273
9.91	0.015520330607525572
9.92	0.015457770623992853
9.93	0.015395525461897453
9.94	0.015333593222307896
9.950000000000001	0.015271972019640673
9.96	0.01520772949683103
9.97	0.015140772831463725
9.98	0.015074177644993692
9.99	0.015007941626630005
10.	0.014942062482645808
10.01	0.014876537936235378
10.02	0.014811365727372686
10.03	0.014746543612671022
10.040000000000001	0.014682069365244164
10.05	0.014617940774568666
10.06	0.014554155646347563
10.07	0.014490711802375295
10.08	0.014427607080403818
10.09	0.014364839334010122
10.1	0.014302406432464783
10.11	0.014240306260601918
10.120000000000001	0.014178536718690227
10.13	0.014117095722305274
10.14	0.014055981202202904
10.15	0.013995191104193934
10.16	0.01393472338901989
10.17	0.013874576032229944
10.18	0.013814747024058965
10.19	0.013755234369306707
10.200000000000001	0.013696036087218146
10.21	0.013637150211364796
10.22	0.01357857478952726
10.23	0.013520307883578754
10.24	0.013462347569369763
10.25	0.013404691936613701
10.26	0.013347339088773644
10.27	0.013290287142950108
10.28	0.013233534229769838
10.290000000000001	0.013177078493275587
10.3	0.01312091809081694
10.31	0.013065051192942122
10.32	0.01300947598329075
10.33	0.012954190658487637
10.34	0.012899193428037475
10.35	0.012844482514220495
10.36	0.012790056151989158
10.370000000000001	0.012735912588865646
10.38	0.01268205008484036
10.39	0.012628466912271315
10.4	0.012575161355784476
10.41	0.01252213171217492
10.42	0.012469376290308956
10.43	0.012416893411027074
10.44	0.012364681407047821
10.450000000000001	0.012312738622872495
10.46	0.01226106341469072
10.47	0.012209654150286827
10.48	0.012158509208947134
10.49	0.012107626981368007
10.5	0.01205700586956476
10.51	0.012006644286781392
10.52	0.01195654065740105
10.53	0.011906693416857407
10.540000000000001	0.01185710101154671
10.55	0.011807761898740702
10.56	0.011758674546500267
10.57	0.011709837433589875
10.58	0.011661249049392737
10.59	0.011612907893826747
10.6	0.011564812477261188
10.61	0.011516961320434123
10.620000000000001	0.01146935295437055
10.63	0.011421985920301284
10.64	0.011374858769582507
10.65	0.011327970063616093
10.66	0.011281318373770602
10.67	0.011233444217310835
10.68	0.011182276767261959
10.69	0.01113138994133661
10.700000000000001	0.011080781940117487
10.71	0.011030450977391845
10.72	0.010980395280042405
10.73	0.010930613087939202
10.74	0.010881102653832532
10.75	0.010831862243246788
10.76	0.010782890134375347
10.77	0.010734184617976329
10.78	0.010685743997269381
10.790000000000001	0.01063756658783338
10.8	0.010589650717505056
10.81	0.010541994726278602
10.82	0.01049459696620604
10.83	0.010447455801298732
10.84	0.010400569607429574
10.85	0.0103539367722362
10.86	0.010307555695024975
10.870000000000001	0.010261424786675993
10.88	0.01021554246954876
10.89	0.010169907177388924
10.9	0.010124517355235623
10.91	0.01007937145932991
10.92	0.01003446795702382
10.93	0.009989805326690379
10.94	0.009945382057634277
10.950000000000001	0.009901196650003554
10.96	0.00985724761470189
10.97	0.00981353347330177
10.98	0.009770052757958442
10.99	0.009726804011324584
11.	0.009683785786465803
11.01	0.009640996646776841
11.02	0.00959843516589857
11.03	0.009556099927635661
11.040000000000001	0.009513989525875106
11.05	0.009472102564505336
11.06	0.009430437657336149
11.07	0.009388993428019302
11.08	0.009347768509969843
11.09	0.009306761546288157
11.1	0.009265971189682603
11.11	0.009225396102392952
11.120000000000001	0.009185034956114484
11.13	0.009144886431922702
11.14	0.009104949220198732
11.15	0.009065222020555432
11.16	0.009025703541764116
11.17	0.008986392501681864
11.18	0.00894728762717961
11.19	0.008908387654070754
11.200000000000001	0.008869691327040432
11.21	0.008831197399575403
11.22	0.00879290463389459
11.23	0.008754811800880181
11.24	0.008716917680009362
11.25	0.008679221059286618
11.26	0.008641720735176685
11.27	0.008604415512538025
11.28	0.008567304204556933
11.290000000000001	0.00853038563268215
11.3	0.008493658626560163
11.31	0.008457122023970922
11.32	0.008420774670764263
11.33	0.008384615420796758
11.34	0.008348643135869185
11.35	0.00831285668566456
11.36	0.008277254947686621
11.370000000000001	0.008241836807198947
11.38	0.00820660115716449
11.39	0.008171546898185764
11.4	0.008136672938445437
11.41	0.008101978193647505
11.42	0.008067461586958915
11.43	0.008033120854860614
11.44	0.007995409812867303
11.450000000000001	0.007957908521365631
11.46	0.007920615632051646
11.47	0.007883529806454213
11.48	0.007846649715854796
11.49	0.007809974041207975
11.5	0.007773501473062699
11.51	0.007737230711484261
11.52	0.007701160465976921
11.53	0.007665289455407295
11.540000000000001	0.00762961640792833
11.55	0.007594140060904111
11.56	0.007558859160835185
11.57	0.007523772463284662
11.58	0.007488878732804916
11.59	0.007454176742864979
11.6	0.0074196652757785855
11.61	0.007385343122632802
11.620000000000001	0.007351209083217379
11.63	0.007317261965954642
11.64	0.007283500587830091
11.65	0.007249923774323564
11.66	0.007216530359341022
11.67	0.007183319185146938
11.68	0.007150289102297316
11.69	0.00711743896957326
11.700000000000001	0.007084767653915155
11.71	0.007052274030357417
11.72	0.007019956981963861
11.73	0.006987815399763564
11.74	0.006955848182687381
11.75	0.0069240542375049305
11.76	0.006892432478762229
11.77	0.006860981828719807
11.78	0.006829701217291389
11.790000000000001	0.006798589581983105
11.8	0.006767645867833266
11.81	0.006736869027352642
11.82	0.0067062580204652516
11.83	0.006675811814449706
11.84	0.006645529383881022
11.85	0.006615409710573002
11.86	0.006585451783521061
11.870000000000001	0.006555654598845589
11.88	0.006526017159735761
11.89	0.006496538476393927
11.9	0.0064672175659803805
11.91	0.006438053452558684
11.92	0.006409045167041407
11.93	0.0063801917471364225
11.94	0.00635149223729358
11.950000000000001	0.006322945688651878
11.96	0.0062945511589871045
11.97	0.00626630771265993
11.98	0.006238214420564422
11.99	0.006210270360077031
12.	0.0061824746150059996
12.01	0.0061548262755412265
12.02	0.006127324438204556
12.030000000000001	0.0060999682058004885
12.040000000000001	0.006072756687367304
12.05	0.006045688998128654
12.06	0.006018764259445502
12.07	0.005991981598768534
12.08	0.005965340149590945
12.09	0.005938839051401646
12.1	0.005912477449638855
12.11	0.00588625449564411
12.120000000000001	0.005860169346616648
12.13	0.005834221165568177
12.14	0.005808409121278085
12.15	0.00578273238824894
12.16	0.005757190146662444
12.17	0.005731781582335731
12.18	0.005706505886678047
12.19	0.005681362256647785
12.200000000000001	0.0056563498947099075
12.21	0.005631468008793695
12.22	0.0056067158122508915
12.23	0.005582092523814185
12.24	0.0055575973675560395
12.25	0.005532572029973549
12.26	0.005505756275808023
12.27	0.005479092199486599
12.280000000000001	0.005452578820504755
12.290000000000001	0.005426215165487384
12.3	0.005400000268131213
12.31	0.005373933169147731
12.32	0.005348012916206628
12.33	0.005322238563879712
12.34	0.005296609173585376
12.35	0.005271123813533508
12.36	0.005245781558670903
12.370000000000001	0.005220581490627158
12.38	0.00519552269766104
12.39	0.005170604274607354
12.4	0.005145825322824248
12.41	0.005121184950140975
12.42	0.005096682270806151
12.43	0.0050723164054364495
12.44	0.00504808648096574
12.450000000000001	0.005023991630594683
12.46	0.005000030993740753
12.47	0.0049762037159887355
12.48	0.004952508949041605
12.49	0.004928945850671891
12.5	0.004905513584673392
12.51	0.00488221132081342
12.52	0.004859038234785349
12.530000000000001	0.00483599350816166
12.540000000000001	0.004813076328347345
12.55	0.004790285888533757
12.56	0.004767621387652815
12.57	0.004745082030331662
12.58	0.0047226670268476585
12.59	0.004700375593083833
12.6	0.004678206950484643
12.61	0.004656160326012195
12.620000000000001	0.004634234952102784
12.63	0.004612430066623838
12.64	0.004590744912831243
12.65	0.004569178739327013
12.66	0.004547730800017338
12.67	0.004526400354070985
12.68	0.004505186665878086
12.69	0.004484089005009244
12.700000000000001	0.004463106646175018
12.71	0.004442238869185721
12.72	0.004421484958911629
12.73	0.004400844205243455
12.74	0.004380315903053226
12.75	0.004359899352155439
12.76	0.004339593857268604
12.77	0.0043193987279770835
12.780000000000001	0.004299313278693259
12.790000000000001	0.004279336828620039
12.8	0.004259468701713659
12.81	0.004239708226646841
12.82	0.004220054736772212
12.83	0.0042005075700860955
12.84	0.004181066069192559
12.85	0.0041617295812678015
12.86	0.004142497458024816
12.870000000000001	0.00412336905567838
12.88	0.004104343734910328
12.89	0.004085420860835117
12.9	0.004066599802965694
12.91	0.004047879935179634
12.92	0.004029260635685599
12.93	0.004010741286990028
12.94	0.00399232127586417
12.950000000000001	0.003973999993311343
12.96	0.003955776834534496
12.97	0.003937651198904046
12.98	0.003919622489925975
12.99	0.003901690115210181
13.	0.0038838534864391525
13.01	0.0038661120193368313
13.02	0.0038484651336377932
13.030000000000001	0.003830912253056649
13.040000000000001	0.0038134528052577443
13.05	0.003796086221825067
13.06	0.003778811938232443
13.07	0.0037616293938139535
13.08	0.0037445380317346288
13.09	0.003727537298961354
13.1	0.0037106266462340475
13.11	0.003693805528037062
13.120000000000001	0.0036770734025708225
13.13	0.0036593702103489612
13.14	0.0036412246892709326
13.15	0.0036231828469964677
13.16	0.003605244012963195
13.17	0.0035874075214505346
13.18	0.003569672711541104
13.19	0.0035520389270824577
13.200000000000001	0.003534505516649136
13.21	0.003517071833505092
13.22	0.003499737235566405
13.23	0.0034825010853643495
13.24	0.003465362750008735
13.25	0.0034483216011516327
13.26	0.0034313770149513715
13.27	0.0034145283720368458
13.280000000000001	0.003397775057472145
13.290000000000001	0.0033811164607215074
13.3	0.0033645519756145296
13.31	0.0033480810003117287
13.32	0.0033317029372703566
13.33	0.0033154171932105445
13.34	0.0032992231790817277
13.35	0.0032831203100293386
13.36	0.00326710800536183
13.370000000000001	0.00325118568851793
13.38	0.0032353527870342363
13.39	0.003219608732513033
13.4	0.003203952960590429
13.41	0.0031883849109047282
13.42	0.0031729040270651126
13.43	0.003157509756620567
13.44	0.003142201551029076
13.450000000000001	0.003126978865627085
13.46	0.003111841159599221
13.47	0.0030967878959482754
13.48	0.0030818185414654433
13.49	0.003066932566700803
13.5	0.0030521294459340824
13.51	0.0030374086571456228
13.52	0.003022769681987634
13.530000000000001	0.0030082120057556695
13.540000000000001	0.002993735117360362
13.55	0.0029793385092993794
13.56	0.002965021677629627
13.57	0.0029507841219396946
13.58	0.0029366253453225184
13.59	0.0029225448543483017
13.6	0.0029085421590376343
13.61	0.002894616772834847
13.620000000000001	0.0028807682125816156
13.63	0.0028669959984907534
13.64	0.0028532996541202524
13.65	0.0028396787063475217
13.66	0.002826132685343852
13.67	0.0028126611245491086
13.68	0.0027992635606466096
13.69	0.00278593953353824
13.700000000000001	0.0027726885863197546
13.71	0.002759510265256307
13.72	0.0027464041197581735
13.73	0.002733369702356683
13.74	0.0027204065686803423
13.75	0.0027075142774311634
13.76	0.0026946923903612098
13.77	0.0026819404722493007
13.780000000000001	0.0026692580908779387
13.790000000000001	0.002656644817010424
13.8	0.0026441002243681494
13.81	0.0026316238896080964
13.82	0.0026192153923005087
13.83	0.002606874314906762
13.84	0.002594600242757414
13.85	0.0025823927640304255
13.86	0.002570251469729587
13.870000000000001	0.0025581759536630853
13.88	0.0025461658124223017
13.89	0.0025342206453607334
13.9	0.002522340054573123
13.91	0.002510523644874737
13.92	0.0024987710237808452
13.93	0.0024870818014863416
13.94	0.0024754555908455475
13.950000000000001	0.002463892007352171
13.96	0.0024523906691194513
13.97	0.0024409511968604483
13.98	0.002429573213868496
13.99	0.002418256345997821
14.	0.0024070002216443295
14.01	0.002395804471726534
14.02	0.0023846687296666495
14.030000000000001	0.0023735926313718306
14.040000000000001	0.0023625758152155895
14.05	0.002351617922019337
14.06	0.0023407185950340896
14.07	0.0023292970271036086
14.08	0.0023177977958286546
14.09	0.0023063634375425934
14.1	0.0022949935406111717
14.11	0.00228368769630131
14.120000000000001	0.0022724454987586274
14.13	0.002261266544985161
14.14	0.0022501504348172397
14.15	0.0022390967709035865
14.16	0.0022281051586835587
14.17	0.002217175206365628
14.18	0.002206306524905987
14.19	0.0021954987279873754
14.200000000000001	0.002184751431998056
14.21	0.0021740642560109905
14.22	0.00216343682176318
14.23	0.002152868753635169
14.24	0.002142359678630738
14.25	0.0021319092263567627
14.26	0.002121517029003226
14.27	0.002111182721323428
14.280000000000001	0.0021009059406143253
14.290000000000001	0.0020906863266970614
14.3	0.00208052352189765
14.31	0.0020704171710278236
14.32	0.002060366921366027
14.33	0.0020503724226385903
14.34	0.00204043332700105
14.35	0.0020305492890196186
14.36	0.002020719965652817
14.370000000000001	0.002010945016233255
14.38	0.0020012241024495677
14.39	0.0019915568883284974
14.4	0.001981943040217122
14.41	0.001972382226765244
14.42	0.0019628741189079025
14.43	0.001953418389848055
14.44	0.0019440147150393842
14.450000000000001	0.0019346627721692465
14.46	0.0019253622411417877
14.47	0.0019161128040611592
14.48	0.0019069141452148955
14.49	0.0018977659510574332
14.5	0.0018886679101937486
14.51	0.001879619713363144
14.52	0.0018706210534231555
14.530000000000001	0.0018616716253336075
14.540000000000001	0.001852771126140786
14.55	0.0018439192549617464
14.56	0.0018351157129687513
14.57	0.0018263602033738312
14.58	0.0018176524314134752
14.59	0.0018089921043334518
14.6	0.001800378931373735
14.61	0.0017918126237535864
14.620000000000001	0.0017832928946567256
14.63	0.0017748194592166358
14.64	0.0017663920345020016
14.65	0.0017580103395022364
14.66	0.0017496740951131581
14.67	0.001741383024122761
14.68	0.001733136851197115
14.69	0.0017249353028663639
14.700000000000001	0.0017167781075108658
14.71	0.001708664995347414
14.72	0.001700595698415587
14.73	0.0016925699505642084
14.74	0.0016845874874379177
14.75	0.001676648046463839
14.76	0.0016687513668383722
14.77	0.0016608971895140728
14.780000000000001	0.0016530852571866657
14.790000000000001	0.0016453153142821323
14.8	0.0016375871069439225
14.81	0.0016299003830202619
14.82	0.0016222548920515668
14.83	0.0016146503852579482
14.84	0.001607086615526839
14.85	0.0015995633374006892
14.86	0.001592080307064795
14.870000000000001	0.0015846372823351909
14.88	0.0015772340226466726
14.89	0.0015698702890408925
14.9	0.0015625458441545447
14.91	0.0015552604522076857
14.92	0.0015480138789920924
14.93	0.0015408058918597626
14.94	0.0015336362597114666
14.950000000000001	0.0015265047529854287
14.96	0.0015194111436460675
14.97	0.0015123552051728448
14.98	0.0015053367125491904
14.99	0.00149835544225153
15.	0.001491411172238385
15.01	0.0014845036819395754
15.02	0.001477632752245489
15.030000000000001	0.0014707981654964546
15.040000000000001	0.0014639997054721847
15.05	0.0014572371573813197
15.06	0.0014505103078510263
15.07	0.0014438353799005304
15.08	0.0014372494050667673
15.09	0.0014306978078658
15.1	0.001424180386248799
15.11	0.0014176969394871163
15.120000000000001	0.001411247268162798
15.13	0.0014048311741591561
15.14	0.001398448460651439
15.15	0.0013920989320975487
15.16	0.0013857823942288509
15.17	0.0013794986540410462
15.18	0.0013732475197851196
15.19	0.0013670288009583458
15.200000000000001	0.0013608423082953917
15.21	0.00135468785375946
15.22	0.0013485652505335222
15.23	0.0013424743130116027
15.24	0.0013364148567901494
15.25	0.0013303866986594604
15.26	0.0013243896565951715
15.27	0.0013184235497498286
15.280000000000001	0.001312488198444504
15.290000000000001	0.001306583424160498
15.3	0.0013007090495310884
15.31	0.0012948648983333506
15.32	0.0012890507954800442
15.33	0.0012832665670115596
15.34	0.0012775120400879258
15.35	0.0012717870429808772
15.36	0.0012660914050659914
15.370000000000001	0.001260424956814876
15.38	0.0012547875297874284
15.39	0.0012491789566241413
15.4	0.0012435990710384745
15.41	0.0012380477078092955
15.42	0.0012325247027733545
15.43	0.0012270298928178404
15.44	0.0012215631158729798
15.450000000000001	0.0012161242109047018
15.46	0.00121071301790735
15.47	0.0012053293778964641
15.48	0.0011999731329015936
15.49	0.0011946441259591963
15.5	0.001189342201105567
15.51	0.001184067203369834
15.52	0.0011788189787669988
15.530000000000001	0.0011735973742910402
15.540000000000001	0.0011684022379080642
15.55	0.00116323341854951
15.56	0.0011580907661053927
15.57	0.0011529741314176315
15.58	0.0011478833662733874
15.59	0.0011428183233984847
15.6	0.0011377788564508637
15.610000000000001	0.0011327648200140882
15.620000000000001	0.001127776069590908
15.63	0.0011228124615968603
15.64	0.0011178738533539293
15.65	0.001112960103084245
15.66	0.0011080710699038368
15.67	0.0011032066138164304
15.68	0.0010983665957072983
15.69	0.0010935508773371383
15.700000000000001	0.001088759321336027
15.71	0.0010839917911973952
15.72	0.0010792481512720586
15.73	0.0010745282667622893
15.74	0.0010698320037159403
15.75	0.0010651592290206045
15.76	0.001060509810397826
15.77	0.0010558836163973423
15.780000000000001	0.0010512805163913892
15.790000000000001	0.0010467003805690299
15.8	0.0010421430799305398
15.81	0.0010376084862818227
15.82	0.0010330964722288774
15.83	0.0010286069111723054
15.84	0.0010241396773018538
15.85	0.001019694645590999
15.860000000000001	0.001015271691791581
15.870000000000001	0.0010108706924284695
15.88	0.0010064915247942677
15.89	0.0010021340669440655
15.9	0.0009977981976902182
15.91	0.0009934837965971791
15.92	0.000989190743976358
15.93	0.0009849189208810292
15.94	0.0009806682091012637
15.950000000000001	0.0009764384911589138
15.96	0.0009722296503026246
15.97	0.0009680415705028889
15.98	0.0009638741364471314
15.99	0.0009597272335348395
16.	0.0009556007478727217
16.01	0.0009514945662699068
16.02	0.0009474085762331713
16.03	0.0009433426659622168
16.04	0.0009392967243449673
16.05	0.0009352706409529084
16.06	0.0009312643060364588
16.07	0.0009272776105203801
16.080000000000002	0.0009233104459992132
16.09	0.0009193627047327575
16.1	0.0009154342796415719
16.11	0.0009115250643025225
16.12	0.0009076349529443524
16.13	0.0009037638404432874
16.14	0.0008999116223186754
16.15	0.0008965469309921244
16.16	0.0008937234947641022
16.17	0.0008909106885901227
16.18	0.0008881084659118732
16.19	0.0008853167804035501
16.2	0.0008825355859705662
16.21	0.0008797648367482456
16.22	0.0008770044871005445
16.23	0.000874254491618763
16.240000000000002	0.0008715148051202796
16.25	0.000868785382647286
16.26	0.0008660661794655267
16.27	0.0008633571510630607
16.28	0.0008606582531490086
16.29	0.0008579694416523308
16.3	0.0008552906727205933
16.31	0.0008526219027187584
16.32	0.0008499630882279687
16.330000000000002	0.0008473141860443475
16.34	0.000844675153177799
16.35	0.0008420459468508295
16.36	0.0008394265244973572
16.37	0.0008368168437615449
16.38	0.0008342168624966332
16.39	0.0008316265387637784
16.4	0.0008290458308309052
16.41	0.000826474697171559
16.42	0.0008239130964637706
16.43	0.0008213609875889238
16.44	0.0008188183296306316
16.45	0.0008162850818736212
16.46	0.0008137612038026224
16.47	0.0008112466551012652
16.48	0.0008087413956509831
16.490000000000002	0.0008062453855299234
16.5	0.0008037585850118661
16.51	0.0008012809545651425
16.52	0.0007988124548515706
16.53	0.0007963530467253896
16.54	0.0007939026912322027
16.55	0.0007914613496079265
16.56	0.0007890289832777499
16.57	0.0007866055538550906
16.580000000000002	0.0007841910231405711
16.59	0.000781785353120988
16.6	0.0007793885059682938
16.61	0.0007770004440385881
16.62	0.0007746211298711055
16.63	0.0007722505261872217
16.64	0.0007698885958894515
16.65	0.000767535302060467
16.66	0.0007651906079621119
16.67	0.0007628544770344264
16.68	0.0007605268728946764
16.69	0.0007582077593363874
16.7	0.0007558971003283877
16.71	0.0007535948600138543
16.72	0.0007513010027093668
16.73	0.0007490154929039634
16.740000000000002	0.0007467382952582077
16.75	0.0007444693746032585
16.76	0.0007422086959399397
16.77	0.0007399562244378286
16.78	0.000737711925434339
16.79	0.0007354757644338129
16.8	0.0007332477071066162
16.81	0.0007310277192882448
16.82	0.0007288157669784319
16.830000000000002	0.0007266118163402604
16.84	0.0007244158336992815
16.85	0.0007222277855426393
16.86	0.000720047638518201
16.87	0.00071787535943369
16.88	0.0007157109152558268
16.89	0.000713554273109472
16.9	0.0007114054002767782
16.91	0.000709264264196345
16.92	0.0007071308324623763
16.93	0.0007050050728238483
16.94	0.0007028869531836779
16.95	0.0007007764415978995
16.96	0.0006986735062748414
16.97	0.0006965781155743145
16.98	0.0006944902380067972
16.990000000000002	0.0006924098422326357
17.	0.0006903368970612377
17.01	0.0006882713714502796
17.02	0.0006862132345049121
17.03	0.0006841624554769788
17.04	0.0006821190037642272
17.05	0.0006800828489095372
17.06	0.000678053960600144
17.07	0.0006760323086668726
17.080000000000002	0.0006740178630833744
17.09	0.000672010593965363
17.1	0.0006700104715698671
17.11	0.0006680174662944741
17.12	0.0006660315486765868
17.13	0.000664052689392682
17.14	0.0006620808592575712
17.150000000000002	0.0006601160292236714
17.16	0.0006581581703802734
17.17	0.0006562072539528198
17.18	0.0006542632513021816
17.19	0.0006523261339239482
17.2	0.0006503958734477108
17.21	0.0006484724416363562
17.22	0.0006465558103853656
17.23	0.0006446459517221133
17.240000000000002	0.0006427428378051715
17.25	0.0006408464409236227
17.26	0.0006389567334963668
17.27	0.0006520403687913987
17.28	0.0006657173023434307
17.29	0.0006796729550246916
17.3	0.0006939128406380573