0.01	3.162795080991967
0.02	2.3187751454817587
0.03	2.0444514266361837
0.04	1.8962020764024041
0.05	1.8020829923339692
0.06	1.737257152420675
0.07	1.6913399992978675
0.08	1.6517668505713927
0.09	1.6203993613443364
0.1	1.5946849749826324
0.11	1.5713142868032717
0.12	1.5497617120800056
0.13	1.529988854188843
0.14	1.5116160770276776
0.15	1.4937310348389947
0.16	1.4767586947755331
0.17	1.4590912085184062
0.18	1.4426274900647371
0.19	1.4261569809779113
0.2	1.4105029225119479
0.21	1.3955248601021981
0.22	1.379977029177335
0.23	1.3652823134456682
0.24	1.3512572215036476
0.25	1.3362246439637275
0.26	1.3219392808352213
0.27	1.3083373225007722
0.28	1.2948764558895982
0.29	1.2815600086205075
0.3	1.2688251292087822
0.31	1.2566282660038623
0.32	1.24422452214088
0.33	1.2314222026375505
0.34	1.2191280001740707
0.35000000000000003	1.2073076697758156
0.36	1.1959301701098535
0.37	1.1841420555634
0.38	1.172521744094127
0.39	1.161312931054216
0.4	1.1504910408652473
0.41000000000000003	1.1400335337561436
0.42	1.1295233598553194
0.43	1.118741895652471
0.44	1.1083076994563064
0.45	1.0982020669451795
0.46	1.0884076885111937
0.47000000000000003	1.0789085176193347
0.48	1.0694822367845624
0.49	1.059621192062669
0.5	1.050047565370625
0.51	1.040747477802592
0.52	1.0317079760382495
0.53	1.0229169542285106
0.54	1.01436308380517
0.55	1.0059266058734668
0.56	0.9970762080983055
0.5700000000000001	0.9884582795714786
0.58	0.9800627938451237
0.59	0.9718803202443064
0.6	0.9639019790856916
0.61	0.9561194009440868
0.62	0.9485246895413201
0.63	0.9410978222511194
0.64	0.9331549850165898
0.65	0.9254007866746209
0.66	0.9178279469238074
0.67	0.9104295712730887
0.68	0.903199125204467
0.6900000000000001	0.8961304104166076
0.7000000000000001	0.8892175429542959
0.71	0.8824549330495166
0.72	0.8758372665182111
0.73	0.8689353327703607
0.74	0.8619898118414134
0.75	0.8551919278497403
0.76	0.8485366360588812
0.77	0.8420191275595051
0.78	0.8356348153553177
0.79	0.8293793214360966
0.8	0.8232484647563281
0.81	0.8172382500455775
0.8200000000000001	0.8113448573835869
0.8300000000000001	0.8055646324792236
0.84	0.799341053358265
0.85	0.7932232527738907
0.86	0.7872230130805056
0.87	0.7813367471909086
0.88	0.7755610170678593
0.89	0.7698925259224225
0.9	0.7643281109029865
0.91	0.7588647362390263
0.92	0.7534994868066851
0.93	0.7482295620859554
0.9400000000000001	0.7430522704817112
0.9500000000000001	0.7379650239830697
0.96	0.7327041657315282
0.97	0.7274090326398278
0.98	0.7222058908339692
0.99	0.7170922277069794
1.	0.7120656237570366
1.01	0.7071237482484238
1.02	0.7022643551153175
1.03	0.6974852790925878
1.04	0.692784432058971
1.05	0.6881597995790366
1.06	0.6836094376313709
1.07	0.6791314695112975
1.08	0.6747240828972926
1.09	0.6703855270710203
1.1	0.6658874507676986
1.11	0.6612759013940667
1.12	0.6567372209623368
1.1300000000000001	0.652269622715036
1.1400000000000001	0.6478713790110091
1.1500000000000001	0.64354081887195
1.16	0.6392763256510542
1.17	0.6350763348167145
1.18	0.6309393318446626
1.19	0.6268638502123761
1.2	0.6228484694899824
1.21	0.6188918135222538
1.22	0.6149925486966364
1.23	0.6111493822925779
1.24	0.6073610609077054
1.25	0.6036263689566949
1.26	0.5998233238117077
1.27	0.5958352484010224
1.28	0.5919046573711035
1.29	0.588030282678162
1.3	0.584210893794902
1.31	0.5804452963224705
1.32	0.5767323306638995
1.33	0.5730708707558678
1.34	0.5694598228558053
1.35	0.565898124381532
1.36	0.5623847428007845
1.37	0.5589186745681413
1.3800000000000001	0.5554989441069869
1.3900000000000001	0.5521246028343068
1.4000000000000001	0.5487947282262058
1.41	0.5455084229221843
1.42	0.5422648138662929
1.43	0.5390630514834068
1.44	0.5359023088889477
1.45	0.5325670734579661
1.46	0.5291908523255447
1.47	0.5258588625349648
1.48	0.5225702295983649
1.49	0.5193241020716506
1.5	0.5161196507976504
1.51	0.5129560681789772
1.52	0.5098325674792425
1.53	0.506748382151341
1.54	0.503702765191585
1.55	0.5006949885185354
1.56	0.4977243423754324
1.57	0.4947901347551843
1.58	0.4918916908469258
1.59	0.48902835250320514
1.6	0.48619947772690864
1.61	0.4834044401770726
1.62	0.4806426286927733
1.6300000000000001	0.4779134468343302
1.6400000000000001	0.4752163124410887
1.6500000000000001	0.4725506572050865
1.6600000000000001	0.46983001595612384
1.67	0.46697555744755775
1.68	0.4641553280965663
1.69	0.4613687173432654
1.7	0.45861512904589596
1.71	0.45589398105802414
1.72	0.45320470482052627
1.73	0.4505467449677563
1.74	0.44791955894732877
1.75	0.445322616652968
1.76	0.442755400069904
1.77	0.44021740293231654
1.78	0.43770813039235645
1.79	0.4352270987002851
1.8	0.43277383489530297
1.81	0.4303478765066513
1.82	0.42794877126459097
1.83	0.425576076820881
1.84	0.42322936047839244
1.85	0.4209081989295135
1.86	0.41861217800301403
1.87	0.4163408924190503
1.8800000000000001	0.4140939455520085
1.8900000000000001	0.41187094920089407
1.9000000000000001	0.4096715233669908
1.9100000000000001	0.40730209844526943
1.92	0.4049096290724499
1.93	0.40254353222258127
1.94	0.4002033827899655
1.95	0.39788876466547507
1.96	0.395599270501243
1.97	0.39333450148266946
1.98	0.39109406710748396
1.99	0.38887758497160707
2.	0.3866846805615742
2.0100000000000002	0.3845149870532831
2.02	0.3823681451168466
2.0300000000000002	0.3802438027273345
2.04	0.3781416149811989
2.05	0.3760612439181847
2.06	0.374002358348537
2.07	0.3719646336853231
2.08	0.36994775178169154
2.09	0.367951400772903
2.1	0.36597527492296816
2.11	0.3640190744757401
2.12	0.3620825055103076
2.13	0.36016527980055024
2.14	0.35826711467871153
2.15	0.3563877329028614
2.16	0.35452686252811677
2.17	0.3526842367814981
2.18	0.35085959394030286
2.19	0.3489310215144597
2.2	0.3469468064499102
2.21	0.3449827969247799
2.22	0.3430386971454257
2.23	0.3411142169546663
2.24	0.3392090716997078
2.25	0.33732298210373707
2.2600000000000002	0.3354556741410651
2.27	0.3336068789157073
2.2800000000000002	0.33177633254329164
2.29	0.329963776036188
2.3000000000000003	0.328168955191759
2.31	0.3263916204836335
2.32	0.32463152695590736
2.33	0.32288843412018275
2.34	0.3211621058553563
2.35	0.31945231031007154
2.36	0.3177588198077539
2.37	0.31608141075415
2.38	0.31441986354729423
2.39	0.3127739624898287
2.4	0.31114349570360655
2.41	0.3095282550465091
2.42	0.3079280360314107
2.43	0.30634263774722775
2.44	0.3047718627819891
2.45	0.30321551714786804
2.46	0.3016734102081205
2.47	0.3001453546058687
2.48	0.29863116619468155
2.49	0.2971306639708957
2.5	0.29564367000762926
2.5100000000000002	0.2941255260360866
2.52	0.29249717872442443
2.5300000000000002	0.29088424182151884
2.54	0.2892865094361453
2.5500000000000003	0.287703779223902
2.56	0.2861358523125046
2.57	0.2845825332289381
2.58	0.2830436298284146
2.59	0.2815189532250828
2.6	0.28000831772444146
2.61	0.2785115407574079
2.62	0.27702844281599476
2.63	0.27555884739055014
2.64	0.2741025809085165
2.65	0.27265947267466784
2.66	0.2712293548127814
2.67	0.2698120622087067
2.68	0.26840743245479187
2.69	0.2670153057956306
2.7	0.26563552507509314
2.71	0.26426793568460705
2.72	0.2629123855126521
2.73	0.26156872489543986
2.74	0.2602368065687408
2.75	0.25891648562083386
2.7600000000000002	0.2576076194465437
2.77	0.25631006770233955
2.7800000000000002	0.2550236922624656
2.79	0.2537483571760775
2.8000000000000003	0.2524839286253559
2.81	0.25123027488457433
2.82	0.24998726628009332
2.83	0.2487547751512592
2.84	0.24753267581218272
2.85	0.24632084451437372
2.86	0.24511915941021317
2.87	0.24392750051723608
2.88	0.24272967280568147
2.89	0.24141891988808603
2.9	0.24011973616941595
2.91	0.23883198016795468
2.92	0.2375555126103282
2.93	0.23629019638962348
2.94	0.23503589652444098
2.95	0.2337924801188571
2.96	0.232559816323273
2.97	0.23133777629612826
2.98	0.23012623316645656
2.99	0.22892506199726204
3.	0.22773413974969658
3.0100000000000002	0.22655334524801685
3.02	0.22538255914530259
3.0300000000000002	0.2242216638899158
3.04	0.22307054369268445
3.0500000000000003	0.22192908449479043
3.06	0.22079717393634654
3.0700000000000003	0.21967470132564332
3.08	0.21856155760905213
3.09	0.21745763534156487
3.1	0.2163628286579584
3.11	0.2152770332445661
3.12	0.21420014631164253
3.13	0.21313206656630723
3.14	0.21207269418605335
3.15	0.2110219307928076
3.16	0.20997967942752854
3.17	0.2089458445253299
3.18	0.2079203318911174
3.19	0.20690304867572568
3.2	0.20589390335254434
3.21	0.2048928056946218
3.22	0.20389966675223464
3.23	0.2029143988309128
3.24	0.2019369154699094
3.25	0.20096713142110437
3.2600000000000002	0.20000496262833334
3.27	0.19905032620712998
3.2800000000000002	0.19810314042487387
3.29	0.19716332468133405
3.3000000000000003	0.1962307994895986
3.31	0.19525548221735622
3.3200000000000003	0.19423049724848024
3.33	0.19321395133790284
3.34	0.19220574997331719
3.35	0.19120579997955203
3.36	0.19021400949573566
3.37	0.18923028795291563
3.38	0.18825454605212535
3.39	0.18728669574288603
3.4	0.18632665020213526
3.41	0.1853743238135711
3.42	0.18442963214740393
3.43	0.18349249194050538
3.44	0.18256282107694644
3.45	0.1816405385689153
3.46	0.18072556453800717
3.47	0.1798178201968772
3.48	0.17891722783124853
3.49	0.1780237107822675
3.5	0.1771371934291994
3.5100000000000002	0.17625760117245512
3.52	0.17538486041694373
3.5300000000000002	0.1745188985557421
3.54	0.17365964395407596
3.5500000000000003	0.17280702593360442
3.56	0.17196097475700248
3.5700000000000003	0.17112142161283359
3.58	0.17028829860070818
3.59	0.1694615387167199
3.6	0.16864107583915444
3.61	0.16782684471446543
3.62	0.16701878094351122
3.63	0.166216820968047
3.64	0.1654209020574672
3.65	0.16463096229579252
3.66	0.16384694056889634
3.67	0.1630687765519658
3.68	0.16229641069719283
3.69	0.16152978422168912
3.7	0.16076883909562176
3.71	0.16001351803056463
3.72	0.15926376446805968
3.73	0.15851952256838614
3.74	0.15778073719953106
3.75	0.15704735392635885
3.7600000000000002	0.15631931899997398
3.77	0.1555965793472747
3.7800000000000002	0.15487908256069255
3.79	0.15416677688811412
3.8000000000000003	0.15341514755445423
3.81	0.15262382039120784
3.8200000000000003	0.15183863319256852
3.83	0.1510595224313958
3.84	0.15028642540134968
3.85	0.14951928020418348
3.86	0.14875802573726593
3.87	0.14800260168132776
3.88	0.14725294848842843
3.89	0.14650900737013736
3.9	0.14577072028592672
3.91	0.1450380299317702
3.92	0.1443108797289451
3.93	0.14358921381303155
3.94	0.14287297702310695
3.95	0.14216211489113045
3.96	0.14145657363151384
3.97	0.1407563001308755
3.98	0.1400612419379734
3.99	0.1393713472538138
4.	0.13868656492193182
4.01	0.13800684441884073
4.0200000000000005	0.13733213584464685
4.03	0.13666238991382634
4.04	0.13599755794616075
4.05	0.13533759185782832
4.0600000000000005	0.13468244415264843
4.07	0.13403206791347524
4.08	0.13338641679373836
4.09	0.13274544500912744
4.1	0.1321091073294178
4.11	0.13147735907043503
4.12	0.1308501560861542
4.13	0.1302274547609335
4.14	0.1296092120018774
4.15	0.12899538523132847
4.16	0.12838593237948479
4.17	0.12778081187714022
4.18	0.1271799826485457
4.19	0.12658340410438934
4.2	0.1259910361348928
4.21	0.1254028391030213
4.22	0.12481877383780618
4.23	0.12423880162777723
4.24	0.12366288421450246
4.25	0.12309098378623427
4.26	0.12252306297165871
4.2700000000000005	0.12195908483374723
4.28	0.12139901286370806
4.29	0.12084281097503594
4.3	0.12029044349765798
4.3100000000000005	0.11974187517217405
4.32	0.11919707114419027
4.33	0.11865599695874303
4.34	0.11811861855481295
4.3500000000000005	0.1175849022599265
4.36	0.11703533364653729
4.37	0.11643679192593272
4.38	0.11584266888681816
4.39	0.11525292193175384
4.4	0.11466750896969592
4.41	0.11408638840884391
4.42	0.11350951914960443
4.43	0.11293686057766956
4.44	0.11236837255720862
4.45	0.11180401542417026
4.46	0.11124374997969246
4.47	0.11068753748362012
4.48	0.11013533964812644
4.49	0.10958711863143758
4.5	0.10904283703165747
4.51	0.10850245788069215
4.5200000000000005	0.107965944638271
4.53	0.10743326118606339
4.54	0.10690437182188921
4.55	0.10637924125402094
4.5600000000000005	0.10585783459557645
4.57	0.10534011735900028
4.58	0.10482605545063217
4.59	0.10431561516536085
4.6000000000000005	0.10380876318136216
4.61	0.10330546655491966
4.62	0.1028056927153257
4.63	0.10230940945986293
4.64	0.1018165849488635
4.65	0.10132718770084514
4.66	0.1008411865877228
4.67	0.10035855083009411
4.68	0.09987924999259808
4.69	0.09940325397934505
4.7	0.09893053302941703
4.71	0.09846105771243695
4.72	0.09799479892420601
4.73	0.09753172788240753
4.74	0.09707181612237635
4.75	0.0966150354929327
4.76	0.09616135815227914
4.7700000000000005	0.0957107565639598
4.78	0.09526320349288094
4.79	0.09481867200139106
4.8	0.09437713544542058
4.8100000000000005	0.09393856747067908
4.82	0.09350294200891002
4.83	0.09307023327420107
4.84	0.0926404157593498
4.8500000000000005	0.09221346423228363
4.86	0.09178935373253268
4.87	0.09136805956775537
4.88	0.09094955731031515
4.89	0.09053382279390819
4.9	0.09012083211024037
4.91	0.0897105616057537
4.92	0.08930298787840042
4.93	0.08889808777446458
4.94	0.08849583838543018
4.95	0.08809621704489498
4.96	0.08769920132552933
4.97	0.08730476903607903
4.98	0.08691289821841212
4.99	0.08652356714460797
5.	0.08613675431408888
5.01	0.08571158332517716
5.0200000000000005	0.08527301977641172
5.03	0.08483756631892031
5.04	0.08440519477988168
5.05	0.08397587729687477
5.0600000000000005	0.08354958631385309
5.07	0.08312629457717917
5.08	0.08270597513171775
5.09	0.08228860131698751
5.1000000000000005	0.08187414676336946
5.11	0.0814625853883715
5.12	0.08105389139294826
5.13	0.08064803925787499
5.14	0.08024500374017514
5.15	0.07984475986959993
5.16	0.07944728294515987
5.17	0.07905254853170696
5.18	0.07866053245656628
5.19	0.07827121080621756
5.2	0.0778845599230243
5.21	0.07750055640201056
5.22	0.07711917708768437
5.23	0.07674039907090721
5.24	0.07636419968580883
5.25	0.07599055650674581
5.26	0.07561944734530464
5.2700000000000005	0.07525085024734733
5.28	0.0748847434900995
5.29	0.07452110557928002
5.3	0.07415991524627163
5.3100000000000005	0.07380115144533185
5.32	0.07344479335084363
5.33	0.07309082035460471
5.34	0.07273921206315574
5.3500000000000005	0.07238994829514586
5.36	0.0720430090787357
5.37	0.0716983746490366
5.38	0.0713560254455863
5.39	0.07101594210985955
5.4	0.07067810548281397
5.41	0.07034249660247001
5.42	0.07000909670152461
5.43	0.0696778872049983
5.44	0.0693488497279149
5.45	0.06902196607301338
5.46	0.06869721822849151
5.47	0.06837458836578046
5.48	0.0680540588373505
5.49	0.06773561217454654
5.5	0.06741923108545371
5.51	0.06710489845279202
5.5200000000000005	0.06679259733184005
5.53	0.06648231094838691
5.54	0.06617402269671212
5.55	0.06586771613759314
5.5600000000000005	0.06556337499633993
5.57	0.06526098316085621
5.58	0.06496052467972699
5.59	0.06466198376033193
5.6000000000000005	0.0643653447669842
5.61	0.06407059221909454
5.62	0.06377771078935979
5.63	0.06348668530197593
5.64	0.06319750073087514
5.65	0.06291014219798619
5.66	0.06262459497151833
5.67	0.06234084446426795
5.68	0.0620588762319477
5.69	0.06177867597153812
5.7	0.06150022951966083
5.71	0.061223522850973315
5.72	0.06094854207658504
5.73	0.06067527344249452
5.74	0.060403703328046725
5.75	0.06010747149471718
5.76	0.05979529144725652
5.7700000000000005	0.05948527006675535
5.78	0.05917738872395399
5.79	0.058871628982205
5.8	0.0585679725951538
5.8100000000000005	0.05826640150445073
5.82	0.057966897837495125
5.83	0.05766944390520953
5.84	0.057374022199844964
5.8500000000000005	0.05708061539281575
5.86	0.05678920633256403
5.87	0.056499778042453264
5.88	0.05621231371869035
5.89	0.05592679672827586
5.9	0.055643210606982
5.91	0.055361539057358085
5.92	0.055081765946762506
5.93	0.05480387530542169
5.94	0.05452785132451471
5.95	0.054253678354283866
5.96	0.053981340902170515
5.97	0.05371082363097559
5.98	0.05344211135704526
5.99	0.053175189048480044
6.	0.05291004182336825
6.01	0.052646654948042895
6.0200000000000005	0.05238501383536125
6.03	0.0521251040430078
6.04	0.051866911271819194
6.05	0.05161042136413141
6.0600000000000005	0.05135562030214881
6.07	0.05110249420633456
6.08	0.05085102933382212
6.09	0.050601212076847625
6.1000000000000005	0.05035302896120289
6.11	0.050106466644708345
6.12	0.04986151191570623
6.13	0.04961815169157315
6.140000000000001	0.049376373017252104
6.15	0.04913616306380359
6.16	0.04889750912697534
6.17	0.048660398625790705
6.18	0.04842481910115528
6.19	0.04819075821448129
6.2	0.047958203746330134
6.21	0.047727143595071804
6.22	0.047497565775562044
6.23	0.047269458417836
6.24	0.047042809765818996
6.25	0.046817608176053516
6.26	0.04659384211644246
6.2700000000000005	0.04637150016500855
6.28	0.04615057100866927
6.29	0.04593104344202759
6.3	0.045712906366177856
6.3100000000000005	0.04549614878752687
6.32	0.04528075981662977
6.33	0.04506672866704076
6.34	0.04485404465417817
6.3500000000000005	0.04464269719420377
6.36	0.04443267580291638
6.37	0.044223970094658956
6.38	0.044016569781239724
6.390000000000001	0.04381046467086661
6.4	0.04360564466709506
6.41	0.04340209976778878
6.42	0.04319982006409359
6.43	0.04299879573942406
6.44	0.04279901706846242
6.45	0.0426004744161702
6.46	0.04240315823681183
6.47	0.042207059072990494
6.48	0.04201216755469569
6.49	0.04181847439836261
6.5	0.04162597040594307
6.51	0.04143464646398775
6.5200000000000005	0.04124449354273981
6.53	0.04105550269523945
6.54	0.040867665056439496
6.55	0.04068097184233178
6.5600000000000005	0.040495414349083984
6.57	0.04031098395218724
6.58	0.040127672105613896
6.59	0.03994547034098544
6.6000000000000005	0.03974848774291209
6.61	0.03953656754881143
6.62	0.039326095018771795
6.63	0.03911705809909901
6.640000000000001	0.038909444854429376
6.65	0.038703243466392034
6.66	0.038498442232288634
6.67	0.03829502956378978
6.68	0.0380929939856481
6.69	0.037892324134427655
6.7	0.03769300875724964
6.71	0.03749503671055382
6.72	0.03729839695887574
6.73	0.03710307857363943
6.74	0.036909070731965275
6.75	0.03671636271549311
6.76	0.03652494390921991
6.7700000000000005	0.036334803800352186
6.78	0.036145931977172946
6.79	0.03595831812792258
6.8	0.035771952039693966
6.8100000000000005	0.03558682359734134
6.82	0.035402922782402806
6.83	0.03522023967203622
6.84	0.035038764437968294
6.8500000000000005	0.03485848734545701
6.86	0.03467939875226654
6.87	0.03450148910765518
6.88	0.034324748951375605
6.890000000000001	0.034149168912687655
6.9	0.033974739709383146
6.91	0.0338014521468228
6.92	0.03362929711698501
6.93	0.03345826559752621
6.94	0.03328834865085291
6.95	0.033119537423205024
6.96	0.03295182314375035
6.97	0.0327851971236903
6.98	0.03261965075537634
6.99	0.03245517551143729
7.	0.03229176294391723
7.01	0.032129404683423915
7.0200000000000005	0.03196809243828743
7.03	0.031807817993729094
7.04	0.03164857321104049
7.05	0.03149035002677215
7.0600000000000005	0.031333140451932466
7.07	0.031176936571195725
7.08	0.03102173054212019
7.09	0.030867514594375058
7.1000000000000005	0.030714281028977185
7.11	0.030562022217536556
7.12	0.030410730601511057
7.13	0.030260398691469938
7.140000000000001	0.030111019066366207
7.15	0.02996258437281766
7.16	0.029815087324396326
7.17	0.029668520700926664
7.18	0.02952287734779165
7.19	0.029378150175247517
7.2	0.029234332157746314
7.21	0.029091416333266513
7.22	0.028949395802651642
7.23	0.028808263728956545
7.24	0.028668013336801468
7.25	0.028528637911733615
7.26	0.028390130799596236
7.2700000000000005	0.028252485405905213
7.28	0.028115695195232698
7.29	0.02797975369059827
7.3	0.027844654472866798
7.3100000000000005	0.027710391180153775
7.32	0.02757695750723713
7.33	0.027444347204976245
7.34	0.027312554079737438
7.3500000000000005	0.027181571992826264
7.36	0.02705139485992631
7.37	0.026922016650544518
7.38	0.026793431387462853
7.390000000000001	0.026665633146196348
7.4	0.026538616054457394
7.41	0.02641237429162613
7.42	0.02628690208822688
7.43	0.02616219372541077
7.44	0.026038243534444016
7.45	0.02591504589620233
7.46	0.025792595240670815
7.47	0.02567088604644981
7.48	0.025549912840266236
7.49	0.025429670196490516
7.5	0.025310152736658938
7.51	0.025191355129001582
7.5200000000000005	0.02507327208797538
7.53	0.02495589837380264
7.54	0.02483922879201469
7.55	0.02472325819300075
7.5600000000000005	0.024607981471561676
7.57	0.024493393566469086
7.58	0.024366682194734212
7.59	0.02423730941580734
7.6000000000000005	0.02410879251543976
7.61	0.023981124716477
7.62	0.023854299304234328
7.63	0.023728309625840136
7.640000000000001	0.023603149089586717
7.65	0.023478811164289067
7.66	0.023355289378650928
7.67	0.023232577320638527
7.68	0.023110668636861387
7.69	0.022989557031960817
7.7	0.0228692362680051
7.71	0.0227497001638921
7.72	0.022630942594758667
7.73	0.02251295749139702
7.74	0.022395738839677968
7.75	0.02227928067998064
7.76	0.022163577106629098
7.7700000000000005	0.02204862226733537
7.78	0.02193441036264888
7.79	0.021820935645412376
7.8	0.021708192420224107
7.8100000000000005	0.02159617504290614
7.82	0.021484877919978936
7.83	0.021374295508141867
7.84	0.021264422313759808
7.8500000000000005	0.02115525289235547
7.86	0.02104678184810782
7.87	0.020939003833355955
7.88	0.0208319135481089
7.890000000000001	0.02072550573956081
7.9	0.020619775201611897
7.91	0.020514716774394676
7.92	0.020410325343805682
7.930000000000001	0.020306595841042413
7.94	0.020203523242145784
7.95	0.020101102567547397
7.96	0.019999328881622265
7.97	0.019898197292246494
7.98	0.019797702950359847
7.99	0.019697841049533437
8.	0.01959860682554218
8.01	0.01949999555594208
8.02	0.01940200255965226
8.03	0.019304623196541765
8.040000000000001	0.01920785286702089
8.05	0.01911168701163716
8.06	0.01901612111067582
8.07	0.018921150683764737
8.08	0.018826771289483835
8.09	0.018732978524978742
8.1	0.018639768025578804
8.11	0.018547135464419436
8.120000000000001	0.01844944353394305
8.13	0.018349093003442545
8.14	0.01824941065300962
8.15	0.018150391220914996
8.16	0.01805202949324793
8.17	0.0179543203034239
8.18	0.017857258531697662
8.19	0.017760839104682177
8.2	0.017665056994872898
8.21	0.017569907220177528
8.22	0.017475384843451236
8.23	0.017381484972037127
8.24	0.017288202757311955
8.25	0.01719553339423707
8.26	0.017103472120914443
8.27	0.017012014218147718
8.28	0.016921155009008315
8.290000000000001	0.01683088985840645
8.3	0.01674121417266696
8.31	0.016652123399110003
8.32	0.016563613025636456
8.33	0.01647567858031802
8.34	0.016388315630991915
8.35	0.016301519784860226
8.36	0.016215286688093675
8.370000000000001	0.016129612025439857
8.38	0.016044491519835943
8.39	0.015959920932025643
8.4	0.015875896060180545
8.41	0.015792412739525613
8.42	0.015709466841968903
8.43	0.015627054275735457
8.44	0.015545170985005173
8.45	0.01546381294955487
8.46	0.015382976184404122
8.47	0.015302656739465275
8.48	0.015222850699197089
8.49	0.015143554182262466
8.5	0.01506476334118977
8.51	0.014986474362038038
8.52	0.01490868346406578
8.53	0.014831386899403477
8.540000000000001	0.014754580952729742
8.55	0.014678261940950971
8.56	0.014602426212884526
8.57	0.014527070148945422
8.58	0.014452190160836455
8.59	0.014377782691241698
8.6	0.014303844213523388
8.61	0.014230371231422087
8.620000000000001	0.014157360278760118
8.63	0.014084807919148325
8.64	0.014012710745695855
8.65	0.013941065380723285
8.66	0.013869868475478744
8.67	0.013799116709857123
8.68	0.013728806792122445
8.69	0.013658935458633094
8.700000000000001	0.01358499537492129
8.71	0.013508568843999858
8.72	0.013432659230395463
8.73	0.013357262451100716
8.74	0.01328237445998331
8.75	0.013207991247411274
8.76	0.013134108839882542
8.77	0.01306072329965866
8.78	0.012987830724402568
8.790000000000001	0.012915427246820576
8.8	0.012843509034308254
8.81	0.01277207228860034
8.82	0.012701113245424592
8.83	0.01263062817415947
8.84	0.01256061337749568
8.85	0.012491065191101507
8.86	0.01242197998329185
8.870000000000001	0.01235335415470099
8.88	0.012285184137958942
8.89	0.012217466397371497
8.9	0.012150197428603722
8.91	0.012083373758366999
8.92	0.01201699194410963
8.93	0.011951048573710713
8.94	0.011885540265177533
8.950000000000001	0.011820463666346207
8.96	0.011755815454585688
8.97	0.011691592336505033
8.98	0.011627791047663849
8.99	0.011564408352285942
9.	0.011501441042976195
9.01	0.011438885940440388
9.02	0.011376739893208232
9.03	0.011314999777359405
9.040000000000001	0.011253662496252525
9.05	0.011192724980257172
9.06	0.011132184186488748
9.07	0.011072037098546308
9.08	0.011012280726253171
9.09	0.010952912105400446
9.1	0.010893928297493225
9.11	0.010835326389499656
9.120000000000001	0.01077710349360265
9.13	0.010719256746954293
9.14	0.010661783311432976
9.15	0.010604680373403045
9.16	0.010547945143477146
9.17	0.01049157485628107
9.18	0.010435566770221151
9.19	0.010379918167254186
9.200000000000001	0.010324626352659804
9.21	0.010269688654815276
9.22	0.010215102424972743
9.23	0.010160865037038861
9.24	0.010106973887356789
9.25	0.010053426394490453
9.26	0.010000219999011236
9.27	0.009947352163286786
9.28	0.009894820371272237
9.290000000000001	0.009842622128303518
9.3	0.009790754960892946
9.31	0.009739216416526959
9.32	0.009685709310965613
9.33	0.009629432881872057
9.34	0.009573543193988966
9.35	0.00951803717975463
9.36	0.009462911799182338
9.370000000000001	0.009408164039583328
9.38	0.009353790915292962
9.39	0.009299789467399785
9.4	0.009246156763477717
9.41	0.00919288989732115
9.42	0.009139985988682939
9.43	0.009087442183015366
9.44	0.009035255651213887
9.450000000000001	0.00898342358936372
9.46	0.00893194321848928
9.47	0.008880811784306256
9.48	0.008830026556976544
9.49	0.008779584830865734
9.5	0.008729483924303366
9.51	0.00867972117934571
9.52	0.008630293961541281
9.53	0.008581199659698719
9.540000000000001	0.008532435685657388
9.55	0.008483999474060384
9.56	0.008435888482129979
9.57	0.008388100189445647
9.58	0.008340632097724317
9.59	0.008293481730603153
9.6	0.008246646633424663
9.61	0.008200124373024052
9.620000000000001	0.008153912537519018
9.63	0.008108008736101662
9.64	0.008062410598832797
9.65	0.008017115776438337
9.66	0.007972121940107994
9.67	0.007927426781296088
9.68	0.007883028011524467
9.69	0.007838923362187656
9.700000000000001	0.007795110584359937
9.71	0.007751587448604663
9.72	0.007708351744785487
9.73	0.0076654012818796625
9.74	0.007622733887793369
9.75	0.007580347409178927
9.76	0.007538239711254087
9.77	0.0074964086776230674
9.78	0.0074548522100996925
9.790000000000001	0.007413568228532257
9.8	0.0073725546706303385
9.81	0.007331809491793436
9.82	0.00729133066494135
9.83	0.00725111618034651
9.84	0.00721116404546789
9.85	0.0071714722847868355
9.86	0.0071320389396445595
9.870000000000001	0.007092862068081319
9.88	0.0070539397446773636
9.89	0.00701527006039548
9.9	0.0069768511224252774
9.91	0.006938681054029011
9.92	0.006900757994389098
9.93	0.006863080098457217
9.94	0.006825645536804947
9.950000000000001	0.006788452495476037
9.96	0.0067514991758401725
9.97	0.006714783794448245
9.98	0.006678304582889234
9.99	0.006638725914122466
10.	0.006598574713875265
10.01	0.006558706116892183
10.02	0.006519117854730533
10.03	0.006479807679394152
10.040000000000001	0.006440773363128976
10.05	0.006402012698220841
10.06	0.00636352349679553
10.07	0.006325303590621032
10.08	0.006287350830911884
10.09	0.006249663088135735
10.1	0.006212238251822014
10.11	0.006175074230372624
10.120000000000001	0.0061381689508747655
10.13	0.006101520358915775
10.14	0.006065126418399977
10.15	0.0060289851113675425
10.16	0.0059930944378152684
10.17	0.005957452415519389
10.18	0.0059220570798602
10.19	0.005886906483648686
10.200000000000001	0.005851998696954939
10.21	0.0058173318069384885
10.22	0.005782903917680433
10.23	0.0057487131500173925
10.24	0.0057147576413772725
10.25	0.00568103554561672
10.26	0.005647545032860458
10.27	0.0056142842893421975
10.28	0.005581251517247389
10.290000000000001	0.0055484449345575585
10.3	0.005515862774896383
10.31	0.005483503287377371
10.32	0.00545136473645319
10.33	0.00541944540176662
10.34	0.005387743578003031
10.35	0.005356257574744521
10.36	0.005324985716325569
10.370000000000001	0.005293926341690191
10.38	0.005263077804250677
10.39	0.005232438471747783
10.4	0.0052020067261124205
10.41	0.0051717809633288325
10.42	0.005141759593299158
10.43	0.005111941039709533
10.44	0.005082323739897482
10.450000000000001	0.005052906144720819
10.46	0.005023686718427854
10.47	0.004994663938529043
10.48	0.004965836295669892
10.49	0.004937202293505279
10.5	0.004908760448575094
10.51	0.004880509290181111
10.52	0.004852447360265254
10.53	0.004824573213289043
10.540000000000001	0.0047968854161143755
10.55	0.004769382547885525
10.56	0.00474206319991235
10.57	0.0047149259755547785
10.58	0.004687969490108437
10.59	0.004661192370691525
10.6	0.004634593256132826
10.61	0.004608170796860903
10.620000000000001	0.004581923654794451
10.63	0.0045558505032337665
10.64	0.004529950026753367
10.65	0.004504220921095705
10.66	0.004478661893065984
10.67	0.004453271660428102
10.68	0.004428048951801575
10.69	0.004402992506559652
10.700000000000001	0.004377078893866694
10.71	0.004349853849660125
10.72	0.004322823314520413
10.73	0.004295985719274921
10.74	0.004269339508855517
10.75	0.004242883142158825
10.76	0.004216615091907981
10.77	0.004190533844515898
10.78	0.004164637899950022
10.790000000000001	0.0041389257715985055
10.8	0.004113395986137861
10.81	0.0040880470834020475
10.82	0.004062877616252911
10.83	0.004037886150452094
10.84	0.00401307126453426
10.85	0.0039884315496817035
10.86	0.0039639656096003275
10.870000000000001	0.003939672060396888
10.88	0.00391554953045763
10.89	0.003891596660328154
10.9	0.003867812102594624
10.91	0.003844194521766183
10.92	0.003820742594158672
10.93	0.0037974550077795807
10.94	0.0037743304622142016
10.950000000000001	0.0037513676685130034
10.96	0.0037285653490802236
10.97	0.0037059222375636
10.98	0.0036834370787453387
10.99	0.00366110862843414
11.	0.003638935653358492
11.01	0.0036169169310609666
11.02	0.0035950512497937236
11.03	0.0035733374084151
11.040000000000001	0.0035517742162872405
11.05	0.003530360493174875
11.06	0.0035090950691451157
11.07	0.0034879767844683347
11.08	0.0034670044895200695
11.09	0.003446177044683962
11.1	0.0034254933202557303
11.11	0.003404952196348105
11.120000000000001	0.0033845525627968264
11.13	0.003364293319067574
11.14	0.0033441733741638733
11.15	0.0033241916465359964
11.16	0.003304347063990791
11.17	0.0032846385636024437
11.18	0.003265065091624193
11.19	0.0032456256034009414
11.200000000000001	0.0032263190632827875
11.21	0.0032071444445394646
11.22	0.0031881007292756504
11.23	0.0031691869083471567
11.24	0.00315040198127801
11.25	0.0031317449561783645
11.26	0.0031132148496632764
11.27	0.003094810686772315
11.28	0.003076531500890004
11.290000000000001	0.0030583763336670977
11.3	0.003040344234942627
11.31	0.003022434262666823
11.32	0.0030046454828247453
11.33	0.0029869769693607515
11.34	0.002969427804103742
11.35	0.0029519970766931484
11.36	0.0029346838845056957
11.370000000000001	0.0029174873325829077
11.38	0.002900406533559368
11.39	0.0028834406075916898
11.4	0.0028665886822882465
11.41	0.0028498498926395797
11.42	0.002833223380949551
11.43	0.0028167082967671853
11.44	0.0028003037968191854
11.450000000000001	0.0027840090449431833
11.46	0.0027678232120216108
11.47	0.00275063848446979
11.48	0.002733465191082945
11.49	0.0027164139301729855
11.5	0.00269948372950611
11.51	0.0026826736254300055
11.52	0.002665982662790765
11.53	0.0026494098948506226
11.540000000000001	0.0026329543832066082
11.55	0.002616615197710044
11.56	0.0026003914163868474
11.57	0.00258428212535874
11.58	0.002568286418765227
11.59	0.002552403398686422
11.6	0.002536632175066674
11.61	0.0025209718656389853
11.620000000000001	0.0025054215958502475
11.63	0.0024899804987872135
11.64	0.0024746477151032973
11.65	0.0024594223929460856
11.66	0.0024443036878856413
11.67	0.0024292907628435346
11.68	0.0024143827880226216
11.69	0.0023995789408375536
11.700000000000001	0.002384878405846002
11.71	0.0023702803746805954
11.72	0.0023557840459815667
11.73	0.0023413886253301156
11.74	0.0023270933251824263
11.75	0.0023128973648043863
11.76	0.0022987999702069914
11.77	0.0022848003740823892
11.78	0.0022708978157406135
11.790000000000001	0.0022570915410469487
11.8	0.0022433808023599442
11.81	0.0022297648584700858
11.82	0.0022162429745390525
11.83	0.0022028144220396497
11.84	0.0021894784786963364
11.85	0.0021762344284263387
11.86	0.0021630815612814227
11.870000000000001	0.0021500191733901976
11.88	0.0021370465669010748
11.89	0.0021241630499257403
11.9	0.002111367936483281
11.91	0.002098660546444814
11.92	0.0020860402054787178
11.93	0.002073506244996415
11.94	0.002061058002098702
11.950000000000001	0.002048694819522627
11.96	0.0020364160455889043
11.97	0.002024221034149872
11.98	0.002012109144537969
11.99	0.002000079741514735
12.	0.001988132195220334
12.01	0.001976265881123578
12.02	0.001964480179972469
12.030000000000001	0.0019527744777452253
12.040000000000001	0.0019411481656018187
12.05	0.001929600639835992
12.06	0.0019181313018277468
12.07	0.00190673955799635
12.08	0.0018954248197537577
12.09	0.0018841865034585578
12.1	0.001873024030370347
12.11	0.0018619368266045676
12.120000000000001	0.0018509243230878133
12.13	0.0018399859555135573
12.14	0.0018291211642983529
12.15	0.001818329394538451
12.16	0.0018076100959668632
12.17	0.0017969627229108343
12.18	0.00178638673424977
12.19	0.00177588159337356
12.200000000000001	0.0017654467681413265
12.21	0.0017550817308405783
12.22	0.0017447859581467757
12.23	0.0017345589310832933
12.24	0.0017244001349817917
12.25	0.0017143090594429564
12.26	0.001704285198297659
12.27	0.0016943280495684803
12.280000000000001	0.001684437115431613
12.290000000000001	0.0016746018269145513
12.3	0.001664831271354622
12.31	0.0016551255935640902
12.32	0.0016454843105667154
12.33	0.001635906943369546
12.34	0.0016263930169268723
12.35	0.0016169420601045259
12.36	0.0016075536056445613
12.370000000000001	0.001598227190130242
12.38	0.0015889623539514157
12.39	0.001579758641270188
12.4	0.0015706155999869603
12.41	0.0015615327817067944
12.42	0.0015525097417060992
12.43	0.001543546038899652
12.44	0.001534641235807936
12.450000000000001	0.001525794898524802
12.46	0.0015170065966854426
12.47	0.0015082759034346757
12.48	0.0014996023953955525
12.49	0.0014909856526382438
12.5	0.001482425258649263
12.51	0.001473920800300953
12.52	0.0014654718678212984
12.530000000000001	0.001457078054764018
12.540000000000001	0.001448738957978946
12.55	0.0014404541775827034
12.56	0.001432223316929655
12.57	0.0014240459825831477
12.58	0.0014159217842870165
12.59	0.001407850334937385
12.6	0.001399831250554719
12.61	0.0013918641502561645
12.620000000000001	0.0013839486562281377
12.63	0.0013760843936991968
12.64	0.0013682709909131618
12.65	0.0013605080791024885
12.66	0.0013527952924619166
12.67	0.0013451322681223596
12.68	0.0013375186461250374
12.69	0.0013299540693958746
12.700000000000001	0.0013224381837201277
12.71	0.0013149706377172722
12.72	0.0013075510828161059
12.73	0.0013001791732301122
12.74	0.0012928545659330578
12.75	0.001285576920634799
12.76	0.0012783458997573504
12.77	0.0012711611684111588
12.780000000000001	0.001264022394371614
12.790000000000001	0.0012569292480557818
12.8	0.0012498814024993518
12.81	0.0012428785333338129
12.82	0.0012359203187638362
12.83	0.0012290064395448835
12.84	0.0012221365789610156
12.85	0.001215310422802927
12.86	0.0012085276593461621
12.870000000000001	0.0012017879793295662
12.88	0.001195091075933925
12.89	0.0011884366447608042
12.9	0.001181824383811597
12.91	0.0011752539934667592
12.92	0.0011687251764652502
12.93	0.0011622376378841606
12.94	0.0011557910851185311
12.950000000000001	0.0011493852278613667
12.96	0.001143019778083828
12.97	0.001136694450015624
12.98	0.0011304089601255716
12.99	0.001124163027102355
13.	0.0011179563718354418
13.01	0.0011117887173962024
13.02	0.0011056597890191932
13.030000000000001	0.0010995693140836073
13.040000000000001	0.001093517022094918
13.05	0.001087502644666679
13.06	0.0010815259155024886
13.07	0.0010755865703781478
13.08	0.0010696843471239502
13.09	0.0010638189856071614
13.1	0.001057990227714657
13.11	0.0010521978173357086
13.120000000000001	0.001046441500344946
13.13	0.0010407210245854674
13.14	0.0010350361398521089
13.15	0.001029386597874867
13.16	0.0010239279122769163
13.17	0.0010197380738180251
13.18	0.0010155685405196825
13.19	0.0010114191986830415
13.200000000000001	0.0010072899353314206
13.21	0.0010031806382051775
13.22	0.0009990911957566224
13.23	0.0009950214971449615
13.24	0.000990971432231295
13.25	0.0009869408915736434
13.26	0.000982929766422015
13.27	0.0009789379487135192
13.280000000000001	0.0009749653310675042
13.290000000000001	0.0009710118067807461
13.3	0.0009670772698226663
13.31	0.0009631616148305948
13.32	0.0009592647371050581
13.33	0.0009553865326051205
13.34	0.0009515268979437416
13.35	0.0009476857303831893
13.36	0.0009438629278304771
13.370000000000001	0.0009400583888328383
13.38	0.0009362720125732368
13.39	0.0009325036988659142
13.4	0.0009287533481519659
13.41	0.0009250208614949606
13.42	0.0009213061405765827
13.43	0.0009176090876923174
13.44	0.000913929605747165
13.450000000000001	0.000910267598251388
13.46	0.000906622969316292
13.47	0.0009029956236500403
13.48	0.0008993854665534991
13.49	0.0008957924039161135
13.5	0.0008922163422118195
13.51	0.0008886571884949806
13.52	0.0008851148503963647
13.530000000000001	0.000881589236119143
13.540000000000001	0.0008780802544349232
13.55	0.0008745878146798197
13.56	0.0008711118267505368
13.57	0.0008676522011005036
13.58	0.0008642088487360174
13.59	0.000860781681212434
13.6	0.0008573706106303784
13.61	0.0008539755496319788
13.620000000000001	0.000850596411397149
13.63	0.0008472331096398719
13.64	0.000843885558604538
13.65	0.0008405536730622905
13.66	0.0008372373683074121
13.67	0.000833936560153733
13.68	0.0008306511649310654
13.69	0.0008273810994816721
13.700000000000001	0.000824126281156749
13.71	0.0008208866278129496
13.72	0.0008176620578089229
13.73	0.000814452490001887
13.74	0.0008112578437442207
13.75	0.0008080780388800865
13.76	0.0008049129957420775
13.77	0.0008017626351478869
13.780000000000001	0.0007986268783970053
13.790000000000001	0.0007955056472674476
13.8	0.0007923988640124909
13.81	0.0007893064513574516
13.82	0.000786228332496477
13.83	0.0007831644310893695
13.84	0.000780114671258421
13.85	0.0007770789775852885
13.86	0.0007740572751078781
13.870000000000001	0.0007710494893172615
13.88	0.0007680555461546125
13.89	0.0007650753720081641
13.9	0.0007621088937101939
13.91	0.0007591560385340238
13.92	0.0007562167341910533
13.93	0.0007532909088278039
13.94	0.0007503784910229917
13.950000000000001	0.000747479409784621
13.96	0.0007445935945470974
13.97	0.0007417209751683659
13.98	0.000738861481927065
13.99	0.000736015045519708
14.	0.0007331815970578811
14.01	0.0007303610680654614
14.02	0.0007275533904758629
14.030000000000001	0.0007247584966292916
14.040000000000001	0.000721976319270029
14.05	0.000719206791543736
14.06	0.0007164498469947698
14.07	0.0007191456874967658
14.08	0.0007391317286392764
14.09	0.0007596584245695472
14.1	0.0007807400015019533