0.01	3.1271435226442836
0.02	2.3420557719294437
0.03	2.0847376154179043
0.04	1.9473955534545395
0.05	1.8607502102716755
0.06	1.8011410520691329
0.07	1.7557151142040508
0.08	1.7177911274814814
0.09	1.6870986231258531
0.1	1.6608794599873111
0.11	1.636689018218535
0.12	1.614605488744181
0.13	1.594355257742731
0.14	1.5743571826121483
0.15	1.5558171152354023
0.16	1.5363838362128113
0.17	1.51827061105046
0.18	1.5002248856107843
0.19	1.4829539899524118
0.2	1.466415525064446
0.21	1.4493714003817226
0.22	1.4333048437332088
0.23	1.4176524109571988
0.24	1.4014233965743823
0.25	1.3860315697147285
0.26	1.3714027565591487
0.27	1.3563476527144183
0.28	1.341836365145381
0.29	1.3279815464266196
0.3	1.3147304019458381
0.31	1.3003717353892126
0.32	1.2866184214126146
0.33	1.273427184695547
0.34	1.260759037479348
0.35000000000000003	1.2478734666866678
0.36	1.234929124420431
0.37	1.2224682837575331
0.38	1.2104605316964403
0.39	1.1988781051635662
0.4	1.1871958111273682
0.41000000000000003	1.1753234019948746
0.42	1.1638515835216021
0.43	1.152757773802319
0.44	1.1420211515782541
0.45	1.1316224826417967
0.46	1.1209222135913017
0.47000000000000003	1.1101351999988565
0.48	1.0996758569194058
0.49	1.089527709626564
0.5	1.0796754264178392
0.51	1.0701047183371621
0.52	1.060802249463712
0.53	1.0510469436014553
0.54	1.0414554059411116
0.55	1.0321250095422834
0.56	1.023044087190666
0.5700000000000001	1.0142016893770862
0.58	1.0055875284824154
0.59	0.997191928179509
0.6	0.9888940876249258
0.61	0.9801500400297821
0.62	0.9716236234128164
0.63	0.9633060400781809
0.64	0.9551889803702094
0.65	0.9472645884823002
0.66	0.9395254311446632
0.67	0.9319644689090325
0.68	0.9245750297798239
0.6900000000000001	0.9171632169447472
0.7000000000000001	0.9094331258489426
0.71	0.9018764592233456
0.72	0.8944869648224201
0.73	0.8872586986016159
0.74	0.8801860055539086
0.75	0.8732635019782016
0.76	0.8664860590551136
0.77	0.8598487876179891
0.78	0.853347024017908
0.79	0.846915941539321
0.8	0.8400459025144111
0.81	0.8333159040869915
0.8200000000000001	0.826721414991376
0.8300000000000001	0.8202581035203461
0.84	0.8139218264605934
0.85	0.8077086187648495
0.86	0.8016146839036528
0.87	0.7956363848447007
0.88	0.7897702356122965
0.89	0.7840128933834642
0.9	0.778361151081024
0.91	0.7726317287793261
0.92	0.7667449757406927
0.93	0.7609659927366937
0.9400000000000001	0.7552916794801315
0.9500000000000001	0.7497190566182956
0.96	0.7442452598030888
0.97	0.7388675341101396
0.98	0.7335832287830153
0.99	0.728389792280491
1.	0.7232847676065476
1.01	0.7182657879043096
1.02	0.7133305722965648
1.03	0.7084769219568002
1.04	0.7037027163958806
1.05	0.6985540435988411
1.06	0.6934835403250544
1.07	0.6884969367815423
1.08	0.683592079888979
1.09	0.678766891088306
1.1	0.6740193631068004
1.11	0.6693475568923865
1.12	0.6647495987060098
1.1300000000000001	0.660223677362597
1.1400000000000001	0.6557680416117713
1.1500000000000001	0.6513809976500874
1.16	0.6470609067571068
1.17	0.6428061830481387
1.18	0.638615291336952
1.19	0.6344867451021929
1.2	0.630189769263181
1.21	0.6257877641826948
1.22	0.6214523609218703
1.23	0.6171820181777032
1.24	0.6129752424660088
1.25	0.6088305862669321
1.26	0.6047466462565323
1.27	0.6007220616198037
1.28	0.5967555124407714
1.29	0.5928457181655742
1.3	0.5889914361346852
1.31	0.58519146018066
1.32	0.5814446192880095
1.33	0.5777497763119976
1.34	0.5741058267533565
1.35	0.5705116975860773
1.36	0.5669663461356079
1.37	0.5634687590049355
1.3800000000000001	0.5597256726124864
1.3900000000000001	0.5559942985884507
1.4000000000000001	0.5523142815091729
1.41	0.5486845552059335
1.42	0.5451040829979297
1.43	0.5415718566761443
1.44	0.5380868955290469
1.45	0.5346482454081252
1.46	0.5312549778313576
1.47	0.5279061891228387
1.48	0.5246009995868679
1.49	0.5213385527148915
1.5	0.5181180144237909
1.51	0.514938572324071
1.52	0.5117994350165876
1.53	0.5086998314165242
1.54	0.5056390101033899
1.55	0.5026162386958751
1.56	0.4996308032504636
1.57	0.4966820076827487
1.58	0.49361287825535183
1.59	0.4904620959347758
1.6	0.4873509911576037
1.61	0.4842788209382471
1.62	0.4812448607042042
1.6300000000000001	0.4782484037295766
1.6400000000000001	0.475288760589363
1.6500000000000001	0.4723652586336447
1.6600000000000001	0.46947724148082304
1.67	0.4666240685291088
1.68	0.4638051144854996
1.69	0.46101976891152424
1.7	0.4582674357850552
1.71	0.4555475330775354
1.72	0.45285949234599043
1.73	0.45020275833922213
1.74	0.4475767886176176
1.75	0.44498105318602466
1.76	0.44241503413917255
1.77	0.43987822531914267
1.78	0.4373701319844141
1.79	0.434890270490028
1.8	0.43243816797844103
1.81	0.42994905297485364
1.82	0.427284861297512
1.83	0.42465164148884504
1.84	0.4220488671831384
1.85	0.4194760237561316
1.86	0.4169326080014114
1.87	0.4144181278174016
1.8800000000000001	0.41193210190455687
1.8900000000000001	0.409474059472368
1.9000000000000001	0.40704353995581627
1.9100000000000001	0.4046400927409215
1.92	0.40226327689904656
1.93	0.39991266092963607
1.94	0.3975878225110787
1.95	0.39528834825939607
1.96	0.39301383349447494
1.97	0.3907638820135679
1.98	0.3885381058718024
1.99	0.38633612516944704
2.	0.38415756784569427
2.0100000000000002	0.3820020694787268
2.02	0.37986927309185
2.0300000000000002	0.37775882896547225
2.04	0.37567039445473444
2.05	0.3736036338125869
2.06	0.3715582180181289
2.07	0.36953382461002954
2.08	0.3674295625033437
2.09	0.3652295335075304
2.1	0.36305308478091974
2.11	0.3608998530956881
2.12	0.35876948250506957
2.13	0.3566616241639261
2.14	0.35457593615455635
2.15	0.3525120833175674
2.16	0.3504697370876381
2.17	0.34844857533401336
2.18	0.34644828220556856
2.19	0.34446854798029514
2.2	0.342509068919062
2.21	0.3405695471235108
2.22	0.3386496903979512
2.23	0.33674921211512615
2.24	0.3348678310857216
2.25	0.3330052714315001
2.2600000000000002	0.33116126246194233
2.27	0.3293355385542839
2.2800000000000002	0.32752783903684046
2.29	0.32573790807551645
2.3000000000000003	0.32396549456339646
2.31	0.3222103520133249
2.32	0.32047223845337647
2.33	0.3187509163251325
2.34	0.3170461523846726
2.35	0.3153577176061981
2.36	0.31368538708820937
2.37	0.31202893996215525
2.38	0.31038815930348196
2.39	0.30862956461710567
2.4	0.3068343640228797
2.41	0.30505700506231864
2.42	0.30329723748311854
2.43	0.30155481555765756
2.44	0.29982949798299463
2.45	0.29812104778347576
2.46	0.2964292322158725
2.47	0.2947538226769733
2.48	0.29309459461355886
2.49	0.29145132743468666
2.5	0.2898238044262196
2.5100000000000002	0.28821181266753
2.52	0.28661514295031726
2.5300000000000002	0.2850335896994771
2.54	0.28346695089596063
2.5500000000000003	0.2819150280015685
2.56	0.28037762588562254
2.57	0.2788545527534609
2.58	0.2773456200767052
2.59	0.27585064252524866
2.6	0.27436943790091606
2.61	0.27290182707274896
2.62	0.2714476339138689
2.63	0.2700066852398767
2.64	0.26857881074874174
2.65	0.2671638429621423
2.66	0.2657616171682147
2.67	0.26437197136567436
2.68	0.2629947462092682
2.69	0.26162978495652467
2.7	0.2602769334157632
2.71	0.2589360398953315
2.72	0.2576069551540342
2.73	0.25628953235272384
2.74	0.25492111659886846
2.75	0.25347459457568156
2.7600000000000002	0.2520414866486081
2.77	0.2506216204956922
2.7800000000000002	0.2492148266199616
2.79	0.24782093829316792
2.8000000000000003	0.24643979150084142
2.81	0.24507122488862967
2.82	0.24371507970988282
2.83	0.24237119977445273
2.84	0.24103943139867506
2.85	0.2397196233565004
2.86	0.23841162683174677
2.87	0.23711529537144208
2.88	0.2358304848402289
2.89	0.2345570533758037
2.9	0.23329486134536273
2.91	0.23204377130302986
2.92	0.23080364794823988
2.93	0.22957435808505275
2.94	0.2283557705823758
2.95	0.22714775633506873
2.96	0.22595018822591126
2.97	0.22476294108840966
2.98	0.22358589167042148
2.99	0.22241891859857799
3.	0.22126190234348436
3.0100000000000002	0.22011472518567726
3.02	0.21897727118232188
3.0300000000000002	0.21784942613462913
3.04	0.21673107755597612
3.0500000000000003	0.2156221146407112
3.06	0.21452242823362805
3.0700000000000003	0.2134319108000907
3.08	0.21235045639679573
3.09	0.2112779606431534
3.1	0.21021432069327542
3.11	0.20915943520855218
3.12	0.20811320433080668
3.13	0.2070755296560108
3.14	0.20604631420855013
3.15	0.2049202690334046
3.16	0.20378877287816172
3.17	0.20266706992908334
3.18	0.20155504493129595
3.19	0.20045258434297328
3.2	0.19935957630460766
3.21	0.1982759106089264
3.22	0.197201478671438
3.23	0.19613617350159196
3.24	0.1950798896745396
3.25	0.19403252330348028
3.2600000000000002	0.19299397201257834
3.27	0.19196413491043923
3.2800000000000002	0.1909429125641304
3.29	0.1899302069737336
3.3000000000000003	0.18892592154741802
3.31	0.18792996107702
3.3200000000000003	0.1869422317141191
3.33	0.18596264094659787
3.34	0.18499109757567478
3.35	0.1840275116933993
3.36	0.18307179466059834
3.37	0.1821238590852635
3.38	0.1811836188013695
3.39	0.1802509888481135
3.4	0.1793258854495665
3.41	0.17840822599472564
3.42	0.17749792901796144
3.43	0.1765949141798473
3.44	0.17569910224836624
3.45	0.1748104150804834
3.46	0.17392877560407857
3.47	0.17305410780022884
3.48	0.1721863366858349
3.49	0.1713253882965829
3.5	0.17047118967023348
3.5100000000000002	0.16962366883023286
3.52	0.1687827547696373
3.5300000000000002	0.167948377435344
3.54	0.16712046771262298
3.5500000000000003	0.16629895740994216
3.56	0.16548377924407986
3.5700000000000003	0.16467486682551827
3.58	0.1638721546441122
3.59	0.16307557805502654
3.6	0.16228507326493694
3.61	0.161467223836746
3.62	0.1605897799697125
3.63	0.15971950515024663
3.64	0.15885632129633867
3.65	0.158000151387724
3.66	0.15715091944858786
3.67	0.15630855053059872
3.68	0.15547297069626145
3.69	0.15464410700258588
3.7	0.15382188748506123
3.71	0.1530062411419326
3.72	0.15219709791877026
3.73	0.15139438869332775
3.74	0.15059804526068193
3.75	0.14980800031864844
3.7600000000000002	0.14902418745346702
3.77	0.14824654112575167
3.7800000000000002	0.14747499665669903
3.79	0.14670949021455065
3.8000000000000003	0.14594995880130252
3.81	0.145196340239658
3.8200000000000003	0.14444857316021817
3.83	0.1437065969889052
3.84	0.14297035193461366
3.85	0.1422397789770847
3.86	0.14151481985499997
3.87	0.14079541705428808
3.88	0.1400815137966427
3.89	0.13937305402824418
3.9	0.1386699824086846
3.91	0.137972244300088
3.92	0.13727978575642488
3.93	0.13659255351301625
3.94	0.135910494976222
3.95	0.13523355821331212
3.96	0.13456169194251547
3.97	0.1338948455232426
3.98	0.1332329689464808
3.99	0.13257601282535542
4.	0.1319239283858563
4.01	0.13127666745772468
4.0200000000000005	0.13063418246549846
4.03	0.1299964264197115
4.04	0.12936335290824527
4.05	0.1287349160878285
4.0600000000000005	0.12811107067568275
4.07	0.1274917719413116
4.08	0.1268769756984286
4.09	0.12626663829702384
4.1	0.1256607166155645
4.11	0.12505916805332784
4.12	0.12446195052286356
4.13	0.1238690224425835
4.14	0.12328034272947541
4.15	0.12262388325709386
4.16	0.12196457910425734
4.17	0.12131039001433615
4.18	0.12066126417925528
4.19	0.12001715043789259
4.2	0.11937799826648075
4.21	0.11874375776917485
4.22	0.11811437966878059
4.23	0.11748981529764174
4.24	0.11687001658868272
4.25	0.11625493606660343
4.26	0.11564452683922352
4.2700000000000005	0.11503874258897333
4.28	0.1144375375645288
4.29	0.11384086657258664
4.3	0.11324868496977836
4.3100000000000005	0.11266094865471979
4.32	0.11207761406019393
4.33	0.1114986381454635
4.34	0.11092397838871236
4.3500000000000005	0.11035359277961247
4.36	0.10978743981201354
4.37	0.10922547847675422
4.38	0.10866766825459169
4.39	0.10811396910924767
4.4	0.1075643414805688
4.41	0.10701874627779909
4.42	0.10647714487296243
4.43	0.10593949909435302
4.44	0.10540577122013194
4.45	0.10487592397202772
4.46	0.10434992050913895
4.47	0.10382772442183698
4.48	0.10330929972576766
4.49	0.10279461085594882
4.5	0.1022836226609631
4.51	0.10177630039724386
4.5200000000000005	0.10127260972345227
4.53	0.1007725166949443
4.54	0.10027598775832586
4.55	0.09978298974609422
4.5600000000000005	0.0992934898713647
4.57	0.09880745572268075
4.58	0.09832485525890561
4.59	0.09784565680419487
4.6000000000000005	0.09736982904304778
4.61	0.09689734101543639
4.62	0.09642816211201068
4.63	0.09596226206937863
4.64	0.09549961096546024
4.65	0.09504017921491283
4.66	0.09458393756462859
4.67	0.09413085708930069
4.68	0.09368090918705874
4.69	0.09323406557517078
4.7	0.0927902982858124
4.71	0.09234957966189944
4.72	0.09191188235298586
4.73	0.09147717931122365
4.74	0.09104544378738429
4.75	0.09061664932694104
4.76	0.09015587000537102
4.7700000000000005	0.08967003037266708
4.78	0.08918781813097074
4.79	0.08870919869341573
4.8	0.0882341378741703
4.8100000000000005	0.08776260188296432
4.82	0.08729455731970252
4.83	0.08682997116916195
4.84	0.0863688107957725
4.8500000000000005	0.08591104393847813
4.86	0.08545663870567921
4.87	0.08500556357025223
4.88	0.08455778736464746
4.89	0.08411327927606198
4.9	0.08367200884168766
4.91	0.08323394594403186
4.92	0.08279906080631025
4.93	0.08236732398791051
4.94	0.08193870637992515
4.95	0.08151317920075259
4.96	0.08109071399176583
4.97	0.0806712826130462
4.98	0.08025485723918256
4.99	0.07984141035513403
5.	0.07943091475215498
5.01	0.07902334352378186
5.0200000000000005	0.07861867006188052
5.03	0.07821686805275264
5.04	0.07781791147330086
5.05	0.07742177458725137
5.0600000000000005	0.07702843194143268
5.07	0.07663785836211018
5.08	0.07625002895137509
5.09	0.07586491908358725
5.1000000000000005	0.07548250440187039
5.11	0.07510276081465964
5.12	0.07472566449229966
5.13	0.07435119186369306
5.14	0.0739793196129983
5.15	0.07361002467637602
5.16	0.0732432842387828
5.17	0.07287907573081204
5.18	0.07251737682558104
5.19	0.07215816543566338
5.2	0.07180141971006573
5.21	0.07144711803124881
5.22	0.07109523901219142
5.23	0.07074576149349679
5.24	0.07039866454054099
5.25	0.07005392744066213
5.26	0.06971152970039013
5.2700000000000005	0.0693714510427162
5.28	0.06903367140440156
5.29	0.06869817093332435
5.3	0.06836492998586473
5.3100000000000005	0.06803392912432693
5.32	0.06770514911439829
5.33	0.06737857092264402
5.34	0.06705417571403764
5.3500000000000005	0.06673194484952624
5.36	0.06641185988363019
5.37	0.06609390256207663
5.38	0.06577805481946616
5.39	0.06546429877697225
5.4	0.06515261674007314
5.41	0.0648429911963151
5.42	0.06453540481310709
5.43	0.06422984043554611
5.44	0.06392628108427288
5.45	0.063624709953357
5.46	0.0633196707995324
5.47	0.06297309496036782
5.48	0.06262904390800102
5.49	0.06228749469243588
5.5	0.06194842461356163
5.51	0.06161181121798411
5.5200000000000005	0.06127763229590317
5.53	0.06094586587803496
5.54	0.06061649023257866
5.55	0.06028948386222682
5.5600000000000005	0.059964825501218656
5.57	0.059642494112435676
5.58	0.059322468884538564
5.59	0.059004729229145354
5.6000000000000005	0.05868925477804963
5.61	0.058376025380478314
5.62	0.05806502110038845
5.63	0.05775622221380239
5.64	0.05744960920618063
5.65	0.05714516276983173
5.66	0.056842863801359035
5.67	0.05654269339914292
5.68	0.05624463286085882
5.69	0.055948663681029985
5.7	0.05565476754861442
5.71	0.05536292634462557
5.72	0.05507312213978643
5.73	0.05478533719221608
5.74	0.054499553945148674
5.75	0.05421575502468377
5.76	0.05393392323756826
5.7700000000000005	0.05365404156900858
5.78	0.05337609318051346
5.79	0.05310006140776632
5.8	0.052825929758526916
5.8100000000000005	0.0525536819105618
5.82	0.05228330170960342
5.83	0.05201477316733683
5.84	0.05174808045941417
5.8500000000000005	0.05148320792349616
5.86	0.051220140057320306
5.87	0.050958861516795365
5.88	0.05069935711412173
5.89	0.050441611815937294
5.9	0.05018561074148829
5.91	0.049931339160825115
5.92	0.04967878249302218
5.93	0.04942792630442195
5.94	0.04917875630690246
5.95	0.048931258356168295
5.96	0.04868541845006413
5.97	0.04844122272691112
5.98	0.04819865746386546
5.99	0.047957709075298616
6.	0.047718364111199424
6.01	0.04748060925559726
6.0200000000000005	0.04724443132500602
6.03	0.04700981726688896
6.04	0.046776754158143655
6.05	0.046545229203607
6.0600000000000005	0.046315229734579945
6.07	0.04608674320737158
6.08	0.04585975720186244
6.09	0.045634259420086455
6.1000000000000005	0.045410237684831774
6.11	0.04518767993825959
6.12	0.04496657424054112
6.13	0.04474690876851234
6.140000000000001	0.04452867181434623
6.15	0.04431185178424214
6.16	0.04409643719713235
6.17	0.04388241668340519
6.18	0.04366977898364482
6.19	0.043458512947387055
6.2	0.04324860753189146
6.21	0.043040051800929145
6.22	0.04283283492358594
6.23	0.04262694617308123
6.24	0.04242237492560174
6.25	0.0422191106591502
6.26	0.04201714295240868
6.2700000000000005	0.041808031956922696
6.28	0.04157300786842383
6.29	0.04133967576619039
6.3	0.041108020808285746
6.3100000000000005	0.04087802830623321
6.32	0.0406496837231896
6.33	0.040422972672143294
6.34	0.04019788091413641
6.3500000000000005	0.039974394356511046
6.36	0.03975249905117872
6.37	0.0395321811929133
6.38	0.03931342711766647
6.390000000000001	0.03909622330090571
6.4	0.03888055635597456
6.41	0.038666413032474464
6.42	0.03845378021466817
6.43	0.03824264491990446
6.44	0.03803299429706329
6.45	0.037824815625022046
6.46	0.03761809631114157
6.47	0.03741282388977225
6.48	0.0372089860207799
6.49	0.03700657048809079
6.5	0.03680556519825594
6.51	0.03660595817903396
6.5200000000000005	0.03640773757799268
6.53	0.036210891661128904
6.54	0.036015408811506076
6.55	0.03582127752790976
6.5600000000000005	0.03562848642352059
6.57	0.03543702422460437
6.58	0.03524687976921923
6.59	0.03505804200593943
6.6000000000000005	0.034870499992595526
6.61	0.034684242895031074
6.62	0.034499259985875136
6.63	0.03431554064333043
6.640000000000001	0.034133074349977394
6.65	0.033951850691593274
6.66	0.033771859355986464
6.67	0.0335930901318456
6.68	0.03341553290760358
6.69	0.03323917767031577
6.7	0.03306401450455267
6.71	0.03289003359130661
6.72	0.03271722520691221
6.73	0.03254557972198064
6.74	0.032375087600347255
6.75	0.03220573939803265
6.76	0.03203752576221655
6.7700000000000005	0.031870437430224906
6.78	0.03170446522852964
6.79	0.03153960007176074
6.8	0.03137583296173106
6.8100000000000005	0.03121315498647302
6.82	0.03105155731928767
6.83	0.030891031217805228
6.84	0.030731568023057612
6.8500000000000005	0.03057315915856245
6.86	0.03041579612941845
6.87	0.03025947052141189
6.88	0.030104174000134373
6.890000000000001	0.02994989831011133
6.9	0.02979663527394134
6.91	0.029644376791446173
6.92	0.02949311483883103
6.93	0.029342841467855367
6.94	0.029193548805013875
6.95	0.029045229050727296
6.96	0.028897874478543414
6.97	0.028751477434347614
6.98	0.02860603033558317
6.99	0.02846152567048105
7.	0.028317955997299013
7.01	0.028175313943570136
7.0200000000000005	0.02803359220536019
7.03	0.027892783546534246
7.04	0.027752880798032117
7.05	0.027613876857152473
7.0600000000000005	0.027475764686845646
7.07	0.027338537315014993
7.08	0.02720218783382666
7.09	0.027066709399027503
7.1000000000000005	0.026932095229271463
7.11	0.026798338605453817
7.12	0.02666543287005338
7.13	0.026533371426482686
7.140000000000001	0.02640214773844593
7.15	0.026271755329304425
7.16	0.02614218778144972
7.17	0.026013438735684128
7.18	0.025885501890608724
7.19	0.0257583710020183
7.2	0.025625175090067516
7.21	0.02548159640588875
7.22	0.025339019528382523
7.23	0.02519743609448366
7.24	0.025056837822372384
7.25	0.024917216510574127
7.26	0.024778564037070905
7.2700000000000005	0.024640872358423434
7.28	0.02450413350890422
7.29	0.02436833959964145
7.3	0.02423348281777339
7.3100000000000005	0.02409955542561321
7.32	0.023966549759824228
7.33	0.02383445823060522
7.34	0.023703273320885763
7.3500000000000005	0.023572987585531502
7.36	0.023443593650559088
7.37	0.023315084212360854
7.38	0.02318745203693886
7.390000000000001	0.023060689959148353
7.4	0.02293479088195053
7.41	0.022809747775674186
7.42	0.022685553677286606
7.43	0.022562201689673198
7.44	0.022439684980925786
7.45	0.022317996783639715
7.46	0.022197130394219344
7.47	0.02207707917219188
7.48	0.021957836539529693
7.49	0.021839395979980594
7.5	0.02172175103840629
7.51	0.021604895320128773
7.5200000000000005	0.02148882249028453
7.53	0.021373526273186554
7.54	0.021259000451693905
7.55	0.02114523886658894
7.5600000000000005	0.021032235415961827
7.57	0.02091998405460253
7.58	0.020808478793400014
7.59	0.0206977136987485
7.6000000000000005	0.020587682891960876
7.61	0.020478380548689105
7.62	0.020369800898351345
7.63	0.020261938223565975
7.640000000000001	0.020154786859592308
7.65	0.02004834119377784
7.66	0.019942595665012015
7.67	0.019837544763186575
7.68	0.019733183028662026
7.69	0.019629505051740482
7.7	0.019526505472144764
7.71	0.01942417897850351
7.72	0.019313575846663274
7.73	0.019202870850793505
7.74	0.019092942307290982
7.75	0.018983783777709
7.76	0.018875388885199164
7.7700000000000005	0.018767751313843783
7.78	0.018660864807996363
7.79	0.018554723171629803
7.8	0.018449320267692807
7.8100000000000005	0.01834465001747382
7.82	0.01824070639997274
7.83	0.018137483451280193
7.84	0.018034975263964154
7.8500000000000005	0.017933175986464087
7.86	0.01783207982249219
7.87	0.017731681030441974
7.88	0.017631973922803693
7.890000000000001	0.017532952865587037
7.9	0.01743461227775041
7.91	0.01733694663063723
7.92	0.01723995044741884
7.930000000000001	0.01714361830254402
7.94	0.01704794482119508
7.95	0.01695292467875039
7.96	0.01685855260025318
7.97	0.01676482335988688
7.98	0.016671731780456184
7.99	0.016579272732874798
8.	0.01648744113565878
8.01	0.01639623195442603
8.02	0.016305640201401628
8.03	0.016215660934929023
8.040000000000001	0.016126289258986792
8.05	0.016037520322711298
8.06	0.015949349319924692
8.07	0.015861771488668543
8.08	0.015774782110742937
8.09	0.015688376511250834
8.1	0.015602550058147795
8.11	0.015517298161797
8.120000000000001	0.015432616274529238
8.13	0.015348499890208207
8.14	0.015264944543800736
8.15	0.015181945810951903
8.16	0.015099499307565326
8.17	0.015017600689387947
8.18	0.014936245651599822
8.19	0.014855429928408607
8.2	0.014775149292648624
8.21	0.014695399555384604
8.22	0.014616176565519915
8.23	0.014537476209409313
8.24	0.014459294410476107
8.25	0.014381627128833702
8.26	0.01430447036091142
8.27	0.014221468562706114
8.28	0.014137084827550767
8.290000000000001	0.014053302733448406
8.3	0.013970117272806818
8.31	0.013887523485674793
8.32	0.013805516459232312
8.33	0.013724091327286782
8.34	0.013643243269775202
8.35	0.013562967512272336
8.36	0.01348325932550467
8.370000000000001	0.013404114024869974
8.38	0.013325526969962878
8.39	0.013247493564105617
8.4	0.01317000925388474
8.41	0.013093069528692866
8.42	0.013016669920276168
8.43	0.012940806002286994
8.44	0.01286547338984171
8.45	0.012790667739083881
8.46	0.012716384746752409
8.47	0.012642620149754778
8.48	0.012569369724745334
8.49	0.012496629287708387
8.5	0.012424394693546217
8.51	0.012352661835671908
8.52	0.01228142664560686
8.53	0.01221068509258297
8.540000000000001	0.01214043318314948
8.55	0.012070666960784359
8.56	0.012001382505510088
8.57	0.011932575933514074
8.58	0.011864243396773255
8.59	0.011796381082683115
8.6	0.011728985213691036
8.61	0.011662052046933697
8.620000000000001	0.011595577873878835
8.63	0.011529559019970959
8.64	0.01146399184428119
8.65	0.011398872739161148
8.66	0.011334198129900712
8.67	0.011269964474389724
8.68	0.011206168262783613
8.69	0.011142806017172737
8.700000000000001	0.011079874291255492
8.71	0.01101736967001527
8.72	0.01095528876940089
8.73	0.01089362823601079
8.74	0.010832384746780782
8.75	0.010771555008675283
8.76	0.010711135758382066
8.77	0.010651123762010505
8.78	0.010591515814793138
8.790000000000001	0.010532308740790643
8.8	0.010473499392600146
8.81	0.01041508465106678
8.82	0.010357061424998454
8.83	0.01029942665088392
8.84	0.010242177292613865
8.85	0.010185310341205261
8.86	0.010124745089218618
8.870000000000001	0.010062619937590878
8.88	0.010000945341176702
8.89	0.00993971753050416
8.9	0.009878932771827163
8.91	0.00981858736674731
8.92	0.009758677651840056
8.93	0.009699199998285273
8.94	0.009640150811502164
8.950000000000001	0.009581526530788403
8.96	0.009523323628963423
8.97	0.009465538612015958
8.98	0.009408168018755637
8.99	0.009351208420468505
9.	0.009294656420576738
9.01	0.009238508654302206
9.02	0.009182761788333792
9.03	0.009127412520498838
9.040000000000001	0.00907245757943812
9.05	0.009017893724284694
9.06	0.008963717744346438
9.07	0.008909926458792216
9.08	0.008856516716341639
9.09	0.008803485394958425
9.1	0.008750829401547245
9.11	0.00869854567165403
9.120000000000001	0.008646631169169748
9.13	0.008595082886037525
9.14	0.008543897841963128
9.15	0.008493073084128742
9.16	0.008442605686909991
9.17	0.008392492751596235
9.18	0.008342731406113966
9.19	0.008293318804753393
9.200000000000001	0.00824425212789813
9.21	0.00819552858175792
9.22	0.008147145398104386
9.23	0.008099099834009804
9.24	0.008051389171588767
9.25	0.008004010717742814
9.26	0.0079569618039079
9.27	0.007910239785804754
9.28	0.007863842043191958
9.290000000000001	0.0078177659796219
9.3	0.007772009022199401
9.31	0.007726568621343048
9.32	0.0076814422505492395
9.33	0.007636627406158816
9.34	0.007592121607126327
9.35	0.007547922394791891
9.36	0.007504027332655554
9.370000000000001	0.007460434006154166
9.38	0.007417140022440785
9.39	0.0073741430101665175
9.4	0.007331440619264671
9.41	0.007289030520737495
9.42	0.007246910406445149
9.43	0.007205077988896978
9.44	0.007163531001045247
9.450000000000001	0.007122267196080984
9.46	0.00708128434723217
9.47	0.007040580247564161
9.48	0.007000152709782205
9.49	0.00695835372728365
9.5	0.006913847334168504
9.51	0.006869671984578086
9.52	0.006825824871948686
9.53	0.0067823032164226514
9.540000000000001	0.00673910426456658
9.55	0.00669622528909286
9.56	0.0066536635885843555
9.57	0.006611416487222282
9.58	0.0065694813345172675
9.59	0.00652785550504349
9.6	0.006486536398175858
9.61	0.006445521437830261
9.620000000000001	0.006404808072206769
9.63	0.006364393773535806
9.64	0.0063242760378272225
9.65	0.006284452384622264
9.66	0.006244920356748328
9.67	0.006205677520076625
9.68	0.006166721463282496
9.69	0.0061280497976085434
9.700000000000001	0.0060896601566304415
9.71	0.006051550196025415
9.72	0.006013717593343328
9.73	0.005976160047780438
9.74	0.005938875279955658
9.75	0.005901861031689372
9.76	0.005865115065784797
9.77	0.005828635165811755
9.78	0.005792419135892953
9.790000000000001	0.005756464800492652
9.8	0.005720770004207693
9.81	0.0056853326115609455
9.82	0.005650150506797024
9.83	0.005615221593680326
9.84	0.005580543795295343
9.85	0.005546115053849247
9.86	0.005511933330476575
9.870000000000001	0.005477996605046272
9.88	0.00544430287597078
9.89	0.0054108501600172365
9.9	0.005377636492120931
9.91	0.005344659925200694
9.92	0.00531191852997639
9.93	0.0052794103947885005
9.94	0.005247133625419643
9.950000000000001	0.0052150863449181
9.96	0.005183266693423319
9.97	0.005151672827993347
9.98	0.005120302922434156
9.99	0.005089155167130877
10.	0.005058227768880922
10.01	0.005027518950728881
10.02	0.004997026951803345
10.03	0.004966750027155433
10.040000000000001	0.0049366864475991375
10.05	0.0049068344995534564
10.06	0.004877192484886214
10.07	0.004847758720759607
10.08	0.004818531539477481
10.09	0.004789509288334249
10.1	0.004760690329465445
10.11	0.004732073039699993
10.120000000000001	0.0047036558104139835
10.13	0.0046754370473861525
10.14	0.004647415170654854
10.15	0.004619588614376631
10.16	0.004591955826686339
10.17	0.004563086637148684
10.18	0.0045330424425205
10.19	0.0045032252720134365
10.200000000000001	0.004473633189884997
10.21	0.004444264278772455
10.22	0.004415116639500582
10.23	0.004386188390891607
10.24	0.004357477669577223
10.25	0.004328982629812894
10.26	0.004300701443294187
10.27	0.0042726322989751495
10.28	0.004244773402888905
10.290000000000001	0.004217122977970132
10.3	0.004189679263879625
10.31	0.00416244051683086
10.32	0.00413540500941849
10.33	0.004108571030448786
10.34	0.004081936884772035
10.35	0.004055500893116756
10.36	0.00402926139192586
10.370000000000001	0.004003216733194611
10.38	0.00397736528431046
10.39	0.003951705427894581
10.4	0.003926235561645333
10.41	0.0039009540981833415
10.42	0.0038758594648984125
10.43	0.0038509501037981265
10.44	0.0038262244713581023
10.450000000000001	0.003801681038373992
10.46	0.0037773182898151016
10.47	0.003753134724679605
10.48	0.0037291288558514786
10.49	0.0037052992099589075
10.5	0.0036816443272343438
10.51	0.0036581627613761197
10.52	0.003634853079411561
10.53	0.003611713861561645
10.540000000000001	0.0035887437011071586
10.55	0.003565941204256347
10.56	0.003543304990013986
10.57	0.003520833690051965
10.58	0.0034985259485812536
10.59	0.003476380422225284
10.6	0.003454395779894773
10.61	0.003432570702663867
10.620000000000001	0.0034109038836476683
10.63	0.0033893940278811453
10.64	0.0033680398521993195
10.65	0.0033468400851187925
10.66	0.0033257934667205694
10.67	0.003304898748534204
10.68	0.0032841546934230938
10.69	0.003263560075471206
10.700000000000001	0.003243113679870882
10.71	0.003222814302811949
10.72	0.0032026607513720266
10.73	0.0031826518434080304
10.74	0.0031627864074488185
10.75	0.0031430632825890873
10.76	0.0031234813183843185
10.77	0.003104039374746962
10.78	0.003084736321843675
10.790000000000001	0.003065571039993701
10.8	0.0030465424195683663
10.81	0.0030276493608916216
10.82	0.0030088907741416997
10.83	0.002990265579253805
10.84	0.0029717727058238834
10.85	0.002953411093013376
10.86	0.0029351796894550686
10.870000000000001	0.0029170774531598943
10.88	0.00289910335142477
10.89	0.0028812563607414077
10.9	0.0028624116058422115
10.91	0.0028434405655979027
10.92	0.002824612466848185
10.93	0.0028059261031463025
10.94	0.002787380279318411
10.950000000000001	0.0027689738113481207
10.96	0.002750705526262256
10.97	0.0027325742620179045
10.98	0.0027145788673907548
10.99	0.0026967182018646316
11.	0.002678991135522278
11.01	0.002661396548937364
11.02	0.002643933333067661
11.03	0.0026266003891494178
11.040000000000001	0.0026093966285929107
11.05	0.002592320972879136
11.06	0.002575372353457647
11.07	0.0025585497116455257
11.08	0.002541851998527445
11.09	0.0025252781748568757
11.1	0.0025088272109583453
11.11	0.0024924980866307556
11.120000000000001	0.00247628979105183
11.13	0.0024602013226835443
11.14	0.0024442316891786072
11.15	0.002428379907287999
11.16	0.0024126450027694914
11.17	0.0023970260102971677
11.18	0.0023815219733719483
11.19	0.0023661319442330867
11.200000000000001	0.0023508549837706234
11.21	0.0023356901614387986
11.22	0.002320636555170422
11.23	0.002305693251292137
11.24	0.002290859344440655
11.25	0.0022761339374798586
11.26	0.0022615161414188275
11.27	0.002247005075330739
11.28	0.0022325998662726617
11.290000000000001	0.0022182996492062
11.3	0.0022041035669190137
11.31	0.002190010769947171
11.32	0.0021760204164983465
11.33	0.002162131672375853
11.34	0.002148343710903482
11.35	0.002134655712851145
11.36	0.0021210668663613507
11.370000000000001	0.0021075763668764224
11.38	0.0020941834170665366
11.39	0.002080887226758522
11.4	0.0020676870128654057
11.41	0.0020545819993167368
11.42	0.0020415714169896414
11.43	0.0020286545036406183
11.44	0.0020158305038380743
11.450000000000001	0.0020030986688955458
11.46	0.0019904582568056775
11.47	0.0019779085321748723
11.48	0.0019654487661586455
11.49	0.0019530782363976677
11.5	0.0019407962269544924
11.51	0.0019286020282509502
11.52	0.0019164949370061844
11.53	0.0019044742561754031
11.540000000000001	0.001892539294889216
11.55	0.0018806893683936355
11.56	0.0018689237979907407
11.57	0.0018572419109799175
11.58	0.0018456430405997541
11.59	0.0018341265259705425
11.6	0.0018226917120373785
11.61	0.0018113379495138574
11.620000000000001	0.0018000645948263818
11.63	0.0017888710100590316
11.64	0.0017777565628990263
11.65	0.00176672062658275
11.66	0.0017557625798423574
11.67	0.0017448818068529165
11.68	0.0017340438277238912
11.69	0.0017232789786263128
11.700000000000001	0.0017125900762123996
11.71	0.0017019765204474308
11.72	0.0016914377165439755
11.73	0.001680973074911575
11.74	0.0016705820111069668
11.75	0.0016602639457848052
11.76	0.0016500183046489244
11.77	0.0016398445184040774
11.78	0.0016297420227081977
11.790000000000001	0.0016197102581251555
11.8	0.0016097486700779875
11.81	0.0015998567088026327
11.82	0.0015900338293021316
11.83	0.0015802794913013132
11.84	0.001570593159201932
11.85	0.001560974302038292
11.86	0.0015514223934333092
11.870000000000001	0.0015419369115550294
11.88	0.0015325173390736142
11.89	0.0015231631631187432
11.9	0.0015138738752374671
11.91	0.0015046489713524988
11.92	0.0014954879517209269
11.93	0.0014863903208933457
11.94	0.0014773555876734232
11.950000000000001	0.0014683832650778652
11.96	0.001459472870296796
11.97	0.0014506239246545487
11.98	0.0014418359535708536
11.99	0.0014331084865224141
12.	0.0014244410570048917
12.01	0.0014158332024952597
12.02	0.0014072844644145563
12.030000000000001	0.0013987943880910108
12.040000000000001	0.001390362522723541
12.05	0.0013819884213456257
12.06	0.0013736716407895453
12.07	0.0013654117416509784
12.08	0.0013572082882539666
12.09	0.0013490608486162303
12.1	0.001340968994414828
12.11	0.0013329323009521775
12.120000000000001	0.0013249503471224056
12.13	0.0013170227153780501
12.14	0.0013091489916970856
12.15	0.0013013287655502972
12.16	0.0012935616298689577
12.17	0.0012858471810128671
12.18	0.0012781850187386708
12.19	0.0012705747461685315
12.200000000000001	0.0012630159697590967
12.21	0.0012555082992707803
12.22	0.0012480513477373563
12.23	0.0012406447314358524
12.24	0.0012332880698567512
12.25	0.0012259809856744752
12.26	0.0012187231047181889
12.27	0.00121151405594287
12.280000000000001	0.0012043534714006833
12.290000000000001	0.0011972409862126307
12.3	0.0011901762385404951
12.31	0.0011831588695590501
12.32	0.0011761885234285528
12.33	0.0011692648472675141
12.34	0.001162387491125725
12.35	0.0011555561079575722
12.36	0.0011487703535955913
12.370000000000001	0.001142029886724303
12.38	0.001135334368854309
12.39	0.0011286834642966139
12.4	0.0011220768401372482
12.41	0.0011155141662120983
12.42	0.0011089951150820094
12.43	0.0011025193620081252
12.44	0.001096086584927477
12.450000000000001	0.0010896964644287954
12.46	0.0010833486837285877
12.47	0.0010770429286474249
12.48	0.0010707788875864708
12.49	0.0010645562515042499
12.5	0.001058374713893625
12.51	0.001052896611830852
12.52	0.0010482930767078864
12.530000000000001	0.0010437133208281227
12.540000000000001	0.0010391572025304893
12.55	0.001034624581109845
12.56	0.001030115316809769
12.57	0.001025629270815418
12.58	0.0010211663052464408
12.59	0.0010167262831499524
12.6	0.001012309068493561
12.61	0.0010079145261584624
12.620000000000001	0.0010035425219325834
12.63	0.0009991929225037863
12.64	0.0009948655954531312
12.65	0.0009905604092481858
12.66	0.0009862772332364003
12.67	0.0009820159376385325
12.68	0.0009777763935421245
12.69	0.0009735584728950413
12.700000000000001	0.0009693620484990548
12.71	0.0009651869940034816
12.72	0.000961033183898876
12.73	0.0009569004935107779
12.74	0.0009527887989935031
12.75	0.0009486979773239889
12.76	0.0009446279062956976
12.77	0.0009405784645125513
12.780000000000001	0.0009365495313829403
12.790000000000001	0.000932540987113764
12.8	0.0009285527127045187
12.81	0.0009245845899414484
12.82	0.0009206365013917342
12.83	0.0009167083303977221
12.84	0.000912799961071221
12.85	0.000908911278287825
12.86	0.0009050421676812913
12.870000000000001	0.0009011925156379654
12.88	0.0008973622092912496
12.89	0.0008935511365161113
12.9	0.0008897591859236478
12.91	0.0008859862468556819
12.92	0.0008822322093794099
12.93	0.0008784969642820898
12.94	0.0008747804030657755
12.950000000000001	0.0008710824179420845
12.96	0.0008674029018270225
12.97	0.0008637417483358363
12.98	0.0008600988517779173
12.99	0.0008564741071517373
13.	0.0008528674101398351
13.01	0.0008492786571038352
13.02	0.0008457077450795132
13.030000000000001	0.0008421545717718935
13.040000000000001	0.0008386190355503933
13.05	0.0008351010354440007
13.06	0.000831600471136493
13.07	0.0008281172429616962
13.08	0.0008246512518987774
13.09	0.0008212023995675773
13.1	0.0008177705882239828
13.11	0.0008143557207553275
13.120000000000001	0.0008109577006758403
13.13	0.0008075764321221269
13.14	0.0008042118198486782
13.15	0.000800863769223426
13.16	0.0007975321862233305
13.17	0.0007942169774300032
13.18	0.000790918050025354
13.19	0.000787635311787298
13.200000000000001	0.0007843686710854658
13.21	0.0007811180368769705
13.22	0.0007778833187021994
13.23	0.0007746644266806399
13.24	0.0007714612715067347
13.25	0.0007682737644457784
13.26	0.0007651018173298405
13.27	0.0007619453425537174
13.280000000000001	0.0007588042530709264
13.290000000000001	0.0007556784623897213
13.3	0.0007525678845691442
13.31	0.000749472434215111
13.32	0.0007463920264765162
13.33	0.0007433265770413853
13.34	0.0007402760021330431
13.35	0.0007372402185063179
13.36	0.000734219143443776
13.370000000000001	0.0007332242718798418
13.38	0.0007551193689115639
13.39	0.0007776511887256222
13.4	0.0008008377512191789