0.01	3.0093993681263695
0.02	3.1048576779174506
0.03	3.2605367337726996
0.04	3.3367668731742204
0.05	3.362512134447822
0.06	3.353347430868638
0.07	3.3166193818037657
0.08	3.2676513169585495
0.09	3.2131978814187234
0.1	3.1464233398074977
0.11	3.0813858265901817
0.12	3.019018192392624
0.13	2.95232585580031
0.14	2.8888616931182045
0.15	2.825536363713178
0.16	2.7653013332074883
0.17	2.705351173105927
0.18	2.650019498925377
0.19	2.5928903425955263
0.2	2.539817810817384
0.21	2.4886414533108616
0.22	2.4375062840047987
0.23	2.3896265197626807
0.24	2.343699530408509
0.25	2.2979427090536624
0.26	2.2548224087370183
0.27	2.2140937708070734
0.28	2.1722606360470076
0.29	2.1316036134935747
0.3	2.0930479099507653
0.31	2.0564201433788143
0.32	2.019270907387709
0.33	1.983022948100096
0.34	1.9484791301866795
0.35000000000000003	1.9155126539417242
0.36	1.8837434483929831
0.37	1.8504058677613848
0.38	1.818524085329838
0.39	1.7879986666931231
0.4	1.7587392955769499
0.41000000000000003	1.730663734808337
0.42	1.702091951743971
0.43	1.6741523427956047
0.44	1.6472980669502064
0.45	1.6214637038307895
0.46	1.5965891172935154
0.47000000000000003	1.5726189249136115
0.48	1.5480825173116535
0.49	1.523675202251374
0.5	1.50013426438524
0.51	1.4774125278623744
0.52	1.4554662454162213
0.53	1.4342547890633996
0.54	1.4137403739279732
0.55	1.3926883249422317
0.56	1.371644063044565
0.5700000000000001	1.351281910443693
0.58	1.3315683630847175
0.59	1.3124721032743574
0.6	1.2939638228996073
0.61	1.276016063607525
0.62	1.2586030720712005
0.63	1.2407358090348182
0.64	1.2227121165771317
0.65	1.2052236573357125
0.66	1.188246663917124
0.67	1.1717587635028894
0.68	1.155738876706033
0.6900000000000001	1.1401671251234438
0.7000000000000001	1.1250247467228272
0.71	1.110294018299256
0.72	1.0954453634549526
0.73	1.0799820990765956
0.74	1.0649430837598812
0.75	1.0503111775187244
0.76	1.036070149205795
0.77	1.0222046171468497
0.78	1.00869999436409
0.79	0.9955424379802215
0.8	0.9827188024358737
0.81	0.9702165961894441
0.8200000000000001	0.9580239416008477
0.8300000000000001	0.9452073454041369
0.84	0.9323492543508868
0.85	0.9198151646031373
0.86	0.9075932424767861
0.87	0.895672217437664
0.88	0.8840413492121295
0.89	0.872690397166164
0.9	0.8616095917730523
0.91	0.8507896080058218
0.92	0.8402215405051057
0.93	0.8298968803861566
0.9400000000000001	0.8198074935605424
0.9500000000000001	0.8094066405228177
0.96	0.7987604745760173
0.97	0.7883625002684802
0.98	0.7782044614090204
0.99	0.7682784569644127
1.	0.7585769223872704
1.01	0.749092612100516
1.02	0.7398185830561742
1.03	0.7307481792928195
1.04	0.7218750174220108
1.05	0.7131929729795221
1.06	0.7046961675821783
1.07	0.6963789568356691
1.08	0.6882359189428929
1.09	0.6797911671815052
1.1	0.6711071898333588
1.11	0.6626112377424322
1.12	0.6542976003585033
1.1300000000000001	0.6461607894791109
1.1400000000000001	0.6381955287210774
1.1500000000000001	0.6303967435776299
1.16	0.6227595520237869
1.17	0.6152792556353631
1.18	0.6079513311893999
1.19	0.6007714227161077
1.2	0.5937353339744941
1.21	0.5868390213257819
1.22	0.5800785869805085
1.23	0.5734502725968341
1.24	0.5669504532091144
1.25	0.5602187273189065
1.26	0.5531974056739911
1.27	0.5463185507577377
1.28	0.5395781838997699
1.29	0.5329724674547708
1.3	0.526497698759831
1.31	0.5201503043947601
1.32	0.5139268347280023
1.33	0.5078239587319056
1.34	0.5018384590521373
1.35	0.4959672273169992
1.36	0.4902072596732996
1.37	0.484555652536265
1.3800000000000001	0.4790095985417579
1.3900000000000001	0.47356638268978807
1.4000000000000001	0.468223378668975
1.41	0.46297804535225506
1.42	0.4578279234547029
1.43	0.4527693348085399
1.44	0.44717684143934766
1.45	0.4416914143724159
1.46	0.4363102865115825
1.47	0.4310307805634592
1.48	0.4258503055374783
1.49	0.42076635340485924
1.5	0.4157764959082708
1.51	0.41087838151444256
1.52	0.4060697325024221
1.53	0.4013483421805985
1.54	0.396712072225996
1.55	0.39215885013971913
1.56	0.3876866668127641
1.57	0.38329357419674015
1.58	0.37897768307434715
1.59	0.3747371609247354
1.6	0.37057022987914556
1.61	0.3664751647624736
1.62	0.3624502912166436
1.6300000000000001	0.3584939839018889
1.6400000000000001	0.35460466477225655
1.6500000000000001	0.35038891636968256
1.6600000000000001	0.34616152727383137
1.67	0.3420100735201589
1.68	0.3379327485669918
1.69	0.33392779925515026
1.7	0.3299935239266966
1.71	0.3261282706205621
1.72	0.32233043534148453
1.73	0.31859846039887135
1.74	0.3149308328123813
1.75	0.3113260827811781
1.76	0.3077827822139657
1.77	0.3042995433170681
1.78	0.30087501723794324
1.79	0.2975078927616627
1.8	0.2941968950580037
1.81	0.29094078447692295
1.82	0.28773835539028625
1.83	0.28458843507783915
1.84	0.2814898826554934
1.85	0.27844158804410735
1.86	0.27544247097701685
1.87	0.27249148004466534
1.8800000000000001	0.26958759177475405
1.8900000000000001	0.26653601823958006
1.9000000000000001	0.26333762718114717
1.9100000000000001	0.26019410497626655
1.92	0.25710423041497804
1.93	0.2540668156335764
1.94	0.25108070503742685
1.95	0.24814477426390338
1.96	0.24525792918376071
1.97	0.24241910493932814
1.98	0.2396272650179881
1.99	0.23688140035947594
2.	0.2341805284956028
2.0100000000000002	0.23152369272106973
2.02	0.22890996129410138
2.0300000000000002	0.22633842666568546
2.04	0.22380820473626029
2.05	0.2213184341387429
2.06	0.21886827554684232
2.07	0.2164569110076494
2.08	0.2140835432975366
2.09	0.2117473953004494
2.1	0.2094477094077056
2.11	0.2071837469384618
2.12	0.20495478758004146
2.13	0.20276012884735342
2.14	0.20059908556066466
2.15	0.19847098934102095
2.16	0.19637518812264146
2.17	0.19413325693996492
2.18	0.19179150490131383
2.19	0.18948852481490638
2.2	0.1872235020705055
2.21	0.18499564276820155
2.22	0.18280417310130032
2.23	0.18064833876027556
2.24	0.17852740435697428
2.25	0.17644065286830105
2.2600000000000002	0.17438738509864
2.27	0.17236691916030203
2.2800000000000002	0.17037858997131886
2.29	0.16842174876993032
2.3000000000000003	0.16649576264514027
2.31	0.16460001408274358
2.32	0.16273390052624778
2.33	0.1608968339521414
2.34	0.1590882404589796
2.35	0.15730755986978154
2.36	0.15555424534725357
2.37	0.1538277630213728
2.38	0.15212759162888345
2.39	0.1504532221642766
2.4	0.14880415754184229
2.41	0.14717991226839738
2.42	0.1455800121263102
2.43	0.1440039938664565
2.44	0.1424514049107564
2.45	0.14092180306395585
2.46	0.1394147562343287
2.47	0.1379298421629888
2.48	0.13646664816151272
2.49	0.1349043658770234
2.5	0.1332464970778868
2.5100000000000002	0.13161549893650293
2.52	0.13001083146833134
2.5300000000000002	0.1284319676229789
2.54	0.12687839292489367
2.5500000000000003	0.12534960512540472
2.56	0.12384511386570568
2.57	0.12236444035039867
2.58	0.12090711703122657
2.59	0.11947268730063856
2.6	0.1180607051948463
2.61	0.1166707351060423
2.62	0.1153023515034633
2.63	0.11395513866299471
2.64	0.11262869040502355
2.65	0.11132260984025745
2.66	0.11003650912323994
2.67	0.10877000921329998
2.68	0.10752273964268501
2.69	0.10629433829163672
2.7	0.10508445117017527
2.71	0.10389273220636944
2.72	0.102718843040876
2.73	0.1015624528275405
2.74	0.10042323803985996
2.75	0.0993008822831134
2.7600000000000002	0.09819507611197587
2.77	0.09710551685343498
2.7800000000000002	0.09603190843483896
2.79	0.09497396121690878
2.8000000000000003	0.09393139183155415
2.81	0.09290392302433875
2.82	0.09189128350144521
2.83	0.09089320778099648
2.84	0.08990943604859353
2.85	0.08893971401693748
2.86	0.08785975549112297
2.87	0.08673951974643944
2.88	0.08563738956713456
2.89	0.08455301097546261
2.9	0.08348603810542496
2.91	0.08243613298977027
2.92	0.0814029653532953
2.93	0.08038621241223813
2.94	0.07938555867956498
2.95	0.07840069577595765
2.96	0.07743132224631633
2.97	0.07647714338159897
2.98	0.07553787104582428
2.99	0.07461322350807272
3.	0.07370292527932425
3.0100000000000002	0.07280670695397842
3.02	0.07192430505590758
3.0300000000000002	0.07105546188889847
3.04	0.07019992539134404
3.0500000000000003	0.06935744899505031
3.06	0.06852779148802962
3.0700000000000003	0.06771071688115395
3.08	0.06690599427854932
3.09	0.06611339775161275
3.1	0.06533270621654032
3.11	0.06456370331525782
3.12	0.06380617729964733
3.13	0.06305992091897053
3.14	0.062324731310388515
3.15	0.06160040989248482
3.16	0.06088676226169962
3.17	0.06018359809158604
3.18	0.059490731034804574
3.19	0.05880797862777103
3.2	0.05813516219787959
3.21	0.05747210677322274
3.22	0.056818640994734125
3.23	0.05617459703068134
3.24	0.05553981049343897
3.25	0.054914120358474816
3.2600000000000002	0.054297368885482866
3.27	0.05368940154160079
3.2800000000000002	0.05305455930503184
3.29	0.05237887154805206
3.3000000000000003	0.05171380078238525
3.31	0.05105914876649526
3.3200000000000003	0.05041472154355547
3.33	0.049780329336313066
3.34	0.04915578644483821
3.35	0.048540911147071486
3.36	0.04793552560208426
3.37	0.0473394557559705
3.38	0.046752531250290955
3.39	0.046174585332993
3.4	0.04560545477173226
3.41	0.04504497976952455
3.42	0.044493003882658574
3.43	0.04394937394080273
3.44	0.04341393996924107
3.45	0.04288655511317543
3.46	0.04236707556403375
3.47	0.04185536048772493
3.48	0.041351271954784025
3.49	0.04085467487235251
3.5	0.040365436917940166
3.5100000000000002	0.03988342847491755
3.52	0.03935643958678201
3.5300000000000002	0.03883692003454914
3.54	0.038325698992451744
3.5500000000000003	0.037822621021605204
3.56	0.037327534020867616
3.5700000000000003	0.03684028914606653
3.58	0.03636074073140031
3.59	0.035888746212948255
3.6	0.035424166054228115
3.61	0.03496686367374026
3.62	0.0345167053744403
3.63	0.03407356027508377
3.64	0.033637300243388
3.65	0.033207799830958534
3.66	0.03278493620992857
3.67	0.03236858911126191
3.68	0.031958640764671475
3.69	0.03155497584010669
3.7	0.031157481390764515
3.71	0.03076604679758123
3.72	0.030380563715161336
3.73	0.030000926019103907
3.74	0.029627029754685834
3.75	0.029258773086864077
3.7600000000000002	0.028896056251558944
3.77	0.02850157288622469
3.7800000000000002	0.02810836408129425
3.79	0.027721597448814916
3.8000000000000003	0.027341150860728688
3.81	0.026966904816945927
3.8200000000000003	0.026598742382102403
3.83	0.026236549123998542
3.84	0.025880213053671913
3.85	0.025529624567055546
3.86	0.025184676388176046
3.87	0.024845263513847162
3.88	0.024511283159815368
3.89	0.0241826347083164
3.9	0.023859219657001406
3.91	0.023540941569194195
3.92	0.023227706025441452
3.93	0.022919420576318905
3.94	0.02261599469645808
3.95	0.02231733973975885
3.96	0.02202336889575463
3.97	0.02173399714709718
3.98	0.021449141228130193
3.99	0.021168719584520688
4.	0.020892652333918744
4.01	0.020620861227617207
4.0200000000000005	0.02035326961318284
4.03	0.02008980239803288
4.04	0.019799396823935285
4.05	0.019513173951092363
4.0600000000000005	0.019231779364798033
4.07	0.018955120023911837
4.08	0.018683104902502943
4.09	0.018415644941410264
4.1	0.018152653001081903
4.11	0.0178940438156566
4.12	0.017639733948251725
4.13	0.01738964174742334
4.14	0.01714368730476475
4.15	0.016901792413611217
4.16	0.016663880528819442
4.17	0.0164298767275911
4.18	0.016199707671311275
4.19	0.01597330156837277
4.2	0.01575058813795891
4.21	0.015531498574757718
4.22	0.015315965514581274
4.23	0.015103923000865275
4.24	0.01489530645202404
4.25	0.01469005262963704
4.26	0.014488099607444316
4.2700000000000005	0.014289386741127848
4.28	0.0140938546388576
4.29	0.013901445132580913
4.3	0.013712101250034962
4.3100000000000005	0.013525767187462295
4.32	0.01333889079784703
4.33	0.013135973405362133
4.34	0.012936600340739575
4.3500000000000005	0.012740701741983643
4.36	0.012548209280204066
4.37	0.01235905612256311
4.38	0.012173176896200365
4.39	0.0119905076531072
4.4	0.01181098583592344
4.41	0.011634550244630618
4.42	0.011461141004115771
4.43	0.011290699532581458
4.44	0.011123168510778098
4.45	0.010958491852035169
4.46	0.010796614673069034
4.47	0.01063748326554555
4.48	0.010481045068376106
4.49	0.010327248640726983
4.5	0.010176043635721757
4.51	0.01002738077481765
4.5200000000000005	0.00988121182283705
4.53	0.00973748956363613
4.54	0.009596167776392911
4.55	0.009457201212497535
4.5600000000000005	0.009320545573028482
4.57	0.009186157486798295
4.58	0.009053994488953452
4.59	0.008924015000113169
4.6000000000000005	0.008796178306032345
4.61	0.00867044453777443
4.62	0.008546774652380434
4.63	0.008420851615437338
4.64	0.008285539005748353
4.65	0.008152685018371825
4.66	0.008022239836301221
4.67	0.007894154755714738
4.68	0.007768382158791354
4.69	0.0076448754872469995
4.7	0.007523589216569974
4.71	0.007404478830936043
4.72	0.007287500798783608
4.73	0.007172612549030421
4.74	0.007059772447913613
4.75	0.006948939776435359
4.76	0.006840074708397309
4.7700000000000005	0.006733138289006956
4.78	0.006628092414040157
4.79	0.006524899809544053
4.8	0.006423524012065285
4.8100000000000005	0.006323929349388992
4.82	0.006226080921774222
4.83	0.006129944583672059
4.84	0.006035486925913004
4.8500000000000005	0.005942675258350757
4.86	0.0058514775929495964
4.87	0.005761862627303406
4.88	0.00567379972857417
4.89	0.005587258917838735
4.9	0.005502210854832381
4.91	0.005418626823078527
4.92	0.005336478715394085
4.93	0.005255739019759966
4.94	0.005176380805547192
4.95	0.0050983777100886305
4.96	0.005020351115663057
4.97	0.004937332509615239
4.98	0.004855849484127518
4.99	0.00477587063746121
5.	0.004697365271096386
5.01	0.00462030337262158
5.0200000000000005	0.004544655599072861
5.03	0.0044703932607095065
5.04	0.00439748830521414
5.05	0.004325913302305287
5.0600000000000005	0.004255641428750822
5.07	0.004186646453771241
5.08	0.004118902724821589
5.09	0.004052385153741815
5.1000000000000005	0.003987069203265107
5.11	0.0039229308738742965
5.12	0.003859946690996814
5.13	0.0037980936925286896
5.14	0.0037373494166786088
5.15	0.0036776918901232298
5.16	0.003619099616465082
5.17	0.0035615515649849543
5.18	0.0035050271596804923
5.19	0.003449506268583351
5.2	0.003394969193347224
5.21	0.0033413966590993905
5.22	0.003288769804548661
5.23	0.003237070172342695
5.24	0.003186279699668006
5.25	0.0031363807090861104
5.26	0.003087355899599362
5.2700000000000005	0.0030391883379403896
5.28	0.00299186145007911
5.29	0.002945359012941401
5.3	0.002899665146333949
5.3100000000000005	0.002854764305069532
5.32	0.002811088149615392
5.33	0.002768338029031505
5.34	0.0027263163493601726
5.3500000000000005	0.0026850093689102135
5.36	0.002644403630206694
5.37	0.0026044859535977022
5.38	0.0025652434310164374
5.39	0.0025266634198946166
5.4	0.002488733537223259
5.41	0.0024514416537569344
5.42	0.0024147758883578713
5.43	0.002378724602476203
5.44	0.0023432763947628683
5.45	0.002308420095811783
5.46	0.0022741447630278593
5.47	0.002240439675617736
5.48	0.002207294329699984
5.49	0.0021746984335317856
5.5	0.0021426419028491004
5.51	0.0021111148563173684
5.5200000000000005	0.00208010761109
5.53	0.0020496106784718884
5.54	0.0020196147596852287
5.55	0.0019901107417351605
5.5600000000000005	0.00196108969337257
5.57	0.0019325428611517129
5.58	0.0019044616655802128
5.59	0.0018768376973591014
5.6000000000000005	0.0018496627137106858
5.61	0.0018229286347919832
5.62	0.0017966275401916241
5.63	0.0017707516655081127
5.64	0.0017452933990074356
5.65	0.0017202452783580205
5.66	0.00169559998744113
5.67	0.0016713503532348316
5.68	0.0016474893427697087
5.69	0.0016240100601545326
5.7	0.0016043468355411354
5.71	0.001586312246867845
5.72	0.0015685114125671888
5.73	0.0015509409020984762
5.74	0.0015335973411279337
5.75	0.0015164774105120994
5.76	0.0014995778453013359
5.7700000000000005	0.0014828954337630183
5.78	0.0014664270164239815
5.79	0.0014501694851318117
5.8	0.0014341197821345832
5.8100000000000005	0.0014182748991786495
5.82	0.001402631876624088
5.83	0.001387187802577449
5.84	0.0013719398120414163
5.8500000000000005	0.0013568850860810387
5.86	0.0013420208510061902
5.87	0.0013273443775698548
5.88	0.0013128529801820178
5.89	0.0012985440161387106
5.9	0.0012844148848659754
5.91	0.001270463027178405
5.92	0.0012566859245519452
5.93	0.0012430810984106952
5.94	0.001229646109427367
5.95	0.001216378556837161
5.96	0.001203276077764757
5.97	0.001190336346564153
5.98	0.0011775570741710869
5.99	0.0011649360074677804
6.	0.0011524709286597412
6.01	0.0011401596546644064
6.0200000000000005	0.0011280000365113296
6.03	0.0011159899587537348
6.04	0.001104127338891152
6.05	0.0010924101268029425
6.0600000000000005	0.0010808363041924774
6.07	0.0010694038840417485
6.08	0.001058110910076206
6.09	0.0010854074013070178
6.1000000000000005	0.0011744276741375347