0.01	3.0841130161520405
0.02	2.6606319997921974
0.03	2.5379278795317335
0.04	2.4796446213314614
0.05	2.4313934068892884
0.06	2.3901672300064734
0.07	2.3481981317005327
0.08	2.3117264165279945
0.09	2.27548053584771
0.1	2.238173356532154
0.11	2.2019434038690417
0.12	2.16745804247237
0.13	2.13164699715567
0.14	2.098139876672615
0.15	2.064833034160471
0.16	2.033622089980567
0.17	2.002773452810519
0.18	1.9741172930287971
0.19	1.943190436147628
0.2	1.9136776628960648
0.21	1.8855833307509526
0.22	1.857258813810942
0.23	1.8305912031513165
0.24	1.8051133537672128
0.25	1.7782198855493219
0.26	1.7527588181562523
0.27	1.7286030187880652
0.28	1.7043881470653084
0.29	1.6803668384787682
0.3	1.6574815499732956
0.31	1.6356432959330363
0.32	1.6136721239190102
0.33	1.5915350718848629
0.34	1.5703491878832885
0.35000000000000003	1.5500473827923298
0.36	1.530569045480498
0.37	1.5104945610886138
0.38	1.490914298931183
0.39	1.4720867113745757
0.4	1.4539646529081311
0.41000000000000003	1.4365050159153925
0.42	1.4190025829087172
0.43	1.401350191740344
0.44	1.3843157399461188
0.45	1.3678642740323055
0.46	1.3519635382785662
0.47000000000000003	1.3365837132754417
0.48	1.3212696122685814
0.49	1.3054833939679067
0.5	1.2901990585160286
0.51	1.27539108203516
0.52	1.2610357064988784
0.53	1.2471107864237838
0.54	1.233595651474132
0.55	1.2201551610293255
0.56	1.2061060244702937
0.5700000000000001	1.1924630643651
0.58	1.1792077157748884
0.59	1.166322563510357
0.6	1.153791252895461
0.61	1.1415984088105249
0.62	1.1297295621250656
0.63	1.1180408603954681
0.64	1.105753671827903
0.65	1.0937889085786692
0.66	1.0821333419925312
0.67	1.0707744759396587
0.68	1.059700496053832
0.6900000000000001	1.0489002231745117
0.7000000000000001	1.0383630705894207
0.71	1.0280790047181425
0.72	1.018038508915769
0.73	1.0074408294995567
0.74	0.996911788296712
0.75	0.9866319219787477
0.76	0.976592127809295
0.77	0.9667837496590358
0.78	0.9571985506409018
0.79	0.9478286877476361
0.8	0.9386666883219658
0.81	0.9297054282059439
0.8200000000000001	0.9209381114305902
0.8300000000000001	0.9122653289335657
0.84	0.9030633754674022
0.85	0.8940615052623373
0.86	0.8852530897775538
0.87	0.876631793800635
0.88	0.8681915592784927
0.89	0.85992659021139
0.9	0.8518313385291213
0.91	0.8439004908753841
0.92	0.8361289562327074
0.93	0.8285118543259975
0.9400000000000001	0.8210445047479462
0.9500000000000001	0.8137224167542372
0.96	0.8059604995487172
0.97	0.7982378415487376
0.98	0.7906672575049576
0.99	0.7832442463927517
1.	0.7759644841007836
1.01	0.7688238147940377
1.02	0.7618182427790839
1.03	0.7549439248377728
1.04	0.748197162998143
1.05	0.7415743977136774
1.06	0.7350722014242075
1.07	0.7286872724737415
1.08	0.7224164293623088
1.09	0.7162566053105811
1.1	0.7097806506793056
1.11	0.7032698728672921
1.12	0.6968764120272016
1.1300000000000001	0.6905971348249167
1.1400000000000001	0.684429018361402
1.1500000000000001	0.6783691453540125
1.16	0.6724146995677793
1.17	0.6665629614816867
1.18	0.6608113041759623
1.19	0.6551571894273448
1.2	0.6495981640001689
1.21	0.6441318561219103
1.22	0.6387559721325774
1.23	0.6334682932980367
1.24	0.6282666727779858
1.25	0.6231490327399005
1.26	0.6178161504433465
1.27	0.6123270103922932
1.28	0.6069291213385696
1.29	0.6016202710708941
1.3	0.5963983176050931
1.31	0.5912611864359161
1.32	0.5862068679163948
1.33	0.5812334147579049
1.34	0.5763389396445174
1.35	0.5715216129556034
1.36	0.5667796605910238
1.37	0.5621113618935657
1.3800000000000001	0.5575150476636059
1.3900000000000001	0.5529890982612731
1.4000000000000001	0.5485319417916548
1.41	0.5441420523688532
1.42	0.5398179484549321
1.43	0.5355581912700249
1.44	0.5313613832700792
1.45	0.5267804912913998
1.46	0.5222518564030281
1.47	0.5177926688191121
1.48	0.5134014019145835
1.49	0.5090765726352876
1.5	0.504816739972502
1.51	0.5006205035006034
1.52	0.4964865019748733
1.53	0.4924134119865914
1.54	0.48839994667272024
1.55	0.4844448544776262
1.56	0.4805469179644211
1.57	0.4767049526736299
1.58	0.47291780602701483
1.59	0.469184356274497
1.6	0.4655035114822193
1.61	0.4618742085599037
1.62	0.4582954123257379
1.6300000000000001	0.4547661146071265
1.6400000000000001	0.4512853333757193
1.6500000000000001	0.44785211191521046
1.6600000000000001	0.44422225222915873
1.67	0.44049597031102167
1.68	0.4368229134169873
1.69	0.43320201122709934
1.7	0.42963222110685745
1.71	0.4261125272335642
1.72	0.4226419397551522
1.73	0.4192194939801068
1.74	0.4158442495971629
1.75	0.41251528992351405
1.76	0.40923172118034234
1.77	0.40599267179452087
1.78	0.40279729172540807
1.79	0.39964475181569137
1.8	0.39653424316529756
1.81	0.39346497652742357
1.82	0.3904361817257916
1.83	0.3874471070922688
1.84	0.3844970189240359
1.85	0.3815852009595198
1.86	0.3787109538723477
1.87	0.37587359478260796
1.8800000000000001	0.3730724567847375
1.8900000000000001	0.3703068884913851
1.9000000000000001	0.3675391842895433
1.9100000000000001	0.364533327602856
1.92	0.36156755838173577
1.93	0.3586411373656562
1.94	0.3557533426618074
1.95	0.35290346925022287
1.96	0.350090828505459
1.97	0.34731474773418786
1.98	0.34457456972809963
1.99	0.34186965233153227
2.	0.33919936802327166
2.0100000000000002	0.3365631035119907
2.02	0.3339602593448172
2.0300000000000002	0.331390249528541
2.04	0.3288525011629941
2.05	0.32634645408615276
2.06	0.32387156053053456
2.07	0.3214272847904767
2.08	0.31901310289989915
2.09	0.3166285023201769
2.1	0.31427298163775436
2.11	0.3119460502711556
2.12	0.30964722818705354
2.13	0.30737604562507953
2.14	0.3051320428310605
2.15	0.3029147697983934
2.16	0.30072378601726596
2.17	0.29855866023145655
2.18	0.2964189702024452
2.19	0.29404579032704786
2.2	0.29169885081610347
2.21	0.28938116024727467
2.22	0.28709222421629615
2.23	0.28483155885183153
2.24	0.28259869054513403
2.25	0.2803931556878166
2.2600000000000002	0.27821450041744955
2.27	0.2760622803707214
2.2800000000000002	0.27393606044390395
2.29	0.2718354145603767
2.3000000000000003	0.26975992544497074
2.31	0.2677091844049047
2.32	0.2656827911170926
2.33	0.2636803534216104
2.34	0.2617014871211205
2.35	0.2597458157860534
2.36	0.25781297056536173
2.37	0.25590259000266147
2.38	0.2540143198575871
2.39	0.2521478129321903
2.4	0.2503027289022197
2.41	0.2484787341531263
2.42	0.24667550162064003
2.43	0.24489271063577528
2.44	0.24313004677412248
2.45	0.24138720170929076
2.46	0.2396638730703719
2.47	0.2379597643032978
2.48	0.2362745845359711
2.49	0.23460804844705085
2.5	0.23295987613828129
2.5100000000000002	0.2311859916104763
2.52	0.2293678055537443
2.5300000000000002	0.22757103487773947
2.54	0.22579534418562053
2.5500000000000003	0.22404040462553015
2.56	0.22230589373785628
2.57	0.22059149530663663
2.58	0.21889689921498018
2.59	0.21722180130437982
2.6	0.215565903237798
2.61	0.21392891236641046
2.62	0.2123105415998959
2.63	0.2107105092801644
2.64	0.20912853905842138
2.65	0.20756435977546578
2.66	0.20601770534512626
2.67	0.20448831464074183
2.68	0.2029759313845949
2.69	0.2014803040402123
2.7	0.20000118570744582
2.71	0.19853833402025353
2.72	0.1970915110471014
2.73	0.19566048319390847
2.74	0.1942450211094627
2.75	0.19284489959323473
2.7600000000000002	0.19145989750552067
2.77	0.19008979767984777
2.7800000000000002	0.18873438683757618
2.79	0.18739345550463593
2.8000000000000003	0.1860667979303373
2.81	0.1847542120081966
2.82	0.18345549919871856
2.83	0.1821704644540829
2.84	0.18089891614467948
2.85	0.17964066598744083
2.86	0.1783955289759231
2.87	0.17716332331208492
2.88	0.17584434081692804
2.89	0.17447467170387868
2.9	0.17312034712548047
2.91	0.17178114314864634
2.92	0.17045683986236576
2.93	0.16914722129201237
2.94	0.16785207531576177
2.95	0.16657119358306138
2.96	0.1653043714350935
2.97	0.16405140782717864
2.98	0.1628121052530634
2.99	0.16158626967104212
3.	0.16037371043186163
3.0100000000000002	0.15917424020836038
3.02	0.1579876749267943
3.0300000000000002	0.15681383369980398
3.04	0.15565253876097865
3.0500000000000003	0.15450361540097324
3.06	0.15336689190513741
3.0700000000000003	0.1522421994926158
3.08	0.15112937225687992
3.09	0.1500282471076534
3.1	0.14893866371419404
3.11	0.14786046444989676
3.12	0.14679349433818137
3.13	0.14573760099963348
3.14	0.14469263460036322
3.15	0.14365844780155207
3.16	0.14263489571015528
3.17	0.14162183583073087
3.18	0.14061912801836504
3.19	0.1396266344326669
3.2	0.1386442194928039
3.21	0.13767174983355163
3.22	0.13670909426233235
3.23	0.13575612371721626
3.24	0.13481271122586208
3.25	0.13387873186537214
3.2600000000000002	0.1329540627230394
3.27	0.13203858285796347
3.2800000000000002	0.1311321732635153
3.29	0.13023471683062618
3.3000000000000003	0.1293430034160394
3.31	0.12833286501805033
3.3200000000000003	0.12733362714341523
3.33	0.12634513985976747
3.34	0.12536725573866733
3.35	0.12439982980645332
3.36	0.12344271949620177
3.37	0.12249578460076532
3.38	0.12155888722686403
3.39	0.12063189175020199
3.4	0.11971466477158392
3.41	0.11880707507400609
3.42	0.1179089935806979
3.43	0.11702029331408906
3.44	0.11614084935568139
3.45	0.11527053880680048
3.46	0.11440924075020713
3.47	0.11355683621254622
3.48	0.1127132081276133
3.49	0.11187824130041808
3.5	0.1110518223720255
3.5100000000000002	0.11023383978515582
3.52	0.10942418375052443
3.5300000000000002	0.10862274621390429
3.54	0.10782942082389317
3.5500000000000003	0.10704410290036794
3.56	0.10626668940361082
3.5700000000000003	0.10549707890409019
3.58	0.10473517155288092
3.59	0.10398086905270883
3.6	0.10323407462960398
3.61	0.10249469300514953
3.62	0.10176263036931057
3.63	0.10103779435383008
3.64	0.10032009400617867
3.65	0.09960943976404482
3.66	0.0989057434303531
3.67	0.09820891814879795
3.68	0.09751887837988107
3.69	0.09683553987744088
3.7	0.09615881966566221
3.71	0.09548863601655566
3.72	0.09482490842789547
3.73	0.09416755760160511
3.74	0.09351650542258128
3.75	0.09287167493794522
3.7600000000000002	0.09223299033671203
3.77	0.09160037692986885
3.7800000000000002	0.09097376113085172
3.79	0.09033923513480564
3.8000000000000003	0.08962392247278607
3.81	0.08891613136962212
3.8200000000000003	0.08821576330425539
3.83	0.08752272129930012
3.84	0.08683690989290965
3.85	0.08615823511122692
3.86	0.08548660444140639
3.87	0.08482192680519252
3.88	0.08416411253304325
3.89	0.08351307333878524
3.9	0.08286872229478878
3.91	0.08223097380765026
3.92	0.08159974359437099
3.93	0.08097494865902029
3.94	0.08035650726987249
3.95	0.07974433893700676
3.96	0.07913836439035923
3.97	0.07853850555821691
3.98	0.07794468554614428
3.99	0.07735682861633175
4.	0.07677486016735707
4.01	0.07619870671435061
4.0200000000000005	0.07562829586955466
4.03	0.07506355632326908
4.04	0.07450441782517389
4.05	0.07395081116602029
4.0600000000000005	0.07340266815968297
4.07	0.07285992162556462
4.08	0.07232250537134532
4.09	0.07179035417606956
4.1	0.07126340377356268
4.11	0.07074159083617047
4.12	0.07022485295881406
4.13	0.06971312864335362
4.14	0.06920635728325433
4.15	0.06870447914854742
4.16	0.06820743537108093
4.17	0.0677151679300528
4.18	0.06722761963782085
4.19	0.06674473412598395
4.2	0.06626645583172783
4.21	0.06579272998443053
4.22	0.06532350259252154
4.23	0.06485872043058943
4.24	0.06439833102673284
4.25	0.06394228265014924
4.26	0.06349052429895694
4.2700000000000005	0.06304300568824486
4.28	0.06259967723834615
4.29	0.06216049006332987
4.3	0.06172539595970708
4.3100000000000005	0.061294347395346414
4.32	0.060867297498594757
4.33	0.060444200047599185
4.34	0.06002500945982524
4.3500000000000005	0.05960919289131953
4.36	0.059121141682815986
4.37	0.05863819080726697
4.38	0.05816027547520694
4.39	0.05768733186547056
4.4	0.057219297108559414
4.41	0.05675610927033213
4.42	0.05629770733600931
4.43	0.05584403119448821
4.44	0.05539502162295888
4.45	0.054950620271816866
4.46	0.05451076964986458
4.47	0.054075413109796425
4.48	0.053644494833960825
4.49	0.05321795982039376
4.5	0.052795753869117834
4.51	0.05237782356870095
4.5200000000000005	0.05196411628306981
4.53	0.0515545801385723
4.54	0.05114916401128364
4.55	0.050747817514551284
4.5600000000000005	0.05035049098677367
4.57	0.049957135479407375
4.58	0.04956770274519878
4.59	0.04918214522663494
4.6000000000000005	0.04880041604460901
4.61	0.04842246898729649
4.62	0.04804825849923718
4.63	0.04767773967061894
4.64	0.04731086822675928
4.65	0.04694760051778008
4.66	0.0465878935084725
4.67	0.04623170476834689
4.68	0.04587899246186523
4.69	0.04552971533885141
4.7	0.04518383272507628
4.71	0.04484130451301359
4.72	0.044502091152763705
4.73	0.04416615364314135
4.74	0.043833453522924316
4.75	0.04350395286225987
4.76	0.043177614254225505
4.7700000000000005	0.042854400806541244
4.78	0.04253427613343022
4.79	0.04221720434762472
4.8	0.04190315005251462
4.8100000000000005	0.04159207833443571
4.82	0.0412839547550947
4.83	0.04097874534412868
4.84	0.040676416591795876
4.8500000000000005	0.04037693544179559
4.86	0.04008026928421439
4.87	0.039786385948596445
4.88	0.03949525369713516
4.89	0.0392068412179842
4.9	0.03892111761868501
4.91	0.03863805241970934
4.92	0.038357615548113615
4.93	0.03807977733130382
4.94	0.037804508490908134
4.95	0.03753178013675573
4.96	0.037261563760959376
4.97	0.03699383123209978
4.98	0.036728554789510134
4.99	0.036465707037658494
5.	0.0361835500904328
5.01	0.035887262160230436
5.0200000000000005	0.035593983940173116
5.03	0.03530367895306879
5.04	0.035016311235099955
5.05	0.03473184532759914
5.0600000000000005	0.0344502462689724
5.07	0.03417147958676738
5.08	0.03389551128988338
5.09	0.03362230786092042
5.1000000000000005	0.03335183624866462
5.11	0.03308406386070736
5.12	0.03281895855619523
5.13	0.03255648863870858
5.14	0.0322966228492659
5.15	0.032039330359451654
5.16	0.031784580764665143
5.17	0.03153234407748813
5.18	0.03128259072116861
5.19	0.03103529152321889
5.2	0.030790417709125453
5.21	0.03054794089616859
5.22	0.030307833087349592
5.23	0.030070066665423428
5.24	0.029834614387035073
5.25	0.029601449376957155
5.26	0.02937054512242732
5.2700000000000005	0.02914187546758309
5.28	0.028915414607992688
5.29	0.02869113708527967
5.3	0.028469017781839873
5.3100000000000005	0.028249031915648662
5.32	0.02803115503515692
5.33	0.02781536301427418
5.34	0.027601632047436993
5.3500000000000005	0.027389938644761073
5.36	0.02716335949412924
5.37	0.02693590378612597
5.38	0.026710770577861545
5.39	0.02648793190380197
5.4	0.026267360186147837
5.41	0.026049028228754087
5.42	0.02583290921115607
5.43	0.02561897668269988
5.44	0.02540720455677501
5.45	0.025197567105147343
5.46	0.024990038952390523
5.47	0.024784595070413813
5.48	0.02458121077308482
5.49	0.024379861710944674
5.5	0.02418052386601482
5.51	0.023983173546692743
5.5200000000000005	0.023787787382735636
5.53	0.023594342320329906
5.54	0.023402815617245113
5.55	0.023213184838070774
5.5600000000000005	0.023025427849534305
5.57	0.02283952281589867
5.58	0.022655448194438214
5.59	0.02247318273099134
5.6000000000000005	0.022292705455588372
5.61	0.02211399567815335
5.62	0.021937032984278283
5.63	0.021761797231068775
5.64	0.021588268543059213
5.65	0.02141642730819672
5.66	0.0212462541738922
5.67	0.021077730043137663
5.68	0.02091083607068815
5.69	0.02074555365930739
5.7	0.02058186445607582
5.71	0.0204197503487601
5.72	0.020259193462242597
5.73	0.02010017615501006
5.74	0.019932612422238597
5.75	0.019759107634498955
5.76	0.019587410689935626
5.7700000000000005	0.01941749966190545
5.78	0.019249352927049896
5.79	0.01908294916058535
5.8	0.018918267331674447
5.8100000000000005	0.018755286698877046
5.82	0.01859398680567926
5.83	0.018434347476098973
5.84	0.018276348810366702
5.8500000000000005	0.018119971180680094
5.86	0.017965195227030776
5.87	0.017812001853102218
5.88	0.01766037222223734
5.89	0.017510287753474504
5.9	0.01736173011765048
5.91	0.017214681233569423
5.92	0.01706912326423644
5.93	0.016925038613154603
5.94	0.016782409920684187
5.95	0.016641220060463115
5.96	0.01650145213588732
5.97	0.016363089476650047
5.98	0.016226115635338906
5.99	0.016090514384089743
6.	0.015956269711296198
6.01	0.015823365818373868
6.0200000000000005	0.015691787116578287
6.03	0.015561518223875583
6.04	0.015432543961864843
6.05	0.015304849352751315
6.0600000000000005	0.015178419616369537
6.07	0.015053240167255432
6.08	0.014929296611766493
6.09	0.01480657474524925
6.1000000000000005	0.014685060549253037
6.11	0.014564740188789463
6.12	0.01444560000963646
6.13	0.014327626535686354
6.140000000000001	0.014210806466337059
6.15	0.014087674828040011
6.16	0.013959894185942765
6.17	0.013833477018703137
6.18	0.013708406602866185
6.19	0.013584666446681591
6.2	0.013462240286526235
6.21	0.013341112083387566
6.22	0.013221266019406819
6.23	0.013102686494480853
6.24	0.012985358122921531
6.25	0.012869265730171602
6.26	0.012754394349576063
6.2700000000000005	0.012640729219207827
6.28	0.012528255778747025
6.29	0.012416959666412524
6.3	0.012306826715945077
6.3100000000000005	0.012197842953640946
6.32	0.012089994595435138
6.33	0.011983268044033348
6.34	0.011877649886091746
6.3500000000000005	0.011773126889443632
6.36	0.011669686000372293
6.37	0.01156731434092901
6.38	0.011465999206295555
6.390000000000001	0.011365728062190295
6.4	0.011266488542317156
6.41	0.011168268445856609
6.42	0.011071055734998045
6.43	0.010974838532512635
6.44	0.010879605119366044
6.45	0.01078534393237034
6.46	0.010692043561874223
6.47	0.010599692749491066
6.48	0.010508280385863971
6.49	0.010417795508467245
6.5	0.010328227299443663
6.51	0.010239565083476775
6.5200000000000005	0.010151798325697726
6.53	0.01006491662962608
6.54	0.009978909735143766
6.55	0.009893767516501782
6.5600000000000005	0.009809479980359049
6.57	0.009726037263852799
6.58	0.00964342963269995
6.59	0.009555601471071531
6.6000000000000005	0.00946488588267902
6.61	0.009375166891022663
6.62	0.009286432064598867
6.63	0.00919866914541665
6.640000000000001	0.009111866046319137
6.65	0.009026010848350478
6.66	0.008941091798167138
6.67	0.008857097305492865
6.68	0.008774015940616515
6.69	0.008691836431931917
6.7	0.00861054766351904
6.71	0.008530138672765742
6.72	0.008450598648029224
6.73	0.008371916926336667
6.74	0.008294082991124186
6.75	0.00821708647001346
6.76	0.00814091713262537
6.7700000000000005	0.008065564888429874
6.78	0.007991019784631745
6.79	0.007917272004091097
6.8	0.007844311863278467
6.8100000000000005	0.007772129810263587
6.82	0.0077007164227373736
6.83	0.007630062406066443
6.84	0.007560158591379664
6.8500000000000005	0.007490995933686089
6.86	0.007422565510023767
6.87	0.00735485851763886
6.88	0.007287866272194496
6.890000000000001	0.007221580206008938
6.9	0.007155991866322374
6.91	0.007091092913591993
6.92	0.007026875119814756
6.93	0.006963330366877337
6.94	0.006900450644932899
6.95	0.006838228050804073
6.96	0.006776654786411764
6.97	0.006715723157229325
6.98	0.006655425570761606
6.99	0.006595754535048518
7.	0.006536702657192649
7.01	0.006478262641910438
7.0200000000000005	0.006420427290106634
7.03	0.006363189497471552
7.04	0.006306542253100721
7.05	0.006250478638136544
7.0600000000000005	0.006191642185010547
7.07	0.006130417313415045
7.08	0.006069883109092743
7.09	0.006010030821680478
7.1000000000000005	0.005950851823793937
7.11	0.0058923376091294544
7.12	0.005834479790597764
7.13	0.005777270098489096
7.140000000000001	0.005720700378668946
7.15	0.005664762590804177
7.16	0.005609448806618685
7.17	0.0055547512081781944
7.18	0.005500662086203727
7.19	0.0054471738384130105
7.2	0.005394278967889632
7.21	0.005341970081479123
7.22	0.005290239888211722
7.23	0.005239081197751211
7.24	0.005188486918869434
7.25	0.005138450057945954
7.26	0.0050889637174925196
7.2700000000000005	0.005040021094701746
7.28	0.004991615480019724
7.29	0.004943740255742063
7.3	0.004896388894632905
7.3100000000000005	0.004849554958566647
7.32	0.004803232097191761
7.33	0.004757414046616553
7.34	0.004712094628116261
7.3500000000000005	0.004667267746861292
7.36	0.004622927390666071
7.37	0.0045790676287582825
7.38	0.0045356826105680285
7.390000000000001	0.004492766564536622
7.4	0.004450313796944641
7.41	0.00440831869075895
7.42	0.004366775704498266
7.43	0.004325679371117078
7.44	0.004285024296907448
7.45	0.004244805160418515
7.46	0.004205016711393343
7.47	0.00416565376972276
7.48	0.004126711224415984
7.49	0.0040881840325876885
7.5	0.004050067218461245
7.51	0.004012355872387841
7.5200000000000005	0.003975045149881232
7.53	0.003938130270667838
7.54	0.0039016065177519066
7.55	0.0038654692364955283
7.5600000000000005	0.0038294887842960767
7.57	0.0037908192541447733
7.58	0.0037525904801207557
7.59	0.003714796866913944
7.6000000000000005	0.0036774328974824577
7.61	0.003640493131856768
7.62	0.003603972205963764
7.63	0.0035678648304701935
7.640000000000001	0.0035321657896452484
7.65	0.0034968699402418975
7.66	0.003461972210396679
7.67	0.0034274675985475774
7.68	0.003393351172369691
7.69	0.0033596180677283793
7.7	0.003326263487649554
7.71	0.0032932827013068596
7.72	0.0032606710430253686
7.73	0.0032284239113016065
7.74	0.0031965367678394876
7.75	0.003165005136602017
7.76	0.003133824602878393
7.7700000000000005	0.003102990812366253
7.78	0.003072499470268831
7.79	0.0030423463404067375
7.8	0.003012527244344118
7.8100000000000005	0.0029830380605289294
7.82	0.0029538747234470987
7.83	0.0029250332227903192
7.84	0.0028965096026372468
7.8500000000000005	0.002868299960647863
7.86	0.0028404004472707667
7.87	0.0028128072649632146
7.88	0.0027855166674236186
7.890000000000001	0.0027585249588363463
7.9	0.002731828493128577
7.91	0.002705423673239029
7.92	0.002679306950398339
7.930000000000001	0.0026534748234208947
7.94	0.0026279238380079407
7.95	0.0026026505860617176
7.96	0.0025776517050105255
7.97	0.0025529238771444477
7.98	0.0025284638289615868
7.99	0.0025042683305246407
8.	0.002480334194827625
8.01	0.0024566582771725774
8.02	0.002433237474556083
8.03	0.002410068725065419
8.040000000000001	0.002387149007284234
8.05	0.002364475339707481
8.06	0.0023420447801655677
8.07	0.0023198544252574942
8.08	0.00229790140979285
8.09	0.0022761829062425167
8.1	0.0022546947888674733
8.11	0.002233094665603584
8.120000000000001	0.002211727708939784
8.13	0.002190591119400013
8.14	0.00216968213450331
8.15	0.0021489980282303443
8.16	0.0021285361104982315
8.17	0.002108293726643574
8.18	0.0020882682569135524
8.19	0.0020684571159649396
8.2	0.002048857752370895
8.21	0.0020294676481354317
8.22	0.002010284318215405
8.23	0.0019913053100499116
8.24	0.001972528203096959
8.25	0.0019539506083773093
8.26	0.0019355701680253586
8.27	0.0019173845548469345
8.28	0.0018993914718839077
8.290000000000001	0.0018815886519854992
8.3	0.0018639738573861813
8.31	0.001846544879290037
8.32	0.001829299537461496
8.33	0.0018122356798223457
8.34	0.0017953511820548906
8.35	0.0017786439472111677
8.36	0.0017621119053281432
8.370000000000001	0.001745753013048739
8.38	0.0017295652532486638
8.39	0.0017135466346688741
8.4	0.0016976951915536472
8.41	0.0016820089832941258
8.42	0.0016664860940772605
8.43	0.001651124632540067
8.44	0.001635922731429104
8.45	0.001620878547265088
8.46	0.0016059902600125654
8.47	0.0015912560727545618
8.48	0.0015766742113721105
8.49	0.0015622429242286037
8.5	0.0015479604818588785
8.51	0.0015338251766629598
8.52	0.001519835322604387
8.53	0.001505989254913046
8.540000000000001	0.001492285329792443
8.55	0.0014787219241313538
8.56	0.0014652974352197387
8.57	0.00145201028046892
8.58	0.0014388588971358922
8.59	0.00142584174205174
8.6	0.0014129572913540672
8.61	0.0014002040402234135
8.620000000000001	0.0013875805026235368
8.63	0.001375085211045573
8.64	0.0013627167162559297
8.65	0.0013504735870479303
8.66	0.0013383544099970991
8.67	0.0013263577892200426
8.68	0.0013146781558962518
8.69	0.001305562260703576
8.700000000000001	0.0012965199497857944
8.71	0.0012875505456065126
8.72	0.0012786533776354473
8.73	0.0012698277822680562
8.74	0.0012610731027461893
8.75	0.0012523886890797294
8.76	0.0012437738979692247
8.77	0.0012352280927294883
8.78	0.0012267506432141575
8.790000000000001	0.0012183409257411973
8.8	0.001209998323019339
8.81	0.0012017222240754326
8.82	0.0011935120241827117
8.83	0.0011853671247899532
8.84	0.0011772869334515106
8.85	0.0011692708637582319
8.86	0.0011613183352692234
8.870000000000001	0.0011534287734444653
8.88	0.0011456016095782687
8.89	0.001137836280733548
8.9	0.0011301322296769073
8.91	0.0011224889048145376
8.92	0.0011149057601288965
8.93	0.0011073822551161704
8.94	0.0010999178547245133
8.950000000000001	0.0010925120292930336
8.96	0.0010851642544915452
8.97	0.0010778740112610448
8.98	0.0010706407857549315
8.99	0.0010634640692809322
9.	0.0010563433582437523
9.01	0.0010492781540884166
9.02	0.0010422679632443074
9.03	0.0010353122970698874
9.040000000000001	0.0010284106717980792
9.05	0.0010215626084823398
9.06	0.0010147676329433598
9.07	0.0010080252757164294
9.08	0.001001335071999434
9.09	0.0009946965616014843
9.1	0.0009881092888921637
9.11	0.0009815728027513918
9.120000000000001	0.0009750866565198952
9.13	0.0009686504079502704
9.14	0.0009622636191586445
9.15	0.0009559258565769059
9.16	0.0009496366909055206
9.17	0.0009433956970669115
9.18	0.0009372024541593921
9.19	0.00093105654541166
9.200000000000001	0.0009249575581378292
9.21	0.0009189050836930033
9.22	0.000912898717429377
9.23	0.0009069380586528655
9.24	0.0009010227105802471
9.25	0.0008951522802968133
9.26	0.0008893263787145308
9.27	0.0008835446205306978
9.28	0.0008844601359186268
9.290000000000001	0.000927769639380182
9.3	0.0009731498340285502