0.01	3.0897820597076837
0.02	2.818831080571803
0.03	2.7789382597245096
0.04	2.759791659450703
0.05	2.7366955270479973
0.06	2.7027628669736345
0.07	2.6643100368782666
0.08	2.6219162604871027
0.09	2.577759039166455
0.1	2.529380351121937
0.11	2.4821388347829005
0.12	2.4372459880935704
0.13	2.39304649783311
0.14	2.3513548856554363
0.15	2.3111993322419417
0.16	2.271786562737789
0.17	2.23186150862418
0.18	2.194574731923018
0.19	2.157105495162973
0.2	2.122150139982004
0.21	2.0876041986382985
0.22	2.0529321857734746
0.23	2.020339820507269
0.24	1.9881573301550992
0.25	1.9555687247708535
0.26	1.9247616990594594
0.27	1.8955757615089592
0.28	1.8655010485532062
0.29	1.8366582181820506
0.3	1.8092168964677289
0.31	1.7830655690451902
0.32	1.7560077699351913
0.33	1.7298877554953531
0.34	1.70491891585715
0.35000000000000003	1.6810188367497791
0.36	1.6575858896477165
0.37	1.6336886220894502
0.38	1.610759598786566
0.39	1.5887356208653614
0.4	1.5675591003938818
0.41000000000000003	1.5471774367794686
0.42	1.5254854125961395
0.43	1.504537692080108
0.44	1.484349407492255
0.45	1.4648766854478574
0.46	1.4460790899997127
0.47000000000000003	1.4279192856039686
0.48	1.408735615642909
0.49	1.3900060613670076
0.5	1.3718964489557832
0.51	1.3543744638688715
0.52	1.3374100670495823
0.53	1.320975294645705
0.54	1.305044078751986
0.55	1.288360201177204
0.56	1.2720702337272753
0.5700000000000001	1.2562691478429713
0.58	1.2409340744749384
0.59	1.226043584770877
0.6	1.211577576829557
0.61	1.197517173074408
0.62	1.1838446270952272
0.63	1.169416975612392
0.64	1.1552659604984659
0.65	1.1415016386383894
0.66	1.1281077343402737
0.67	1.1150688900453816
0.68	1.1023706017729193
0.6900000000000001	1.0899991599750662
0.7000000000000001	1.0779415952778963
0.71	1.066185628641336
0.72	1.0540014534833884
0.73	1.041819529717313
0.74	1.0299412944385251
0.75	1.0183552244325644
0.76	1.007050379745789
0.77	0.9960163669640362
0.78	0.9852433052448165
0.79	0.9747217948642891
0.8	0.9644428880637057
0.81	0.9543980620008722
0.8200000000000001	0.9444503699696877
0.8300000000000001	0.9339242097628672
0.84	0.9236393373627118
0.85	0.9135874469514291
0.86	0.9037606119175415
0.87	0.8941512633814961
0.88	0.8847521701676752
0.89	0.8755564201102215
0.9	0.8665574025900128
0.91	0.8577487922090524
0.92	0.8491245335166457
0.93	0.8406788267089981
0.9400000000000001	0.8323990706370956
0.9500000000000001	0.8234479960921575
0.96	0.8146854027653297
0.97	0.8061054198655633
0.98	0.7977024174980984
0.99	0.7894709944465745
1.	0.7814059666907767
1.01	0.7735023566088922
1.02	0.765755382817152
1.03	0.7581604506034152
1.04	0.7507131429145975
1.05	0.7434092118609126
1.06	0.7362445707026913
1.07	0.7292152862881178
1.08	0.7222572004846259
1.09	0.7147711412597376
1.1	0.7074299831581498
1.11	0.7002296420663261
1.12	0.6931661844002169
1.1300000000000001	0.6862358202748757
1.1400000000000001	0.6794348970411733
1.1500000000000001	0.6727598931668601
1.16	0.6662074124408245
1.17	0.6597741784808555
1.18	0.6534570295265886
1.19	0.6472529135005468
1.2	0.6411588833213643
1.21	0.635172092454331
1.22	0.6292897906854042
1.23	0.6235093201057306
1.24	0.6177669331528131
1.25	0.611545849016684
1.26	0.6054362386986426
1.27	0.5994352436023554
1.28	0.5935401001741049
1.29	0.5877481360312717
1.3	0.5820567662770607
1.31	0.5764634899911569
1.32	0.5709658868866477
1.33	0.5655616141241437
1.34	0.5602484032745889
1.35	0.555024057422771
1.36	0.5498864484040306
1.37	0.5448335141671139
1.3800000000000001	0.5398632562565429
1.3900000000000001	0.5349737374082623
1.4000000000000001	0.5301630792526973
1.41	0.5254294601196974
1.42	0.5207711129401562
1.43	0.5158019588784021
1.44	0.5107794857790596
1.45	0.5058401700371529
1.46	0.5009820754515802
1.47	0.4962033237498552
1.48	0.4915020924757823
1.49	0.48687661296779844
1.5	0.4823251684235109
1.51	0.4778460920462102
1.52	0.47343776526936987
1.53	0.46909861605536557
1.54	0.46482711726484854
1.55	0.46062178509340257
1.56	0.45648117757229745
1.57	0.4524038931303159
1.58	0.44838856921380105
1.59	0.44443388096221176
1.6	0.4405385399366233
1.61	0.43670129289874127
1.62	0.43292092063812204
1.6300000000000001	0.42919623684541286
1.6400000000000001	0.42524216256500025
1.6500000000000001	0.4212044299928149
1.6600000000000001	0.4172290875132309
1.67	0.4133148038990508
1.68	0.4094602840693357
1.69	0.4056642679002211
1.7	0.4019255290816058
1.71	0.3982428740176933
1.72	0.39461514076945514
1.73	0.3910411980371858
1.74	0.3875199441814092
1.75	0.3840503062804795
1.76	0.38063123922329933
1.77	0.3772617248356602
1.78	0.37394077103877277
1.79	0.3706674110386315
1.8	0.36744070254491684
1.81	0.36425972701820347
1.82	0.36112358894429775
1.83	0.35803141513458453
1.84	0.3549823540513153
1.85	0.3519755751568185
1.86	0.34901026828565973
1.87	0.34608564303882455
1.8800000000000001	0.3430382668834686
1.8900000000000001	0.339846280486193
1.9000000000000001	0.3367006057897929
1.9100000000000001	0.3336003323971176
1.92	0.33054457244679203
1.93	0.3275324599417226
1.94	0.32456315010096315
1.95	0.3216358187340117
1.96	0.3187496616366533
1.97	0.31590389400750124
1.98	0.3130977498844249
1.99	0.31033048160009247
2.	0.30760135925588766
2.0100000000000002	0.3049096702134898
2.02	0.3022547186034438
2.0300000000000002	0.29963582485006723
2.04	0.2970523252120791
2.05	0.29450357133835
2.06	0.29198892983821106
2.07	0.28950778186577236
2.08	0.2870595227177309
2.09	0.2846435614441681
2.1	0.2822593204718562
2.11	0.2799062352396167
2.12	0.27758375384528694
2.13	0.2752913367038763
2.14	0.2730284562165034
2.15	0.270794596449729
2.16	0.2683916928305441
2.17	0.2659279967694021
2.18	0.26349808812071074
2.19	0.26110135170292426
2.2	0.25873718627447967
2.21	0.2564050041564105
2.22	0.25410423086682604
2.23	0.2518343047668344
2.24	0.249594676717499
2.25	0.24738480974743948
2.2600000000000002	0.24520417873069963
2.27	0.24305227007452254
2.2800000000000002	0.2409285814166854
2.29	0.23883262133206207
2.3000000000000003	0.2367639090480914
2.31	0.2347219741688459
2.32	0.23270635640740317
2.33	0.23071660532623642
2.34	0.22875228008535134
2.35	0.22681294919790473
2.36	0.2248981902930535
2.37	0.22300758988578906
2.38	0.2211407431535251
2.39	0.2192972537192099
2.4	0.21747673344075066
2.41	0.2156788022065356
2.42	0.2139030877368586
2.43	0.2121492253910468
2.44	0.21041685798010953
2.45	0.20870563558472444
2.46	0.2070152153783922
2.47	0.20534526145558823
2.48	0.20352214603587065
2.49	0.20167310455549234
2.5	0.19984817235567076
2.5100000000000002	0.1980469405200558
2.52	0.19626900865903887
2.5300000000000002	0.19451398469903547
2.54	0.1927814846777835
2.5500000000000003	0.19107113254546051
2.56	0.18938255997143427
2.57	0.18771540615646395
2.58	0.18606931765017942
2.59	0.1844439481736695
2.6	0.18283895844701709
2.61	0.18125401602162602
2.62	0.179688795117187
2.63	0.17814297646313912
2.64	0.17661624714448393
2.65	0.17510830045182016
2.66	0.17361883573546444
2.67	0.17214755826353437
2.68	0.17069417908387097
2.69	0.16925841488968324
2.7	0.1678399878888
2.71	0.16643862567642148
2.72	0.1650540611112615
2.73	0.16368603219498093
2.74	0.16233428195481023
2.75	0.16099855832926854
2.7600000000000002	0.15967861405688424
2.77	0.15837420656782916
2.7800000000000002	0.15708509787837838
2.79	0.1558110544881148
2.8000000000000003	0.15455184727979424
2.81	0.1533072514217959
2.82	0.15207704627308033
2.83	0.1508610152905835
2.84	0.14963259988463756
2.85	0.1482698882765772
2.86	0.14692429503650378
2.87	0.1455955463919444
2.88	0.14428337388162768
2.89	0.14298751423447417
2.9	0.14170770925175247
2.91	0.14044370569230336
2.92	0.13919525516074613
2.93	0.13796211399857664
2.94	0.13674404317807448
2.95	0.1355408081989364
2.96	0.13435217898755808
2.97	0.13317792979888682
2.98	0.13201783912077172
2.99	0.13087168958073916
3.	0.12973926785512502
3.0100000000000002	0.1286203645804953
3.02	0.12751477426729158
3.0300000000000002	0.12642229521563658
3.04	0.12534272943324082
3.0500000000000003	0.12427588255534941
3.06	0.12322156376667329
3.0700000000000003	0.12217958572524794
3.08	0.1211497644881678
3.09	0.12013191943914213
3.1	0.11912587321782368
3.11	0.11813145165086042
3.12	0.11714848368462277
3.13	0.11617680131956125
3.14	0.11521623954614865
3.15	0.11426663628236543
3.16	0.11332783231268433
3.17	0.11239967122851532
3.18	0.11148199937007051
3.19	0.11057466576961125
3.2	0.10967752209604009
3.21	0.10879042260080202
3.22	0.10791322406505958
3.23	0.1070457857481086
3.24	0.10618796933700088
3.25	0.10533963889734324
3.2600000000000002	0.10448769776028019
3.27	0.10352409322664415
3.2800000000000002	0.10257227696049359
3.29	0.10163206946679403
3.3000000000000003	0.1007032945176007
3.31	0.09978577908293178
3.3200000000000003	0.09887935326330674
3.33	0.0979838502239062
3.34	0.09709910613030849
3.35	0.09622496008576108
3.36	0.09536125406994587
3.37	0.09450783287919809
3.38	0.09366454406814037
3.39	0.0928312378926942
3.4	0.09200776725443291
3.41	0.0911939876462398
3.42	0.09038975709923805
3.43	0.08959493613095816
3.44	0.0888093876947117
3.45	0.08803297713013827
3.46	0.0872655721148972
3.47	0.08650704261747198
3.48	0.0857572608510611
3.49	0.08501610122852504
3.5	0.0842834403183639
3.5100000000000002	0.08355915680169829
3.52	0.08284313143022838
3.5300000000000002	0.08213524698514578
3.54	0.08143538823697431
3.5500000000000003	0.08074344190631591
3.56	0.08005929662547907
3.5700000000000003	0.07938284290096709
3.58	0.0787139730768051
3.59	0.07805258129868443
3.6	0.07739856347890389
3.61	0.07675181726208867
3.62	0.07611224199166625
3.63	0.07547973867708231
3.64	0.07485420996173675
3.65	0.07423556009162302
3.66	0.07362369488465292
3.67	0.07301852170065079
3.68	0.07241994941199952
3.69	0.07182788837492397
3.7	0.07124225040139481
3.71	0.07066294873163917
3.72	0.07008989800724182
3.73	0.06952301424482442
3.74	0.06896221481028725
3.75	0.0683220876166854
3.7600000000000002	0.06767003644473628
3.77	0.06702591546673031
3.7800000000000002	0.0663896075834923
3.79	0.06576099772832161
3.8000000000000003	0.06513997282647682
3.81	0.06452642175557222
3.8200000000000003	0.06392023530686274
3.83	0.06332130614739562
3.84	0.06272952878300646
3.85	0.06214479952213966
3.86	0.06156701644047208
3.87	0.06099607934632006
3.88	0.06043188974681115
3.89	0.05987435081480084
3.9	0.059323367356516894
3.91	0.058778845779912624
3.92	0.05824069406371255
3.93	0.057708821727133035
3.94	0.05718313980026196
3.95	0.056663560795080975
3.96	0.05614999867711524
3.97	0.05564236883769527
3.98	0.05514058806681637
3.99	0.05464457452658105
4.	0.05415424772521069
4.01	0.05366952849161288
4.0200000000000005	0.05319033895049094
4.03	0.052716602497983385
4.04	0.05224824377781964
4.05	0.05178518865798121
4.0600000000000005	0.05132736420785509
4.07	0.050874698675869114
4.08	0.05042712146759648
4.09	0.04998456312431979
4.1	0.04954695530204324
4.11	0.04911423075094246
4.12	0.04868632329524232
4.13	0.048263167813511976
4.14	0.04784470021936855
4.15	0.04743085744257902
4.16	0.047021577410552046
4.17	0.0466167990302099
4.18	0.046216462170232495
4.19	0.045820507643664694
4.2	0.045428877190878965
4.21	0.04504151346288438
4.22	0.044658360004975466
4.23	0.04427936124071197
4.24	0.043904462456223
4.25	0.04353360978482754
4.26	0.0431667501919646
4.2700000000000005	0.04280383146042607
4.28	0.0424448021758855
4.29	0.04208961171271579
4.3	0.04171840978227911
4.3100000000000005	0.041318619805529436
4.32	0.04092357427298237
4.33	0.040533206092953016
4.34	0.04014744927435691
4.3500000000000005	0.03976623890617556
4.36	0.03938951113735143
4.37	0.039017203157102005
4.38	0.0386492531756434
4.39	0.0382856004053142
4.4	0.037926185042090256
4.41	0.03757094824748134
4.42	0.037219832130801114
4.43	0.03687277973180176
4.44	0.036529735003665124
4.45	0.03619064279634231
4.46	0.03585544884023311
4.47	0.03552409973019901
4.48	0.03519654290990067
4.49	0.03487272665645391
4.5	0.034552600065395865
4.51	0.03423611303595538
4.5200000000000005	0.03392321625662017
4.53	0.033613861190994486
4.54	0.03330800006394053
4.55	0.03300558584799758
4.5600000000000005	0.03270657225007237
4.57	0.032410913698395306
4.58	0.0321185653297357
4.59	0.031829482976871284
4.6000000000000005	0.03154362315630578
4.61	0.031242758723824298
4.62	0.03093563980572073
4.63	0.030632194170616304
4.64	0.03033237009251516
4.65	0.030036116683062258
4.66	0.02974338387621723
4.67	0.02945412241324045
4.68	0.029168283827985073
4.69	0.028885820432487174
4.7	0.02860668530284847
4.71	0.028330832265403807
4.72	0.028058215883168296
4.73	0.027788791442556887
4.74	0.027522514940371126
4.75	0.027259343071046487
4.76	0.02699923321415508
4.7700000000000005	0.02674214342215768
4.78	0.026488032408400048
4.79	0.026236859535347597
4.8	0.025988584803053653
4.8100000000000005	0.025743168837856063
4.82	0.02550057288129714
4.83	0.02526075877926197
4.84	0.02502368897133056
4.8500000000000005	0.02478932648033905
4.86	0.024557634902145534
4.87	0.024328578395595893
4.88	0.024102121672685637
4.89	0.023878229988913216
4.9	0.023656869133820913
4.91	0.023438005421719324
4.92	0.023221605682591063
4.93	0.023007637253170656
4.94	0.0227785709342587
4.95	0.022545647808659423
4.96	0.022315569335458613
4.97	0.022088295142868843
4.98	0.021863785511655135
4.99	0.021642001363306265
5.	0.021422904248443266
5.01	0.02120645633546041
5.0200000000000005	0.020992620399393536
5.03	0.020781359811010414
5.04	0.020572638526118524
5.05	0.02036642107508547
5.0600000000000005	0.020162672552567384
5.07	0.019961358607440787
5.08	0.019762445432933373
5.09	0.01956589975694962
5.1000000000000005	0.019371688832586817
5.11	0.019179780428837584
5.12	0.01899014282147457
5.13	0.018802744784113784
5.14	0.018617555579452383
5.15	0.01843454495067739
5.16	0.01825368311304172
5.17	0.018074940745603566
5.18	0.01789828898312625
5.19	0.017723699408134556
5.2	0.017551144043124804
5.21	0.01738059534292464
5.22	0.01721202618720024
5.23	0.017045409873107153
5.24	0.01688072010808211
5.25	0.01671793100277269
5.26	0.016557017064101967
5.2700000000000005	0.016397953188465358
5.28	0.01624071465505693
5.29	0.01607707598552858
5.3	0.015905290213514677
5.3100000000000005	0.015735658640454574
5.32	0.015568150271783066
5.33	0.015402734615946123
5.34	0.015239381675315005
5.3500000000000005	0.015078061937280954
5.36	0.014918746365526788
5.37	0.014761406391471353
5.38	0.0146060139058833
5.39	0.014452541250660379
5.4	0.014300961210770768
5.41	0.014151247006352981
5.42	0.014003372284970688
5.43	0.013857311114019593
5.44	0.01371303797328267
5.45	0.013570527747630887
5.46	0.013429755719866068
5.47	0.013290697563703201
5.48	0.013153329336888803
5.49	0.013017627474452927
5.5	0.012883568782091542
5.51	0.01275113042967685
5.5200000000000005	0.012620289944892676
5.53	0.012491025206992438
5.54	0.01236331444067689
5.55	0.012237136210089376
5.5600000000000005	0.012112469412925996
5.57	0.011989293274658377
5.58	0.011867587342866491
5.59	0.011747331481679524
5.6000000000000005	0.011628505866322355
5.61	0.01151109097776549
5.62	0.011395067597476301
5.63	0.011280416802269544
5.64	0.01116711995925505
5.65	0.011055158720880535
5.66	0.010944515020067741
5.67	0.010826478956186948
5.68	0.01070516146262046
5.69	0.010585413231253027
5.7	0.010467211258797023
5.71	0.010350532918670009
5.72	0.010235355954181083
5.73	0.010121658471851976
5.74	0.010009418934870246
5.75	0.009898616156671473
5.76	0.009789229294647891
5.7700000000000005	0.00968123784398069
5.78	0.00957462163159337
5.79	0.009469360810223433
5.8	0.009365435852610144
5.8100000000000005	0.009262827545795655
5.82	0.00916151698553726
5.83	0.009061485570828332
5.84	0.008962714998525648
5.8500000000000005	0.008865187258080923
5.86	0.008768884626374356
5.87	0.008673789662647887
5.88	0.008579885203536327
5.89	0.008487154358194105
5.9	0.008395580503515711
5.91	0.008305147279447936
5.92	0.008215838584391802
5.93	0.00812763857069261
5.94	0.008040531640215969
5.95	0.00795450244000828
5.96	0.007869535858039728
5.97	0.007785617019028195
5.98	0.007702731280342411
5.99	0.007620864227982685
6.	0.0075400016726375595
6.01	0.007460129645815019
6.0200000000000005	0.007381234396046454
6.03	0.007303302385162217
6.04	0.007226320284636948
6.05	0.007150274972003536
6.0600000000000005	0.007075153527334226
6.07	0.006999671054215614
6.08	0.006917261973389931
6.09	0.006835956163499919
6.1000000000000005	0.006755737078879583
6.11	0.006676588448535221
6.12	0.006598494271146494
6.13	0.006521438810166449
6.140000000000001	0.006445406589018368
6.15	0.006370382386387401
6.16	0.006296351231604887
6.17	0.006223298400123517
6.18	0.006151209409081275
6.19	0.006080070012952362
6.2	0.006009866199283248
6.21	0.005940584184511993
6.22	0.005872210409869196
6.23	0.0058047315373586815
6.24	0.005738134445816487
6.25	0.005672406227046198
6.26	0.005607534182029339
6.2700000000000005	0.005543505817209003
6.28	0.0054803088408453965
6.29	0.005417931159441558
6.3	0.005356360874238059
6.3100000000000005	0.005295586277775017
6.32	0.005235595850520183
6.33	0.005176378257561643
6.34	0.005117922345363814
6.3500000000000005	0.005060217138585461
6.36	0.0050032518369584255
6.37	0.0049470158122257935
6.38	0.004891498605138321
6.390000000000001	0.0048366899225079155
6.4	0.004782579634316957
6.41	0.00472915777088238
6.42	0.004676414520073338
6.43	0.004624340224581392
6.44	0.00457292537924215
6.45	0.004522160628407309
6.46	0.004472036763366022
6.47	0.004422544719814684
6.48	0.004373675575374099
6.49	0.004325420547153058
6.5	0.0042777709893574226
6.51	0.004227415702122385
6.5200000000000005	0.00417655739352212
6.53	0.0041263874821384225
6.54	0.004076895617225892
6.55	0.004028071619156229
6.5600000000000005	0.0039799054763341645
6.57	0.003932387342173558
6.58	0.0038855075321323892
6.59	0.003839256520805446
6.6000000000000005	0.0037936249390734447
6.61	0.0037486035713075
6.62	0.0037041833526276348
6.63	0.003660355366214364
6.640000000000001	0.003617110840672159
6.65	0.003574441147443744
6.66	0.0035323377982741195
6.67	0.0034907924427233913
6.68	0.0034497968657272674
6.69	0.0034093429852043457
6.7	0.0033694228497091624
6.71	0.003330028636130069
6.72	0.003291152647431041
6.73	0.0032527873104365016
6.74	0.003214925173658287
6.75	0.0031775589051638528
6.76	0.0031406812904849314
6.7700000000000005	0.003104285230565792
6.78	0.0030683637397503
6.79	0.0030329099438069634
6.8	0.0029979170779912225
6.8100000000000005	0.002963378485144239
6.82	0.0029292876138274017
6.83	0.002895638016491842
6.84	0.0028624233476822907
6.8500000000000005	0.0028296373622745214
6.86	0.002797273913745767
6.87	0.0027653269524773754
6.88	0.002733790524089122
6.890000000000001	0.0027026587678045133
6.9	0.0026719259148464732
6.91	0.002641586286862774
6.92	0.00261163429438066
6.93	0.002582064435290058
6.94	0.0025528712933548105
6.95	0.0025240495367513834
6.96	0.0024955939166344692
6.97	0.0024673752746952695
6.98	0.002439103383461125
6.99	0.0024111952212416987
7.	0.0023836455981701573
7.01	0.0023564494056925104
7.0200000000000005	0.0023296016151801895
7.03	0.0023030972765682293
7.04	0.0022769315170185433
7.05	0.0022510995396077976
7.0600000000000005	0.0022255966220394003
7.07	0.002200418115379124
7.08	0.0021755594428138946
7.09	0.002151016098433291
7.1000000000000005	0.0021267836460333155
7.11	0.002102857717942005
7.12	0.002079234013866398
7.13	0.002055908299760535
7.140000000000001	0.0020328764067139965
7.15	0.0020101342298606243
7.16	0.001987677727306998
7.17	0.0019655029190803336
7.18	0.001943605886095354
7.19	0.0019219827691398365
7.2	0.0019006297678784306
7.21	0.0018795431398743875
7.22	0.001858719199628892
7.23	0.001838154317637616
7.24	0.0018178449194642063
7.25	0.001797787484830312
7.26	0.0017779785467219192
7.2700000000000005	0.0017584146905116008
7.28	0.0017390925530964402
7.29	0.0017200088220512718
7.3	0.0017011602347969932
7.3100000000000005	0.001682543577783622
7.32	0.0016641556856878633
7.33	0.0016459934406248395
7.34	0.0016280537713737957
7.3500000000000005	0.0016103336526174475
7.36	0.0015928301041947645
7.37	0.001575540190366876
7.38	0.0015584610190959168
7.390000000000001	0.0015415897413365175
7.4	0.0015249235503397279
7.41	0.001508459680969123
7.42	0.0014921954090288743
7.43	0.0014761280506035545
7.44	0.0014602549614094514
7.45	0.0014445735361572041
7.46	0.0014290812079254928
7.47	0.0014150752741555156
7.48	0.001403184603351433
7.49	0.0013914095343529494
7.5	0.0013797487911754239
7.51	0.0013682011135925747
7.5200000000000005	0.0013567652569212482
7.53	0.0013454399918093928
7.54	0.0013342241040272126
7.55	0.0013231163942614343
7.5600000000000005	0.0013121156779126429
7.57	0.00130122078489563
7.58	0.0012904305594427163
7.59	0.0012797438599099847
7.6000000000000005	0.0012691595585863958
7.61	0.0012586765415057292
7.62	0.0012482937082612926
7.63	0.0012380099718233878
7.640000000000001	0.0012278242583594484
7.65	0.0012177355070568468
7.66	0.0012077426699482906
7.67	0.0011978447117397953
7.68	0.001188040609641175
7.69	0.0011783293531990196
7.7	0.0011687099441321227
7.71	0.0011591813961692942
7.72	0.00114974273488957
7.73	0.001140392997564723
7.74	0.0011311312330040887
7.75	0.0011219565014016324
7.76	0.001112867874185246
7.7700000000000005	0.001103864433868223
7.78	0.0010949452739028981
7.79	0.001086109498536385
7.8	0.0010773562226684139
7.8100000000000005	0.001068684571711214
7.82	0.0010600936814514187
7.83	0.0010515826979139533
7.84	0.0010431507772278809
7.8500000000000005	0.0010347970854941776
7.86	0.0010265207986554009
7.87	0.001018321102367225
7.88	0.001010197191871808
7.890000000000001	0.0010021482718729799
7.9	0.0009941735564132012
7.91	0.0009862722687522753
7.92	0.0009784436412477887
7.930000000000001	0.0009706869152372558
7.94	0.0009630013409219255
7.95	0.0009553861772522438
7.96	0.0009478406918149331
7.97	0.0009403641607216697
7.98	0.0009329558684993343
7.99	0.0009787583215811273
8.	0.0010377213880354596