0.01	3.209666624186877
0.02	2.2947787225570724
0.03	1.9963942865058095
0.04	1.8274573220441066
0.05	1.7230983124007684
0.06	1.6532460290354196
0.07	1.6025639148840634
0.08	1.5627497119040177
0.09	1.5296484032568438
0.1	1.5026621905503579
0.11	1.480764875044121
0.12	1.4600018424432633
0.13	1.4408006508457267
0.14	1.4233400904880469
0.15	1.407140242288865
0.16	1.3913987613557275
0.17	1.3767723518855994
0.18	1.3610400086448486
0.19	1.346208044566135
0.2	1.3318913453735686
0.21	1.3178846771431665
0.22	1.3046669233452495
0.23	1.2913951712328016
0.24	1.2781234890056525
0.25	1.2655218336595817
0.26	1.2532092498203573
0.27	1.2401106600767624
0.28	1.2276180343067096
0.29	1.2156831527132752
0.3	1.2040379310837341
0.31	1.1924946067313877
0.32	1.1814232632985735
0.33	1.1707907328269131
0.34	1.1605670950297395
0.35000000000000003	1.1492993621184824
0.36	1.1384129768946993
0.37	1.127923813613121
0.38	1.1178072162161576
0.39	1.1080406572764918
0.4	1.0977817832805852
0.41000000000000003	1.087807209807291
0.42	1.0781603977911227
0.43	1.0688231497138412
0.44	1.059778671907654
0.45	1.050882855703223
0.46	1.0414906311105798
0.47000000000000003	1.0323816648194886
0.48	1.023541654750538
0.49	1.0149572998211829
0.5	1.0066162111533128
0.51	0.9985068327532727
0.52	0.9902336271727538
0.53	0.981800196764747
0.54	0.9735942364277677
0.55	0.9656055659045136
0.56	0.9578246350791891
0.5700000000000001	0.9502424745501774
0.58	0.9428506508689368
0.59	0.9356412259326377
0.6	0.9280482966959253
0.61	0.9205553624365512
0.62	0.9132433018269178
0.63	0.9061049354787593
0.64	0.8991334771381391
0.65	0.8923225064178278
0.66	0.8856659438069828
0.67	0.8791580277366496
0.68	0.8727279826747535
0.6900000000000001	0.8658840163990966
0.7000000000000001	0.8591910476627049
0.71	0.8526436583692617
0.72	0.8462366976226829
0.73	0.8399652650587813
0.74	0.8338246954285955
0.75	0.8278105443239153
0.76	0.8219185749464178
0.77	0.81614474583151
0.78	0.8104604696613124
0.79	0.8043705564160853
0.8	0.7984021499553567
0.81	0.7925513520533304
0.8200000000000001	0.7868144356791764
0.8300000000000001	0.78118783550185
0.84	0.7756681390285902
0.85	0.7702520783278247
0.86	0.7649365222915894
0.87	0.7597184693964726
0.88	0.7545950409256621
0.89	0.749563474617854
0.9	0.7443779253722538
0.91	0.7390407360016535
0.92	0.7337995213019108
0.93	0.7286515400818215
0.9400000000000001	0.7235941578250816
0.9500000000000001	0.7186248414577631
0.96	0.7137411544243789
0.97	0.7089407520513391
0.98	0.7042213771782583
0.99	0.6995808560390866
1.	0.6950170943764151
1.01	0.6905280737735814
1.02	0.6861118481903387
1.03	0.6816904879148463
1.04	0.6770957021669998
1.05	0.672575414005316
1.06	0.6681277231619247
1.07	0.6637507951716596
1.08	0.6594428585044162
1.09	0.6552022018476802
1.1	0.6510271715300621
1.11	0.6469161690773183
1.12	0.6428676488929213
1.1300000000000001	0.6388801160557825
1.1400000000000001	0.6349521242282375
1.1500000000000001	0.6310822736678574
1.16	0.6272692093370827
1.17	0.6235116191050719
1.18	0.6198045494843387
1.19	0.6158050336146057
1.2	0.6118644726355041
1.21	0.6079815170076421
1.22	0.6041548589030185
1.23	0.6003832305868613
1.24	0.5966654028747967
1.25	0.593000183661268
1.26	0.5893864165153713
1.27	0.5858229793405145
1.28	0.582308783094524
1.29	0.5788427705670198
1.3	0.5754239152110807
1.31	0.5720512200263895
1.32	0.5687237164912186
1.33	0.5654404635407655
1.34	0.5622005465895001
1.35	0.5590030765953125
1.36	0.555682703710869
1.37	0.5522616459421013
1.3800000000000001	0.5488863016406604
1.3900000000000001	0.5455557353019104
1.4000000000000001	0.5422690371150136
1.41	0.5390253220799266
1.42	0.535823729160747
1.43	0.5326634204736775
1.44	0.5295435805079529
1.45	0.5264634153781814
1.46	0.5234221521066215
1.47	0.5204190379340037
1.48	0.5174533396575745
1.49	0.5145243429951117
1.5	0.5116313519737282
1.51	0.5087736883423366
1.52	0.505950691006712
1.53	0.503161715486139
1.54	0.5004061333906872
1.55	0.4976833319181992
1.56	0.49487437504786563
1.57	0.49196110923923037
1.58	0.489083327748558
1.59	0.4862403778612999
1.6	0.48343162287461877
1.61	0.4806564416075705
1.62	0.4779142279292031
1.6300000000000001	0.4752043903038087
1.6400000000000001	0.4725263513526074
1.6500000000000001	0.46987954743117033
1.6600000000000001	0.46726342822192846
1.67	0.4646774563411363
1.68	0.46212110695970243
1.69	0.4595938674373109
1.7	0.4570952369692966
1.71	0.45462472624575667
1.72	0.452181857122405
1.73	0.44976616230270067
1.74	0.44737718503080126
1.75	0.4450144787949111
1.76	0.4426776070406185
1.77	0.44036614289382703
1.78	0.43807966889291383
1.79	0.4357262255118346
1.8	0.4332707567336055
1.81	0.4308426145129828
1.82	0.42844134626759023
1.83	0.4260665093427915
1.84	0.42371767074114713
1.85	0.42139440686066837
1.86	0.41909630324153374
1.87	0.4168229543209507
1.8800000000000001	0.41457396319586093
1.8900000000000001	0.4123489413931949
1.9000000000000001	0.4101475086473998
1.9100000000000001	0.40796929268497256
1.92	0.40581392901574165
1.93	0.4036810607306528
1.94	0.40157033830582434
1.95	0.39948141941264553
1.96	0.3974139687337007
1.97	0.39536765778431554
1.98	0.39334216473952127
1.99	0.39133717426624975
2.	0.38935237736057493
2.0100000000000002	0.38738747118982264
2.02	0.38544215893938316
2.0300000000000002	0.3835161496640607
2.04	0.3816091581438065
2.05	0.3797209047436835
2.06	0.3776511331616618
2.07	0.37559381097717215
2.08	0.37355753047625084
2.09	0.3715419768332294
2.1	0.3695468414091473
2.11	0.3675718216014394
2.12	0.36561662069796785
2.13	0.36368094773525117
2.14	0.3617645173607526
2.15	0.35986704969909183
2.16	0.35798827022205165
2.17	0.3561279096222544
2.18	0.3542857036903876
2.19	0.35246139319586595
2.2	0.3506547237708139
2.21	0.34886544579726636
2.22	0.3470933142974812
2.23	0.34533808882726535
2.24	0.34359953337221805
2.25	0.34187741624680007
2.2600000000000002	0.34017150999613743
2.27	0.3384815913004767
2.2800000000000002	0.33680744088220693
2.29	0.3351488434153684
2.3000000000000003	0.3335055874375727
2.31	0.33187746526425893
2.32	0.3302642729052122
2.33	0.3286658099832794
2.34	0.3270818796552117
2.35	0.32551228853457126
2.36	0.32385859337899814
2.37	0.3221495811336988
2.38	0.3204567264507003
2.39	0.3187798096407556
2.4	0.3171186149041135
2.41	0.3154729302458117
2.42	0.3138425473931568
2.43	0.312227261715327
2.44	0.3106268721450326
2.45	0.3090411811021745
2.46	0.30746999441944295
2.47	0.3059131212697959
2.48	0.3043703740957669
2.49	0.302841568540545
2.5	0.30132652338077914
2.5100000000000002	0.29982506046105306
2.52	0.2983370046299862
2.5300000000000002	0.2968621836779127
2.54	0.2954004282760931
2.5500000000000003	0.2939515719174147
2.56	0.2925154508585416
2.57	0.29109190406346835
2.58	0.289680773148443
2.59	0.2882819023282173
2.6	0.28689513836358926
2.61	0.28552033051020176
2.62	0.2841573304685613
2.63	0.28280599233524556
2.64	0.2814661725552643
2.65	0.2801377298755451
2.66	0.2788205252995098
2.67	0.2775144220427162
2.68	0.2762192854895318
2.69	0.27493498315081577
2.7	0.27366138462257844
2.71	0.2722969637308078
2.72	0.2709014978520646
2.73	0.26951826516265814
2.74	0.26814711419847587
2.75	0.2667878959143108
2.7600000000000002	0.2654404636366135
2.77	0.264104673017334
2.7800000000000002	0.2627803819888238
2.79	0.26146745071977257
2.8000000000000003	0.26016574157214883
2.81	0.258875119059121
2.82	0.25759544980393106
2.83	0.2563266024996979
2.84	0.2550684478701249
2.85	0.2538208586310872
2.86	0.25258370945308
2.87	0.25135687692449993
2.88	0.250140239515744
2.89	0.24893367754409998
2.9	0.24773707313941246
2.91	0.24655031021050147
2.92	0.24537327441231715
2.93	0.24420585311380968
2.94	0.243047935366499
2.95	0.24189941187372382
2.96	0.24076017496055602
2.97	0.2396301185443614
2.98	0.23850913810599242
2.99	0.23739713066159607
3.	0.23629399473502277
3.0100000000000002	0.23519963033082103
3.02	0.2341139389078032
3.0300000000000002	0.23303682335316891
3.04	0.2319681879571734
3.0500000000000003	0.2309079383883247
3.06	0.229855981669101
3.0700000000000003	0.2288122261521717
3.08	0.22777658149711308
3.09	0.2267489586476051
3.1	0.22572926980909785
3.11	0.2246381965891543
3.12	0.22351457295626703
3.13	0.22240013828865401
3.14	0.2212947884403446
3.15	0.2201984207723205
3.16	0.21911093412601576
3.17	0.21803222879736367
3.18	0.2169622065113793
3.19	0.21590077039726457
3.2	0.214847824964023
3.21	0.21380327607657282
3.22	0.21276703093234614
3.23	0.21173899803836368
3.24	0.21071908718877236
3.25	0.2097072094428373
3.2600000000000002	0.2087032771033755
3.27	0.2077072036956224
3.2800000000000002	0.20671890394652034
3.29	0.20573829376442093
3.3000000000000003	0.20476529021918888
3.31	0.20379981152270177
3.3200000000000003	0.20284177700973363
3.33	0.20189110711921573
3.34	0.20094772337586447
3.35	0.20001154837216953
3.36	0.19908250575073305
3.37	0.19816052018695282
3.38	0.19724551737204074
3.39	0.19633742399637025
3.4	0.1954361677331449
3.41	0.19454167722238064
3.42	0.19365388205519532
3.43	0.19277271275839844
3.44	0.1918981007793748
3.45	0.1910299784712554
3.46	0.19016827907836897
3.47	0.18931293672196908
3.48	0.18846388638622943
3.49	0.1876210639045028
3.5	0.18678440594583728
3.5100000000000002	0.18595385000174408
3.52	0.18512933437321227
3.5300000000000002	0.1843107981579644
3.54	0.18349818123794837
3.5500000000000003	0.18269142426706006
3.56	0.1818904686590926
3.5700000000000003	0.18103339099256152
3.58	0.18015343271618459
3.59	0.17928018839653614
3.6	0.17841358831861434
3.61	0.17755356368222341
3.62	0.17670004658747865
3.63	0.17585297002057945
3.64	0.1750122678398461
3.65	0.1741778747620142
3.66	0.1733497263487808
3.67	0.1725277589935983
3.68	0.17171190990870908
3.69	0.17090211711241796
3.7	0.17009831941659453
3.71	0.16930045641440494
3.72	0.1685084684682629
3.73	0.16772229669800084
3.74	0.1669418829692522
3.75	0.16616716988204366
3.7600000000000002	0.16539810075959072
3.77	0.16463461963729437
3.7800000000000002	0.16387667125193303
3.79	0.16312420103104716
3.8000000000000003	0.16237715508251158
3.81	0.16163548018429258
3.8200000000000003	0.16089912377438492
3.83	0.1601680339409269
3.84	0.1594421594124876
3.85	0.15872144954852474
3.86	0.15800585433000935
3.87	0.15729532435021243
3.88	0.15658981080565307
3.89	0.1558892654872018
3.9	0.15519364077133901
3.91	0.1545028896115626
3.92	0.15381696552994456
3.93	0.15313582260883107
3.94	0.15245941548268557
3.95	0.15178769933006991
3.96	0.1511206298657629
3.97	0.1504581633330115
3.98	0.1498002564959143
3.99	0.1491468666319326
4.	0.14849795152452813
4.01	0.14785346945592423
4.0200000000000005	0.1472133791999886
4.03	0.14657764001523446
4.04	0.14594621163793917
4.05	0.14531905427537636
4.0600000000000005	0.14469612859916126
4.07	0.1440773957387056
4.08	0.14346281727478064
4.09	0.1428523552331865
4.1	0.1421773309504446
4.11	0.1414984135659317
4.12	0.14082437617663907
4.13	0.14015517198830815
4.14	0.1394907547672053
4.15	0.13883107883207454
4.16	0.1381760990462252
4.17	0.13752577080975115
4.18	0.13688005005187964
4.19	0.13623889322344737
4.2	0.13560225728950115
4.21	0.13497009972202031
4.22	0.1343423784927601
4.23	0.13371905206621165
4.24	0.13310007939267843
4.25	0.13248541990146526
4.26	0.13187503349417917
4.2700000000000005	0.13126888053813887
4.28	0.13066692185989198
4.29	0.13006911873883656
4.3	0.12947543290094674
4.3100000000000005	0.12888582651259883
4.32	0.12830026217449764
4.33	0.1277187029156993
4.34	0.1271411121877313
4.3500000000000005	0.12656745385880538
4.36	0.12599769220812335
4.37	0.12543179192027334
4.38	0.12486971807971534
4.39	0.12431143616535366
4.4	0.12375691204519575
4.41	0.12320611197109492
4.42	0.12265900257357581
4.43	0.1221155508567416
4.44	0.12157572419325995
4.45	0.12103949031942894
4.46	0.12050681733031825
4.47	0.11997767367498736
4.48	0.11945202815177713
4.49	0.11892984990367476
4.5	0.11841110841375026
4.51	0.11789577350066341
4.5200000000000005	0.11738381531423984
4.53	0.11687520433111494
4.54	0.11636991135044468
4.55	0.11586790748968208
4.5600000000000005	0.1153691641804178
4.57	0.11487365316428448
4.58	0.11438134648892291
4.59	0.11389221650400963
4.6000000000000005	0.11340623585734434
4.61	0.11292337749099686
4.62	0.11244361463751137
4.63	0.11196692081616826
4.64	0.11149326982930198
4.65	0.11102263575867367
4.66	0.11055499296189845
4.67	0.11009031606892523
4.68	0.1096285799785696
4.69	0.10916975985509768
4.7	0.10869660527793246
4.71	0.10818136570711583
4.72	0.10766965346707377
4.73	0.1071614370130787
4.74	0.10665668514837495
4.75	0.10615536701961596
4.76	0.10565745211237211
4.7700000000000005	0.10516291024670564
4.78	0.10467171157281296
4.79	0.10418382656673265
4.8	0.10369922602611782
4.8100000000000005	0.10321788106607216
4.82	0.1027397631150485
4.83	0.10226484391080871
4.84	0.10179309549644365
4.8500000000000005	0.10132449021645272
4.86	0.10085900071288159
4.87	0.10039659992151743
4.88	0.09993726106814001
4.89	0.09948095766482858
4.9	0.09902766350632337
4.91	0.09857735266644013
4.92	0.09812999949453778
4.93	0.09768557861203747
4.94	0.0972440649089929
4.95	0.09680543354071075
4.96	0.0963696599244196
4.97	0.09593671973598858
4.98	0.09550658890669225
4.99	0.09507924362002347
5.	0.09465466030855156
5.01	0.09423281565082615
5.0200000000000005	0.09381368656832553
5.03	0.09339725022244902
5.04	0.09298348401155185
5.05	0.0925723655680233
5.0600000000000005	0.09216387275540598
5.07	0.09175798366555656
5.08	0.09135467661584627
5.09	0.09095393014640207
5.1000000000000005	0.0905557230173861
5.11	0.09016003420631412
5.12	0.08976684290541133
5.13	0.08937612851900602
5.14	0.08898787066095931
5.15	0.08860204915213138
5.16	0.08821864401788286
5.17	0.08783763548561144
5.18	0.0874590039823226
5.19	0.08708273013223428
5.2	0.08670879475441486
5.21	0.08633717886045393
5.22	0.08596786365216517
5.23	0.085600830519321
5.24	0.08523606103741874
5.25	0.08487353696547706
5.26	0.08451324024386321
5.2700000000000005	0.0841551529921495
5.28	0.08379925750699972
5.29	0.08344553626008391
5.3	0.08309397189602186
5.3100000000000005	0.08274454723035442
5.32	0.08239724524754276
5.33	0.08205204909899418
5.34	0.08170894210111491
5.3500000000000005	0.08136790773338949
5.36	0.08102892963648566
5.37	0.08069199161038473
5.38	0.08035707761253748
5.39	0.08002417175604433
5.4	0.07965954556785346
5.41	0.07928174065227303
5.42	0.07890642031490956
5.43	0.07853356367732055
5.44	0.07816315007451143
5.45	0.07779515905236645
5.46	0.07742957036511487
5.47	0.07706636397283242
5.48	0.07670552003897693
5.49	0.07634701892795834
5.5	0.07599084120274155
5.51	0.07563696762248255
5.5200000000000005	0.0752853791401969
5.53	0.07493605690045971
5.54	0.0745889822371376
5.55	0.07424413667115093
5.5600000000000005	0.07390150190826701
5.57	0.07356105983692275
5.58	0.0732227925260772
5.59	0.07288668222309294
5.6000000000000005	0.07255271135164608
5.61	0.07222086250966443
5.62	0.07189111846729344
5.63	0.07156346216488951
5.64	0.07123787671103995
5.65	0.07091434538060969
5.66	0.07059285161281394
5.67	0.07027337900931661
5.68	0.06995591133235401
5.69	0.06964043250288347
5.7	0.06932692659875642
5.71	0.06901537785291598
5.72	0.06870577065161786
5.73	0.0683980895326752
5.74	0.06809231918372638
5.75	0.06778844444052536
5.76	0.06748645028525482
5.7700000000000005	0.06718632184486115
5.78	0.06688804438941134
5.79	0.06659160333047133
5.8	0.06629698421950532
5.8100000000000005	0.06600417274629608
5.82	0.06571315473738584
5.83	0.06542391615453726
5.84	0.06513644309321409
5.8500000000000005	0.06485072178108212
5.86	0.06456673857652884
5.87	0.0642844799672024
5.88	0.06400393256856937
5.89	0.06372508312249105
5.9	0.06344791849581789
5.91	0.06317242567900196
5.92	0.0628985917847272
5.93	0.06262640404655699
5.94	0.06235584981759905
5.95	0.06208691656918722
5.96	0.06181959188958011
5.97	0.061553863482675955
5.98	0.06128971916674407
5.99	0.06102714687317193
6.	0.060766134645228405
6.01	0.06050667063684227
6.0200000000000005	0.06024874311139621
6.03	0.05999234044053587
6.04	0.059737451102993874
6.05	0.059484063683428484
6.0600000000000005	0.05923216687127672
6.07	0.058981749459621854
6.08	0.05873280034407503
6.09	0.05848530852167048
6.1000000000000005	0.05823926308977474
6.11	0.05799465324500931
6.12	0.057751468282186455
6.13	0.05750969759325827
6.140000000000001	0.05726933066627865
6.15	0.05703035708437807
6.16	0.05679276652475085
6.17	0.056556548757654944
6.18	0.05632169364542371
6.19	0.056088191141490176
6.2	0.05582619843707946
6.21	0.05555757941922142
6.22	0.055290682012461935
6.23	0.055025492441478245
6.24	0.05476199706303385
6.25	0.054500182364502846
6.26	0.05424003496241345
6.2700000000000005	0.053981541601009764
6.28	0.053724689150831985
6.29	0.05346946460731427
6.3	0.05321585508940094
6.3100000000000005	0.052963847838179784
6.32	0.05271343021553263
6.33	0.05246458970280309
6.34	0.052217313899481
6.3500000000000005	0.051971590521903345
6.36	0.051727407401971605
6.37	0.05148475248588495
6.38	0.05124361383288966
6.390000000000001	0.05100397961404368
6.4	0.05076583811099701
6.41	0.05052917771478697
6.42	0.050293986924648676
6.43	0.050060254346840125
6.44	0.049827968693481835
6.45	0.04959711878141103
6.46	0.049367693531049715
6.47	0.04913968196528689
6.48	0.04891307320837448
6.49	0.04868785648483688
6.5	0.048464021118393756
6.51	0.048241556530896276
6.5200000000000005	0.048020452241276136
6.53	0.047800697864507566
6.54	0.04758228311058196
6.55	0.04736519778349503
6.5600000000000005	0.04714943178024617
6.57	0.04693497508985018
6.58	0.046721817792360766
6.59	0.046509950057906015
6.6000000000000005	0.046299362145735455
6.61	0.04609004440327857
6.62	0.04588198726521491
6.63	0.045675181252555035
6.640000000000001	0.045469616971732824
6.65	0.045265285113708455
6.66	0.045062176453082296
6.67	0.04486028184721926
6.68	0.04465959223538374
6.69	0.0444600986378848
6.7	0.044261792155231565
6.71	0.04406466396729863
6.72	0.04386870533250141
6.73	0.04367390758698128
6.74	0.04348026214380038
6.75	0.043287760492145805
6.76	0.043096394196543375
6.7700000000000005	0.04290615489608061
6.78	0.04271703430363876
6.79	0.04252902420513397
6.8	0.04234211645876737
6.8100000000000005	0.04215630299428378
6.82	0.041971575812239356
6.83	0.04178792698327753
6.84	0.041605348647413574
6.8500000000000005	0.04142383301332748
6.86	0.04124337235766492
6.87	0.04106395902434651
6.88	0.04088558542388507
6.890000000000001	0.040708244032710623
6.9	0.040531927392503386
6.91	0.04035662810953436
6.92	0.04018233885401362
6.93	0.04000905235944601
6.94	0.039836761421994216
6.95	0.039665458899849404
6.96	0.03949513771260876
6.97	0.03932579084066031
6.98	0.03915741132457482
6.99	0.038989992264504544
7.	0.038823526819588866
7.01	0.038658008207366666
7.0200000000000005	0.038493429703195504
7.03	0.038329784639677206
7.04	0.038167066406090196
7.05	0.038005268447827874
7.0600000000000005	0.03784438426584383
7.07	0.03768440741610298
7.08	0.037525331509039056
7.09	0.03736715020901788
7.1000000000000005	0.037209857233807334
7.11	0.03705227322083823
7.12	0.03686934164565837
7.13	0.036687568073641603
7.140000000000001	0.036506943565596445
7.15	0.03632745926372128
7.16	0.03614910639075092
7.17	0.03597187624911333
7.18	0.03579576022009612
7.19	0.035620749763023256
7.2	0.03544683641444099
7.21	0.035274011787314
7.22	0.03510226757023042
7.23	0.03493159552661672
7.24	0.03476198749396138
7.25	0.034593435383048016
7.26	0.034425931177197285
7.2700000000000005	0.03425946693151776
7.28	0.03409403477216549
7.29	0.0339296268956123
7.3	0.03376623556792243
7.3100000000000005	0.033603853124037866
7.32	0.0334424719670717
7.33	0.03328208456760992
7.34	0.03312268346302112
7.3500000000000005	0.032964261256774215
7.36	0.03280681061776425
7.37	0.03265032427964574
7.38	0.032494795040173725
7.390000000000001	0.03234021576055262
7.4	0.0321865793647923
7.41	0.032033878839071765
7.42	0.031882107231109874
7.43	0.03173125764954361
7.44	0.031581323263313144
7.45	0.031432297301054145
7.46	0.031284173050496786
7.47	0.03113694385787188
7.48	0.030990603127323563
7.49	0.03084514432032868
7.5	0.030700560955122812
7.51	0.030556846606132764
7.5200000000000005	0.030413994903415544
7.53	0.030271999532103504
7.54	0.030130854231855988
7.55	0.029990552796316936
7.5600000000000005	0.029851089072578718
7.57	0.029712456960652018
7.58	0.029574650412941515
7.59	0.029437663433727577
7.6000000000000005	0.02930149007865371
7.61	0.02916612445421982
7.62	0.029031560717280927
7.63	0.028897793074551623
7.640000000000001	0.028764815782116194
7.65	0.02863262314494378
7.66	0.028501209516409262
7.67	0.028370569297819392
7.68	0.028240696937944128
7.69	0.028111586932553074
7.7	0.027983233823957294
7.71	0.027855632200555817
7.72	0.0277287766963876
7.73	0.02760266199068786
7.74	0.0274772828074499
7.75	0.027352633914991185
7.76	0.027228710125524618
7.7700000000000005	0.02710550629473409
7.78	0.02698301732135513
7.79	0.02686123814675979
7.8	0.026740163754546156
7.8100000000000005	0.02661978917013234
7.82	0.026500109460355015
7.83	0.026381119733072018
7.84	0.026262815136769525
7.8500000000000005	0.02614519086017343
7.86	0.026028242131864863
7.87	0.025911964219899823
7.88	0.025796352431433148
7.890000000000001	0.025681402112346218
7.9	0.025567108646879024
7.91	0.02545346745726581
7.92	0.02534047400337494
7.930000000000001	0.025228123782352476
7.94	0.02511641232826965
7.95	0.02500533521177402
7.96	0.02489488803974442
7.97	0.024785066454949614
7.98	0.02467586613571049
7.99	0.02456728279556599
8.	0.02445931218294244
8.01	0.02435195008082653
8.02	0.024245192306441666
8.03	0.02413903471092786
8.040000000000001	0.02403347317902478
8.05	0.02392850362875851
8.06	0.023824122011131238
8.07	0.023720324309814467
8.08	0.023617106540845426
8.09	0.023514464752326505
8.1	0.023412395024128112
8.11	0.023310893467594348
8.120000000000001	0.023209956225252064
8.13	0.023109579470522768
8.14	0.023009759407437554
8.15	0.02291049227035511
8.16	0.022811774323682588
8.17	0.022703680663980694
8.18	0.02259223364932053
8.19	0.02248146886081039
8.2	0.022371381296817927
8.21	0.022261965998415782
8.22	0.022153218048965546
8.23	0.022045132573706258
8.24	0.021937704739347422
8.25	0.021830929753666514
8.26	0.02172480286511075
8.27	0.0216193193624033
8.28	0.021514474574153737
8.290000000000001	0.021410263868472796
8.3	0.021306682652591155
8.31	0.02120372637248252
8.32	0.02110139051249063
8.33	0.020999670594960523
8.34	0.020898562179873452
8.35	0.020798060864486063
8.36	0.020698162282973276
8.370000000000001	0.02059886210607508
8.38	0.020500156040747012
8.39	0.0204020398298146
8.4	0.020304509251631336
8.41	0.020207560119740342
8.42	0.020111188282539647
8.43	0.020015389622951178
8.44	0.019920160058093078
8.45	0.019825495538955653
8.46	0.019731392050080676
8.47	0.01963784560924428
8.48	0.019544852267142962
8.49	0.0194524081070831
8.5	0.019360509244673686
8.51	0.019269151827522424
8.52	0.01917833203493481
8.53	0.019088046077616647
8.540000000000001	0.018998290197379506
8.55	0.018909060666849442
8.56	0.018820353789178613
8.57	0.018732165897760056
8.58	0.01864449335594541
8.59	0.018557332556765622
8.6	0.018470679922654554
8.61	0.018384531905175423
8.620000000000001	0.018298884984750262
8.63	0.018213735670392094
8.64	0.01812908049943979
8.65	0.018044916037295994
8.66	0.017961238877167402
8.67	0.01787804563980812
8.68	0.01779533297326528
8.69	0.017713097552627694
8.700000000000001	0.01763133607977678
8.71	0.017550045283140317
8.72	0.01746922191744847
8.73	0.017388862763492715
8.74	0.01730896462788682
8.75	0.01722694878772686
8.76	0.017140244662413803
8.77	0.01705407509863316
8.78	0.01696843619671635
8.790000000000001	0.016883324089838687
8.8	0.016798734943705925
8.81	0.016714664956243942
8.82	0.016631110357291933
8.83	0.016548067408298686
8.84	0.016465532402022205
8.85	0.016383501662232562
8.86	0.016301971543417684
8.870000000000001	0.016220938430492524
8.88	0.01614039873851115
8.89	0.016060348912381943
8.9	0.01598078542658573
8.91	0.01590170478489696
8.92	0.015823103520107833
8.93	0.015744978193755265
8.94	0.01566732539585074
8.950000000000001	0.015590141744613048
8.96	0.015513423886203795
8.97	0.015437168494465636
8.98	0.01536137227066335
8.99	0.015286031943227564
9.	0.015211144267501114
9.01	0.015136706025488113
9.02	0.015062714025605656
9.03	0.014989165102438029
9.040000000000001	0.01491605611649352
9.05	0.01484338395396374
9.06	0.014771145526485471
9.07	0.014699337770905006
9.08	0.01462795764904479
9.09	0.014557002147472612
9.1	0.014486468277273158
9.11	0.014416353073821905
9.120000000000001	0.014346653596561306
9.13	0.014277366928779333
9.14	0.014208490177390296
9.15	0.014140020472717852
9.16	0.014071954968280368
9.17	0.01400429084057831
9.18	0.013937025288883955
9.19	0.013870155535033197
9.200000000000001	0.013803678823219482
9.21	0.013737592419789836
9.22	0.013671893613042998
9.23	0.013606579713029563
9.24	0.013541648051354268
9.25	0.013477095980980123
9.26	0.013412920876034648
9.27	0.013349120131618085
9.28	0.01328569116361346
9.290000000000001	0.013222631408498615
9.3	0.01315993832316022
9.31	0.013097609384709464
9.32	0.013035642090299854
9.33	0.012974033956946624
9.34	0.01291278252134814
9.35	0.012851885339708954
9.36	0.01279133998756474
9.370000000000001	0.012731144059608934
9.38	0.012666324035888604
9.39	0.012600472726740888
9.4	0.01253503331992255
9.41	0.012470002804879142
9.42	0.012405378196226106
9.43	0.012341156533511867
9.44	0.012277334880983483
9.450000000000001	0.012213910327354723
9.46	0.012150879985576577
9.47	0.012088240992610147
9.48	0.012025990509201875
9.49	0.011964125719661158
9.5	0.011902643831640245
9.51	0.011841542075916449
9.52	0.011780817706176543
9.53	0.011720467998803502
9.540000000000001	0.011660490252665355
9.55	0.011600881788906236
9.56	0.011541639950739679
9.57	0.011482762103243898
9.58	0.01142424563315933
9.59	0.01136608794868811
9.6	0.011308286479295772
9.61	0.011250838675514824
9.620000000000001	0.011193742008750495
9.63	0.011136993971088296
9.64	0.011080592075103759
9.65	0.01102453385367392
9.66	0.010968816859790908
9.67	0.010913438666377236
9.68	0.010858396866103242
9.69	0.0108036890712061
9.700000000000001	0.010749312913310912
9.71	0.010695266043253436
9.72	0.010641546130904768
9.73	0.010588150864997708
9.74	0.010535077952954866
9.75	0.01048232512071864
9.76	0.010429890112582762
9.77	0.010377770691025598
9.78	0.01032596463654521
9.790000000000001	0.010274469747495955
9.8	0.010223283839926817
9.81	0.010172404747421338
9.82	0.010121830320939138
9.83	0.010071558428659083
9.84	0.010021586955823971
9.85	0.009971913804586742
9.86	0.009922536893858408
9.870000000000001	0.009873454159157243
9.88	0.0098246635524597
9.89	0.009776163042052697
9.9	0.009727950612387399
9.91	0.00968002426393448
9.92	0.009632382013040829
9.93	0.00958502189178762
9.94	0.009537941947849887
9.950000000000001	0.009491140244357384
9.96	0.00944461485975693
9.97	0.009398363887676047
9.98	0.00935238543678796
9.99	0.00930667763067793
10.	0.009261238607710966
10.01	0.009216066520900734
10.02	0.009171159537779848
10.03	0.00912651584027139
10.040000000000001	0.009082133624561693
10.05	0.009034582548345006
10.06	0.008986166719041655
10.07	0.008938058064577533
10.08	0.008890254333935987
10.09	0.008842753294805815
10.1	0.00879555273340756
10.11	0.008748650454321513
10.120000000000001	0.008702044280317487
10.13	0.008655732052186385
10.14	0.008609711628573364
10.15	0.008563980885812889
10.16	0.008518537717765333
10.17	0.008473380035655285
10.18	0.0084285057679115
10.19	0.008383912860008528
10.200000000000001	0.00833959927430987
10.21	0.008295562989912828
10.22	0.008251802002494797
10.23	0.008208314324161272
10.24	0.0081650979832953
10.25	0.00812215102440847
10.26	0.008079471507993388
10.27	0.008037057510377749
10.28	0.007994907123579724
10.290000000000001	0.007953018455164934
10.3	0.007911389628104833
10.31	0.007870018780636454
10.32	0.007828904066123672
10.33	0.007788043652919747
10.34	0.007747435724231354
10.35	0.007707078477983912
10.36	0.00766697012668826
10.370000000000001	0.007627108897308696
10.38	0.007587493031132356
10.39	0.007548120783639811
10.4	0.00750899042437707
10.41	0.007470100236828747
10.42	0.007431448518292578
10.43	0.007393033579755174
10.44	0.0073548537457689255
10.450000000000001	0.007316907354330254
10.46	0.007279192756759003
10.47	0.0072417083175790155
10.48	0.007204452414399912
10.49	0.007167423437800075
10.5	0.00713061979121069
10.51	0.007094039890801086
10.52	0.007057682165365035
10.53	0.0070215450562082955
10.540000000000001	0.006985627017037234
10.55	0.006949926513848507
10.56	0.006914442024819853
10.57	0.006879172040202003
10.58	0.006844115062211521
10.59	0.006809269604924866
10.6	0.006774634194173354
10.61	0.006740207367439213
10.620000000000001	0.0067059876737526475
10.63	0.006671973673589892
10.64	0.006638163938772245
10.65	0.006604557052366182
10.66	0.006571151608584278
10.67	0.006537946212687244
10.68	0.006504939480886853
10.69	0.0064721300402497866
10.700000000000001	0.006439516528602466
10.71	0.00640709759443678
10.72	0.0063748718968166815
10.73	0.006342838105285814
10.74	0.006310994899775869
10.75	0.006279340970515956
10.76	0.006247875017942793
10.77	0.00621331213453951
10.78	0.006178697779267547
10.790000000000001	0.0061443080876555515
10.8	0.006110141395337905
10.81	0.006076196051803769
10.82	0.006042470420269
10.83	0.0060089628775495205
10.84	0.005975671813935884
10.85	0.0059425956330691155
10.86	0.005909732751817813
10.870000000000001	0.005877081600156555
10.88	0.005844640621045426
10.89	0.005812408270310854
10.9	0.005780383016527592
10.91	0.0057485633409019125
10.92	0.005716947737155986
10.93	0.005685534711413404
10.94	0.005654322782085835
10.950000000000001	0.0056233104797609
10.96	0.005592496347091055
10.97	0.0055618789386836925
10.98	0.00553145682099227
10.99	0.005501228572208572
11.	0.0054711927821560315
11.01	0.00544134805218411
11.02	0.0054116929950637415
11.03	0.0053822262348838384
11.040000000000001	0.005352946406948769
11.05	0.005323852157676927
11.06	0.005294942144500259
11.07	0.005266215035764802
11.08	0.005237669510632232
11.09	0.005209304258982331
11.1	0.005181117981316498
11.11	0.0051531093886621575
11.120000000000001	0.005125277202478124
11.13	0.005097620154560914
11.14	0.005070136986951979
11.15	0.005042826451845838
11.16	0.0050156873114991524
11.17	0.004988718338140637
11.18	0.0049619183138819075
11.19	0.004935286030629207
11.200000000000001	0.004908820289995943
11.21	0.004882519903216138
11.22	0.004856383691058723
11.23	0.004830410483742608
11.24	0.0048045991208526895
11.25	0.004778948451256593
11.26	0.004753457333022237
11.27	0.0047281246333362665
11.28	0.00470294922842319
11.290000000000001	0.00467793000346537
11.3	0.00465306585252379
11.31	0.004628355678459524
11.32	0.0046037983928560655
11.33	0.004579392915942345
11.34	0.004555138176516504
11.35	0.004531033111870423
11.36	0.00450707666771498
11.370000000000001	0.0044832677981060005
11.38	0.00445960546537098
11.39	0.004436088640036437
11.4	0.004412716300756051
11.41	0.004389487434239432
11.42	0.004366401035181596
11.43	0.004343456106193115
11.44	0.004320651657730964
11.450000000000001	0.004297986708029964
11.46	0.004275460283035004
11.47	0.0042530714163337485
11.48	0.00423081914909014
11.49	0.004208702529978465
11.5	0.004186720615118043
11.51	0.0041648724680085755
11.52	0.004143157159466097
11.53	0.004121573767559511
11.540000000000001	0.004098080565125545
11.55	0.00407466153945154
11.56	0.0040513964388908755
11.57	0.004028284119904396
11.58	0.004005323448426302
11.59	0.003982513299777599
11.6	0.003959852558580404
11.61	0.003937340118673073
11.620000000000001	0.003914974883026233
11.63	0.0038927557636596007
11.64	0.0038706816815596468
11.65	0.003848751566598094
11.66	0.0038269643574511954
11.67	0.0038053190015198265
11.68	0.003783814454850408
11.69	0.003762449682056534
11.700000000000001	0.0037412236562414506
11.71	0.0037201353589212615
11.72	0.0036991837799489006
11.73	0.0036783679174388624
11.74	0.0036576867776926814
11.75	0.0036371393751251043
11.76	0.0036167247321910673
11.77	0.00359644187931331
11.78	0.0035762898548107503
11.790000000000001	0.0035562677048275606
11.8	0.0035363744832629202
11.81	0.003516609251701463
11.82	0.003496971079344443
11.83	0.0034774590429414937
11.84	0.003458072226723154
11.85	0.003438809722333972
11.86	0.003419670628766312
11.870000000000001	0.0034006540522947873
11.88	0.003381759106411341
11.89	0.0033629849117609327
11.9	0.0033443305960779088
11.91	0.003325795294122938
11.92	0.003307378147620576
11.93	0.0032890783051974484
11.94	0.0032708949223210185
11.950000000000001	0.003252827161238968
11.96	0.0032348741909191407
11.97	0.00321703518699007
11.98	0.003199309331682115
11.99	0.0031816958137691346
12.	0.0031641938285107193
12.01	0.0031468025775950037
12.02	0.0031295212690820263
12.030000000000001	0.0031123491173476133
12.040000000000001	0.0030952853430278255
12.05	0.0030783291729639325
12.06	0.003061479840147919
12.07	0.0030447365836685047
12.08	0.003028098648657682
12.09	0.0030115652862377925
12.1	0.002995135753469066
12.11	0.0029788093132976927
12.120000000000001	0.0029625852345044005
12.13	0.002946462791653486
12.14	0.0029304412650423698
12.15	0.002914519940651606
12.16	0.002898698110095383
12.17	0.0028829750705725004
12.18	0.002867350124817793
12.19	0.0028518225810540174
12.200000000000001	0.002836391752944243
12.21	0.00282105695954462
12.22	0.0028058175252576503
12.23	0.0027906727797858836
12.24	0.0027756220580860413
12.25	0.002760664700323609
12.26	0.002745800051827802
12.27	0.00273102746304702
12.280000000000001	0.002716346289504677
12.290000000000001	0.0027017558917554574
12.3	0.0026872556353419916
12.31	0.0026728448907519585
12.32	0.002658523033375523
12.33	0.0026442894434632732
12.34	0.00263014350608446
12.35	0.0026160846110856797
12.36	0.0026016144470575324
12.370000000000001	0.002586736525464225
12.38	0.0025719556062284844
12.39	0.0025572709793167748
12.4	0.0025426819404598317
12.41	0.002528187791101321
12.42	0.0025137878383468815
12.43	0.0024994813949137835
12.44	0.0024852677790809844
12.450000000000001	0.002471146314639711
12.46	0.002457116330844505
12.47	0.0024431771623647644
12.48	0.002429328149236724
12.49	0.0024155686368158968
12.5	0.002401897975730035
12.51	0.0023883155218324503
12.52	0.002374820636155863
12.530000000000001	0.0023614126848666554
12.540000000000001	0.0023480910392195777
12.55	0.002334855075512888
12.56	0.0023217041750439103
12.57	0.0023086377240650467
12.58	0.002295655113740192
12.59	0.0022827557401015612
12.6	0.0022699390040069466
12.61	0.0022572043110973693
12.620000000000001	0.0022445510717551353
12.63	0.0022319787010623257
12.64	0.002219486618759625
12.65	0.0022070742492055827
12.66	0.002194741021336269
12.67	0.0021824863686252705
12.68	0.002170309729044118
12.69	0.002158210545023061
12.700000000000001	0.0021461882634122055
12.71	0.002134242335443066
12.72	0.002122372216690424
12.73	0.0021105773670345926
12.74	0.0020988572506240154
12.75	0.002087211335838232
12.76	0.002075639095251169
12.77	0.0020641400055948257
12.780000000000001	0.0020527135477232455
12.790000000000001	0.0020413592065768728
12.8	0.0020300764711472163
12.81	0.002018864834441862
12.82	0.002007723793449811
12.83	0.0019966528491071373
12.84	0.001985651506262969
12.85	0.001974719273645811
12.86	0.001963855663830144
12.870000000000001	0.0019530601932033656
12.88	0.0019423323819330416
12.89	0.0019316717539344412
12.9	0.0019210778368384048
12.91	0.001910550161959481
12.92	0.0019000882642643878
12.93	0.0018896916823407598
12.94	0.0018793599583661813
12.950000000000001	0.0018690926380775003
12.96	0.0018588892707404644
12.97	0.0018487494091195835
12.98	0.0018386726094483286
12.99	0.0018286584313995608
13.	0.0018187064380562716
13.01	0.0018088161958825703
13.02	0.0017989872746949482
13.030000000000001	0.0017892192476338092
13.040000000000001	0.0017795116911352694
13.05	0.0017698641849031999
13.06	0.0017602763118815487
13.07	0.0017507476582269076
13.08	0.0017412778132813273
13.09	0.0017318663695453991
13.1	0.0017225129226515591
13.11	0.0017132170713376707
13.120000000000001	0.00170397841742082
13.13	0.0016947965657713722
13.14	0.0016856711242872456
13.15	0.001676601703868459
13.16	0.0016675879183918572
13.17	0.001658629384686128
13.18	0.0016497257225069957
13.19	0.0016408765545126759
13.200000000000001	0.0016320815062395432
13.21	0.0016233402060780167
13.22	0.0016146522852486704
13.23	0.0016060173777785666
13.24	0.0015974383003151639
13.25	0.0015889316751086066
13.26	0.0015804767155832788
13.27	0.001572073069334258
13.280000000000001	0.0015637203866232926
13.290000000000001	0.0015554183203566184
13.3	0.0015471665260630028
13.31	0.0015389646618719822
13.32	0.0015308123884922842
13.33	0.0015227093691904572
13.34	0.0015146552697696937
13.35	0.0015066497585488287
13.36	0.0014986925063415514
13.370000000000001	0.0014907831864357827
13.38	0.0014829214745732534
13.39	0.0014751070489292559
13.4	0.001467339590092581
13.41	0.0014596187810456357
13.42	0.001451944307144752
13.43	0.0014443158561006366
13.44	0.0014367331179590392
13.450000000000001	0.001429195785081565
13.46	0.0014217035521266693
13.47	0.0014142561160308208
13.48	0.001406853175989832
13.49	0.0013994944334403579
13.5	0.0013921795920415583
13.51	0.001384908357656925
13.52	0.0013776804383362675
13.530000000000001	0.001370495544297868
13.540000000000001	0.001363353387910786
13.55	0.0013562536836773172
13.56	0.0013491961482156236
13.57	0.0013421805002425
13.58	0.0013352064605563108
13.59	0.0013282737520200593
13.6	0.0013213820995446222
13.61	0.0013145312300721279
13.620000000000001	0.0013077208725594748
13.63	0.001300950757962007
13.64	0.0012942206192173285
13.65	0.0012875301912292519
13.66	0.0012808792108519069
13.67	0.0012742674168739771
13.68	0.0012676945500030663
13.69	0.0012611603528502298
13.700000000000001	0.0012546645699146148
13.71	0.0012482069475682448
13.72	0.001241787234040948
13.73	0.0012354051794054
13.74	0.0012290605355623086
13.75	0.0012227530562257335
13.76	0.0012164824969085148
13.77	0.0012102486149078518
13.780000000000001	0.0012040511692909938
13.790000000000001	0.0011978899208810536
13.8	0.0011917646322429656
13.81	0.001185675067669537
13.82	0.0011796209931676383
13.83	0.0011736021764445228
13.84	0.0011676183868942346
13.85	0.001161669395584168
13.86	0.001155754975241723
13.870000000000001	0.0011498749002410808
13.88	0.0011440289465901045
13.89	0.0011382168919173384
13.9	0.0011324385154591254
13.91	0.001126693598046845
13.92	0.0011209819220942448
13.93	0.001115303271584898
13.94	0.0011096574320597552
13.950000000000001	0.0011040441906048186
13.96	0.0010984633358389088
13.97	0.0010929146579015405
13.98	0.001087397948440914
13.99	0.001081913000601992
14.	0.0010764596090146906
14.01	0.0010710375697821708
14.02	0.0010656466804692308
14.030000000000001	0.0010602867400907883
14.040000000000001	0.00105495754910048
14.05	0.0010496589093793379
14.06	0.001044390624224582
14.07	0.0010391524983384961
14.08	0.0010339443378174023
14.09	0.0010287659501407246
14.1	0.0010236171441601668
14.11	0.0010184977300889528
14.120000000000001	0.0010134075194911784
14.13	0.0010083463252712511
14.14	0.0010033139616634143
14.15	0.0009983102442213667
14.16	0.0009933349898079613
14.17	0.0009883880165850083
14.18	0.000983469144003145
14.19	0.0009791416470623128
14.200000000000001	0.0009755125301768006
14.21	0.0009718994049754496
14.22	0.0009683021898114503
14.23	0.0009647208035118474
14.24	0.0009611551653744572
14.25	0.0009576051951648074
14.26	0.0009540708131131057
14.27	0.0009505519399112213
14.280000000000001	0.0009470484967096926
14.290000000000001	0.0009435604051147589
14.3	0.0009400875871854057
14.31	0.000936629965430439
14.32	0.0009331874628055778
14.33	0.0009297600027105637
14.34	0.0009263475089863018
14.35	0.0009229499059120025
14.36	0.0009195671182023686
14.370000000000001	0.0009161990710047829
14.38	0.0009128456898965224
14.39	0.000909506900881998
14.4	0.0009061826303900012
14.41	0.0009028728052709848
14.42	0.000899577352794352
14.43	0.0008962962006457686
14.44	0.0008930292769244956
14.450000000000001	0.0008897765101407423
14.46	0.0008865378292130267
14.47	0.0008833131634655726
14.48	0.0008801024426257135
14.49	0.0008769055968213112
14.5	0.0008737225565782076
14.51	0.0008705532528176797
14.52	0.0008673976168539195
14.530000000000001	0.0008642555803915319
14.540000000000001	0.0008611270755230482
14.55	0.0008580120347264584
14.56	0.0008549103908627592
14.57	0.0008518220771735217
14.58	0.0008487470272784751
14.59	0.000845685175173106
14.6	0.0008426364552262744
14.61	0.0008396008021778553
14.620000000000001	0.0008365781511363792
14.63	0.0008335684375767066
14.64	0.0008305715973377072
14.65	0.0008275875666199654
14.66	0.0008246162819834871
14.67	0.0008216576803454421
14.68	0.0008187116989779007
14.69	0.0008157782755056086
14.700000000000001	0.0008128573479037562
14.71	0.0008099488544957786
14.72	0.0008070527339511634
14.73	0.0008041689252832786
14.74	0.0008012973678472055
14.75	0.0007984380013376028
14.76	0.0007955907657865733
14.77	0.000792755601561546
14.780000000000001	0.0007899324493631795
14.790000000000001	0.0007871212502232758
14.8	0.0007843219455027056
14.81	0.0007815344768893572
14.82	0.0007787587863960869
14.83	0.0007759948163586944
14.84	0.0007732425094339098
14.85	0.000770501808597387
14.86	0.000767772657141724
14.870000000000001	0.0007650549986744836
14.88	0.0007623487771162352
14.89	0.0007596539366986139
14.9	0.0007569704219623802
14.91	0.0007542981777555045
14.92	0.0007516371492312611
14.93	0.000748987281846334
14.94	0.000746348521358938
14.950000000000001	0.0007437208138269502
14.96	0.0007411041056060537
14.97	0.0007384983433479015
14.98	0.000735903473998283
14.99	0.0007333194447953074
15.	0.0007307462032676022
15.01	0.0007281836972325175
15.02	0.0007256318747943521
15.030000000000001	0.0007230906843425796
15.040000000000001	0.0007205600745500964
15.05	0.0007180399943714786
15.06	0.0007155303930412491
15.07	0.0007130312200721579
15.08	0.0007105424252534771
15.09	0.0007080639586492971
15.1	0.0007055957705968516
15.11	0.000703137811704833
15.120000000000001	0.0007006900328517407
15.13	0.0006982523851842239
15.14	0.0006958248201154431
15.15	0.0006934072893234413
15.16	0.0006909997447495284
15.17	0.0006982853784257882
15.18	0.0007157276018885785
15.19	0.0007335935893456781
15.200000000000001	0.0007518933470751768