0.01	3.0801689371426453
0.02	2.7308079830427956
0.03	2.651625253745578
0.04	2.614456753436939
0.05	2.5794996045290715
0.06	2.543407242808267
0.07	2.5054855693868117
0.08	2.4668914786277774
0.09	2.4266839892158316
0.1	2.385934389937189
0.11	2.3452781218343266
0.12	2.3038427684914207
0.13	2.264835927803655
0.14	2.2265322805478176
0.15	2.190247832455196
0.16	2.1550806189596075
0.17	2.121270181539224
0.18	2.085779163038975
0.19	2.052754204306404
0.2	2.019870007508117
0.21	1.9884169122629058
0.22	1.9588835321623712
0.23	1.9278661130588923
0.24	1.8982653383969728
0.25	1.8703002308027374
0.26	1.841992350390345
0.27	1.8140731870984876
0.28	1.7875699326669856
0.29	1.7623639365225487
0.3	1.7362498647606428
0.31	1.7110273804853577
0.32	1.6869549411605729
0.33	1.6639465596328646
0.34	1.6408231116124228
0.35000000000000003	1.6177731652804483
0.36	1.595682887268633
0.37	1.5744872880623333
0.38	1.5541273848916115
0.39	1.5335550673143419
0.4	1.5130790971114547
0.41000000000000003	1.4933721384805398
0.42	1.4743875866265457
0.43	1.456082685064273
0.44	1.4384181271651926
0.45	1.4198033632744966
0.46	1.4016507653441739
0.47000000000000003	1.3841132496181876
0.48	1.367157539950431
0.49	1.3507528056097438
0.5	1.3348704360610215
0.51	1.3189173383635506
0.52	1.3024717028805985
0.53	1.2865385918177306
0.54	1.2710928063295128
0.55	1.2561108235737641
0.56	1.2415706572095109
0.5700000000000001	1.2274517317573224
0.58	1.213734769228563
0.59	1.1993844029374985
0.6	1.1852741855267603
0.61	1.1715591232182012
0.62	1.1582219397150681
0.63	1.1452463769129198
0.64	1.1326171198844335
0.65	1.1203197284625157
0.66	1.1083405747499377
0.67	1.096393957888698
0.68	1.0839148600159048
0.6900000000000001	1.071756894159808
0.7000000000000001	1.0599073195270314
0.71	1.0483540734201289
0.72	1.0370857262164936
0.73	1.0260914399130812
0.74	1.0153609299100699
0.75	1.0048844297405295
0.76	0.9946526584831693
0.77	0.9843323002545036
0.78	0.9736640512711089
0.79	0.9632451355303323
0.8	0.9530666789131974
0.81	0.9431202289039397
0.8200000000000001	0.9333977296579571
0.8300000000000001	0.9238914988270399
0.84	0.9145942059985633
0.85	0.9054988526185588
0.86	0.8965987532804527
0.87	0.8878875182719413
0.88	0.879359037282052
0.89	0.8702016521886381
0.9	0.8612378173244056
0.91	0.8524638463325569
0.92	0.8438736968483608
0.93	0.8354615817327732
0.9400000000000001	0.8272219556903543
0.9500000000000001	0.8191495027223676
0.96	0.8112391243547802
0.97	0.8034859285858064
0.98	0.7958852195021225
0.99	0.7884324875169412
1.	0.7811234001868643
1.01	0.7739537935678026
1.02	0.7662433426361372
1.03	0.7586551989837791
1.04	0.7512144344065761
1.05	0.7439168102505679
1.06	0.7367582485999202
1.07	0.7297348247363004
1.08	0.7228427600185352
1.09	0.7160784151554974
1.1	0.7094382838471182
1.11	0.7029189867702494
1.12	0.696517265887765
1.1300000000000001	0.6902299790608166
1.1400000000000001	0.6840540949455822
1.1500000000000001	0.6779866881571389
1.16	0.6720249346842982
1.17	0.6655462910109482
1.18	0.6591777734844807
1.19	0.6529231711973352
1.2	0.6467795147144011
1.21	0.6407439358931265
1.22	0.6348136636267425
1.23	0.6289860197995115
1.24	0.6232584154418148
1.25	0.61762834707369
1.26	0.6120933932261575
1.27	0.6066512111303621
1.28	0.601299533565184
1.29	0.5960361658545693
1.3	0.5908589830063705
1.31	0.5857659269849979
1.32	0.5807550041106614
1.33	0.5758242825784168
1.34	0.5705315048368249
1.35	0.5652187529252659
1.36	0.5599941366743341
1.37	0.5548555619085336
1.3800000000000001	0.5498009990123052
1.3900000000000001	0.5448284804900348
1.4000000000000001	0.5399360986350301
1.41	0.5351220033018674
1.42	0.5303843997768258
1.43	0.5257215467414363
1.44	0.5211317543244561
1.45	0.5166133822378455
1.46	0.5121648379925754
1.47	0.5077845751903274
1.48	0.5034710918873675
1.49	0.49922292902707893
1.5	0.4950386689378392
1.51	0.4909169338930975
1.52	0.486856384730689
1.53	0.4828245922098767
1.54	0.47843039302052365
1.55	0.4741042405156609
1.56	0.4698446520701791
1.57	0.4656501865886757
1.58	0.4615194430870147
1.59	0.45745105933093927
1.6	0.453443710529099
1.61	0.4494961080779928
1.62	0.4456069983564594
1.6300000000000001	0.4417751615674671
1.6400000000000001	0.4379994106250687
1.6500000000000001	0.4342785900844995
1.6600000000000001	0.43061157511349746
1.67	0.42699727050301567
1.68	0.4234346097155994
1.69	0.4199225539697752
1.7	0.4164600913588879
1.71	0.41304623600289414
1.72	0.4096800272316981
1.73	0.40636052879867823
1.74	0.4030868281231243
1.75	0.39985803556036165
1.76	0.3965216805685754
1.77	0.39301667048748645
1.78	0.3895621283809412
1.79	0.3861570501282565
1.8	0.38280045704571686
1.81	0.3794913951054297
1.82	0.3762289341823253
1.83	0.3730121673281348
1.84	0.36984021007124085
1.85	0.36671219974134367
1.86	0.36362729481793465
1.87	0.36058467430161467
1.8800000000000001	0.3575835371073414
1.8900000000000001	0.3546231014787251
1.9000000000000001	0.3517026044225404
1.9100000000000001	0.34882130116265037
1.92	0.3459784646125816
1.93	0.3431733848660179
1.94	0.3404053687045178
1.95	0.3376737391217853
1.96	0.33497783486385646
1.97	0.3323170099845937
1.98	0.32969063341590044
1.99	0.3270980885520986
2.	0.32453877284793525
2.0100000000000002	0.3220120974297019
2.02	0.31939600499086906
2.0300000000000002	0.3166309234812255
2.04	0.31390319174913395
2.05	0.31121212588843505
2.06	0.30855705776896086
2.07	0.30593733459830574
2.08	0.3033523184978153
2.09	0.30080138609226614
2.1	0.29828392811273063
2.11	0.29579934901214483
2.12	0.29334706659311194
2.13	0.2909265116475006
2.14	0.2885371276074066
2.15	0.28617837020707165
2.16	0.2838497071553659
2.17	0.28155061781845464
2.18	0.2792805929122909
2.19	0.2770391342045832
2.2	0.27482575422590666
2.21	0.2726399759896366
2.22	0.27048133272039576
2.23	0.2683493675907211
2.24	0.26624363346566354
2.25	0.2641636926550507
2.2600000000000002	0.2621091166731463
2.27	0.26007948600545683
2.2800000000000002	0.2580743898824403
2.29	0.25609342605988566
2.3000000000000003	0.25413620060573633
2.31	0.252202327693143
2.32	0.2501598160143877
2.33	0.2480261308945499
2.34	0.24591966593369416
2.35	0.2438399597641801
2.36	0.24178656075606567
2.37	0.2397590267714457
2.38	0.23775692492599335
2.39	0.23577983135746103
2.4	0.23382733100091305
2.41	0.23189901737046414
2.42	0.22999449234731148
2.43	0.22811336597385268
2.44	0.22625525625369075
2.45	0.2244197889573357
2.46	0.22260659743341582
2.47	0.22081532242522328
2.48	0.21904561189242022
2.49	0.2172971208377419
2.5	0.21556951113853628
2.5100000000000002	0.21386245138298648
2.52	0.21217561671086885
2.5300000000000002	0.21050868865870231
2.54	0.20886135500915215
2.5500000000000003	0.2072333096445545
2.56	0.20562425240443388
2.57	0.2040338889468887
2.58	0.2024619306137265
2.59	0.20090809429923243
2.6	0.19937210232246
2.61	0.19785368230293646
2.62	0.19635256703967818
2.63	0.1948684943934171
2.64	0.19340120717193932
2.65	0.1919504530184441
2.66	0.19047045748488942
2.67	0.18886031415403917
2.68	0.1872697253348767
2.69	0.18569838190458748
2.7	0.18414598075120564
2.71	0.1826122246350366
2.72	0.18109682205376965
2.73	0.17959948711117182
2.74	0.17811993938925333
2.75	0.17665790382380103
2.7600000000000002	0.1752131105831802
2.77	0.17378529495030587
2.7800000000000002	0.17237419720769095
2.79	0.17097956252547986
2.8000000000000003	0.16960114085237918
2.81	0.1682386868094018
2.82	0.16689195958634
2.83	0.16556072284089063
2.84	0.1642447446003535
2.85	0.16294379716582882
2.86	0.16165765701884313
2.87	0.1603861047303312
2.88	0.15912892487190972
2.89	0.15788590592937446
2.9	0.15665684021835954
2.91	0.1554415238020974
2.92	0.15423975641121868
2.93	0.15305134136553683
2.94	0.15187608549775997
2.95	0.15071379907907675
2.96	0.14956429574656477
2.97	0.14842739243236924
2.98	0.1473029092946052
2.99	0.14619066964993327
3.	0.14509049990776468
3.0100000000000002	0.144002229506051
3.02	0.14292569084861376
3.0300000000000002	0.14186071924397356
3.04	0.14080715284563772
3.0500000000000003	0.13976483259380612
3.06	0.13860276773856425
3.0700000000000003	0.13743311781175682
3.08	0.13627709414138275
3.09	0.1351344945122284
3.1	0.13400512035094214
3.11	0.13288877664897597
3.12	0.1317852718873979
3.13	0.13069441796352513
3.14	0.1296160301193278
3.15	0.1285499268715549
3.16	0.12749592994353648
3.17	0.12645386419861573
3.18	0.12542355757516752
3.19	0.12440484102316088
3.2	0.12339754844222373
3.21	0.12240151662116988
3.22	0.12141658517894911
3.23	0.12044259650698341
3.24	0.1194793957128512
3.25	0.11852683056528532
3.2600000000000002	0.11758475144044958
3.27	0.11665301126946045
3.2800000000000002	0.11573146548712143
3.29	0.11481997198183802
3.3000000000000003	0.11391839104668362
3.31	0.11302658533158551
3.3200000000000003	0.11214441979660224
3.33	0.11127176166626472
3.34	0.11040848038495338
3.35	0.10955444757328489
3.36	0.10870953698548255
3.37	0.10787362446770574
3.38	0.10704658791731356
3.39	0.10622830724303942
3.4	0.10541866432605324
3.41	0.1046175429818896
3.42	0.10382482892321937
3.43	0.1030404097234437
3.44	0.1022641747810909
3.45	0.10149601528499506
3.46	0.10073582418023774
3.47	0.09998349613483323
3.48	0.09923892750714007
3.49	0.09850201631398003
3.5	0.09777266219944755
3.5100000000000002	0.09697421751990383
3.52	0.09614426541743021
3.5300000000000002	0.09532374078218328
3.54	0.0945125102736434
3.5500000000000003	0.09371044280647448
3.56	0.09291740950617206
3.5700000000000003	0.0921332836657053
3.58	0.09135794070312768
3.59	0.09059125812013222
3.6	0.08983311546152724
3.61	0.08908339427561042
3.62	0.08834197807541824
3.63	0.0876087523008292
3.64	0.08688360428150023
3.65	0.08616642320061467
3.66	0.0854571000594233
3.67	0.08475552764255787
3.68	0.08406160048409833
3.69	0.08337521483437642
3.7	0.08269626862749607
3.71	0.08202466144955498
3.72	0.08136029450754852
3.73	0.08070307059894177
3.74	0.08005289408189141
3.75	0.07940967084610326
3.7600000000000002	0.07877330828430969
3.77	0.07814371526435251
3.7800000000000002	0.07752080210185636
3.79	0.07690448053347909
3.8000000000000003	0.07629466369072536
3.81	0.07569126607430991
3.8200000000000003	0.07509420352905773
3.83	0.07450339321932853
3.84	0.07391875360495354
3.85	0.07334020441767164
3.86	0.07276766663805458
3.87	0.07220106247290876
3.88	0.07164031533314326
3.89	0.0710853498120927
3.9	0.07053609166428525
3.91	0.06999246778464452
3.92	0.06945440618811659
3.93	0.06892183598971119
3.94	0.06839468738494847
3.95	0.06787289163070176
3.96	0.06735638102642746
3.97	0.066845088895773
3.98	0.06633894956855471
3.99	0.0658378983630972
4.	0.06534187156892551
4.01	0.06485080642980312
4.0200000000000005	0.06436464112710727
4.03	0.06381570274763283
4.04	0.06325022195370233
4.05	0.06269113141890378
4.0600000000000005	0.06213834341766821
4.07	0.06159177164062919
4.08	0.061051331168356114
4.09	0.06051693844563754
4.1	0.05998851125630171
4.11	0.059465968698561404
4.12	0.05894923116087212
4.13	0.05843822029828994
4.14	0.057932859009319104
4.15	0.05743307141323714
4.16	0.05693878282788702
4.17	0.05644991974792515
4.18	0.05596640982351535
4.19	0.05548818183945804
4.2	0.05501516569474555
4.21	0.05454729238253272
4.22	0.05408449397051432
4.23	0.053626703581700116
4.24	0.053173855375577735
4.25	0.052725884529655445
4.26	0.05228272722137598
4.2700000000000005	0.051844320610393374
4.28	0.05141060282120415
4.29	0.05098151292612534
4.3	0.050556990928611927
4.3100000000000005	0.05013697774690546
4.32	0.049721415198006984
4.33	0.04931024598196703
4.34	0.04890341366648581
4.3500000000000005	0.048500862671816414
4.36	0.048102538255964764
4.37	0.04770838650017959
4.38	0.047318354294726354
4.39	0.046932389324938345
4.4	0.04655044005753998
4.41	0.04617245572723516
4.42	0.045798386323555915
4.43	0.04542818257796512
4.44	0.045061795951208225
4.45	0.04469917862090854
4.46	0.04434028346940042
4.47	0.043985064071795955
4.48	0.04363347468427976
4.49	0.043285470232627035
4.5	0.04294100630094026
4.51	0.04260003912059977
4.5200000000000005	0.042262525559423864
4.53	0.041928423111033786
4.54	0.04159768988441952
4.55	0.041270284593701835
4.5600000000000005	0.04094616654808697
4.57	0.04062529564200932
4.58	0.040307632345458706
4.59	0.03999313769448823
4.6000000000000005	0.03968177328189863
4.61	0.03937350124809618
4.62	0.03906131219690954
4.63	0.03871393553618955
4.64	0.03837038762945009
4.65	0.03803061816083389
4.66	0.037694577581909784
4.67	0.03736221709835475
4.68	0.03703348865689532
4.69	0.03670834493250216
4.7	0.03638673931583277
4.71	0.03606862590091665
4.72	0.03575395947307818
4.73	0.03544269549709163
4.74	0.03513479010556372
4.75	0.03483020008753882
4.76	0.034528882877321906
4.7700000000000005	0.03423079654351488
4.78	0.03393589977826165
4.79	0.03364415188669744
4.8	0.03335551277659835
4.8100000000000005	0.03306994294822664
4.82	0.032787403484367844
4.83	0.032507856040555456
4.84	0.032231262835479745
4.8500000000000005	0.03195758664157632
4.86	0.03168679077579109
4.87	0.0314188390905177
4.88	0.03115369596470411
4.89	0.030891326295124793
4.9	0.030631695487814727
4.91	0.030374769449662664
4.92	0.0301205145801595
4.93	0.029868897763299297
4.94	0.02961988635962928
4.95	0.02937052021247419
4.96	0.029102817525134432
4.97	0.02883808668844112
4.98	0.028576288830608237
4.99	0.02831738566490004
5.	0.02806133947967714
5.01	0.02780811312863153
5.0200000000000005	0.02755767002120632
5.03	0.027309974113196692
5.04	0.027064989897527782
5.05	0.026822682395206392
5.0600000000000005	0.026583017146442536
5.07	0.026345960201937423
5.08	0.026111478114334306
5.09	0.025879537929829232
5.1000000000000005	0.025650107179937848
5.11	0.025423153873415566
5.12	0.02519864648832744
5.13	0.024976553964265315
5.14	0.024756845694708544
5.15	0.024539491519525863
5.16	0.024324461717615424
5.17	0.024111726999680002
5.18	0.0239012585011348
5.19	0.0236930277751452
5.2	0.023487006785791676
5.21	0.02328316790135952
5.22	0.023081483887750595
5.23	0.02288192790201495
5.24	0.022684473485999744
5.25	0.022489094560113113
5.26	0.022295765417200672
5.2700000000000005	0.022104460716532645
5.28	0.021915155477899052
5.29	0.021727825075811082
5.3	0.021542445233806454
5.3100000000000005	0.021343815417422373
5.32	0.021141783884471587
5.33	0.02094203872656681
5.34	0.020744549851915966
5.3500000000000005	0.02054928762007108
5.36	0.020356222834332496
5.37	0.02016532673429448
5.38	0.019976570988529795
5.39	0.019789927687410162
5.4	0.01960536933605991
5.41	0.019422868847440197
5.42	0.01924239953556083
5.43	0.019063935108817542
5.44	0.018887449663451787
5.45	0.01871291767713094
5.46	0.018540314002646042
5.47	0.01836961386172517
5.48	0.018200792838959777
5.49	0.01803382687584193
5.5	0.017868692264910137
5.51	0.017705365644001565
5.5200000000000005	0.01754382399060866
5.53	0.017384044616337895
5.54	0.017226005161468827
5.55	0.01706968358961133
5.5600000000000005	0.016915058182458975
5.57	0.016762107534637076
5.58	0.016610810548642864
5.59	0.016461146429876634
5.6000000000000005	0.016313094681761654
5.61	0.016166635100951236
5.62	0.016021747772621244
5.63	0.015878413065846475
5.64	0.015736611629058938
5.65	0.015596324385586988
5.66	0.015457532529273158
5.67	0.015320217520169556
5.68	0.015184361080309097
5.69	0.015037264113538092
5.7	0.01488878237125431
5.71	0.014742023197105115
5.72	0.014596963642773936
5.73	0.014453581105020477
5.74	0.014311853319902113
5.75	0.014171758357101752
5.76	0.014033274614360271
5.7700000000000005	0.013896380812011265
5.78	0.013761055987616058
5.79	0.01362727949069712
5.8	0.01349503097756776
5.8100000000000005	0.013364290406256186
5.82	0.013235038031522163
5.83	0.013107254399964264
5.84	0.012980920345216146
5.8500000000000005	0.012856016983229728
5.86	0.01273252570764403
5.87	0.01261042818523745
5.88	0.012489706351462288
5.89	0.012370342406059599
5.9	0.012252318808752941
5.91	0.012135618275019452
5.92	0.01202022377193659
5.93	0.011906118514103387
5.94	0.011793285959634364
5.95	0.011681709806225016
5.96	0.011571373987287198
5.97	0.011462262668153372
5.98	0.011354360242348026
5.99	0.011247651327925235
6.	0.011142120763870987
6.01	0.01103775360656898
6.0200000000000005	0.01093453512632872
6.03	0.010832450803974766
6.04	0.010731486327495775
6.05	0.010631627588752425
6.0600000000000005	0.010532860680242966
6.07	0.010435171891925216
6.08	0.010338547708094146
6.09	0.010241025173660281
6.1000000000000005	0.0101349345170775
6.11	0.010030113977877614
6.12	0.009926546308664925
6.13	0.009824214523885362
6.140000000000001	0.009723101895433192
6.15	0.009623191948338428
6.16	0.009524468456533307
6.17	0.009426915438696356
6.18	0.009330517154172355
6.19	0.009235258098966784
6.2	0.009141123001813346
6.21	0.009048096820312903
6.22	0.008956164737142645
6.23	0.008865312156334
6.24	0.008775524699617857
6.25	0.00868678820283596
6.26	0.008599088712416996
6.2700000000000005	0.008512412481916282
6.28	0.008426745968617512
6.29	0.008342075830195814
6.3	0.008258388921440452
6.3100000000000005	0.00817567229103627
6.32	0.008093913178402714
6.33	0.008013099010589235
6.34	0.007933217399226046
6.3500000000000005	0.007854256137529103
6.36	0.0077762031973583525
6.37	0.00769904672632813
6.38	0.007622775044968689
6.390000000000001	0.0075473766439380415
6.4	0.007472840181282896
6.41	0.007399154479747971
6.42	0.007326308524132589
6.43	0.007254291458693837
6.44	0.0071830925845951755
6.45	0.007112701357399815
6.46	0.007043107384607908
6.47	0.006974300423236777
6.48	0.006906270377443321
6.49	0.0068390072961878445
6.5	0.0067725013709384625
6.51	0.00670674293341539
6.5200000000000005	0.0066417224533743225
6.53	0.006572611574795449
6.54	0.0065014455143211376
6.55	0.006431156989044388
6.5600000000000005	0.0063617338631912065
6.57	0.0062931641869491605
6.58	0.006225436193340836
6.59	0.0061585382951544485
6.6000000000000005	0.006092459081930617
6.61	0.00602718731700402
6.62	0.0059627119345990135
6.63	0.005899022036978031
6.640000000000001	0.005836106891641774
6.65	0.0057739559285802005
6.66	0.005712558737573269
6.67	0.0056519050655404555
6.68	0.005591984813938185
6.69	0.0055327880362041
6.7	0.005474304935247421
6.71	0.005416525860984298
6.72	0.005359441307917478
6.73	0.005303041912759336
6.74	0.005247318452097366
6.75	0.0051922618401014885
6.76	0.005137863126272157
6.7700000000000005	0.005084113493228638
6.78	0.005031004254536603
6.79	0.004978526852574351
6.8	0.004926672856436823
6.8100000000000005	0.0048754339598767555
6.82	0.004824801979282228
6.83	0.00477476885168997
6.84	0.00472532663283364
6.8500000000000005	0.004676467495226472
6.86	0.004628183726277709
6.87	0.004580467726441989
6.88	0.004533312007401248
6.890000000000001	0.004486709190278435
6.9	0.004440652003882433
6.91	0.004395133282983632
6.92	0.004350145966619556
6.93	0.00430568309642993
6.94	0.004261737815020797
6.95	0.004218303364356902
6.96	0.00417537308418199
6.97	0.00413294041046646
6.98	0.004090998873881791
6.99	0.0040495420983013486
7.	0.004004829005897489
7.01	0.00396054157806216
7.0200000000000005	0.003916805991375828
7.03	0.0038736145981947707
7.04	0.0038309598675203937
7.05	0.0037888343830579725
7.0600000000000005	0.0037472308413103905
7.07	0.0037061420497061497
7.08	0.003665560924761138
7.09	0.003625480490273283
7.1000000000000005	0.003585893875549657
7.11	0.0035467943136652633
7.12	0.0035081751397529923
7.13	0.0034700297893240878
7.140000000000001	0.003432351796618546
7.15	0.0033951347929849092
7.16	0.003358372505288834
7.17	0.003322058754349933
7.18	0.0032861874534063254
7.19	0.0032507526066063563
7.2	0.0032157483075270165
7.21	0.0031811687377184717
7.22	0.0031470081652743005
7.23	0.00311326094342688
7.24	0.0030799215091674628
7.25	0.003046984381890511
7.26	0.003014444162061761
7.2700000000000005	0.002982295529909663
7.28	0.002950533244139638
7.29	0.0029191521406708525
7.3	0.002888147131394972
7.3100000000000005	0.0028575132029565586
7.32	0.00282724541555467
7.33	0.0027973389017652765
7.34	0.002767788865384085
7.3500000000000005	0.00273859058028943
7.36	0.0027097393893248255
7.37	0.002681230703200805
7.38	0.0026530599994157313
7.390000000000001	0.0026252228211951635
7.4	0.0025977147764495202
7.41	0.0025705315367495906
7.42	0.002543668836319683
7.43	0.0025171224710479685
7.44	0.002490888297513818
7.45	0.002464962232031722
7.46	0.0024393402497115265
7.47	0.0024140183835347144
7.48	0.0023889927234463787
7.49	0.002364259415462656
7.5	0.002339391291474258
7.51	0.0023148049900451337
7.5200000000000005	0.0022905092852646904
7.53	0.0022665003628364573
7.54	0.0022427744634988364
7.55	0.002219327882159511
7.5600000000000005	0.002196156967044609
7.57	0.0021732581188622924
7.58	0.002150627789980598
7.59	0.0021282624836191782
7.6000000000000005	0.0021061587530547578
7.61	0.0020843132008400017
7.62	0.0020627224780356054
7.63	0.002041383283455321
7.640000000000001	0.002020292362923696
7.65	0.0019994465085463272
7.66	0.00197884255799234
7.67	0.001958477393788945
7.68	0.001938347942627794
7.69	0.001918451174682937
7.7	0.0018987841029402207
7.71	0.0018793437825378315
7.72	0.0018601273101178772
7.73	0.0018411318231887335
7.74	0.0018223544994980159
7.75	0.0018037925564159496
7.76	0.001785443250328985
7.7700000000000005	0.001767303876043437
7.78	0.00174937176619901
7.79	0.0017316442906920096
7.8	0.0017141188561080572
7.8100000000000005	0.0016967929051641786
7.82	0.0016796639161600578
7.83	0.0016627294024383153
7.84	0.00164598691185366
7.8500000000000005	0.0016294340262507285
7.86	0.001613068360950481
7.87	0.0015968875642450111
7.88	0.0015808893169005904
7.890000000000001	0.0015650713316688288
7.9	0.001549431352805804
7.91	0.0015339671555990042
7.92	0.0015186765459019812
7.930000000000001	0.0015035573596765216
7.94	0.0014886074625422895
7.95	0.0014738247493337187
7.96	0.0014592071436640949
7.97	0.0014447525974966625
7.98	0.0014304590907226718
7.99	0.0014163246307462036
8.	0.001402347252075681
8.01	0.0013885250159219565
8.02	0.0013748560098028383
8.03	0.0013625254623839912
8.040000000000001	0.0013520766413280144
8.05	0.0013417207882023593
8.06	0.0013314569618781745
8.07	0.0013212842319044857
8.08	0.0013112016783740374
8.09	0.001301208391790955
8.1	0.0012913034729402579
8.11	0.0012814860327591353
8.120000000000001	0.0012717551922100181
8.13	0.0012621100821553755
8.14	0.001252549843234226
8.15	0.0012430736257403492
8.16	0.0012336805895021502
8.17	0.0012243699037641693
8.18	0.0012151407470702058
8.19	0.0012059923071480315
8.2	0.001196923780795675
8.21	0.001187934373769246
8.22	0.0011790233006722906
8.23	0.0011701897848466272
8.24	0.0011614330582646827
8.25	0.0011527523614232658
8.26	0.0011441469432387818
8.27	0.0011356160609438627
8.28	0.0011271589799853813
8.290000000000001	0.0011187749739238453
8.3	0.0011104633243341365
8.31	0.0011022233207075918
8.32	0.0010940542603553771
8.33	0.0010859554483131798
8.34	0.0010779261972471556
8.35	0.0010699658273611431
8.36	0.0010620736663051063
8.370000000000001	0.0010542490490848073
8.38	0.0010464913179726735
8.39	0.001038799822419854
8.4	0.0010311739189694353
8.41	0.0010236129711708212
8.42	0.0010161163494952362
8.43	0.0010086834312523435
8.44	0.0010013136005079823
8.45	0.0009940062480029714
8.46	0.0009867607710729895
8.47	0.0009795765735695179
8.48	0.0009724530657818097
8.49	0.0009653896643598977
8.5	0.0009583857922385967
8.51	0.0009514408785625198
8.52	0.0009445543586120585
8.53	0.0009377256737303461
8.540000000000001	0.0009309542712511595
8.55	0.0009242396044277767
8.56	0.000917581132362752
8.57	0.0009109783199385976
8.58	0.0009044306377493905
8.59	0.0009525762752565615
8.6	0.0010045608772993107