0.01	3.2078254158831756
0.02	2.2896394816082672
0.03	1.9899766268756505
0.04	1.820139439767681
0.05	1.7154778089892344
0.06	1.64563429050284
0.07	1.5947528509967073
0.08	1.555069793304469
0.09	1.5219458563021713
0.1	1.4949113155506826
0.11	1.4730762624893967
0.12	1.4524907504525648
0.13	1.4333495348309906
0.14	1.4159470061174027
0.15	1.3998931092205014
0.16	1.38419909207128
0.17	1.3696171275754327
0.18	1.354200684706528
0.19	1.3394290343473159
0.2	1.3252947968051583
0.21	1.311351066170481
0.22	1.298192768123064
0.23	1.2851993120992005
0.24	1.271982637028732
0.25	1.2594332955541245
0.26	1.2474641529105093
0.27	1.2344294349052687
0.28	1.2219976882430632
0.29	1.2101209329252451
0.3	1.1986502436429898
0.31	1.1871441129102378
0.32	1.17610857461517
0.33	1.1655105532090095
0.34	1.155320212113325
0.35000000000000003	1.1444285730362727
0.36	1.1335854450898812
0.37	1.123137986894458
0.38	1.1130616378212534
0.39	1.1033339576879109
0.4	1.0933429940401103
0.41000000000000003	1.0834046192463969
0.42	1.0737928526560874
0.43	1.0644895596313357
0.44	1.0554780045954535
0.45	1.046742714196224
0.46	1.0375227120517259
0.47000000000000003	1.0284468842386074
0.48	1.019639047447859
0.49	1.0110859479506538
0.5	1.0027752409932402
0.51	0.9946954117565587
0.52	0.9867146133804235
0.53	0.9783086008158222
0.54	0.9701293399357186
0.55	0.9621666820789734
0.56	0.9544111067943671
0.5700000000000001	0.9468536725633242
0.58	0.9394859721748096
0.59	0.9323000922414458
0.6	0.9249843700322979
0.61	0.917516240344754
0.62	0.9102283850170492
0.63	0.9031136484608471
0.64	0.8961652669184018
0.65	0.8893768412853941
0.66	0.8827423122035026
0.67	0.8762559372019841
0.68	0.8699122696919396
0.6900000000000001	0.8633024795149916
0.7000000000000001	0.8566297328785901
0.71	0.8501021238062744
0.72	0.84371451707968
0.73	0.8374620272483021
0.74	0.8313400032599144
0.75	0.8253440142296848
0.76	0.8194698362497156
0.77	0.8137134401503711
0.78	0.8080709801333644
0.79	0.8022518917190873
0.8	0.7962983985570299
0.81	0.7904622259632771
0.8200000000000001	0.7847396559197176
0.8300000000000001	0.7791271317205409
0.84	0.7736212491318208
0.85	0.7682187481341237
0.86	0.7629165052033489
0.87	0.7577115260889231
0.88	0.7526009390519962
0.89	0.7475819885294933
0.9	0.7426520291927572
0.91	0.7373728425318232
0.92	0.7321441244220627
0.93	0.7270084128353456
0.9400000000000001	0.7219630797501074
0.9500000000000001	0.7170055983348088
0.96	0.7121335380363375
0.97	0.7073445599550742
0.98	0.7026364124871362
0.99	0.6980069272158156
1.	0.6934540150356063
1.01	0.6889756624934802
1.02	0.6845699283332184
1.03	0.6802349402296644
1.04	0.6757910158295313
1.05	0.6712796842672606
1.06	0.6668408045549308
1.07	0.6624725459289136
1.08	0.6581731404330133
1.09	0.6539408802065286
1.1	0.6497741149130314
1.11	0.6456712493013603
1.12	0.6416307408909125
1.1300000000000001	0.6376510977738472
1.1400000000000001	0.6337308765273246
1.1500000000000001	0.6298686802293618
1.16	0.6260631565723123
1.17	0.6223129960683664
1.18	0.6186169303418538
1.19	0.6148922895116026
1.2	0.6109574197342692
1.21	0.607080073055716
1.22	0.6032589435016973
1.23	0.5994927651346734
1.24	0.5957803105131452
1.25	0.5921203892221384
1.26	0.5885118464710126
1.27	0.5849535617550027
1.28	0.5814444475771213
1.29	0.5779834482272543
1.3	0.5745695386154666
1.31	0.5712017231567167
1.32	0.5678790347043442
1.33	0.5646005335298413
1.34	0.5613653063465751
1.35	0.55817246537525
1.36	0.555021147449036
1.37	0.5517149779772555
1.3800000000000001	0.5483427625576914
1.3900000000000001	0.5450152848759666
1.4000000000000001	0.5417316359216974
1.41	0.5384909314738044
1.42	0.535292311254584
1.43	0.5321349381183657
1.44	0.5290179972731079
1.45	0.525940695533379
1.46	0.5229022606032487
1.47	0.519901940387702
1.48	0.5169390023312479
1.49	0.5140127327824843
1.5	0.5111224363834233
1.51	0.5082674354824614
1.52	0.505447069569928
1.53	0.5026606947351993
1.54	0.4999076831444218
1.55	0.4971874225379351
1.56	0.4944993157465259
1.57	0.4917319213590059
1.58	0.48885541920846165
1.59	0.48601373353199867
1.6	0.4832062278990751
1.61	0.4804322813944813
1.62	0.47769128814663625
1.6300000000000001	0.47498265687303015
1.6400000000000001	0.4723058104420922
1.6500000000000001	0.4696601854507902
1.6600000000000001	0.4670452318173097
1.67	0.4644604123881852
1.68	0.4619052025592859
1.69	0.4593790899100936
1.7	0.4568815738507248
1.71	0.45441216528118533
1.72	0.45197038626236435
1.73	0.4495557696982945
1.74	0.44716785902923545
1.75	0.44480620793514625
1.76	0.4424703800491432
1.77	0.4401599486805482
1.78	0.4378744965471586
1.79	0.43561361551637656
1.8	0.4333244692305127
1.81	0.43089585720368606
1.82	0.42849412528998454
1.83	0.4261188307233718
1.84	0.4237695403976077
1.85	0.42144583060442714
1.86	0.41914728678018476
1.87	0.41687350326064876
1.8800000000000001	0.4146240830436377
1.8900000000000001	0.4123986375592115
1.9000000000000001	0.4101967864471368
1.9100000000000001	0.4080181573413586
1.92	0.4058623856612244
1.93	0.4037291144092135
1.94	0.4016179939749364
1.95	0.3995286819451812
1.96	0.39746084291978595
1.97	0.39541414833313526
1.98	0.3933882762810768
1.99	0.39138291135306874
2.	0.389397744469377
2.0100000000000002	0.38743247272314113
2.02	0.38548679922714435
2.0300000000000002	0.38356043296512193
2.04	0.3816530886474544
2.05	0.37976448657109374
2.06	0.37789435248357905
2.07	0.37591679360710734
2.08	0.37387891142344426
2.09	0.37186177159693456
2.1	0.3698650652659459
2.11	0.36788848960947695
2.12	0.3659317477010877
2.13	0.36399454836703277
2.14	0.36207660604845415
2.15	0.36017764066750163
2.16	0.35829737749725005
2.17	0.3564355470352886
2.18	0.35459188488086235
2.19	0.3527661316154521
2.2	0.3509580326866764
2.21	0.34916733829541585
2.22	0.3473938032860482
2.23	0.3456371870397027
2.24	0.34389725337043037
2.25	0.3421737704242042
2.2600000000000002	0.3404665105806548
2.27	0.3387752503574597
2.2800000000000002	0.3370997703173007
2.29	0.3354398549773108
2.3000000000000003	0.3337952927209325
2.31	0.33216587571211453
2.32	0.33055139981177306
2.33	0.32895166449645086
2.34	0.32736647277910497
2.35	0.3257956311319594
2.36	0.32423894941136167
2.37	0.3226910209921039
2.38	0.32099526075261475
2.39	0.3193154660565922
2.4	0.31765142072667674
2.41	0.31600291239699513
2.42	0.31436973243049465
2.43	0.3127516758384032
2.44	0.31114854120175134
2.45	0.3095601305948965
2.46	0.30798624951098885
2.47	0.30642670678932266
2.48	0.30488131454451867
2.49	0.30334988809748265
2.5	0.3018322459080902
2.5100000000000002	0.3003282095095468
2.52	0.2988376034443751
2.5300000000000002	0.29736025520198434
2.54	0.29589599515777404
2.5500000000000003	0.294444656513731
2.56	0.29300607524047506
2.57	0.29158009002071494
2.58	0.2901665421940729
2.59	0.2887652757032407
2.6	0.2873761370414292
2.61	0.28599897520107675
2.62	0.2846336416237795
2.63	0.2832799901514131
2.64	0.2819378769784094
2.65	0.2806071606051601
2.66	0.27928770179251333
2.67	0.2779793635173365
2.68	0.27668201092911404
2.69	0.2753955113075548
2.7	0.2741197340211784
2.71	0.27285455048685886
2.72	0.2715998341302954
2.73	0.2702240162241034
2.74	0.2688493108778294
2.75	0.2674865689617246
2.7600000000000002	0.26613564342584595
2.77	0.2647963895516977
2.7800000000000002	0.2634686649070195
2.79	0.26215232930160953
2.8000000000000003	0.26084724474415644
2.81	0.259553275400052
2.82	0.2582702875501605
2.83	0.25699814955051964
2.84	0.25573673179294665
2.85	0.2544859066665293
2.86	0.25324554851997694
2.87	0.2520155336248089
2.88	0.25079574013936135
2.89	0.24958604807358856
2.9	0.24838633925464082
2.91	0.24719649729319756
2.92	0.24601640755053825
2.93	0.24484595710633028
2.94	0.24368503472711797
2.95	0.24253353083549395
2.96	0.24139133747993596
2.97	0.24025834830529275
2.98	0.2391344585239031
2.99	0.23801956488733197
3.	0.2369135656587087
3.0100000000000002	0.2358163605856525
3.02	0.23472785087377138
3.0300000000000002	0.2336479391607189
3.04	0.23257652949079755
3.0500000000000003	0.23151352729009353
3.06	0.23045883934213116
3.0700000000000003	0.22941237376403356
3.08	0.22837403998317904
3.09	0.22734374871433904
3.1	0.2263214119372882
3.11	0.2253069428748744
3.12	0.22430025597153777
3.13	0.22322805492564424
3.14	0.22211867183044606
3.15	0.22101830328659827
3.16	0.2199268477742306
3.17	0.21884420523313028
3.18	0.2177702770372354
3.19	0.21670496596965164
3.2	0.2156481761981815
3.21	0.2145998132513527
3.22	0.21355978399493536
3.23	0.21252799660893518
3.24	0.2115043605650525
3.25	0.21048878660459605
3.2600000000000002	0.20948118671684082
3.27	0.20848147411782003
3.2800000000000002	0.20748956322954046
3.29	0.20650536965961294
3.3000000000000003	0.20552881018128644
3.31	0.20455980271387855
3.3200000000000003	0.20359826630359176
3.33	0.20264412110470806
3.34	0.20169728836115175
3.35	0.2007576903884144
3.36	0.19982525055583134
3.37	0.19889989326920335
3.38	0.1979815439537561
3.39	0.19707012903742765
3.4	0.1961655759344802
3.41	0.19526781302942484
3.42	0.1943767696612565
3.43	0.19349237610798872
3.44	0.19261456357148382
3.45	0.19174326416257143
3.46	0.19087841088644875
3.47	0.19001993762835703
3.48	0.1891677791395273
3.49	0.18832187102339096
3.5	0.18748214972204788
3.5100000000000002	0.18664855250298798
3.52	0.1858210174460595
3.5300000000000002	0.1849994834306799
3.54	0.18418389012328312
3.5500000000000003	0.1833741779649992
3.56	0.1825702881595604
3.5700000000000003	0.18177216266142954
3.58	0.1809797441641458
3.59	0.18016287683349227
3.6	0.1792920319285231
3.61	0.17842779456789518
3.62	0.17757009652101702
3.63	0.176718870447689
3.64	0.17587404988407207
3.65	0.1750355692289155
3.66	0.17420336373003825
3.67	0.17337736947105803
3.68	0.17255752335836366
3.69	0.1717437631083252
3.7	0.17093602723473633
3.71	0.17013425503648558
3.72	0.1693383865854498
3.73	0.16854836271460724
3.74	0.1677641250063639
3.75	0.16698561578108995
3.7600000000000002	0.16621277808586118
3.77	0.16544555568340227
3.7800000000000002	0.16468389304122613
3.79	0.16392773532096694
3.8000000000000003	0.16317702836790202
3.81	0.1624317187006589
3.8200000000000003	0.16169175350110393
3.83	0.16095708060440875
3.84	0.16022764848929083
3.85	0.15950340626842507
3.86	0.15878430367902222
3.87	0.15807029107357173
3.88	0.15736131941074513
3.89	0.1566573402464568
3.9	0.15595830572507952
3.91	0.15526416857081046
3.92	0.15457488207918682
3.93	0.15389040010874583
3.94	0.15321067707282757
3.95	0.15253566793151796
3.96	0.15186532818372833
3.97	0.15119961385940955
3.98	0.15053848151189797
3.99	0.1498818882103907
4.	0.14922979153254692
4.01	0.1485821495572146
4.0200000000000005	0.14793892085727792
4.03	0.14730006449262523
4.04	0.14666554000323342
4.05	0.14603530740236778
4.0600000000000005	0.14540932716989485
4.07	0.14478756024570533
4.08	0.14416996802324605
4.09	0.1435565123431583
4.1	0.14294715548702086
4.11	0.14234186017119504
4.12	0.14172561948114634
4.13	0.14105215793489895
4.14	0.1403835136894829
4.15	0.13971964077503043
4.16	0.13906049376967158
4.17	0.1384060277917042
4.18	0.1377561984918949
4.19	0.13711096204590778
4.2	0.13647027514685833
4.21	0.13583409499799037
4.22	0.13520237930547416
4.23	0.13457508627132223
4.24	0.13395217458642203
4.25	0.1333336034236826
4.26	0.1327193324312926
4.2700000000000005	0.1321093217260889
4.28	0.13150353188703265
4.29	0.13090192394879088
4.3	0.13030445939542243
4.3100000000000005	0.12971110015416548
4.32	0.1291218085893254
4.33	0.1285365474962602
4.34	0.1279552800954633
4.3500000000000005	0.12737797002674017
4.36	0.12680458134347816
4.37	0.1262350785070078
4.38	0.12566942638105313
4.39	0.12510759022627066
4.4	0.1245495356948738
4.41	0.1239952288253431
4.42	0.12344463603721888
4.43	0.12289772412597637
4.44	0.1223544602579802
4.45	0.12181481196551923
4.46	0.1212787471419171
4.47	0.1207462340367203
4.48	0.12021724125096021
4.49	0.1196917377324889
4.5	0.11916969277138663
4.51	0.11865107599544088
4.5200000000000005	0.11813585736569412
4.53	0.11762400717206081
4.54	0.11711549602901078
4.55	0.1166102948713194
4.5600000000000005	0.11610837494988174
4.57	0.1156097078275912
4.58	0.11511426537528044
4.59	0.11462201976772378
4.6000000000000005	0.1141329434796999
4.61	0.11364700928211482
4.62	0.11316419023818197
4.63	0.11268445969966065
4.64	0.11220779130315049
4.65	0.11173415896644158
4.66	0.11126353688491881
4.67	0.1107958995280199
4.68	0.11033122163574625
4.69	0.1098694782152253
4.7	0.10941064453732394
4.71	0.10895469613331185
4.72	0.10850160879157424
4.73	0.10803992847860663
4.74	0.1075310415188306
4.75	0.10702561641227168
4.76	0.10652362239472013
4.7700000000000005	0.10602502903919526
4.78	0.10552980625155224
4.79	0.10503792426615485
4.8	0.10454935364161311
4.8100000000000005	0.10406406525658578
4.82	0.10358203030564492
4.83	0.10310322029520261
4.84	0.10262760703949886
4.8500000000000005	0.10215516265664873
4.86	0.10168585956474849
4.87	0.10121967047803966
4.88	0.10075656840312969
4.89	0.10029652663526853
4.9	0.09983951875468008
4.91	0.09938551862294777
4.92	0.09893450037945307
4.93	0.09848643843786632
4.94	0.0980413074826887
4.95	0.09759908246584503
4.96	0.09715973860332587
4.97	0.0967232513718786
4.98	0.09628959650574649
4.99	0.0958587499934552
5.	0.09543068807464518
5.01	0.09500538723695028
5.0200000000000005	0.09458282421292125
5.03	0.09416297597699307
5.04	0.09374581974249627
5.05	0.0933313329587105
5.0600000000000005	0.0929194933079606
5.07	0.0925102787027539
5.08	0.09210366728295807
5.09	0.09169963741301948
5.1000000000000005	0.09129816767922051
5.11	0.09089923688697593
5.12	0.09050282405816733
5.13	0.09010890842851511
5.14	0.08971746944498746
5.15	0.08932848676324576
5.16	0.08894194024512553
5.17	0.08855780995615284
5.18	0.0881760761630952
5.19	0.08779671933154669
5.2	0.08741972012354651
5.21	0.08704505939523083
5.22	0.08667271819451657
5.23	0.08630267775881799
5.24	0.08593491951279411
5.25	0.08556942506612748
5.26	0.08520617621133332
5.2700000000000005	0.08484515492159873
5.28	0.08448634334865171
5.29	0.08412972382065878
5.3	0.08377527884015178
5.3100000000000005	0.0834229910819826
5.32	0.08307284339130593
5.33	0.0827248187815889
5.34	0.0823789004326483
5.3500000000000005	0.08203507168871371
5.36	0.08169331605651725
5.37	0.08135361720340863
5.38	0.08101595895549578
5.39	0.08068032529581028
5.4	0.08034670036249748
5.41	0.08001506844703067
5.42	0.07968541399244897
5.43	0.07935110940096597
5.44	0.07897686565342235
5.45	0.07860506941458839
5.46	0.07823570023116186
5.47	0.07786873785779043
5.48	0.07750416225458227
5.49	0.07714195358465104
5.5	0.0767820922116946
5.51	0.07642455869760689
5.5200000000000005	0.07606933380012267
5.53	0.07571639847049413
5.54	0.0753657338511995
5.55	0.07501732127368291
5.5600000000000005	0.07467114225612448
5.57	0.0743271785012414
5.58	0.0739854118941182
5.59	0.07364582450006664
5.6000000000000005	0.07330839856251443
5.61	0.07297311650092238
5.62	0.07263996090872951
5.63	0.072308914551326
5.64	0.0719799603640529
5.65	0.07165308145022896
5.66	0.07132826107920369
5.67	0.07100548268443622
5.68	0.07068472986160007
5.69	0.07036598636671267
5.7	0.07004923611429008
5.71	0.0697344631755259
5.72	0.06942165177649427
5.73	0.06911078629637672
5.74	0.0688018512657122
5.75	0.06849483136467019
5.76	0.06818971142134644
5.7700000000000005	0.06788647641008118
5.78	0.067585111449799
5.79	0.06728560180237089
5.8	0.06698793287099708
5.8100000000000005	0.0666920901986113
5.82	0.06639805946630575
5.83	0.06610582649177621
5.84	0.06581537722778763
5.8500000000000005	0.06552669776065925
5.86	0.0652397743087695
5.87	0.06495459322107998
5.88	0.06467114097567843
5.89	0.06438940417834067
5.9	0.06410936956111044
5.91	0.06383102398089796
5.92	0.06355435441809594
5.93	0.06327934797521366
5.94	0.06300599187552794
5.95	0.06273427346175169
5.96	0.06246418019471917
5.97	0.06219569965208773
5.98	0.0619288195270563
5.99	0.06166352762709983
6.	0.06139981187271967
6.01	0.06113766029620982
6.0200000000000005	0.06087706104043842
6.03	0.06061800235764489
6.04	0.060360472608251725
6.05	0.06010446025969137
6.0600000000000005	0.05984995388524769
6.07	0.059596942162911885
6.08	0.05934541387425253
6.09	0.059095357903299735
6.1000000000000005	0.058846763235443175
6.11	0.058599618956343594
6.12	0.0583539142508579
6.13	0.058109638401977436
6.140000000000001	0.05786678078977943
6.15	0.057625330890391145
6.16	0.057385278274966936
6.17	0.05714661260867771
6.18	0.05690932364971284
6.19	0.056673401248294134
6.2	0.05643883534570211
6.21	0.05620561597331369
6.22	0.05597373325165195
6.23	0.055743177389447326
6.24	0.05548726276163051
6.25	0.05522200022789919
6.26	0.054958426853609854
6.2700000000000005	0.054696529209780576
6.28	0.05443629399537119
6.29	0.0541777080358632
6.3	0.05392075828185756
6.3100000000000005	0.053665431807690525
6.32	0.053411715810066575
6.33	0.05315959760670887
6.34	0.0529090646350265
6.3500000000000005	0.0526601044507987
6.36	0.05241270472687529
6.37	0.05216685325189362
6.38	0.05192253792901154
6.390000000000001	0.05167974677465605
6.4	0.051438467917287733
6.41	0.051198689596180395
6.42	0.05096040016021605
6.43	0.05072358806669473
6.44	0.05048824188015909
6.45	0.05025435027123361
6.46	0.050021902015477966
6.47	0.04979088599225479
6.48	0.049561291183611106
6.49	0.04933310667317386
6.5	0.049106321645058564
6.51	0.04888092538279169
6.5200000000000005	0.04865690726824619
6.53	0.04843425678058979
6.54	0.04821296349524648
6.55	0.047993017082870314
6.5600000000000005	0.047774407308331865
6.57	0.04755712402971711
6.58	0.04734115719733817
6.59	0.04712649685275617
6.6000000000000005	0.046913133127816066
6.61	0.04670105624369286
6.62	0.04649025650994952
6.63	0.04628072432360603
6.640000000000001	0.046072450168219904
6.65	0.045865424612977476
6.66	0.045659638311796265
6.67	0.04545508200243794
6.68	0.045251746505632004
6.69	0.045049622724209794
6.7	0.04484870164224901
6.71	0.04464897432422812
6.72	0.04445043191419113
6.73	0.044253065634921984
6.74	0.04405686678712893
6.75	0.04386182674863842
6.76	0.043667936973598546
6.7700000000000005	0.043475188991691976
6.78	0.04328357440735795
6.79	0.04309308489902363
6.8	0.04290371221834428
6.8100000000000005	0.04271544818945251
6.82	0.042528284708216284
6.83	0.042342213741505416
6.84	0.04215722732646689
6.8500000000000005	0.04197331756980843
6.86	0.04179047664709054
6.87	0.04160869680202665
6.88	0.0414279703457914
6.890000000000001	0.041248289656337055
6.9	0.041069647177717654
6.91	0.04089203541942114
6.92	0.04071544695570902
6.93	0.040539874424963776
6.94	0.04036531052904364
6.95	0.04019174803264499
6.96	0.04001917976267181
6.97	0.03984759860761249
6.98	0.03967699751692385
6.99	0.03950736950042195
7.	0.03933870762768012
7.01	0.039171005027433634
7.0200000000000005	0.03900425488699128
7.03	0.03883845045165348
7.04	0.03867358502413727
7.05	0.03850965196400736
7.0600000000000005	0.03834664468711409
7.07	0.038184556665037415
7.08	0.03802338142453727
7.09	0.03786311254701013
7.1000000000000005	0.03770374366795165
7.11	0.03754526847642538
7.12	0.03738768071453733
7.13	0.03723097417691654
7.140000000000001	0.037075142710201466
7.15	0.036920180212531906
7.16	0.03675617121751697
7.17	0.03657599056558674
7.18	0.03639694244781156
7.19	0.03621901818308868
7.2	0.03604220916880142
7.21	0.0358665068800019
7.22	0.03569190286860346
7.23	0.035518388762582426
7.24	0.0353459562651894
7.25	0.03517459715416968
7.26	0.03500430328099293
7.2700000000000005	0.034835066570091805
7.28	0.03466687901810943
7.29	0.034499732693155774
7.3	0.03433361973407255
7.3100000000000005	0.03416853234970682
7.32	0.03400446281819288
7.33	0.03384140348624265
7.34	0.0336793467684441
7.3500000000000005	0.03351828514656795
7.36	0.03335821116888233
7.37	0.03319911744947536
7.38	0.03304099666758541
7.390000000000001	0.03288384156693938
7.4	0.0327276449550982
7.41	0.03257239970281018
7.42	0.032418098743371496
7.43	0.03226473507199426
7.44	0.03211230174518155
7.45	0.03196079188010987
7.46	0.03181019865401832
7.47	0.031660515303605016
7.48	0.03151173512443017
7.49	0.03136385147032616
7.5	0.03121685775281398
7.51	0.03107074744052661
7.5200000000000005	0.030925514058638758
7.53	0.030781151188303057
7.54	0.030637652466092617
7.55	0.030495011583449902
7.5600000000000005	0.030353222286141755
7.57	0.030212278373720612
7.58	0.030072173698991667
7.59	0.029932902167486116
7.6000000000000005	0.029794457736940214
7.61	0.02965683441678022
7.62	0.02952002626761301
7.63	0.029384027400722462
7.640000000000001	0.029248831977571395
7.65	0.02911443420930905
7.66	0.028980828356284058
7.67	0.02884800872756277
7.68	0.028715969680452976
7.69	0.028584705620032916
7.7	0.028454210998685364
7.71	0.028324480315636957
7.72	0.028195508116502597
7.73	0.028067288992834866
7.74	0.027939817581678336
7.75	0.02781308856512885
7.76	0.02768709666989755
7.7700000000000005	0.027561836666879783
7.78	0.027437303370728625
7.79	0.027313491639433092
7.8	0.027190396373900985
7.8100000000000005	0.027068012517546248
7.82	0.026946335055880836
7.83	0.02682535901611091
7.84	0.026705079466737672
7.8500000000000005	0.026585491517162187
7.86	0.026466590317294786
7.87	0.026348371057168453
7.88	0.02623082896655659
7.890000000000001	0.02611395931459475
7.9	0.025997757409406488
7.91	0.025882218597733306
7.92	0.025767338264568458
7.930000000000001	0.02565311183279475
7.94	0.02553953476282625
7.95	0.02542660255225374
7.96	0.02531431073549405
7.97	0.025202654883443098
7.98	0.02509163060313256
7.99	0.024981233537390363
8.	0.024871459364504616
8.01	0.024762303797891197
8.02	0.02465376258576487
8.03	0.024545831510813874
8.040000000000001	0.02443850638987787
8.05	0.02433178307362948
8.06	0.02422565744625902
8.07	0.024120125425162644
8.08	0.02401518296063368
8.09	0.023910826035557334
8.1	0.023807050665108548
8.11	0.02370385289645298
8.120000000000001	0.02360122880845115
8.13	0.023499174511365756
8.14	0.023397686146571943
8.15	0.023296759886270595
8.16	0.023196391933204715
8.17	0.023096578520378698
8.18	0.022997315910780504
8.19	0.022898600397106728
8.2	0.022800428301490587
8.21	0.022702795975232618
8.22	0.02260099642500831
8.23	0.022490749862053565
8.24	0.022381173974018873
8.25	0.022272263874401323
8.26	0.022164014718162827
8.27	0.022056421701328623
8.28	0.021949480060590203
8.290000000000001	0.021843185072912472
8.3	0.021737532055145264
8.31	0.021632516363638974
8.32	0.021528133393864415
8.33	0.02142437858003676
8.34	0.021321247394743562
8.35	0.021218735348576753
8.36	0.021116837989768673
8.370000000000001	0.02101555090383187
8.38	0.020914869713203037
8.39	0.020814790076890393
8.4	0.020715307690125275
8.41	0.020616418284017047
8.42	0.02051811762521203
8.43	0.02042040151555592
8.44	0.02032326579175972
8.45	0.020226706325069517
8.46	0.020130719020939446
8.47	0.020035299818708368
8.48	0.01994044469127989
8.49	0.019846149644805716
8.5	0.01975241071837252
8.51	0.019659223983692003
8.52	0.019566585544794235
8.53	0.019474491537724264
8.540000000000001	0.019382938130241938
8.55	0.019291921521524903
8.56	0.019201437941874587
8.57	0.0191114836524255
8.58	0.01902205494485738
8.59	0.01893314814111049
8.6	0.018844759593103857
8.61	0.018756885682456398
8.620000000000001	0.018669522820211035
8.63	0.01858266744656171
8.64	0.018496316030583118
8.65	0.01841046506996342
8.66	0.01832511109073959
8.67	0.018240250647035633
8.68	0.0181558803208034
8.69	0.018071996721566178
8.700000000000001	0.017988596486164916
8.71	0.01790567627850706
8.72	0.017823232789317977
8.73	0.01774126273589496
8.74	0.017659762861863736
8.75	0.017578729936937574
8.76	0.01749816075667873
8.77	0.01741805214226244
8.78	0.01733840094024333
8.790000000000001	0.01725920402232414
8.8	0.017180458285126935
8.81	0.017097740096706587
8.82	0.01701228937356437
8.83	0.01692736181746349
8.84	0.016842953638287077
8.85	0.016759061077619385
8.86	0.01667568040844523
8.870000000000001	0.016592807934852606
8.88	0.016510439991738447
8.89	0.016428572944517494
8.9	0.016347203188834272
8.91	0.016266327150278054
8.92	0.01618594128410089
8.93	0.016106042074938525
8.94	0.01602662603653431
8.950000000000001	0.01594768971146602
8.96	0.015869229670875475
8.97	0.015791242514201078
8.98	0.01571372486891305
8.99	0.015636673390251547
9.	0.015560084760967402
9.01	0.015483955691065676
9.02	0.015408282917551797
9.03	0.015333063204180377
9.040000000000001	0.015258293341206645
9.05	0.015183970145140465
9.06	0.015110090458502852
9.07	0.0150366511495851
9.08	0.014963649112210353
9.09	0.0148910812654976
9.1	0.01481894455362822
9.11	0.014747235945614801
9.120000000000001	0.014675952435072453
9.13	0.014605091039992437
9.14	0.01453464880251809
9.15	0.014464622788723064
9.16	0.014395010088391912
9.17	0.014325807814802806
9.18	0.014257013104512592
9.19	0.014188623117143908
9.200000000000001	0.01412063503517468
9.21	0.014053046063729537
9.22	0.01398585343037352
9.23	0.013919054384907804
9.24	0.013852646199167533
9.25	0.013786626166821735
9.26	0.013720991603175192
9.27	0.013655739844972353
9.28	0.013590868250203331
9.290000000000001	0.013526374197911646
9.3	0.01346225508800416
9.31	0.013398508341062718
9.32	0.013335131398157852
9.33	0.013272121720664236
9.34	0.013209476790078067
9.35	0.013147194107836317
9.36	0.013085271195137676
9.370000000000001	0.01302370559276542
9.38	0.012962494860911977
9.39	0.012901636579005274
9.4	0.012841128345536822
9.41	0.012780967777891524
9.42	0.012721152512179165
9.43	0.012661680203067563
9.44	0.012598686326303543
9.450000000000001	0.012533613324965536
9.46	0.012468944721238608
9.47	0.012404677578480574
9.48	0.012340808984443376
9.49	0.01227733605104501
9.5	0.012214255914143836
9.51	0.01215156573331518
9.52	0.012089262691630295
9.53	0.012027343995437647
9.540000000000001	0.011965806874146341
9.55	0.011904648580011942
9.56	0.011843866387924366
9.57	0.011783457595198067
9.58	0.011723419521364312
9.59	0.011663749507965643
9.6	0.011604444918352426
9.61	0.011545503137481483
9.620000000000001	0.011486921571716826
9.63	0.011428697648632405
9.64	0.011370828816816848
9.65	0.0113133125456803
9.66	0.011256146325263101
9.67	0.01119932766604653
9.68	0.011142854098765394
9.69	0.01108672317422261
9.700000000000001	0.011030932463105582
9.71	0.010975479555804543
9.72	0.010920362062232632
9.73	0.010865577611647918
9.74	0.010811123852477102
9.75	0.010756998452141104
9.76	0.010703199096882388
9.77	0.01064972349159398
9.78	0.010596569359650285
9.790000000000001	0.010543734442739561
9.8	0.010491216500698118
9.81	0.01043901331134611
9.82	0.010387122670325112
9.83	0.010335542390937164
9.84	0.010284270303985588
9.85	0.010233304257617268
9.86	0.010182642117166602
9.870000000000001	0.010132281765000969
9.88	0.01008222110036773
9.89	0.01003245803924282
9.9	0.009982990514180766
9.91	0.00993381647416626
9.92	0.009884933884467182
9.93	0.009836340726489088
9.94	0.009788034997631142
9.950000000000001	0.009740014711143533
9.96	0.00969227789598614
9.97	0.009644822596688842
9.98	0.009597646873212948
9.99	0.009550748800814255
10.	0.009504126469907219
10.01	0.009457777985930648
10.02	0.00941170146921459
10.03	0.00936589505484865
10.040000000000001	0.009320356892551453
10.05	0.009275085146541583
10.06	0.009230077995409565
10.07	0.00918533363199131
10.08	0.009140850263242642
10.09	0.009096626110115172
10.1	0.009052659407433255
10.11	0.009008315572372595
10.120000000000001	0.00896033545222874
10.13	0.008912657893717167
10.14	0.008865280693031618
10.15	0.008818201664568794
10.16	0.008771418640760134
10.17	0.008724929471905582
10.18	0.008678732026008787
10.19	0.008632824188614243
10.200000000000001	0.008587203862645831
10.21	0.008541868968247237
10.22	0.008496817442623764
10.23	0.008452047239886002
10.24	0.008407556330894805
10.25	0.008363342703108088
10.26	0.008319404360429012
10.27	0.00827573932305574
10.28	0.0082323456273328
10.290000000000001	0.008189221325603766
10.3	0.008146364486065634
10.31	0.008103773192624479
10.32	0.008061445544752719
10.33	0.008019379657347659
10.34	0.007977573660591621
10.35	0.007936025699813304
10.36	0.007894733935350708
10.370000000000001	0.007853696542415254
10.38	0.007812911710957448
10.39	0.007772377645533682
10.4	0.007732092565174581
10.41	0.007692054703254456
10.42	0.007652262307362248
10.43	0.007612713639173567
10.44	0.007573406974324202
10.450000000000001	0.0075343406022846905
10.46	0.007495512826236319
10.47	0.007456921962948166
10.48	0.007418566342655551
10.49	0.007380444308939512
10.5	0.0073425542186076435
10.51	0.007304894441575928
10.52	0.007267463360751912
10.53	0.007230259371918892
10.540000000000001	0.007193280883621351
10.55	0.007156526317051431
10.56	0.0071199941059365834
10.57	0.007083682696428293
10.58	0.007047590546991904
10.59	0.0070117161282975266
10.6	0.006976057923112011
10.61	0.00694061442619197
10.620000000000001	0.006905384144177855
10.63	0.0068703655954890745
10.64	0.006835557310220108
10.65	0.0068009578300376825
10.66	0.006766565708078876
10.67	0.006732379508850293
10.68	0.0066983978081281625
10.69	0.006664619192859432
10.700000000000001	0.006631042261063808
10.71	0.006597665621736764
10.72	0.0065644878947534735
10.73	0.006531507710773656
10.74	0.006498723711147394
10.75	0.006466134547821798
10.76	0.006433738883248629
10.77	0.0064015353902927554
10.78	0.006369522752141536
10.790000000000001	0.006337699662215063
10.8	0.006306064824077248
10.81	0.006274616951347798
10.82	0.00624335476761498
10.83	0.0062122770063492965
10.84	0.006178427815160577
10.85	0.006144246950100456
10.86	0.006110286411247559
10.870000000000001	0.0060765445774819465
10.88	0.00604301984108724
10.89	0.006009710607627566
10.9	0.005976615295825844
10.91	0.005943732337443201
10.92	0.005911060177159722
10.93	0.005878597272456252
10.94	0.005846342093497537
10.950000000000001	0.005814293123016395
10.96	0.005782448856199192
10.97	0.005750807800572316
10.98	0.00571936847588993
10.99	0.005688129414022719
11.	0.005657089158847879
11.01	0.0056262462661400645
11.02	0.0055955993034635595
11.03	0.0055651468500653905
11.040000000000001	0.005534887496769648
11.05	0.005504819845872706
11.06	0.005474942511039634
11.07	0.005445254117201484
11.08	0.0054157533004537605
11.09	0.00538643870795572
11.1	0.005357308997830857
11.11	0.005328362839068179
11.120000000000001	0.0052995989114246475
11.13	0.005271015905328407
11.14	0.005242612521783123
11.15	0.005214387472273133
11.16	0.005186339478669638
11.17	0.005158467273137738
11.18	0.005130769598044429
11.19	0.005103245205867481
11.200000000000001	0.005075892859105222
11.21	0.0050487113301872
11.22	0.005021699401385718
11.23	0.004994855864728248
11.24	0.00496817952191069
11.25	0.004941669184211468
11.26	0.004915323672406501
11.27	0.004889141816684953
11.28	0.004863122456565866
11.290000000000001	0.004837264440815521
11.3	0.004811566627365704
11.31	0.004786027883232674
11.32	0.004760647084436981
11.33	0.00473542311592402
11.34	0.004710354871485397
11.35	0.004685441253681014
11.36	0.0046606811737619274
11.370000000000001	0.004636073551593964
11.38	0.004611617315582058
11.39	0.004587311402595316
11.4	0.004563154757892818
11.41	0.0045391463350501265
11.42	0.004515285095886501
11.43	0.004491570010392818
11.44	0.004468000056660173
11.450000000000001	0.004444574220809178
11.46	0.004421291496919958
11.47	0.004398150886962733
11.48	0.004375151400729207
11.49	0.00435229205576446
11.5	0.004329571877299624
11.51	0.004306989898185084
11.52	0.004284545158824435
11.53	0.004262236707108948
11.540000000000001	0.004240063598352773
11.55	0.004218024895228661
11.56	0.00419611966770438
11.57	0.004174346992979664
11.58	0.004152705955423825
11.59	0.004131195646513895
11.6	0.004109815164773409
11.61	0.004087773882154477
11.620000000000001	0.00406456865051281
11.63	0.004041514940730839
11.64	0.004018611634413406
11.65	0.003995857622370902
11.66	0.003973251804535745
11.67	0.003950793089879571
11.68	0.003928480396331352
11.69	0.003906312650696225
11.700000000000001	0.003884288788575222
11.71	0.0038624077542857116
11.72	0.0038406685007826885
11.73	0.0038190699895807854
11.74	0.003797611190677125
11.75	0.003776291082474838
11.76	0.0037551086517074355
11.77	0.003734062893363861
11.78	0.003713152810614274
11.790000000000001	0.0036923774147366224
11.8	0.003671735725043863
11.81	0.003651226768811977
11.82	0.0036308495812085746
11.83	0.003610603205222362
11.84	0.003590486691593114
11.85	0.003570499098742495
11.86	0.0035506394927054285
11.870000000000001	0.00353090694706224
11.88	0.0035113005428713748
11.89	0.003491819368602845
11.9	0.0034724625200722465
11.91	0.0034532291003755134
11.92	0.003434118219824198
11.93	0.003415128995881489
11.94	0.003396260553098747
11.950000000000001	0.003377512023052755
11.96	0.003358882544283472
11.97	0.003340371262232496
11.98	0.003321977329182036
11.99	0.0033036999041945194
12.	0.0032855381530527607
12.01	0.0032674912482007464
12.02	0.003249558368684918
12.030000000000001	0.003231738700096104
12.040000000000001	0.003214031434511935
12.05	0.003196435770439883
12.06	0.003178950912760791
12.07	0.003161576072672965
12.08	0.00314431046763682
12.09	0.003127153321320019
12.1	0.003110103863543181
12.11	0.003093161330226069
12.120000000000001	0.0030763249633343165
12.13	0.0030595940108266505
12.14	0.003042967726602631
12.15	0.0030264453704508757
12.16	0.0030100262079977833
12.17	0.0029937095106567432
12.18	0.002977494555577841
12.19	0.00296138062559801
12.200000000000001	0.0029453670091917055
12.21	0.002929453000421988
12.22	0.0029136378988921328
12.23	0.002897921009697631
12.24	0.002882301643378715
12.25	0.0028667791158732752
12.26	0.002851352748470246
12.27	0.0028360218677634472
12.280000000000001	0.0028207858056058183
12.290000000000001	0.0028056438990641383
12.3	0.0027905954903741166
12.31	0.0027756399268959583
12.32	0.0027607765610703
12.33	0.0027460047503746047
12.34	0.0027313238572799236
12.35	0.002716733249208097
12.36	0.0027022322984893367
12.370000000000001	0.0026878203823202246
12.38	0.002673496882722059
12.39	0.0026592611864996755
12.4	0.002645112685200547
12.41	0.002631050775074359
12.42	0.0026170748570328926
12.43	0.002603184336610342
12.44	0.0025890148441968176
12.450000000000001	0.0025743162706584723
12.46	0.0025597128461013687
12.47	0.002545203878969643
12.48	0.002530788683282506
12.49	0.002516466578584907
12.5	0.002502236889898612
12.51	0.002488098947673841
12.52	0.002474052087741258
12.530000000000001	0.002460095651264546
12.540000000000001	0.002446228984693334
12.55	0.0024324514397166355
12.56	0.0024187623732167107
12.57	0.002405161147223396
12.58	0.0023916471288688208
12.59	0.0023782196903426264
12.6	0.002364878208847544
12.61	0.002351622066555463
12.620000000000001	0.0023384506505638495
12.63	0.002325363352852665
12.64	0.0023123595702415935
12.65	0.0022994387043477815
12.66	0.002286600161543904
12.67	0.0022738433529166575
12.68	0.002261167694225658
12.69	0.0022485726058627045
12.700000000000001	0.0022360575128114596
12.71	0.0022236218446074663
12.72	0.0022112650352986147
12.73	0.002198986523405898
12.74	0.0021867857518846207
12.75	0.0021746621680859084
12.76	0.0021626152237186292
12.77	0.0021506443748116337
12.780000000000001	0.002138749081676398
12.790000000000001	0.00212692880886997
12.8	0.002115183025158302
12.81	0.0021035112034799063
12.82	0.0020919128209098688
12.83	0.0020803873586241754
12.84	0.0020689343018644173
12.85	0.0020575531399027697
12.86	0.0020462433660073617
12.870000000000001	0.002035004477407905
12.88	0.002023835975261711
12.89	0.0020127373646199645
12.9	0.0020017081543943645
12.91	0.0019907478573240292
12.92	0.0019798559899427606
12.93	0.0019690320725465576
12.94	0.0019582756291614918
12.950000000000001	0.0019475861875118247
12.96	0.0019369632789884702
12.97	0.0019264064386177177
12.98	0.0019159152050302545
12.99	0.0019054891204304922
13.	0.0018951277305661485
13.01	0.0018848305846981342
13.02	0.0018745972355707114
13.030000000000001	0.0018644272393819213
13.040000000000001	0.0018543201557542997
13.05	0.0018442755477058447
13.06	0.0018342929816212792
13.07	0.001824372027223539
13.08	0.001814512257545568
13.09	0.001804713248902336
13.1	0.001794974580863145
13.11	0.0017852958362241608
13.120000000000001	0.0017756766009812178
13.13	0.0017661164643028716
13.14	0.0017566150185036836
13.15	0.0017471718590177712
13.16	0.001737786584372585
13.17	0.0017284587961629353
13.18	0.0017191880990252498
13.19	0.0017099741006120644
13.200000000000001	0.00170081641156677
13.21	0.001691714645498545
13.22	0.001682668418957565
13.23	0.0016736773514104118
13.24	0.0016647410652156983
13.25	0.0016558591855999488
13.26	0.00164703134063366
13.27	0.0016382571612076054
13.280000000000001	0.0016295362810093532
13.290000000000001	0.001620868336499971
13.3	0.0016122529668909891
13.31	0.001603689814121517
13.32	0.0015951785228356169
13.33	0.001586729915937102
13.34	0.001578347332048685
13.35	0.001570015264504955
13.36	0.001561733371378502
13.370000000000001	0.0015535013133097248
13.38	0.0015453187534856707
13.39	0.0015371853576190218
13.4	0.0015291007939273044
13.41	0.0015210647331122592
13.42	0.001513076848339421
13.43	0.001505136815217851
13.44	0.0014972443117800818
13.450000000000001	0.0014893990184622174
13.46	0.0014816006180842344
13.47	0.0014738487958304302
13.48	0.0014661432392300768
13.49	0.0014584836381382207
13.5	0.001450869684716676
13.51	0.0014433010734151632
13.52	0.0014357775009526434
13.530000000000001	0.0014282986662987945
13.540000000000001	0.0014208642706556686
13.55	0.0014134740174394967
13.56	0.0014061276122626725
13.57	0.0013988247629158888
13.58	0.0013915651793504147
13.59	0.0013843485736605694
13.6	0.0013771746600663045
13.61	0.0013700431548959832
13.620000000000001	0.0013629537765692742
13.63	0.001355906245580232
13.64	0.001348900284480491
13.65	0.0013419356178626426
13.66	0.0013350119723437247
13.67	0.0013281290765488928
13.68	0.001321286661095195
13.69	0.0013144844585755296
13.700000000000001	0.001307722203542707
13.71	0.0013009996324936882
13.72	0.0012943164838539185
13.73	0.0012876724979618479
13.74	0.0012810674170535376
13.75	0.0012745009852474462
13.76	0.0012679729485293102
13.77	0.00126148305473719
13.780000000000001	0.0012550310535466146
13.790000000000001	0.0012486166964558907
13.8	0.0012422397367715045
13.81	0.001235899929593679
13.82	0.0012295970318020398
13.83	0.0012233308020414178
13.84	0.0012171010007077606
13.85	0.0012109073899341854
13.86	0.001204749733577134
13.870000000000001	0.001198627797202661
13.88	0.0011925413480728352
13.89	0.0011864901551322622
13.9	0.00118047398899472
13.91	0.0011744926219299096
13.92	0.0011685458278503271
13.93	0.0011626333822982453
13.94	0.001156755062432799
13.950000000000001	0.0011509106470171996
13.96	0.001145099916406045
13.97	0.0011393226525327443
13.98	0.0011335786388970508
13.99	0.0011278676605527044
14.	0.0011221895040951755
14.01	0.0011165439576495161
14.02	0.001110930810858314
14.030000000000001	0.0011053498548697603
14.040000000000001	0.0010998008823258
14.05	0.001094283687350402
14.06	0.001088798065537921
14.07	0.0010833438139415588
14.08	0.0010779207310619293
14.09	0.0010725286168357146
14.1	0.0010671672726244223
14.11	0.0010618365012032374
14.120000000000001	0.001056536106749971
14.13	0.001051265894834102
14.14	0.001046025672405906
14.15	0.0010408152477856894
14.16	0.0010356344306531049
14.17	0.0010304830320365618
14.18	0.0010253608643027217
14.19	0.0010202677411460938
14.200000000000001	0.0010152034775787033
14.21	0.0010101678899198645
14.22	0.0010051607957860208
14.23	0.001000182014080694
14.24	0.000995231364984491
14.25	0.0009903086699452272
14.26	0.0009854137516680974
14.27	0.0009805464341059637
14.280000000000001	0.0009758553406855735
14.290000000000001	0.0009722668358906073
14.3	0.0009686940235643386
14.31	0.0009651368241820123
14.32	0.0009615951586770471
14.33	0.0009580689484380865
14.34	0.0009545581153060543
14.35	0.0009510625815712507
14.36	0.0009475822699704433
14.370000000000001	0.000944117103684008
14.38	0.0009406670063330672
14.39	0.000937231901976659
14.4	0.000933811715108923
14.41	0.0009304063706563136
14.42	0.000927015793974817
14.43	0.00092363991084721
14.44	0.0009202786474803147
14.450000000000001	0.0009169319305022946
14.46	0.0009135996869599498
14.47	0.000910281844316052
14.48	0.0009069783304466763
14.49	0.0009036890736385716
14.5	0.0009004140025865359
14.51	0.000897153046390818
14.52	0.0008939061345545355
14.530000000000001	0.0008906731969811052
14.540000000000001	0.0008874541639717041
14.55	0.0008842489662227347
14.56	0.0008810575348233192
14.57	0.0008778798012528008
14.58	0.0008747156973782749
14.59	0.0008715651554521256
14.6	0.0008684281081095877
14.61	0.0008653044883663223
14.620000000000001	0.0008621942296160104
14.63	0.0008590972656279598
14.64	0.0008560135305447396
14.65	0.0008529429588798157
14.66	0.0008498854855152138
14.67	0.0008468410456991964
14.68	0.0008438095750439548
14.69	0.0008407910095233177
14.700000000000001	0.0008377852854704756
14.71	0.0008347923395757195
14.72	0.0008318121088842017
14.73	0.0008288445307937032
14.74	0.0008258895430524227
14.75	0.000822947083756777
14.76	0.0008200170913492251
14.77	0.0008170995046160925
14.780000000000001	0.000814194262685426
14.790000000000001	0.0008113013050248556
14.8	0.0008084205714394677
14.81	0.0008055520020697037
14.82	0.0008026955373892625
14.83	0.0007998511182030251
14.84	0.0007970186856449878
14.85	0.0007941981811762144
14.86	0.000791389546582799
14.870000000000001	0.0007885927239738446
14.88	0.0007858076557794557
14.89	0.0007830342847487455
14.9	0.0007802725539478506
14.91	0.0007775224067579721
14.92	0.0007747837868734138
14.93	0.0007720566382996513
14.94	0.0007693409053513971
14.950000000000001	0.0007666365326506934
14.96	0.0007639434651250094
14.97	0.0007612616480053547
14.98	0.0007585910268244045
14.99	0.0007559315474146405
15.	0.0007532831559064971
15.01	0.0007506457987265305
15.02	0.0007480194225955937
15.030000000000001	0.0007454039745270228
15.040000000000001	0.0007427994018248426
15.05	0.0007402056520819767
15.06	0.0007376226731784753
15.07	0.0007350504132797486
15.08	0.000732488820834824
15.09	0.0007299378445745987
15.1	0.0007273974335101235
15.11	0.0007248675369308751
15.120000000000001	0.0007223481044030665
15.13	0.0007198390857679429
15.14	0.0007173404311401107
15.15	0.000714852090905863
15.16	0.0007123740157215251
15.17	0.0007099061565118037
15.18	0.0007074484644681583
15.19	0.0007050008910471698
15.200000000000001	0.0007025633879689327
15.21	0.0007001359072154496
15.22	0.00069771840102904
15.23	0.0006953108219107592
15.24	0.0006929131226188286
15.25	0.0006905252561670744
15.26	0.0006881471758233825
15.27	0.0006957866291159197
15.280000000000001	0.0007130161615379415
15.290000000000001	0.0007306606500549098
15.3	0.0007487298072262239