0.01	3.2402385183509144
0.02	2.1866825854207392
0.03	1.8137303190957395
0.04	1.6235405276289114
0.05	1.5045303171250837
0.06	1.4256845299871075
0.07	1.3710961109189332
0.08	1.3289012536315068
0.09	1.2958285483724772
0.1	1.268823241757344
0.11	1.2463354834745743
0.12	1.227814115032098
0.13	1.211323754876659
0.14	1.1963594015733958
0.15	1.181965842649444
0.16	1.1686025744345225
0.17	1.1562326246036223
0.18	1.1446988965027083
0.19	1.1335499049373907
0.2	1.122636390933078
0.21	1.112352981577705
0.22	1.1018894442656806
0.23	1.0916453997151607
0.24	1.0819266605693079
0.25	1.0724504394614462
0.26	1.063215459803358
0.27	1.0544041400367106
0.28	1.0459823983105219
0.29	1.0369975323957057
0.3	1.0282873045306602
0.31	1.019932318225446
0.32	1.0119073069702835
0.33	1.0035921454308367
0.34	0.9953783583146613
0.35000000000000003	0.987467020756066
0.36	0.9798388197591293
0.37	0.9724761691942759
0.38	0.9645634869747184
0.39	0.9568796135170751
0.4	0.9494491994381243
0.41000000000000003	0.9422578542429009
0.42	0.9352923304141642
0.43	0.9282041634799176
0.44	0.9209503072547731
0.45	0.9139142678579077
0.46	0.9070848780688834
0.47000000000000003	0.9004517702478875
0.48	0.8940053035096606
0.49	0.8876355131074004
0.5	0.8809269064860293
0.51	0.8744003611867995
0.52	0.8680475092781571
0.53	0.8618605189782108
0.54	0.8558320509544228
0.55	0.8499552189193155
0.56	0.8442235540302845
0.5700000000000001	0.8381410996032532
0.58	0.8321691736268905
0.59	0.826340804853226
0.6	0.8206501955773967
0.61	0.815091873897682
0.62	0.8096606704230848
0.63	0.804351696991086
0.64	0.7991603271932682
0.65	0.7937546450611335
0.66	0.7882690739799663
0.67	0.7829030565594378
0.68	0.7776522603822018
0.6900000000000001	0.7725125707879679
0.7000000000000001	0.7674800769622597
0.71	0.7625510590980283
0.72	0.757721976533568
0.73	0.7529894567800951
0.74	0.7483205896547008
0.75	0.743412106341417
0.76	0.7386001983962658
0.77	0.7338817320030918
0.78	0.7292537140391183
0.79	0.7247132840518973
0.8	0.7202577067886531
0.81	0.7158843652336201
0.8200000000000001	0.7115907541130299
0.8300000000000001	0.7073744738310751
0.84	0.7032332248034429
0.85	0.6991131886072083
0.86	0.6947240986233381
0.87	0.690412830421607
0.88	0.6861771331998767
0.89	0.6820148458780629
0.9	0.6779238925619354
0.91	0.673902278283712
0.92	0.6699480849997238
0.93	0.6660594678270347
0.9400000000000001	0.6622346515023483
0.9500000000000001	0.6584719270478704
0.96	0.6547696486299925
0.97	0.651126230597771
0.98	0.6473312297538695
0.99	0.6434317846511841
1.	0.6395946679313635
1.01	0.6358182748640754
1.02	0.6321010573934258
1.03	0.6284415216045174
1.04	0.6248382253265715
1.05	0.6212897758640239
1.06	0.617794827847614
1.07	0.6143520811980576
1.08	0.6109602791954178
1.09	0.607618206647761
1.1	0.6043246881531407
1.11	0.6010785864493489
1.12	0.5978449787375713
1.1300000000000001	0.5944110389767441
1.1400000000000001	0.591026819085457
1.1500000000000001	0.587691172426923
1.16	0.5844029884796954
1.17	0.5811611914007364
1.18	0.5779647386573741
1.19	0.5748126197242822
1.2	0.5717038548418834
1.21	0.5686374938327894
1.22	0.5656126149731198
1.23	0.5626283239157177
1.24	0.5596837526624874
1.25	0.5567780585832278
1.26	0.5539104234785124
1.27	0.5510800526843039
1.28	0.5482861742161296
1.29	0.545411638455988
1.3	0.5424776184876818
1.31	0.5395816843517064
1.32	0.5367230565531623
1.33	0.533900977298399
1.34	0.5311147097332279
1.35	0.5283635372133293
1.36	0.5256467626052616
1.37	0.5229637076165802
1.3800000000000001	0.5203137121536475
1.3900000000000001	0.5176961337057988
1.4000000000000001	0.5151103467546019
1.41	0.5125557422070192
1.42	0.5100317268513391
1.43	0.507537722834814
1.44	0.5050731671619887
1.45	0.5026375112127688
1.46	0.5002302202793142
1.47	0.4978507731209088
1.48	0.49537869194945183
1.49	0.49282251108889613
1.5	0.49029648669065745
1.51	0.4878000654767496
1.52	0.48533270789608185
1.53	0.48289388769633523
1.54	0.48048309151188395
1.55	0.4780998184670652
1.56	0.4757435797941295
1.57	0.47341389846523746
1.58	0.47111030883790217
1.59	0.4688323563133029
1.6	0.4665795970069275
1.61	0.4643515974310218
1.62	0.46214793418835537
1.6300000000000001	0.45996819367683195
1.6400000000000001	0.4578119718044951
1.6500000000000001	0.45567887371450666
1.6600000000000001	0.4535685135196867
1.67	0.4514805140462294
1.68	0.44941450658622445
1.69	0.4473701306586321
1.7	0.44521366297065307
1.71	0.44301268837644675
1.72	0.4408353334657017
1.73	0.4386812096389209
1.74	0.43654993688755855
1.75	0.4344411435560691
1.76	0.43235446611186085
1.77	0.43028954892285054
1.78	0.42824604404232575
1.79	0.42622361100083483
1.8	0.42422191660483743
1.81	0.4222406347418605
1.82	0.4202794461919142
1.83	0.41833803844493334
1.84	0.4164161055240212
1.85	0.41451334781427934
1.86	0.41262947189702
1.87	0.41076419038916034
1.8800000000000001	0.4089172217876148
1.8900000000000001	0.40708829031849925
1.9000000000000001	0.40527712579097824
1.9100000000000001	0.40348346345558406
1.92	0.4017070438668533
1.93	0.39994761275012347
1.94	0.39820492087234505
1.95	0.3963854245839304
1.96	0.39451484029369915
1.97	0.3926625358394292
1.98	0.3908282411481485
1.99	0.38901169147439496
2.	0.38721262726900985
2.0100000000000002	0.38543079405179526
2.02	0.3836659422879116
2.0300000000000002	0.3819178272678797
2.04	0.3801862089910713
2.05	0.37847085205256503
2.06	0.3767715255332594
2.07	0.37508800289313005
2.08	0.37342006186752863
2.09	0.371767484366422
2.1	0.370130056376474
2.11	0.36850756786587885
2.12	0.36689981269185246
2.13	0.365306588510699
2.14	0.36372769669036775
2.15	0.36216294222541856
2.16	0.3606121336543222
2.17	0.3590750829790178
2.18	0.3575516055866569
2.19	0.3560415201734656
2.2	0.3545446486706569
2.21	0.3530608161723304
2.22	0.3515898508652956
2.23	0.3501315839607604
2.24	0.3485750943520993
2.25	0.3469994553733313
2.2600000000000002	0.3454378787186715
2.27	0.3438901774907802
2.2800000000000002	0.34235616808510344
2.29	0.3408356701177358
2.3000000000000003	0.33932850635516854
2.31	0.3378345026458695
2.32	0.33635348785363633
2.33	0.33488529379267123
2.34	0.3334297551643246
2.35	0.3319867094954591
2.36	0.3305559970783843
2.37	0.32913746091231666
2.38	0.3277309466463198
2.39	0.3263363025236805
2.4	0.32495337932767987
2.41	0.32358203032871735
2.42	0.3222221112327516
2.43	0.32087348013101524
2.44	0.31953599745097155
2.45	0.3182095259084751
2.46	0.31689393046110226
2.47	0.3155890782626183
2.48	0.31429483861855023
2.49	0.313011082942832
2.5	0.3117376847154943
2.5100000000000002	0.3104745194413671
2.52	0.30922146460977024
2.5300000000000002	0.3079783996551603
2.54	0.30674520591871196
2.5500000000000003	0.30552176661080427
2.56	0.30430796677438954
2.57	0.3030149811839931
2.58	0.3016941691056749
2.59	0.3003841905200523
2.6	0.2990849152536857
2.61	0.2977962151899158
2.62	0.2965179642286402
2.63	0.29525003824702917
2.64	0.2939923150611499
2.65	0.29274467438847984
2.66	0.29150699781128087
2.67	0.2902791687408158
2.68	0.28906107238238005
2.69	0.28785259570113136
2.7	0.2866536273886929
2.71	0.2854640578305124
2.72	0.28428377907395463
2.73	0.2831126847971112
2.74	0.2819506702783063
2.75	0.280797632366281
2.7600000000000002	0.279653469451041
2.77	0.27851808143534706
2.7800000000000002	0.27739136970683353
2.79	0.27627323711074014
2.8000000000000003	0.2751635879232387
2.81	0.2740623278253419
2.82	0.2729693638773779
2.83	0.27188460449401863
2.84	0.2708079594198446
2.85	0.26973933970543656
2.86	0.2686786576839779
2.87	0.2676258269483564
2.88	0.26658076232875366
2.89	0.2655433798707081
2.9	0.2645135968136426
2.91	0.26349133156984245
2.92	0.2624765037038755
2.93	0.26146903391244186
2.94	0.26046884400464293
2.95	0.2593940669882462
2.96	0.2582964779096228
2.97	0.2572072115009514
2.98	0.25612617694921896
2.99	0.25505328473260164
3.	0.2539884465978653
3.0100000000000002	0.2529315755382359
3.02	0.2518825857717274
3.0300000000000002	0.2508413927199164
3.04	0.2498079129871547
3.0500000000000003	0.24878206434020575
3.06	0.24776376568829894
3.0700000000000003	0.24675293706358858
3.08	0.24574949960201056
3.09	0.24475337552452514
3.1	0.24376448811873894
3.11	0.2427827617208955
3.12	0.24180812169822746
3.13	0.24084049443166025
3.14	0.23987980729886058
3.15	0.2389259886576215
3.16	0.23797896782957542
3.17	0.23703867508422924
3.18	0.23610504162331203
3.19	0.2351779995654309
3.2	0.23425748193102489
3.21	0.23334342262761365
3.22	0.2324357564353309
3.23	0.23153441899273888
3.24	0.23063934678291573
3.25	0.2297504771198111
3.2600000000000002	0.22886774813486288
3.27	0.22799109876387016
3.2800000000000002	0.2271204687341159
3.29	0.2262557985517347
3.3000000000000003	0.22539702948931922
3.31	0.22454410357376148
3.3200000000000003	0.22369696357432253
3.33	0.22285555299092605
3.34	0.22201981604267113
3.35	0.2211896976565595
3.36	0.2203651434564325
3.37	0.21954609975211264
3.38	0.21872096872445945
3.39	0.217822371424452
3.4	0.2169300964872124
3.41	0.21604408103022546
3.42	0.21516426297834207
3.43	0.21429058105108983
3.44	0.21342297475022154
3.45	0.2125613843474924
3.46	0.21170575087266444
3.47	0.2108560161017308
3.48	0.2100121225453569
3.49	0.2091740134375328
3.5	0.20834163272443307
3.5100000000000002	0.2075149250534792
3.52	0.20669383576260064
3.5300000000000002	0.20587831086969052
3.54	0.20506829706225121
3.5500000000000003	0.20426374168722652
3.56	0.20346459274101666
3.5700000000000003	0.2026707988596713
3.58	0.20188230930925818
3.59	0.20109907397640328
3.6	0.20032104335899822
3.61	0.19954816855707272
3.62	0.19878040126382812
3.63	0.19801769375682848
3.64	0.19725999888934675
3.65	0.19650727008186192
3.66	0.1957594613137048
3.67	0.19501652711484996
3.68	0.1942784225578487
3.69	0.1935451032499033
3.7	0.19281652532507712
3.71	0.19209264543663948
3.72	0.19137342074954145
3.73	0.19065880893302115
3.74	0.1899487681533348
3.75	0.1892432570666125
3.7600000000000002	0.1885422348118342
3.77	0.18784566100392577
3.7800000000000002	0.18715349572697146
3.79	0.1864656995275408
3.8000000000000003	0.18578223340812736
3.81	0.18510305882069816
3.8200000000000003	0.18442813766035074
3.83	0.1837574322590757
3.84	0.1830909053796238
3.85	0.18242852020947406
3.86	0.1817702403549024
3.87	0.18111602983514744
3.88	0.18046052683386601
3.89	0.1797384452340908
3.9	0.17902109568155422
3.91	0.17830843515101719
3.92	0.17760042111712254
3.93	0.1768970115473303
3.94	0.17619816489497134
3.95	0.1755038400924161
3.96	0.1748139965443561
3.97	0.1741285941211967
3.98	0.17344759315255842
3.99	0.17277095442088503
4.	0.17209863915515639
4.01	0.17143060902470406
4.0200000000000005	0.17076682613312769
4.03	0.17010725301231017
4.04	0.1694518526165304
4.05	0.16880058831667055
4.0600000000000005	0.16815342389451718
4.07	0.16751032353715467
4.08	0.16687125183144752
4.09	0.1662361737586122
4.1	0.16560505468887493
4.11	0.1649778603762152
4.12	0.16435455695319265
4.13	0.1637351109258559
4.14	0.16311948916873234
4.15	0.16250765891989674
4.16	0.16189958777611757
4.17	0.16129524368807985
4.18	0.16069459495568222
4.19	0.16009761022340874
4.2	0.15950425847577174
4.21	0.15891450903282625
4.22	0.15832833154575357
4.23	0.15774569599251428
4.24	0.15716657267356712
4.25	0.15659093220765483
4.26	0.1560187455276546
4.2700000000000005	0.15544998387649162
4.28	0.15488461880311644
4.29	0.1543226221585423
4.3	0.1537639660919443
4.3100000000000005	0.15320862304681648
4.32	0.15265656575718833
4.33	0.15210776724389813
4.34	0.15156220081092217
4.3500000000000005	0.15101984004176014
4.36	0.15048065879587402
4.37	0.1499446312051808
4.38	0.14941173167059782
4.39	0.1488819348586391
4.4	0.14835521569806284
4.41	0.14783154937656887
4.42	0.14731091133754443
4.43	0.14679327727685892
4.44	0.14627862313970494
4.45	0.1457669251174871
4.46	0.14522265380348456
4.47	0.14465773273371085
4.48	0.14409626426634728
4.49	0.14353821966405167
4.5	0.1429835704919506
4.51	0.14243228861379306
4.5200000000000005	0.14188434618816106
4.53	0.14133971566473671
4.54	0.1407983697806246
4.55	0.14026028155672837
4.5600000000000005	0.13972542429418153
4.57	0.13919377157083013
4.58	0.13866529723776722
4.59	0.1381399754159188
4.6000000000000005	0.13761778049267892
4.61	0.13709868711859488
4.62	0.13658267020409948
4.63	0.13606970491629206
4.64	0.13555976667576558
4.65	0.13505283115347977
4.66	0.13454887426767972
4.67	0.1340478721808583
4.68	0.13354980129676308
4.69	0.13305463825744576
4.7	0.1325623599403538
4.71	0.132072943455464
4.72	0.13158636614245656
4.73	0.1311026055679299
4.74	0.13062163952265463
4.75	0.1301434460188664
4.76	0.1296680032875976
4.7700000000000005	0.12919528977604594
4.78	0.12872528414498105
4.79	0.12825796526618657
4.8	0.12779331221993884
4.8100000000000005	0.12733130429252065
4.82	0.12687192097376965
4.83	0.12641514195466108
4.84	0.12596094712492412
4.8500000000000005	0.12550931657069112
4.86	0.12506023057217983
4.87	0.12461366960140739
4.88	0.12416961431993588
4.89	0.12372804557664886
4.9	0.1232889444055589
4.91	0.12285229202364452
4.92	0.12241806982871735
4.93	0.12198625939731803
4.94	0.12155684248264093
4.95	0.12112980101248723
4.96	0.12070511708724556
4.97	0.12028277297790017
4.98	0.1198627511240659
4.99	0.11944503413205008
5.	0.1190296047729398
5.01	0.11861644598071552
5.0200000000000005	0.11820554085038988
5.03	0.11779687263617114
5.04	0.11739042474965156
5.05	0.11698618075801956
5.0600000000000005	0.11658412438229596
5.07	0.11618423949559363
5.08	0.11578651012139991
5.09	0.11539092043188226
5.1000000000000005	0.11499745474621569
5.11	0.11460609752893298
5.12	0.11418671937126167
5.13	0.11375039937505535
5.14	0.1133165914412579
5.15	0.11288527626178721
5.16	0.11245643471406239
5.17	0.11203004785886658
5.18	0.11160609693823839
5.19	0.11118456337339172
5.2	0.11076542876266311
5.21	0.11034867487948721
5.22	0.10993428367039801
5.23	0.10952223725305797
5.24	0.1091125179143124
5.25	0.10870510810827004
5.26	0.10829999045440887
5.2700000000000005	0.10789714773570698
5.28	0.10749656289679811
5.29	0.10709821904215115
5.3	0.10670209943427406
5.3100000000000005	0.10630818749194076
5.32	0.10591646678844167
5.33	0.1055269210498567
5.34	0.10513953415335102
5.3500000000000005	0.10475429012549275
5.36	0.10437117314059273
5.37	0.10399016751906573
5.38	0.10361125772581248
5.39	0.10323442836862318
5.4	0.10285966419660134
5.41	0.10248695009860741
5.42	0.10211627110172322
5.43	0.10174761236973556
5.44	0.10138095920163923
5.45	0.10101629703015906
5.46	0.10065361142029135
5.47	0.10029288806786303
5.48	0.09993411279810963
5.49	0.0995772715642713
5.5	0.0992223504462063
5.51	0.09886933564902209
5.5200000000000005	0.09851821350172382
5.53	0.0981689704558798
5.54	0.09782159308430335
5.55	0.09747606807975166
5.5600000000000005	0.09713238225364076
5.57	0.09679052253477632
5.58	0.09645047596810079
5.59	0.09611222971345533
5.6000000000000005	0.09577577104435804
5.61	0.09544108734679659
5.62	0.09510816611803627
5.63	0.09477699496544241
5.64	0.09444756160531764
5.65	0.0941198538617534
5.66	0.0937938596654952
5.67	0.0934695670528224
5.68	0.09314696416444121
5.69	0.0928260392443915
5.7	0.09250678063896693
5.71	0.09218917679564792
5.72	0.09187321626204822
5.73	0.09155888768487348
5.74	0.0912461798088933
5.75	0.09093508147592486
5.76	0.09062558162382954
5.7700000000000005	0.0903176692855212
5.78	0.09001133358798655
5.79	0.08970656375131725
5.8	0.08940334908775371
5.8100000000000005	0.08910167900074022
5.82	0.08880154298399133
5.83	0.08850293062056967
5.84	0.08820583158197437
5.8500000000000005	0.08791023562724058
5.86	0.08761613260204956
5.87	0.08732351243784936
5.88	0.0869982466179655
5.89	0.08666845965240981
5.9	0.08634047907938061
5.91	0.08601429196786874
5.92	0.0856898855010954
5.93	0.08536724697531191
5.94	0.08504636379861481
5.95	0.08472722348977495
5.96	0.08440981367708075
5.97	0.08409412209719584
5.98	0.08378013659402989
5.99	0.0834678451176238
6.	0.08315723572304759
6.01	0.08284829656931222
6.0200000000000005	0.08254101591829378
6.03	0.08223538213367144
6.04	0.08193138367987712
6.05	0.08162900912105843
6.0600000000000005	0.08132824712005378
6.07	0.08102908643737965
6.08	0.08073151593022976
6.09	0.08043552455148648
6.1000000000000005	0.08014110134874365
6.11	0.07984823546334098
6.12	0.07955691612941009
6.13	0.0792671326729315
6.140000000000001	0.07897887451080292
6.15	0.07869213114991838
6.16	0.07840689218625832
6.17	0.07812314730399005
6.18	0.07784088627457911
6.19	0.07756009895591065
6.2	0.07728077529142127
6.21	0.07700290530924095
6.22	0.07672647912134485
6.23	0.07645148692271499
6.24	0.07617791899051173
6.25	0.07590576568325468
6.26	0.07563501744001312
6.2700000000000005	0.07536566477960602
6.28	0.0750976982998107
6.29	0.07483110867658109
6.3	0.0745658866632747
6.3100000000000005	0.07430202308988867
6.32	0.07403950886230422
6.33	0.0737783349615401
6.34	0.0735184924430141
6.3500000000000005	0.0732599724358136
6.36	0.07300276614197375
6.37	0.07274686483576424
6.38	0.07249225986298413
6.390000000000001	0.07223894264026434
6.4	0.07198690465437857
6.41	0.07173613746156136
6.42	0.07148663268683436
6.43	0.07123838202333985
6.44	0.07099137723168182
6.45	0.07074561013927456
6.46	0.0705010726396983
6.47	0.07025775669206237
6.48	0.07001565432037506
6.49	0.06977475761292083
6.5	0.06953505872164437
6.51	0.06929654986154139
6.5200000000000005	0.06905922331005623
6.53	0.0688230714064862
6.54	0.0685880865513924
6.55	0.06835426120601709
6.5600000000000005	0.06812158789170752
6.57	0.06789005918934603
6.58	0.06765966773878629
6.59	0.06743040623829621
6.6000000000000005	0.0672022674440063
6.61	0.06697524416936453
6.62	0.0667493292845969
6.63	0.06652451571617402
6.640000000000001	0.06630079644628348
6.65	0.06607816451230789
6.66	0.0658566130063087
6.67	0.06563613507451536
6.68	0.06541672391682037
6.69	0.06519837278627953
6.7	0.06498107498861767
6.71	0.06476482388173965
6.72	0.06454961287524666
6.73	0.06433543542995782
6.74	0.06412228505743661
6.75	0.06388363016866697
6.76	0.06364172167572639
6.7700000000000005	0.06340108477903028
6.78	0.0631617109309112
6.79	0.06292359165364854
6.8	0.06268671853879443
6.8100000000000005	0.06245108324650691
6.82	0.06221667750489043
6.83	0.06198349310934381
6.84	0.06175152192191521
6.8500000000000005	0.06152075587066437
6.86	0.06129118694903185
6.87	0.06106280721521507
6.88	0.06083560879155143
6.890000000000001	0.0606095838639079
6.9	0.06038472468107765
6.91	0.0601610235541829
6.92	0.05993847285608465
6.93	0.05971706502079852
6.94	0.05949679254291718
6.95	0.05927764797703893
6.96	0.059059623937202536
6.97	0.058842713096328235
6.98	0.05862690818566466
6.99	0.05841220199424183
7.	0.05819858736833015
7.01	0.05798605721090488
7.0200000000000005	0.05777460448111687
7.03	0.057564222193768534
7.04	0.057354903418795816
7.05	0.05714664128075531
7.0600000000000005	0.056939428958317224
7.07	0.05673325968376361
7.08	0.056528126742491955
7.09	0.05632402347252406
7.1000000000000005	0.0561209432640201
7.11	0.055918879558797985
7.12	0.05571782584985767
7.13	0.0555177756809106
7.140000000000001	0.05531872264591411
7.15	0.05512066038861071
7.16	0.054923582602072266
7.17	0.05472748302824898
7.18	0.05453235545752313
7.19	0.054338193728267425
7.2	0.05414499172640815
7.21	0.053952743384992626
7.22	0.053761442683761554
7.23	0.05357108364872547
7.24	0.05338166035174586
7.25	0.05319316691012052
7.26	0.05300559748617332
7.2700000000000005	0.05281894628684814
7.28	0.052633207563307104
7.29	0.05244837561053288
7.3	0.05226444476693513
7.3100000000000005	0.052081409413961166
7.32	0.05189926397571043
7.33	0.05171800291855304
7.34	0.051537620750752126
7.3500000000000005	0.051358112022090396
7.36	0.05117947132350017
7.37	0.0510016932866973
7.38	0.05082477258381907
7.390000000000001	0.050648703927065254
7.4	0.05047348206834365
7.41	0.050299101798918444
7.42	0.05012555794906257
7.43	0.04995284538771352
7.44	0.04978095902213265
7.45	0.049609893797567965
7.46	0.04943964469692025
7.47	0.04927020674041259
7.48	0.04910157498526332
7.49	0.04893374452536218
7.5	0.04876671049094976
7.51	0.04860046804830016
7.5200000000000005	0.048435012399406896
7.53	0.04827033878167183
7.54	0.04810644246759736
7.55	0.047943318764481636
7.5600000000000005	0.04778096301411678
7.57	0.04761937059249014
7.58	0.04745853690948857
7.59	0.047298457408605575
7.6000000000000005	0.047139127566651444
7.61	0.046980542893466266
7.62	0.046822698931635605
7.63	0.04666559125620927
7.640000000000001	0.04650921547442272
7.65	0.046353567225421194
7.66	0.046198642179986545
7.67	0.046044436040266964
7.68	0.04589094453950908
7.69	0.04573816344179294
7.7	0.04558608854176939
7.71	0.0454347156644002
7.72	0.04528404066470054
7.73	0.04513405942748421
7.74	0.04498476786711116
7.75	0.04481230859695681
7.76	0.04464018445426848
7.7700000000000005	0.0444689418318645
7.78	0.0442985750892902
7.79	0.04412907862936683
7.8	0.04396044689780448
7.8100000000000005	0.043792674382818926
7.82	0.04362575561475275
7.83	0.04345968516569984
7.84	0.043294457649133845
7.8500000000000005	0.04313006771954073
7.86	0.042966510072054494
7.87	0.04280377944209711
7.88	0.04264187060502179
7.890000000000001	0.042480778375759976
7.9	0.04232049760847184
7.91	0.042161023196200326
7.92	0.04200235007052875
7.930000000000001	0.04184447320124166
7.94	0.0416873875959894
7.95	0.04153108829995562
7.96	0.04137557039552854
7.97	0.04122082900197528
7.98	0.04106685927511944
7.99	0.040913656407021944
8.	0.040761215625665086
8.01	0.040609532194639676
8.02	0.04045860141283535
8.03	0.04030841861413393
8.040000000000001	0.04015897916710568
8.05	0.040010278474708956
8.06	0.03986231197399235
8.07	0.03971507513580015
8.08	0.03956856346448049
8.09	0.03942277249759652
8.1	0.03927769780564025
8.11	0.03913333499174945
8.120000000000001	0.03898967969142706
8.13	0.03884672757226355
8.14	0.03870447433366191
8.15	0.03856291570656539
8.16	0.038422047453187815
8.17	0.0382818653667466
8.18	0.03814236527119836
8.19	0.03800354302097703
8.2	0.037865394500734735
8.21	0.03772791562508483
8.22	0.03759110233834774
8.23	0.03745495061429919
8.24	0.03731945645592071
8.25	0.03718461589515284
8.26	0.037050424992650356
8.27	0.03691687983754024
8.28	0.036783976547181726
8.290000000000001	0.036651711266928635
8.3	0.03652008016989429
8.31	0.03638907945671825
8.32	0.036258705355335666
8.33	0.03612895412074864
8.34	0.0359998220347998
8.35	0.03587130540594808
8.36	0.03574340056904662
8.370000000000001	0.03561610388512277
8.38	0.0354894117411602
8.39	0.03536332054988306
8.4	0.03523782674954222
8.41	0.03511292680370352
8.42	0.03498861720103807
8.43	0.034864894455114356
8.44	0.03474175510419263
8.45	0.03461919571102097
8.46	0.0344972128626333
8.47	0.03437580317014945
8.48	0.03425496326857695
8.49	0.03413468981661478
8.5	0.034014979496458896
8.51	0.033895829013609616
8.52	0.03377723509668086
8.53	0.033659194497210956
8.540000000000001	0.03354170398947557
8.55	0.03342476037030205
8.56	0.033308360458885675
8.57	0.033192501096607555
8.58	0.03307717914685422
8.59	0.03296239149483902
8.6	0.03284813504742489
8.61	0.03273440673294907
8.620000000000001	0.032621203501049176
8.63	0.0325085223224912
8.64	0.03239636018899871
8.65	0.032284714113083965
8.66	0.03217358112788035
8.67	0.03206295828697651
8.68	0.031952842664251864
8.69	0.03184323135371385
8.700000000000001	0.03173412146933633
8.71	0.03162551014489985
8.72	0.031517394533833024
8.73	0.03140977180905563
8.74	0.031302639162822936
8.75	0.03119599380657166
8.76	0.03108983297076702
8.77	0.03098415390475154
8.78	0.03087895387659497
8.790000000000001	0.030774230172945654
8.8	0.030669980098883283
8.81	0.030566200977772826
8.82	0.03046289015112005
8.83	0.030360044978428074
8.84	0.030257662837055367
8.85	0.030155741122075048
8.86	0.03005427724613526
8.870000000000001	0.029953268639321073
8.88	0.02985271274901745
8.89	0.02974735135417443
8.9	0.029630455916175163
8.91	0.029514150328134155
8.92	0.029398430956684183
8.93	0.02928329419487696
8.94	0.029168736461961622
8.950000000000001	0.029054754203165452
8.96	0.02894134388947675
8.97	0.0288285020174296
8.98	0.028716225108890787
8.99	0.028604509710848637
9.	0.028493352395203946
9.01	0.0283827497585628
9.02	0.028272698422031423
9.03	0.028163195031012885
9.040000000000001	0.028054236255005683
9.05	0.027945818787404365
9.06	0.027837939345301873
9.07	0.02773059466929382
9.08	0.02762378152328452
9.09	0.027517496694294947
9.1	0.027411736992272347
9.11	0.027306499249901785
9.120000000000001	0.027201780322419242
9.13	0.02709757708742668
9.14	0.026993886444708595
9.15	0.026890705316050482
9.16	0.02678803064505886
9.17	0.026685859396982956
9.18	0.026584188558538117
9.19	0.026483015137730777
9.200000000000001	0.026382336163685065
9.21	0.02628214868647111
9.22	0.026182449776934708
9.23	0.026083236526528754
9.24	0.025984506047146128
9.25	0.025886255470954158
9.26	0.0257884819502306
9.27	0.025691182657201043
9.28	0.025594354783877924
9.290000000000001	0.025497995541900884
9.3	0.02540210216237873
9.31	0.02530667189573272
9.32	0.025211702011541264
9.33	0.02511718979838615
9.34	0.02502313256370012
9.35	0.02492952763361577
9.36	0.024836372352815866
9.370000000000001	0.024743664084385025
9.38	0.024651400209662756
9.39	0.024559578128097802
9.4	0.02446819525710376
9.41	0.02437724903191605
9.42	0.02428673690545024
9.43	0.024196656348161448
9.44	0.024107004847905275
9.450000000000001	0.024017779909799718
9.46	0.023928979056088557
9.47	0.023840599826005764
9.48	0.023752639775641324
9.49	0.023665096477808095
9.5	0.0235779675219099
9.51	0.023491250513810888
9.52	0.023404943075705915
9.53	0.023319042845992198
9.540000000000001	0.023233547479142042
9.55	0.023148454645576758
9.56	0.023063762031541656
9.57	0.022979467338982065
9.58	0.022895568285420703
9.59	0.02281206260383588
9.6	0.02272894804254085
9.61	0.022646222365064347
9.620000000000001	0.022563883350031917
9.63	0.022481928791048673
9.64	0.022400356496582695
9.65	0.022319164289849723
9.66	0.02223835000869868
9.67	0.02215791150549842
9.68	0.02207784664702524
9.69	0.021998153314351503
9.700000000000001	0.021918829402735207
9.71	0.02183987282151054
9.72	0.021761281493979365
9.73	0.021683053357303667
9.74	0.021605186362398908
9.75	0.021527678473828388
9.76	0.02145052766969839
9.77	0.021373731941554387
9.78	0.021297289294278064
9.790000000000001	0.02122119774598526
9.8	0.02114545532792472
9.81	0.021070060084377902
9.82	0.020995010072559432
9.83	0.020920303362518572
9.84	0.020845938037041496
9.85	0.020771912191554383
9.86	0.02069822393402735
9.870000000000001	0.02062487138487928
9.88	0.020551852676883364
9.89	0.02047916595507354
9.9	0.020406809376651607
9.91	0.02033478111089537
9.92	0.02026307933906732
9.93	0.020191702254324234
9.94	0.020120648061627524
9.950000000000001	0.020049914977654314
9.96	0.019979501230709365
9.97	0.01990940506063759
9.98	0.019839624718737507
9.99	0.019770158467675273
10.	0.01970100458139957
10.01	0.01963216134505704
10.02	0.019563627054908665
10.03	0.01949540001824671
10.040000000000001	0.019427478553312297
10.05	0.01935986098921392
10.06	0.01929254566584641
10.07	0.019225530933810703
10.08	0.01915881515433426
10.09	0.019092396699192115
10.1	0.019026273950628676
10.11	0.018960445301280132
10.120000000000001	0.018894909154097445
10.13	0.01882966392227015
10.14	0.018764708029150583
10.15	0.018700039908178964
10.16	0.018635658002808954
10.17	0.018571560766433844
10.18	0.01850774666231345
10.19	0.01844421416350151
10.200000000000001	0.018380961752773796
10.21	0.01831239071027004
10.22	0.018241002190002645
10.23	0.018169961378637883
10.24	0.018099266245193375
10.25	0.01802891477251679
10.26	0.017958904957178324
10.27	0.01788923480936406
10.28	0.017819902352770273
10.290000000000001	0.01775090562449879
10.3	0.017682242674953004
10.31	0.017613911567735067
10.32	0.01754591037954378
10.33	0.01747823720007341
10.34	0.017410890131913513
10.35	0.01734386729044947
10.36	0.017277166803763948
10.370000000000001	0.017210786812539187
10.38	0.017144725469960223
10.39	0.0170789809416188
10.4	0.01701355140541827
10.41	0.01694843505147916
10.42	0.016883630082045645
10.43	0.01681913471139286
10.44	0.016754947165734883
10.450000000000001	0.016691065683133634
10.46	0.016627488513408485
10.47	0.016564213918046633
10.48	0.016501240170114333
10.49	0.016438565554168786
10.5	0.01637618836617083
10.51	0.016314106913398393
10.52	0.016252319514360593
10.53	0.016190824498712748
10.540000000000001	0.016129620207171902
10.55	0.01606870499143324
10.56	0.01600807721408706
10.57	0.01594773524853662
10.58	0.01588767747891656
10.59	0.015827902300012017
10.6	0.01576840811717851
10.61	0.015709193346262425
10.620000000000001	0.015650256413522173
10.63	0.015591595755550119
10.64	0.015533209819194987
10.65	0.01547509706148511
10.66	0.015417255949552162
10.67	0.01535968496055568
10.68	0.015302382581608081
10.69	0.015245347309700445
10.700000000000001	0.015188577651628789
10.71	0.015132072123921038
10.72	0.015075829252764624
10.73	0.015019847573934627
10.74	0.014964125632722551
10.75	0.014908661983865687
10.76	0.014853455191477094
10.77	0.0147985038289761
10.78	0.01474380647901947
10.790000000000001	0.014689361733433055
10.8	0.014635168193144064
10.81	0.014581224468113907
10.82	0.014527529177271539
10.83	0.014474080948447423
10.84	0.014420878418308011
10.85	0.014367920232290717
10.86	0.014315205044539524
10.870000000000001	0.014262731517841078
10.88	0.01421049832356128
10.89	0.01415850414158242
10.9	0.014106747660240867
10.91	0.014055227576265216
10.92	0.014003942594714982
10.93	0.01395289142891978
10.94	0.013898776358968473
10.950000000000001	0.013843260651159001
10.96	0.013788017061926774
10.97	0.013733044010981058
10.98	0.013678339928637128
10.99	0.013623903255735476
11.	0.01356973244356182
11.01	0.01351582595376763
11.02	0.01346218225829153
11.03	0.013408799839281123
11.040000000000001	0.013355677189015728
11.05	0.013302812809829603
11.06	0.013250205214035882
11.07	0.01319785292385115
11.08	0.013145754471320622
11.09	0.013093908398244033
11.1	0.013042313256102066
11.11	0.012990967605983469
11.120000000000001	0.012939870018512694
11.13	0.012889019073778294
11.14	0.012838413361261746
11.15	0.012788051479767042
11.16	0.012737932037350713
11.17	0.012688053651252544
11.18	0.012638414947826877
11.19	0.012589014562474396
11.200000000000001	0.012539851139574577
11.21	0.012490923332418632
11.22	0.012442229803143075
11.23	0.01239376922266382
11.24	0.01234554027061079
11.25	0.01229754163526309
11.26	0.012249772013484784
11.27	0.012202230110661098
11.28	0.01215491464063526
11.290000000000001	0.012107824325645758
11.3	0.012060957896264208
11.31	0.012014314091333642
11.32	0.011967891657907483
11.33	0.011921689351188767
11.34	0.011875705934470095
11.35	0.01182994017907395
11.36	0.011784390864293566
11.370000000000001	0.011739056777334273
11.38	0.011693936713255292
11.39	0.011649029474912038
11.4	0.01160433387289891
11.41	0.011559848725492526
11.42	0.011515572858595429
11.43	0.011471505105680256
11.44	0.011427644307734337
11.450000000000001	0.011383989313204843
11.46	0.011340538977944242
11.47	0.011297292165156337
11.48	0.011254247745342604
11.49	0.011211404596249109
11.5	0.01116876160281376
11.51	0.01112631765711403
11.52	0.01108407165831509
11.53	0.01104202251261837
11.540000000000001	0.011000169133210527
11.55	0.010958510440212847
11.56	0.010917045360631065
11.57	0.010875772828305503
11.58	0.010834691783861764
11.59	0.010793801174661681
11.6	0.010753099954754762
11.61	0.01071258708482994
11.620000000000001	0.010672261532167798
11.63	0.010632122270593137
11.64	0.010592168280427902
11.65	0.010552398548444532
11.66	0.010512812067819656
11.67	0.01047340783808818
11.68	0.010434184865097718
11.69	0.010395142160963421
11.700000000000001	0.010356278744023126
11.71	0.01031759363879289
11.72	0.01027711714383498
11.73	0.010234619322966045
11.74	0.010192333228847642
11.75	0.01015025762764335
11.76	0.010108391293748275
11.77	0.010066733009727189
11.78	0.010025281566253236
11.790000000000001	0.00998403576204704
11.8	0.009942994403816451
11.81	0.009902156306196695
11.82	0.009861520291691085
11.83	0.009821085190612186
11.84	0.00978084984102345
11.85	0.009740813088681445
11.86	0.009700973786978418
11.870000000000001	0.009661330796885415
11.88	0.009621882986895902
11.89	0.009582629232969745
11.9	0.009543568418477779
11.91	0.00950469943414674
11.92	0.009466021178004689
11.93	0.009427532555326914
11.94	0.00938923247858219
11.950000000000001	0.009351119867379609
11.96	0.009313193648415723
11.97	0.009275452755422204
11.98	0.009237896129113915
11.99	0.009200522717137354
12.	0.009163331474019622
12.01	0.009126321361117722
12.02	0.009089491346568307
12.030000000000001	0.009052840405237843
12.040000000000001	0.009016367518673159
12.05	0.008980071675052454
12.06	0.008943951869136609
12.07	0.008908007102221
12.08	0.00887223638208761
12.09	0.008836638722957618
12.1	0.008801213145444315
12.11	0.00876595867650643
12.120000000000001	0.008730874349401794
12.13	0.008695959203641435
12.14	0.008661212284944033
12.15	0.008626632645190703
12.16	0.008592219342380183
12.17	0.008557971440584393
12.18	0.008523888009904303
12.19	0.008489968126426228
12.200000000000001	0.008456210872178365
12.21	0.008422615335087848
12.22	0.008389180608937986
12.23	0.008355905793325936
12.24	0.008322789993620676
12.25	0.008289832320921354
12.26	0.008257031892015926
12.27	0.008224387829340173
12.280000000000001	0.008191899260937016
12.290000000000001	0.008159565320416125
12.3	0.008127385146913958
12.31	0.008095357885053996
12.32	0.008063482684907385
12.33	0.008031758701953839
12.34	0.00800018509704287
12.35	0.007968761036355356
12.36	0.007937485691365362
12.370000000000001	0.00790635823880231
12.38	0.00787537786061344
12.39	0.007844543743926511
12.4	0.007813855081012929
12.41	0.0077833110692510235
12.42	0.007752910911089713
12.43	0.007722653814012409
12.44	0.007692538990501225
12.450000000000001	0.007662565658001458
12.46	0.007632733038886375
12.47	0.007603040360422235
12.48	0.007573486854733621
12.49	0.007544071758769056
12.5	0.007514794314266827
12.51	0.007485653767721163
12.52	0.007456649370348611
12.530000000000001	0.007427780378054709
12.540000000000001	0.007399046051400905
12.55	0.007370445655571751
12.56	0.0073399666899053835
12.57	0.007308706196653393
12.58	0.007277603540655676
12.59	0.0072466578004586725
12.6	0.007215868060714046
12.61	0.007185233412133431
12.620000000000001	0.007154752951443559
12.63	0.007124425781341736
12.64	0.0070942510104517065
12.65	0.007064227753279856
12.66	0.007034355130171792
12.67	0.007004632267269218
12.68	0.006975058296467295
12.69	0.006945632355372207
12.700000000000001	0.006916353587259129
12.71	0.0068872211410305655
12.72	0.006858234171174979
12.73	0.006829391837725786
12.74	0.006800693306220674
12.75	0.006772137747661251
12.76	0.006743724338473034
12.77	0.006715452260465699
12.780000000000001	0.006687320700793781
12.790000000000001	0.00665932885191756
12.8	0.006631475911564334
12.81	0.006603761082689984
12.82	0.006576183573440852
12.83	0.00654874259711594
12.84	0.006521437372129381
12.85	0.006494267121973264
12.86	0.006467231075180673
12.870000000000001	0.006440328465289126
12.88	0.006413558530804252
12.89	0.006386920515163745
12.9	0.0063604136667016285
12.91	0.006334037238612836
12.92	0.0063077904889180005
12.93	0.006281672680428607
12.94	0.006255683080712365
12.950000000000001	0.006229820962058905
12.96	0.00620408560144567
12.97	0.006178476280504194
12.98	0.00615299228548655
12.99	0.0061276329072321115
13.	0.0061023974411345775
13.01	0.006077285187109232
13.02	0.006052295449560509
13.030000000000001	0.006027427537349768
13.040000000000001	0.006002680763763362
13.05	0.0059780544464809226
13.06	0.005953547907543936
13.07	0.0059291604733245525
13.08	0.005904891474494617
13.09	0.005880740245994989
13.1	0.005856706127005064
13.11	0.0058327884609125635
13.120000000000001	0.005808986595283546
13.13	0.0057852998818326805
13.14	0.0057617276763937035
13.15	0.005738269338890155
13.16	0.005714924233306354
13.17	0.005691691727658532
13.18	0.005668571193966273
13.19	0.005645562008224133
13.200000000000001	0.005622663550373479
13.21	0.00559987520427459
13.22	0.00557719635767892
13.23	0.005554626402201614
13.24	0.005532164733294232
13.25	0.005509810750217703
13.26	0.005487563856015435
13.27	0.0054654234574867035
13.280000000000001	0.005443388965160199
13.290000000000001	0.005421459793267793
13.3	0.005399635359718526
13.31	0.005377915086072777
13.32	0.005356298397516624
13.33	0.0053347847228364526
13.34	0.005313373494393689
13.35	0.005292064148099803
13.36	0.005270856123391451
13.370000000000001	0.005249748863205829
13.38	0.005228741813956231
13.39	0.005207834425507764
13.4	0.005187026151153288
13.41	0.005166316447589496
13.42	0.005145704774893243
13.43	0.00512519059649798
13.44	0.005104773379170431
13.450000000000001	0.005084452592987434
13.46	0.005062397168088963
13.47	0.005040258038331455
13.48	0.00501823205066551
13.49	0.004996318543587275
13.5	0.004974516859946718
13.51	0.004952826346915829
13.52	0.0049312463559569855
13.530000000000001	0.004909776242791612
13.540000000000001	0.004888415367369109
13.55	0.004867163093836014
13.56	0.004846018790505382
13.57	0.004824981829826472
13.58	0.004804051588354626
13.59	0.004783227446721396
13.6	0.004762508789604957
13.61	0.004741895005700681
13.620000000000001	0.004721385487691998
13.63	0.004700979632221498
13.64	0.0046806768398622075
13.65	0.004660476515089154
13.66	0.004640378066251131
13.67	0.004620380905542678
13.68	0.0046004844489762955
13.69	0.004580688116354899
13.700000000000001	0.004560991331244456
13.71	0.004541393520946866
13.72	0.004521894116473034
13.73	0.0045024925525161885
13.74	0.004483188267425381
13.75	0.004463980703179211
13.76	0.0044448693053597554
13.77	0.0044258535231266926
13.780000000000001	0.004406932809191665
13.790000000000001	0.004388106619792799
13.8	0.004369374414669455
13.81	0.0043507356570371665
13.82	0.004332189813562786
13.83	0.004313736354339809
13.84	0.00429537475286391
13.85	0.00427710448600867
13.86	0.00425892503400146
13.870000000000001	0.004240835880399565
13.88	0.004222836512066477
13.89	0.004204926419148347
13.9	0.004187105095050656
13.91	0.004169372036415047
13.92	0.004151726743096358
13.93	0.004134168718139814
13.94	0.004116697467758401
13.950000000000001	0.00409931250131044
13.96	0.004082013331277293
13.97	0.004064799473241284
13.98	0.004047670445863769
13.99	0.004030625770863384
14.	0.004013664972994448
14.01	0.003996787580025566
14.02	0.003979993122718371
14.030000000000001	0.003963281134806426
14.040000000000001	0.003946651152974318
14.05	0.003930102716836885
14.06	0.003913635368918625
14.07	0.0038972486546332533
14.08	0.003880942122263412
14.09	0.0038647153229405618
14.1	0.0038485678106249866
14.11	0.003832499142085999
14.120000000000001	0.0038165088768822753
14.13	0.003800596577342317
14.14	0.0037847618085451256
14.15	0.0037690041383009643
14.16	0.0037533231371323006
14.17	0.003737718378254885
14.18	0.0037221894375589824
14.19	0.0037067358935907336
14.200000000000001	0.003691357327533674
14.21	0.0036760533231903893
14.22	0.0036608234669643002
14.23	0.0036456673478416145
14.24	0.003630584557373377
14.25	0.0036155746896576984
14.26	0.00360063734132209
14.27	0.0035857721115059448
14.280000000000001	0.003570978601843145
14.290000000000001	0.0035562564164448134
14.3	0.003541605161882203
14.31	0.003527024447169672
14.32	0.0035125138837478506
14.33	0.0034980730854668836
14.34	0.0034837016685698398
14.35	0.003469399251676213
14.36	0.0034551654557655733
14.370000000000001	0.003440999904161334
14.38	0.0034269022225146264
14.39	0.003412872038788335
14.4	0.0033989089832412002
14.41	0.0033850126884120957
14.42	0.0033702671230970696
14.43	0.0033552102685610974
14.44	0.00334023104233695
14.450000000000001	0.0033253289908538666
14.46	0.0033105036635024945
14.47	0.0032957546126135043
14.48	0.0032810813934364105
14.49	0.0032664835641185333
14.5	0.003251960685684139
14.51	0.0032375123220137487
14.52	0.003223138039823594
14.530000000000001	0.003208837408645238
14.540000000000001	0.003194610000805382
14.55	0.0031804553914057928
14.56	0.0031663731583034182
14.57	0.00315236288209063
14.58	0.0031384241460756545
14.59	0.003124556536263137
14.6	0.0031107596413348583
14.61	0.0030970330526306046
14.620000000000001	0.00308337636412919
14.63	0.0030697891724296295
14.64	0.003056271076732445
14.65	0.0030428216788211445
14.66	0.0030294405830438016
14.67	0.0030161273962948285
14.68	0.003002881727996867
14.69	0.0029897031900828082
14.700000000000001	0.0029765913969779768
14.71	0.0029635459655824366
14.72	0.002950566515253446
14.73	0.0029376526677880326
14.74	0.002924804047405721
14.75	0.002912020280731396
14.76	0.0028993009967782637
14.77	0.002886645826930998
14.780000000000001	0.0028740544049289793
14.790000000000001	0.0028615263668496692
14.8	0.002849061351092125
14.81	0.0028366589983606335
14.82	0.002824318951648465
14.83	0.00281204085622177
14.84	0.0027998243596035963
14.85	0.002787669111557981
14.86	0.0027755747640742746
14.870000000000001	0.0027635409713514603
14.88	0.002751567389782679
14.89	0.0027396536779398335
14.9	0.002727799496558337
14.91	0.002716004508521949
14.92	0.0027042683788477506
14.93	0.0026925907746712307
14.94	0.0026809713652314777
14.950000000000001	0.0026694098218564806
14.96	0.0026579058179485764
14.97	0.0026464590289699635
14.98	0.002635069132428351
14.99	0.0026237358078627176
15.	0.0026124587368291613
15.01	0.00260123760288689
15.02	0.002590072091584283
15.030000000000001	0.002578961890445078
15.040000000000001	0.0025679066889546538
15.05	0.0025569061785464375
15.06	0.00254596005258839
15.07	0.0025350680063696007
15.08	0.002524229737086998
15.09	0.0025134449438321406
15.1	0.0025027133275781215
15.11	0.002492034591166571
15.120000000000001	0.002481408439294751
15.13	0.002470834578502755
15.14	0.002460312717160788
15.15	0.002449842565456571
15.16	0.0024394238353828185
15.17	0.0024290562407248157
15.18	0.002418739497048086
15.19	0.002408473321686165
15.200000000000001	0.002398257433728446
15.21	0.002388091554008143
15.22	0.002377975405090308
15.23	0.002367908711259973
15.24	0.0023578911985103687
15.25	0.0023479225945312234
15.26	0.0023380026286971612
15.27	0.0023281310320561787
15.280000000000001	0.002318307537318214
15.290000000000001	0.002308531878843797
15.3	0.002298803792632789
15.31	0.0022891230163131983
15.32	0.0022794892891300953
15.33	0.0022699023519345755
15.34	0.0022603619471728673
15.35	0.0022508678188754485
15.36	0.002241419712646298
15.370000000000001	0.0022320173756521953
15.38	0.0022226605566121192
15.39	0.0022133490057867143
15.4	0.0022040824749678467
15.41	0.002194860717468221
15.42	0.002185683488111078
15.43	0.002176550543219993
15.44	0.002167461640608716
15.450000000000001	0.0021580645376368147
15.46	0.0021485013404687406
15.47	0.002138986664144758
15.48	0.0021295202313582813
15.49	0.0021201017665652597
15.5	0.0021107309959718375
15.51	0.0021014076475221206
15.52	0.002092131450886024
15.530000000000001	0.0020829021374472426
15.540000000000001	0.002073719440291273
15.55	0.0020645830941935605
15.56	0.002055492835607712
15.57	0.0020464484026538115
15.58	0.002037449535106829
15.59	0.002028495974385096
15.6	0.0020195874635388984
15.610000000000001	0.0020107237472391237
15.620000000000001	0.002001904571766023
15.63	0.001993129684998045
15.64	0.0019843988364007512
15.65	0.001975711777015815
15.66	0.001967068259450119
15.67	0.001958468037864917
15.68	0.0019499108679650826
15.69	0.0019413965069884492
15.700000000000001	0.0019329247136952133
15.71	0.0019244952483574264
15.72	0.0019161078727485802
15.73	0.0019077623501332405
15.74	0.001899458445256781
15.75	0.0018911959243351848
15.76	0.001882974555044934
15.77	0.0018747941065129605
15.780000000000001	0.0018666543493066768
15.790000000000001	0.0018585550554240896
15.8	0.001850495998283973
15.81	0.0018424769527161401
15.82	0.0018344976949517498
15.83	0.0018265580026137237
15.84	0.0018186576547072108
15.85	0.0018107964316101297
15.860000000000001	0.0018029741150637892
15.870000000000001	0.0017951904881635696
15.88	0.0017874453353496707
15.89	0.0017797384423979417
15.9	0.001772069596410768
15.91	0.001764438585808034
15.92	0.0017568452003181416
15.93	0.0017492892309691106
15.94	0.0017417704700797307
15.950000000000001	0.0017342887112507927
15.96	0.001726843749356377
15.97	0.0017194353805351926
15.98	0.001712063402182024
15.99	0.0017047276129391845
16.	0.0016974278126880794
16.01	0.0016901638025408074
16.02	0.0016829353848318261
16.03	0.0016757423631096886
16.04	0.0016685845421288371
16.05	0.0016614617278414468
16.06	0.0016543737273893421
16.07	0.0016473203490959757
16.080000000000002	0.001640301402458449
16.09	0.0016333166981396122
16.1	0.001626366047960205
16.11	0.0016194492648910644
16.12	0.0016125661630453881
16.13	0.0016057165576710602
16.14	0.001598900265143016
16.15	0.0015921171029556808
16.16	0.0015853668897154605
16.17	0.0015786494451332817
16.18	0.0015719645900171783
16.19	0.0015653121462649651
16.2	0.0015586919368569213
16.21	0.001552103785848564
16.22	0.00154554751836345
16.23	0.001539022960586045
16.240000000000002	0.001532529939754635
16.25	0.0015260682841542969
16.26	0.0015196378231099176
16.27	0.0015132383869792614
16.28	0.0015068698071460881
16.29	0.001500531916013329
16.3	0.0014942245469963004
16.31	0.0014879475345159743
16.32	0.0014817007139923011
16.330000000000002	0.0014754839218375628
16.34	0.0014692969954497991
16.35	0.001463139773206266
16.36	0.0014570120944569437
16.37	0.0014509137995180907
16.38	0.001444844729665853
16.39	0.0014388047271299035
16.4	0.0014327936350871468
16.41	0.0014268112976554544
16.42	0.001420857559887447
16.43	0.0014149322677643314
16.44	0.0014090352681897695
16.45	0.0014031664089838032
16.46	0.0013973255388768115
16.47	0.001391512507503515
16.48	0.0013857271653970329
16.490000000000002	0.0013799693639829668
16.5	0.001374238955573541
16.51	0.0013685357933617727
16.52	0.0013628597314156918
16.53	0.0013572106246726055
16.54	0.0013515883289333941
16.55	0.0013460088625341937
16.56	0.0013405347978528827
16.57	0.0013350862800291198
16.580000000000002	0.0013296631745287819
16.59	0.0013242653476067518
16.6	0.0013188926663018155
16.61	0.001313544998431612
16.62	0.0013082222125875892
16.63	0.0013029241781300242
16.64	0.0012976507651830634
16.65	0.0012924018446297965
16.66	0.0012871772881073765
16.67	0.0012819769680021613
16.68	0.0012768007574448985
16.69	0.0012716485303059385
16.7	0.0012665201611904836
16.71	0.0012614155254338736
16.72	0.001256334499096895
16.73	0.0012512769589611335
16.740000000000002	0.001246242782524353
16.75	0.00124123184799591
16.76	0.001236244034292197
16.77	0.0012312792210321221
16.78	0.0012263372885326122
16.79	0.0012214181178041574
16.8	0.0012165215905463862
16.81	0.0012116475891436557
16.82	0.0012067959966606946
16.830000000000002	0.0012019666968382614
16.84	0.0011971595740888393
16.85	0.001192374513492359
16.86	0.0011876114007919529
16.87	0.001182870122389732
16.88	0.001178150565342608
16.89	0.0011734526173581244
16.9	0.0011687761667903316
16.91	0.0011641211026356829
16.92	0.0011594873145289626
16.93	0.0011548746927392418
16.94	0.0011502831281658573
16.95	0.0011457125123344285
16.96	0.0011411627373928894
16.97	0.0011366336961075604
16.98	0.001132125281859237
16.990000000000002	0.0011276373886393125
17.	0.001123169911045921
17.01	0.001118722744280114
17.02	0.0011142957841420614
17.03	0.0011098889270272695
17.04	0.001105502069922843
17.05	0.0011011351104037541
17.06	0.0010967879466291506
17.07	0.0010924604773386837
17.080000000000002	0.0010881526018488592
17.09	0.0010838642200494183
17.1	0.0010795952323997434
17.11	0.0010753455399252774
17.12	0.0010711150442139913
17.13	0.0010669036474128444
17.14	0.0010627112522242986
17.150000000000002	0.0010585377619028342
17.16	0.0010543830802515089
17.17	0.0010502471116185183
17.18	0.0010461297608937992
17.19	0.001042030933505648
17.2	0.0010379505354173575
17.21	0.0010338884731238922
17.22	0.001029844653648562
17.23	0.0010258189845397414
17.240000000000002	0.0010218113738676045
17.25	0.0010178217302208696
17.26	0.0010138499627035866
17.27	0.001009895980931928
17.28	0.001005959695031011
17.29	0.001002041015631744
17.3	0.000998139853867685
17.31	0.0009942561213719273
17.32	0.000990389730274003
17.330000000000002	0.0009865405931968171
17.34	0.000982708623253588
17.35	0.0009788937340448158
17.36	0.0009750958396552747
17.37	0.0009713148546510186
17.38	0.0009675506940764121
17.39	0.0009638032734511792
17.400000000000002	0.0009600725087674721
17.41	0.000956358316486956
17.42	0.0009526606135379245
17.43	0.0009489793173124241
17.44	0.0009453143456633991
17.45	0.0009416656169018622
17.46	0.0009380330497940761
17.47	0.000934416563558758
17.48	0.0009308160778643068
17.490000000000002	0.000927231512826038
17.5	0.0009236627890034494
17.51	0.000920109827397495
17.52	0.0009165725494478866
17.53	0.000913050877030404
17.54	0.0009095447324542302
17.55	0.0009060540384593011
17.56	0.0009025787182136728
17.57	0.0008991186953109083
17.580000000000002	0.0008956738937674825
17.59	0.0008922442380201995
17.6	0.0008888296529236293
17.61	0.0008854300637475691
17.62	0.000882045396174506
17.63	0.0008786755762971143
17.64	0.000875320530615754
17.650000000000002	0.0008719801860359968
17.66	0.000868654469866161
17.67	0.0008653433098148681
17.68	0.0008620466339886142
17.69	0.0008587643708893562
17.7	0.0008554964494121104
17.71	0.0008522427988425802
17.72	0.0008490033488547833
17.73	0.0008457780295087041
17.740000000000002	0.0008432627673669465
17.75	0.0008409120426048529
17.76	0.0008385691892972372
17.77	0.0008362341766764717
17.78	0.0008339069741124108
17.79	0.000831587551111697
17.8	0.0008292758773170757
17.81	0.0008269719225067131
17.82	0.0008246756565935124
17.830000000000002	0.0008223870496244431
17.84	0.0008201060717798651
17.85	0.000817832693372859
17.86	0.0008155668848485695
17.87	0.0008133086167835333
17.88	0.0008110578598850316
17.89	0.0008088145849904285
17.900000000000002	0.0008065787630665283
17.91	0.000804350365208924
17.92	0.0008021293626413575
17.93	0.0007999157267150771
17.94	0.0007977094289082045
17.95	0.0007955104408251041
17.96	0.0007933187341957489
17.97	0.0007911342808751025
17.98	0.0007889570528424884
17.990000000000002	0.0007867870222009809
18.	0.0007846241611767858
18.01	0.0007824684421186274
18.02	0.0007803198374971439
18.03	0.0007781783199042806
18.04	0.0007760438620526885
18.05	0.0007739164367751279
18.06	0.0007717960170238709
18.07	0.0007696825758701125
18.080000000000002	0.0007675760865033793
18.09	0.0007654765222309476
18.1	0.0007633838564772608
18.11	0.0007612980627833495
18.12	0.0007592191148062561
18.13	0.0007571469863184639
18.14	0.0007550816512073278
18.150000000000002	0.0007530230834745062
18.16	0.0007509712572354002
18.17	0.0007489261467185922
18.18	0.0007468877262652904
18.19	0.0007448559703287749
18.2	0.0007428308534738465
18.21	0.0007408123503762783
18.22	0.000738800435822272
18.23	0.0007367950847079151
18.240000000000002	0.0007347962720386456
18.25	0.000732803972928709
18.26	0.0007308181626006323
18.27	0.0007288388163846906
18.28	0.0007268659097183805
18.29	0.0007248994181458964
18.3	0.0007229393173176079
18.31	0.000720985582989541
18.32	0.0007190381910228644
18.330000000000002	0.0007170971173833746
18.34	0.0007151623381409854
18.35	0.000713233829469222
18.36	0.0007113115676447154
18.37	0.0007093955290466992
18.38	0.0007074856901565128
18.39	0.000705582027557103
18.400000000000002	0.0007036845179325307
18.41	0.0007017931380674804
18.42	0.0006999078648467695
18.43	0.0006980286752548645
18.44	0.0006961555463753957
18.45	0.0006942884553906801
18.46	0.0006924273795812373
18.47	0.0006905722963253205
18.48	0.0006887231830984387
18.490000000000002	0.0006868800174728881
18.5	0.0006850427771172859
18.51	0.0006832114397961002
18.52	0.000681385983369192
18.53	0.0006795663857913518
18.54	0.0006777526251118431
18.55	0.0006759446794739441
18.56	0.0006741425271145007
18.57	0.0006723461463634681
18.580000000000002	0.0006705555156434696
18.59	0.0006687706134693468
18.6	0.0006669914184477148
18.61	0.0006652179092765271
18.62	0.0006634500647446288
18.63	0.0006616878637313282
18.64	0.0006599312852059569
18.650000000000002	0.0006581803082274408
18.66	0.0006564349119438703
18.67	0.0006546950755920729
18.68	0.0006529607784971884
18.69	0.0006512320000722448
18.7	0.0006495087198177421
18.71	0.0006477909173212286
18.72	0.0006460785722568894
18.73	0.0006443716643851306
18.740000000000002	0.0006426701735521678
18.75	0.0006409740796896186
18.76	0.0006392833628140929
18.77	0.000637598003026789
18.78	0.0006359179805130909
18.79	0.0006342432755421692
18.8	0.000632573868466578
18.81	0.0006309097397218619
18.82	0.0006292508698261627
18.830000000000002	0.000627597239379823
18.84	0.0006259488290649991
18.85	0.0006243056196452725
18.86	0.0006226675919652611
18.87	0.0006210347269502391
18.88	0.0006194070056057533
18.89	0.0006177844090172396
18.900000000000002	0.000616166918349651
18.91	0.0006145545148470771
18.92	0.0006129471798323712
18.93	0.0006113448947067794
18.94	0.0006097476409495677
18.95	0.0006081554001176564
18.96	0.0006112650583308506
18.97	0.0006225136321803575
18.98	0.000633963111278374
18.990000000000002	0.0006456169751973941
19.	0.0006574787618936824