0.01	3.080341183727073
0.02	2.707647495154388
0.03	2.615604997277134
0.04	2.572448604234731
0.05	2.5336255004497183
0.06	2.496330990864856
0.07	2.457525772963428
0.08	2.419796675053359
0.09	2.381053701777695
0.1	2.3421317847328873
0.11	2.302185065623657
0.12	2.262850389955948
0.13	2.225600602534732
0.14	2.1879418037109857
0.15	2.1532336559720964
0.16	2.118608818137405
0.17	2.0865911043768524
0.18	2.052429794533594
0.19	2.0198336746806334
0.2	1.988590170096589
0.21	1.9575235742344974
0.22	1.928354567955633
0.23	1.8995563123140695
0.24	1.8702960170452965
0.25	1.842653938643739
0.26	1.8163991872168144
0.27	1.7888717895557582
0.28	1.7627403773164982
0.29	1.7378879721286433
0.3	1.7137694886947619
0.31	1.688832168877563
0.32	1.665032465960813
0.33	1.6422852970059514
0.34	1.6205142774342889
0.35000000000000003	1.5981908620837635
0.36	1.576352703866757
0.37	1.5553992135728936
0.38	1.535272060619685
0.39	1.5159181670125035
0.4	1.496170492156244
0.41000000000000003	1.4766726659218494
0.42	1.4578897196019198
0.43	1.4397793372641914
0.44	1.4223026175686402
0.45	1.4054237280989343
0.46	1.3876940953242685
0.47000000000000003	1.3703524462784644
0.48	1.3535858482704097
0.49	1.337363836794139
0.5	1.3216581407420946
0.51	1.3064424844040285
0.52	1.2914190278181812
0.53	1.2756450272481419
0.54	1.2603532018701942
0.55	1.2455202858887875
0.56	1.2311245328229588
0.5700000000000001	1.2171455912972284
0.58	1.2035643929597104
0.59	1.190363051157334
0.6	1.1769455558476603
0.61	1.1633401355031667
0.62	1.150109423404055
0.63	1.1372373018830055
0.64	1.1247085881335932
0.65	1.112508966406224
0.66	1.1006249260768406
0.67	1.0890437049994792
0.68	1.0777532376206371
0.6900000000000001	1.066001224733486
0.7000000000000001	1.0542173396791463
0.71	1.042728118193616
0.72	1.031522195417152
0.73	1.0205887947367622
0.74	1.0099176897887794
0.75	0.9994991693905027
0.76	0.9893240051394915
0.77	0.9793834214455207
0.78	0.969669067783668
0.79	0.959668713954188
0.8	0.9495212154840478
0.81	0.9396050888859359
0.8200000000000001	0.9299122987672807
0.8300000000000001	0.9204351823378222
0.84	0.9111664278979484
0.85	0.9020990548076708
0.86	0.8932263948182747
0.87	0.884542074659337
0.88	0.8760399997833722
0.89	0.8677143391789953
0.9	0.8595595111712613
0.91	0.8508348910819908
0.92	0.8422548257412177
0.93	0.8338526485836333
0.9400000000000001	0.8256228175855209
0.9500000000000001	0.8175600199238807
0.96	0.8096591602077579
0.97	0.8019153494289923
0.98	0.7943238945815183
0.99	0.7868802889024122
1.	0.7795802026916057
1.01	0.7724194746705577
1.02	0.7653941038432693
1.03	0.7585002418258412
1.04	0.7513272174569149
1.05	0.7440322263159154
1.06	0.7368762118137145
1.07	0.7298552523258338
1.08	0.7229655721711451
1.09	0.7162035348916029
1.1	0.7095656368996982
1.11	0.7030485014703842
1.12	0.6966488730558856
1.1300000000000001	0.6903636119033365
1.1400000000000001	0.6841896889565988
1.1500000000000001	0.6781241810249184
1.16	0.672164266202277
1.17	0.6663072195223884
1.18	0.6605504088353373
1.19	0.6547148955242564
1.2	0.6485556367999936
1.21	0.6425047185297253
1.22	0.6365593630716011
1.23	0.6307168859889632
1.24	0.6249746921967498
1.25	0.6193302722967663
1.26	0.6137811990911402
1.27	0.6083251242639669
1.28	0.6029597752217769
1.29	0.5976829520840545
1.3	0.5924925248155848
1.31	0.5873864304929094
1.32	0.5823626706976542
1.33	0.5774193090299322
1.34	0.5725544687354318
1.35	0.5677663304401945
1.36	0.5630531299874358
1.37	0.5580443652541761
1.3800000000000001	0.5529631408087368
1.3900000000000001	0.5479643719957862
1.4000000000000001	0.5430461418912387
1.41	0.5382065914024525
1.42	0.5334439171289058
1.43	0.5287563693164047
1.44	0.5241422499001146
1.45	0.519599910631973
1.46	0.5151277512882889
1.47	0.510724217953581
1.48	0.506387801376911
1.49	0.5021170353971901
1.5	0.4979104954341203
1.51	0.49376679704162224
1.52	0.4896845945207638
1.53	0.48566257958937437
1.54	0.4816994801056718
1.55	0.47779405884337733
1.56	0.4739451123159232
1.57	0.46992843625953995
1.58	0.46576046344025557
1.59	0.4616554060493619
1.6	0.45761192758534436
1.61	0.4536287280524131
1.62	0.44970454274445876
1.6300000000000001	0.44583814107671726
1.6400000000000001	0.4420283254629954
1.6500000000000001	0.43827393023641387
1.6600000000000001	0.43457382061173017
1.67	0.43092689168739934
1.68	0.427332067485625
1.69	0.4237883000287383
1.7	0.4202945684503214
1.71	0.41684987813957963
1.72	0.41345325991752585
1.73	0.41010376924362235
1.74	0.4068004854515831
1.75	0.4035425110131064
1.76	0.4003289708283612
1.77	0.39715901154211375
1.78	0.3940318008844254
1.79	0.39094652703490823
1.8	0.38778731476077405
1.81	0.3844367941288984
1.82	0.3811334442362652
1.83	0.37787634724405106
1.84	0.3746646080561725
1.85	0.3714973536360508
1.86	0.36837373234745985
1.87	0.3652929133184846
1.8800000000000001	0.36225408582766044
1.8900000000000001	0.3592564587114071
1.9000000000000001	0.35629925979191246
1.9100000000000001	0.35338173532465356
1.92	0.35050314946478506
1.93	0.3476627837516556
1.94	0.344859936610746
1.95	0.34209392287235474
1.96	0.339364073306384
1.97	0.33666973417261076
1.98	0.3340102667858498
1.99	0.3313850470954447
2.	0.3287934652785458
2.0100000000000002	0.32623492534665505
2.02	0.32370884476494377
2.0300000000000002	0.3212146540838659
2.04	0.31875179658261343
2.05	0.3163197279239747
2.06	0.3139179158201807
2.07	0.3113389696194788
2.08	0.30870905248421204
2.09	0.3061138048619031
2.1	0.30355260709297144
2.11	0.3010248534722752
2.12	0.29852995187063885
2.13	0.2960673233683725
2.14	0.29363640190034684
2.15	0.2912366339122088
2.16	0.2888674780273367
2.17	0.28652840472415414
2.18	0.2842188960234313
2.19	0.28193844518522265
2.2	0.2796865564151011
2.21	0.27746274457936326
2.22	0.27526653492889086
2.23	0.27309746283137
2.24	0.2709550735115777
2.25	0.26883892179945906
2.2600000000000002	0.266748571885726
2.27	0.2646835970847238
2.2800000000000002	0.2626435796043154
2.29	0.26062811032254896
2.3000000000000003	0.25863678857087735
2.31	0.2566692219237127
2.32	0.2547250259941017
2.33	0.2528038242353199
2.34	0.25090524774818923
2.35	0.24902893509392846
2.36	0.24717453211235618
2.37	0.24530722174721958
2.38	0.24326048654638466
2.39	0.2412393030702014
2.4	0.23924324740860897
2.41	0.23727190441054172
2.42	0.23532486746757264
2.43	0.23340173830376992
2.44	0.23150212677155993
2.45	0.22962565065340326
2.46	0.2277719354690938
2.47	0.22594061428850085
2.48	0.22413132754957846
2.49	0.22234372288147217
2.5	0.22057745493256464
2.5100000000000002	0.21883218520329661
2.52	0.21710758188361948
2.5300000000000002	0.2154033196949276
2.54	0.21371907973633292
2.5500000000000003	0.21205454933514484
2.56	0.2104094219014255
2.57	0.20878339678649188
2.58	0.2071761791452457
2.59	0.2055874798022101
2.6	0.20401701512116197
2.61	0.20246450687824893
2.62	0.20092968213848422
2.63	0.19941227313551912
2.64	0.19791201715459156
2.65	0.19642865641855656
2.66	0.19496193797690717
2.67	0.19351161359769334
2.68	0.19207743966225607
2.69	0.19065917706269161
2.7	0.18925659110196427
2.71	0.18786945139659247
2.72	0.18648750886245336
2.73	0.18494686005421784
2.74	0.18342450267414204
2.75	0.18192015398283726
2.7600000000000002	0.18043353661762374
2.77	0.178964378471287
2.7800000000000002	0.17751241257399247
2.79	0.1760773769782681
2.8000000000000003	0.1746590146469603
2.81	0.17325707334408078
2.82	0.17187130552845556
2.83	0.17050146825009774
2.84	0.1691473230492226
2.85	0.16780863585783037
2.86	0.1664851769037818
2.87	0.1651767206172949
2.88	0.16388304553979388
2.89	0.16260393423504324
2.9	0.16133917320250155
2.91	0.16008855279283266
2.92	0.15885186712551327
2.93	0.1576289140084775
2.94	0.1564194948597418
2.95	0.1552234146309546
2.96	0.15404048173281748
2.97	0.1528705079623254
2.98	0.15171330843177583
2.99	0.15056870149949841
3.	0.1494365087022574
3.0100000000000002	0.14831655468928098
3.02	0.14720866715787403
3.0300000000000002	0.1461126767905697
3.04	0.14502841719377926
3.0500000000000003	0.14395572483789965
3.06	0.1428944389988388
3.0700000000000003	0.14184440170092116
3.08	0.14080545766113642
3.09	0.1397774542346955
3.1	0.13876024136185885
3.11	0.13775367151600443
3.12	0.13675759965290038
3.13	0.13566069935275174
3.14	0.13454209730715883
3.15	0.13343623169641747
3.16	0.13234291775770024
3.17	0.13126197398140918
3.18	0.13019322204386924
3.19	0.12913648674162073
3.2	0.12809159592726727
3.21	0.12705838044683784
3.22	0.1260366740786234
3.23	0.12502631347344717
3.24	0.12402713809633291
3.25	0.12303899016953254
3.2600000000000002	0.1220617146168775
3.27	0.12109515900942067
3.2800000000000002	0.12013917351233322
3.29	0.1191936108330247
3.3000000000000003	0.11825832617045423
3.31	0.11733317716560271
3.3200000000000003	0.11641802385307429
3.33	0.11551272861380041
3.34	0.11461715612881575
3.35	0.11373117333408064
3.36	0.11285464937632192
3.37	0.11198745556986646
3.38	0.11112946535444314
3.39	0.11028055425392741
3.4	0.10944059983600606
3.41	0.10860948167273748
3.42	0.10778708130198665
3.43	0.10697328218971158
3.44	0.10616796969308084
3.45	0.10537103102440115
3.46	0.10458235521583496
3.47	0.10380183308488879
3.48	0.10302935720065275
3.49	0.10226482185077372
3.5	0.10150812300914283
3.5100000000000002	0.10075915830428153
3.52	0.10001782698840746
3.5300000000000002	0.09928402990716496
3.54	0.0985576694700035
3.5500000000000003	0.09783864962118832
3.56	0.0971268758114284
3.5700000000000003	0.09642225497010654
3.58	0.09572469547809748
3.59	0.09497732336662636
3.6	0.09418280270264658
3.61	0.09339710486507831
3.62	0.09262010784561643
3.63	0.09185169165371135
3.64	0.09109173827776364
3.65	0.0903401316471679
3.66	0.08959675759518747
3.67	0.08886150382263679
3.68	0.08813425986235393
3.69	0.08741491704444325
3.7	0.0867033684622683
3.71	0.08599950893917965
3.72	0.08530323499595628
3.73	0.08461444481894631
3.74	0.08393303822888847
3.75	0.08325891665039918
3.7600000000000002	0.08259198308210774
3.77	0.0819321420674263
3.7800000000000002	0.08127929966593725
3.79	0.08063336342538543
3.8000000000000003	0.07999424235425923
3.81	0.07936184689494738
3.8200000000000003	0.07873608889745812
3.83	0.078116881593687
3.84	0.07750413957222091
3.85	0.0768977787536652
3.86	0.07629771636648253
3.87	0.07570387092333075
3.88	0.07511616219788902
3.89	0.07453451120215987
3.9	0.07395884016423751
3.91	0.07338907250653043
3.92	0.07282513282442847
3.93	0.07226694686540457
3.94	0.07171444150854005
3.95	0.07116754474446535
3.96	0.07062618565570535
3.97	0.07009029439742104
3.98	0.06955980217853824
3.99	0.06903464124325474
4.	0.06851474485291693
4.01	0.06800004726825853
4.0200000000000005	0.06749048373199236
4.03	0.06698599045174772
4.04	0.06648650458334601
4.05	0.06599196421440602
4.0600000000000005	0.06550230834827307
4.07	0.06501747688826333
4.08	0.06453741062221766
4.09	0.06406205120735702
4.1	0.06359134115543398
4.11	0.06312522381817279
4.12	0.06262966350006909
4.13	0.06208722431244852
4.14	0.06155077805142823
4.15	0.06102024426986145
4.16	0.060495543790690096
4.17	0.059976598683904724
4.18	0.059463332243975826
4.19	0.0589556689677468
4.2	0.05845353453277705
4.21	0.05795685577612613
4.22	0.05746556067356773
4.23	0.056979578319224754
4.24	0.056498838905615696
4.25	0.05602327370410257
4.26	0.05555281504573238
4.2700000000000005	0.05508739630246226
4.28	0.05462695186876061
4.29	0.05417141714357512
4.3	0.05372072851266007
4.3100000000000005	0.053274823331254675
4.32	0.05283363990710474
4.33	0.052397117483819984
4.34	0.051965196224559876
4.3500000000000005	0.05153781719604048
4.36	0.051114922352855495
4.37	0.05069645452210438
4.38	0.050282357388321076
4.39	0.04987257547869677
4.4	0.04946705414859005
4.41	0.049065739567318786
4.42	0.04866857870422663
4.43	0.04827551931501968
4.44	0.04788650992836581
4.45	0.047501499832752606
4.46	0.0471204390635971
4.47	0.04674327839060285
4.48	0.046369969305358284
4.49	0.04600046400917191
4.5	0.04563471540113896
4.51	0.045272677066434425
4.5200000000000005	0.04491430326482804
4.53	0.04455954891941644
4.54	0.04420836960556789
4.55	0.04386072154007471
4.5600000000000005	0.043516561570510044
4.57	0.04317584716478345
4.58	0.04283853640089221
4.59	0.042504587956863876
4.6000000000000005	0.042173961100885574
4.61	0.04184661568161733
4.62	0.041522512118684476
4.63	0.041201611393346126
4.64	0.040883875039335923
4.65	0.040569265133871255
4.66	0.04025774428882806
4.67	0.039949275642077134
4.68	0.039643822848979174
4.69	0.0393413500740352
4.7	0.039041821982688775
4.71	0.038745203733277805
4.72	0.03845146096913198
4.73	0.03814265377611995
4.74	0.037811663746312715
4.75	0.037484234444562406
4.76	0.03716032018951367
4.7700000000000005	0.03683987598009632
4.78	0.03652285748399693
4.79	0.03620922102634978
4.8	0.0358989235786419
4.8100000000000005	0.03559192274782804
4.82	0.035288176765650915
4.83	0.03498764447816286
4.84	0.03469028533544427
4.8500000000000005	0.034396059381514944
4.86	0.03410492724443425
4.87	0.03381685012658625
4.88	0.03353178979514596
4.89	0.03324970857272294
4.9	0.032970569328178566
4.91	0.03269433546761357
4.92	0.032420970925522215
4.93	0.032150440156109406
4.94	0.03188270812476827
4.95	0.03161774029971385
4.96	0.031355502643770655
4.97	0.031095961606310188
4.98	0.030839084115336115
4.99	0.030584837569713526
5.	0.030333189831539622
5.01	0.03008410921865299
5.0200000000000005	0.02983756449727874
5.03	0.029593524874806473
5.04	0.02935195999269873
5.05	0.02911283991952728
5.0600000000000005	0.028876135144134472
5.07	0.028627863106535176
5.08	0.028373481794074885
5.09	0.028121854470009887
5.1000000000000005	0.027872945996035518
5.11	0.027626721749830684
5.12	0.027383147616491126
5.13	0.027142189980121703
5.14	0.02690381571558396
5.15	0.026667992180395637
5.16	0.026434687206779585
5.17	0.026203869093858544
5.18	0.02597550659999306
5.19	0.025749568935259676
5.2	0.02552602575406642
5.21	0.025304847147902973
5.22	0.025086003638222706
5.23	0.0248694661694539
5.24	0.024655206102137932
5.25	0.02444319520619116
5.26	0.02423340565428886
5.2700000000000005	0.024025810015368132
5.28	0.02382038124824793
5.29	0.023617092695363318
5.3	0.023415918076612353
5.3100000000000005	0.023216831483312845
5.32	0.023019807372266884
5.33	0.022824820559931566
5.34	0.02263184621669281
5.3500000000000005	0.02244085986124144
5.36	0.02225183735504849
5.37	0.02206475489693835
5.38	0.02187958901775788
5.39	0.02169631657513921
5.4	0.021514914748354916
5.41	0.021335361033263313
5.42	0.02115763323734243
5.43	0.020973804425432077
5.44	0.020779990544240422
5.45	0.020588318678354495
5.46	0.02039876128903018
5.47	0.020211291241088086
5.48	0.020025881796276426
5.49	0.019842506606755263
5.5	0.019661139708698917
5.51	0.019481755516014904
5.5200000000000005	0.019304328814176566
5.53	0.019128834754167486
5.54	0.018955248846535124
5.55	0.01878354695555185
5.5600000000000005	0.018613705293480987
5.57	0.018445700414946024
5.58	0.018279509211400622
5.59	0.01811510890569787
5.6000000000000005	0.017952477046756454
5.61	0.017791591504322017
5.62	0.01763243046382193
5.63	0.01747497242131135
5.64	0.017319196178509168
5.65	0.01716508083792181
5.66	0.017012605798053186
5.67	0.016861750748699413
5.68	0.016712495666326276
5.69	0.01656482080952812
5.7	0.016418706714566418
5.71	0.016274134190986538
5.72	0.016131084317311396
5.73	0.015989538436810058
5.74	0.015849478153340372
5.75	0.01571088532726387
5.76	0.01557374207143167
5.7700000000000005	0.015438030747240051
5.78	0.015303733960754313
5.79	0.01517083455889968
5.8	0.01503931562571792
5.8100000000000005	0.01490916047868849
5.82	0.01477146410657058
5.83	0.014629155179220412
5.84	0.014488457635968758
5.8500000000000005	0.014349350518374729
5.86	0.014211813175753284
5.87	0.014075825260141584
5.88	0.01394136672135599
5.89	0.013808417802138106
5.9	0.013676959033387892
5.91	0.01354697122948243
5.92	0.013418435483678234
5.93	0.01329133316359595
5.94	0.013165645906785513
5.95	0.013041355616370296
5.96	0.012918444456768723
5.97	0.012796894849491822
5.98	0.012676689469015318
5.99	0.012557811238724624
6.	0.012440243326931593
6.01	0.01232396914296142
6.0200000000000005	0.012208972333308506
6.03	0.0120952367778598
6.04	0.011982746586184475
6.05	0.011871486093888623
6.0600000000000005	0.011761439859033586
6.07	0.011652592658616947
6.08	0.01154492948511479
6.09	0.011438435543084196
6.1000000000000005	0.011333096245824693
6.11	0.011228897212097707
6.12	0.011125824262902711
6.13	0.011023863418309255
6.140000000000001	0.010923000894343558
6.15	0.010823223099928827
6.16	0.010724516633878236
6.17	0.010626868281939449
6.18	0.01053026501388995
6.19	0.010434693980682077
6.2	0.010340142511636886
6.21	0.010246598111685806
6.22	0.010154048458659406
6.23	0.01006239524193632
6.24	0.009960740017076978
6.25	0.009860272081686796
6.26	0.009760975702239607
6.2700000000000005	0.009662835378359694
6.28	0.009565835839002532
6.29	0.009469962038704175
6.3	0.009375199153897673
6.3100000000000005	0.009281532579295522
6.32	0.00918894792433653
6.33	0.009097431009696143
6.34	0.0090069678638588
6.3500000000000005	0.008917544719751253
6.36	0.00882914801143556
6.37	0.008741764370860692
6.38	0.008655380624671612
6.390000000000001	0.008569983791074622
6.4	0.008485561076758068
6.41	0.008402099873867181
6.42	0.008319587757032154
6.43	0.00823801248044831
6.44	0.008157361975007446
6.45	0.008077624345479399
6.46	0.007998787867742847
6.47	0.007920840986064314
6.48	0.00784377231042467
6.49	0.007767570613892085
6.5	0.007692224830040536
6.51	0.007617724050413126
6.5200000000000005	0.007544057522029291
6.53	0.007471214644935095
6.54	0.007399184969795726
6.55	0.007327958195529578
6.5600000000000005	0.007257524166982947
6.57	0.007187872872644726
6.58	0.00711899444240026
6.59	0.0070508791453236346
6.6000000000000005	0.006983517387507839
6.61	0.006916899709931804
6.62	0.006851016786363928
6.63	0.006785859421301228
6.640000000000001	0.006721418547943575
6.65	0.006657685226202218
6.66	0.0065946506407421395
6.67	0.006532306099057481
6.68	0.006467331230448458
6.69	0.006399124039512566
6.7	0.006331736461009035
6.71	0.006265157444729606
6.72	0.006199376105596055
6.73	0.006134381720952006
6.74	0.006070163727902967
6.75	0.00600671172070397
6.76	0.005944015448193493
6.7700000000000005	0.00588206481127313
6.78	0.005820849860431997
6.79	0.005760360793314947
6.8	0.005700587952333861
6.8100000000000005	0.0056415218223211175
6.82	0.005583153028224537
6.83	0.005525472332842834
6.84	0.005468470634601001
6.8500000000000005	0.005412138965364728
6.86	0.005356468488293176
6.87	0.005301450495729377
6.88	0.005247076407127499
6.890000000000001	0.005193337767016337
6.9	0.005140226242998336
6.91	0.005087733623783448
6.92	0.005035851817257154
6.93	0.004984572848582126
6.94	0.004933888858332681
6.95	0.004883792100661635
6.96	0.004834274941498846
6.97	0.00478532985678083
6.98	0.004736949430710898
6.99	0.004689126354049279
7.	0.004641853422432634
7.01	0.004595123534722436
7.0200000000000005	0.004548929691381603
7.03	0.00450326499287899
7.04	0.004458122638121153
7.05	0.004413495922910833
7.0600000000000005	0.004369378238431778
7.07	0.004325763069759328
7.08	0.00428264399439633
7.09	0.004240014680833897
7.1000000000000005	0.004197868887136574
7.11	0.004156200459551453
7.12	0.004115003331140808
7.13	0.004074271520437789
7.140000000000001	0.004033999130124808
7.15	0.0039941803457341435
7.16	0.003952184764884963
7.17	0.0039096244668141615
7.18	0.0038675808542767654
7.19	0.0038260469481103993
7.2	0.003785015872941618
7.21	0.0037444808555012884
7.22	0.0037044352229696144
7.23	0.0036648724013502
7.24	0.0036257859138726597
7.25	0.003587169379423158
7.26	0.003549016511002485
7.2700000000000005	0.003511321114210961
7.28	0.003474077085759853
7.29	0.0034372784120086626
7.3	0.0034009191675279317
7.3100000000000005	0.0033649935136869135
7.32	0.0033294956972658306
7.33	0.0032944200490921407
7.34	0.003259760982700397
7.3500000000000005	0.003225512993015265
7.36	0.0031916706550572625
7.37	0.003158228622670816
7.38	0.003125181627274169
7.390000000000001	0.0030925244766308213
7.4	0.0030602520536419917
7.41	0.003028359315159857
7.42	0.00299684129082101
7.43	0.002965693081899928
7.44	0.0029349098601819798
7.45	0.0029044868668556606
7.46	0.0028744194114236625
7.47	0.002844702870632482
7.48	0.0028153326874201944
7.49	0.002786304369882062
7.5	0.0027576134902536536
7.51	0.0027292556839111997
7.5200000000000005	0.002701226648388781
7.53	0.0026735221424121127
7.54	0.002646137984948619
7.55	0.0026190700542734592
7.5600000000000005	0.0025923142870512826
7.57	0.002565866677433347
7.58	0.0025397232761697817
7.59	0.0025138801897367316
7.6000000000000005	0.0024883335794780447
7.61	0.002463079660761317
7.62	0.0024381147021479916
7.63	0.0024134350245772805
7.640000000000001	0.002389037000563638
7.65	0.0023649170534075737
7.66	0.0023410716564195464
7.67	0.0023172716886233095
7.68	0.002293563108167716
7.69	0.0022701274743650544
7.7	0.0022469612960711364
7.71	0.0022240611312456717
7.72	0.0022014235861991843
7.73	0.0021790453148524238
7.74	0.002156923018008069
7.75	0.002135053442634474
7.76	0.00211343338116128
7.7700000000000005	0.002092059670786649
7.78	0.002070929192795953
7.79	0.0020500388718916445
7.8	0.0020293856755341988
7.8100000000000005	0.002008966613293874
7.82	0.0019887787362130984
7.83	0.0019688191361793197
7.84	0.0019490849453081317
7.8500000000000005	0.0019295733353364827
7.86	0.0019102815170257779
7.87	0.0018912067395747407
7.88	0.0018723462900418245
7.890000000000001	0.0018536974927770363
7.9	0.001835257708862961
7.91	0.0018170243355648988
7.92	0.0017989948057898872
7.930000000000001	0.0017811665875544793
7.94	0.0017635371834611483
7.95	0.0017461041301831254
7.96	0.0017288649979575567
7.97	0.0017118173900868199
7.98	0.0016949589424478568
7.99	0.0016782873230094123
8.	0.001661800231356994
8.01	0.001645495398225454
8.02	0.0016293705850390606
8.03	0.001613423583458914
8.040000000000001	0.0015976522149375913
8.05	0.0015820543302808912
8.06	0.001566627809216566
8.07	0.001551370559969912
8.08	0.001536280518846092
8.09	0.0015213556498191033
8.1	0.001506593944127249
8.11	0.0014919934198750204
8.120000000000001	0.0014775521216412657
8.13	0.0014632681200935464
8.14	0.0014491395116085935
8.15	0.001435164417898713
8.16	0.001421340985644101
8.17	0.001407667386130903
8.18	0.001394141814894993
8.19	0.0013807624913713002
8.2	0.001367527658548648
8.21	0.001354435582629984
8.22	0.0013435874224615228
8.23	0.0013335869481960155
8.24	0.0013236729171664289
8.25	0.0013138444786148702
8.26	0.001304100791173102
8.27	0.0012944410227477157
8.28	0.0012848643504068495
8.290000000000001	0.0012753699602684211
8.3	0.001265957047389857
8.31	0.0012566248156592975
8.32	0.0012473724776882486
8.33	0.0012381992547056781
8.34	0.0012291043764535122
8.35	0.001220087081083518
8.36	0.0012111466150555802
8.370000000000001	0.0012022822330372929
8.38	0.001193493197804916
8.39	0.001184778780145619
8.4	0.0011761382587610384
8.41	0.0011675709201720854
8.42	0.0011590760586250336
8.43	0.0011506529759988257
8.44	0.001142300981713618
8.45	0.001134019392640506
8.46	0.0011258075330124557
8.47	0.0011176647343363938
8.48	0.0011095903353064503
8.49	0.0011015836817183347
8.5	0.0010936441263848379
8.51	0.0010857710290524342
8.52	0.001077963756318966
8.53	0.0010702216815524055
8.540000000000001	0.001062544184810678
8.55	0.001054930652762516
8.56	0.0010473804786093508
8.57	0.00103989306200821
8.58	0.0010324678089956175
8.59	0.0010251041319124781
8.6	0.0010178014493299249
8.61	0.0010105591859761389
8.620000000000001	0.0010033767726640962
8.63	0.0009962536462202578
8.64	0.0009891892494141602
8.65	0.0009821830308889346
8.66	0.000975234445092697
8.67	0.0009683429522108255
8.68	0.0009615080180991028
8.69	0.000954729114217719
8.700000000000001	0.0009480057175661073
8.71	0.0009413373106186238
8.72	0.0009347233812610313
8.73	0.0009281634227278072
8.74	0.0009216569335402407
8.75	0.0009152034174453132
8.76	0.0009088023833553571
8.77	0.0009024533452884892
8.78	0.0008974140716626377
8.790000000000001	0.0009449072529588977
8.8	0.0009948555457800694