0.01	2.9990728999508955
0.02	3.050669090292896
0.03	3.1802569946933215
0.04	3.2499726527044985
0.05	3.2703181636754053
0.06	3.260526744013289
0.07	3.227192951251133
0.08	3.179584702501645
0.09	3.125717720651733
0.1	3.0651469675571077
0.11	3.0038586312038165
0.12	2.943811152325683
0.13	2.881717847206487
0.14	2.8224352231339047
0.15	2.761447700415254
0.16	2.7048335139102737
0.17	2.6475055668390737
0.18	2.593380669358288
0.19	2.540888136411138
0.2	2.488857550986523
0.21	2.440355131428358
0.22	2.391912204420213
0.23	2.3449527413899856
0.24	2.300856318549935
0.25	2.2576690045263477
0.26	2.2152675359319214
0.27	2.175218514289252
0.28	2.1373113078602706
0.29	2.097944081974065
0.3	2.060058986146391
0.31	2.0240672323828393
0.32	1.9898175684596946
0.33	1.9550671152878822
0.34	1.921016567685575
0.35000000000000003	1.888520733216103
0.36	1.8574671677353258
0.37	1.8277543951363067
0.38	1.7965720985868578
0.39	1.7664276191143218
0.4	1.7375331864365797
0.41000000000000003	1.709807610760773
0.42	1.6831767908259272
0.43	1.6567499107998251
0.44	1.6301637095961101
0.45	1.6045874115016583
0.46	1.5799614642485202
0.47000000000000003	1.5562310234932144
0.48	1.5333454900127597
0.49	1.5110577942434016
0.5	1.4877043434546873
0.51	1.465163681457291
0.52	1.4433923996501603
0.53	1.422350184763952
0.54	1.4019995447923201
0.55	1.382305563741655
0.56	1.3632356817075004
0.5700000000000001	1.3432669553388226
0.58	1.323675682522734
0.59	1.3046977924921517
0.6	1.286304164847977
0.61	1.2684675169962936
0.62	1.2511622603563615
0.63	1.2343643699255744
0.64	1.2180512657710953
0.65	1.2013719377325114
0.66	1.1844578617078962
0.67	1.168030946866611
0.68	1.1520702004395857
0.6900000000000001	1.1365558255650217
0.7000000000000001	1.1214691370409056
0.71	1.106792484116023
0.72	1.0925091796418087
0.73	1.0786034349809999
0.74	1.0650603001338088
0.75	1.0504667321263155
0.76	1.0362365944282304
0.77	1.0223814931453514
0.78	1.0088868636272907
0.79	0.9957388840151286
0.8	0.9829244285496476
0.81	0.970431024354706
0.8200000000000001	0.9582468113978919
0.8300000000000001	0.9463605053594026
0.84	0.9347613631658128
0.85	0.9234203955746028
0.86	0.9111654100622022
0.87	0.8992119420674807
0.88	0.887549233852815
0.89	0.8761670279683939
0.9	0.8650555386903948
0.91	0.8542054253854877
0.92	0.8436077676522376
0.93	0.8332540421030441
0.9400000000000001	0.8231361006620692
0.9500000000000001	0.8132461502652584
0.96	0.8035767338582253
0.97	0.7941207125965004
0.98	0.7844566476820499
0.99	0.7744544889275368
1.	0.7646784770986025
1.01	0.7551213134901232
1.02	0.7457760041124041
1.03	0.7366358441383384
1.04	0.7276944032861268
1.05	0.718945512072909
1.06	0.7103832488797036
1.07	0.702001927772647
1.08	0.6937960870297265
1.09	0.6857604783260499
1.1	0.6778900565342157
1.11	0.6701799700995811
1.12	0.6626255519531836
1.1300000000000001	0.6544139077333422
1.1400000000000001	0.6463491134551446
1.1500000000000001	0.6384528482648482
1.16	0.6307201704705804
1.17	0.6231463242091841
1.18	0.6157267309453199
1.19	0.6084569814274953
1.2	0.60133282807287
1.21	0.5943501777546285
1.22	0.5875050849675234
1.23	0.5807937453488473
1.24	0.5742124895336417
1.25	0.5677577773243639
1.26	0.5614261921565608
1.27	0.5552144358433059
1.28	0.5491193235823006
1.29	0.5428660025258236
1.3	0.5362769006695459
1.31	0.5298173520661831
1.32	0.5234838494395344
1.33	0.5172730060626451
1.34	0.5111815507475935
1.35	0.5052063230790007
1.36	0.4993442688777108
1.37	0.4935924358819263
1.3800000000000001	0.48794796963388043
1.3900000000000001	0.48240810956085967
1.4000000000000001	0.47697018524007023
1.41	0.4716316128374905
1.42	0.46638989171143275
1.43	0.46124260117210314
1.44	0.4561873973889644
1.45	0.45122201043818533
1.46	0.4463442414829205
1.47	0.44155196007958275
1.48	0.4366579808346192
1.49	0.43145151643938606
1.5	0.4263413372664938
1.51	0.4213250384453151
1.52	0.4164002905569283
1.53	0.4115648367904118
1.54	0.4068164902240377
1.55	0.40215313122511326
1.56	0.3975727049625642
1.57	0.3930732190266887
1.58	0.3886527411508157
1.59	0.38430939702989286
1.6	0.380041368231302
1.61	0.3758468901934565
1.62	0.37172425030797224
1.6300000000000001	0.36767178608143397
1.6400000000000001	0.3636878833729897
1.6500000000000001	0.3597709747042039
1.6600000000000001	0.3559195376377923
1.67	0.352132093222035
1.68	0.34840720449783336
1.69	0.3447434750655348
1.7	0.34094257598757854
1.71	0.33695164171429326
1.72	0.3330302878221379
1.73	0.32917690717418613
1.74	0.3253899387512288
1.75	0.32166786607317477
1.76	0.3180092156831246
1.77	0.3144125556912891
1.78	0.3108764943760689
1.79	0.30739967883974373
1.8	0.30398079371635134
1.81	0.30061855992945036
1.82	0.2973117334975816
1.83	0.2940591043853441
1.84	0.29085949539810796
1.85	0.2877117611184785
1.86	0.284614786882721
1.87	0.2815674877954387
1.8800000000000001	0.278568807780879
1.8900000000000001	0.2756177186693197
1.9000000000000001	0.27271321931706255
1.9100000000000001	0.26985433475862697
1.92	0.26704011538980493
1.93	0.26426963618030097
1.94	0.2615419959147383
1.95	0.258741307041958
1.96	0.2557339015527241
1.97	0.2527764910087168
1.98	0.24986799680387461
1.99	0.24700736888827554
2.	0.24419358487356274
2.0100000000000002	0.24142564917068945
2.02	0.2387025921586662
2.0300000000000002	0.2360234693830448
2.04	0.23338736078293865
2.05	0.23079336994542685
2.06	0.228240623386246
2.07	0.22572826985572045
2.08	0.22325547966892742
2.09	0.22082144405914103
2.1	0.21842537455363825
2.11	0.21606650237099215
2.12	0.21374407783901445
2.13	0.2114573698325479
2.14	0.20920566523034
2.15	0.2069882683902674
2.16	0.20480450064220748
2.17	0.20265369979788603
2.18	0.20053521967705754
2.19	0.19844842964940174
2.2	0.1963927141915469
2.21	0.1943674724586536
2.22	0.19237211787001773
2.23	0.1904060777081731
2.24	0.18833098852677854
2.25	0.18613285240097283
2.2600000000000002	0.18396995007933553
2.27	0.18184156462611284
2.2800000000000002	0.17974699676309502
2.29	0.17768556435978786
2.3000000000000003	0.1756566019404488
2.31	0.17365946020736087
2.32	0.1716935055797408
2.33	0.1697581197477048
2.34	0.16785269924073787
2.35	0.16597665501013556
2.36	0.16412941202490902
2.37	0.16231040888066373
2.38	0.16051909742098366
2.39	0.15875494237086968
2.4	0.15701742098180113
2.41	0.15530602268800392
2.42	0.15362024877352823
2.43	0.1519596120497517
2.44	0.15032363654294129
2.45	0.14871185719151925
2.46	0.14712381955269574
2.47	0.14555907951813893
2.48	0.14401720303837176
2.49	0.1424977658555914
2.5	0.14100035324462293
2.5100000000000002	0.13952455976172765
2.52	0.1380699890009975
2.5300000000000002	0.13663625335807833
2.54	0.1352229738009728
2.5500000000000003	0.13382977964768425
2.56	0.132456308350472
2.57	0.13102296194014848
2.58	0.12946570114137562
2.59	0.1279328662713341
2.6	0.12642398210303218
2.61	0.12493858443365001
2.62	0.12347621978786665
2.63	0.12203644513026517
2.64	0.12061882758650332
2.65	0.11922294417295147
2.66	0.11784838153450952
2.67	0.11649473569032633
2.68	0.11516161178715381
2.69	0.11384862386008102
2.7	0.11255539460039857
2.71	0.11128155513035769
2.72	0.11002674478459312
2.73	0.10879061089798969
2.74	0.10757280859978016
2.75	0.10637300061366853
2.7600000000000002	0.10519085706378237
2.77	0.10402605528626328
2.7800000000000002	0.10287827964631158
2.79	0.10174722136050982
2.8000000000000003	0.10063257832425296
2.81	0.09953405494412208
2.82	0.09845136197504228
2.83	0.0973842163620722
2.84	0.09633234108667783
2.85	0.09529546501734758
2.86	0.09427332276441223
2.87	0.09326565453893639
2.88	0.09227220601555412
2.89	0.09129272819912515
2.9	0.09032697729509237
2.91	0.08937471458342543
2.92	0.08843570629603989
2.93	0.08750972349758403
2.94	0.08659654196948995
2.95	0.08563993984557275
2.96	0.08458333373713102
2.97	0.08354326170129041
2.98	0.08251941063793171
2.99	0.08151147439873607
3.	0.08051915361027663
3.0100000000000002	0.07954215550218169
3.02	0.07858019374020904
3.0300000000000002	0.07763298826407442
3.04	0.07670026512988393
3.0500000000000003	0.07578175635702535
3.06	0.07487719977937765
3.0700000000000003	0.07398633890070352
3.08	0.07310892275409422
3.09	0.07224470576534042
3.1	0.07139344762010685
3.11	0.0705549131347939
3.12	0.06972887213097118
3.13	0.06891509931327401
3.14	0.06811337415065656
3.15	0.06732348076089881
3.16	0.06654520779826825
3.17	0.06577834834424079
3.18	0.06502269980118768
3.19	0.06427806378893981
3.2	0.0635442460441417
3.21	0.06282105632231262
3.22	0.062108308302532916
3.23	0.061405819494678056
3.24	0.06071341114912421
3.25	0.06003090816885232
3.2600000000000002	0.05935813902387987
3.27	0.0586949356679514
3.2800000000000002	0.05804113345742251
3.29	0.057396571072271384
3.3000000000000003	0.05676109043917787
3.31	0.056134536656608024
3.3200000000000003	0.05551675792184753
3.33	0.054907605459926394
3.34	0.05430693345438107
3.35	0.053714598979801284
3.36	0.05313046193610997
3.37	0.05255438498452693
3.38	0.05198623348516831
3.39	0.05137145572813095
3.4	0.0507392954057205
3.41	0.0501167366665238
3.42	0.04950360615793583
3.43	0.048899734151114135
3.44	0.04830495445496204
3.45	0.04771910433239571
3.46	0.04714202441882834
3.47	0.046573558642806295
3.48	0.04601355414873469
3.49	0.04546186122163136
3.5	0.04491833321385066
3.5100000000000002	0.04438282647371955
3.52	0.043855200276031445
3.5300000000000002	0.04333531675434399
3.54	0.04282304083502889
3.5500000000000003	0.04231824017302404
3.56	0.04182078508923908
3.5700000000000003	0.041330548509567515
3.58	0.04084740590545963
3.59	0.04037123523601214
3.6	0.039901916891532004
3.61	0.03943933363853229
3.62	0.03898337056612064
3.63	0.038510453632173244
3.64	0.03801876305070232
3.65	0.037534673444973764
3.66	0.03705804696857018
3.67	0.036588748641911764
3.68	0.03612664628504371
3.69	0.03567161045217622
3.7	0.03522351436792701
3.71	0.03478223386521781
3.72	0.03434764732477692
3.73	0.03391963561620316
3.74	0.03349808204054599
3.75	0.03308287227435918
3.7600000000000002	0.03267389431518663
3.77	0.03227103842843962
3.7800000000000002	0.03187419709562665
3.79	0.031483264963897896
3.8000000000000003	0.031098138796867604
3.81	0.03071871742667859
3.8200000000000003	0.03034490170727474
3.83	0.029976594468847418
3.84	0.029613700473423966
3.85	0.029256126371566167
3.86	0.02890378066014885
3.87	0.028556573641188025
3.88	0.028214417381690976
3.89	0.027855485920556117
3.9	0.027484151740209285
3.91	0.027118699697127893
3.92	0.026759021926957966
3.93	0.02640501281129977
3.94	0.026056568925390936
3.95	0.02571358898713679
3.96	0.025375973807449926
3.97	0.02504362624186251
3.98	0.024716451143375187
3.99	0.024394355316508298
4.	0.024077247472521626
4.01	0.0237650381857703
4.0200000000000005	0.023457639851165148
4.03	0.023154966642706956
4.04	0.02285693447306499
4.05	0.022563460954170934
4.0600000000000005	0.022274465358800125
4.07	0.02198986858311361
4.08	0.021709593110133676
4.09	0.021433562974128677
4.1	0.021161703725880953
4.11	0.02089394239881528
4.12	0.020630207475963246
4.13	0.020370428857741842
4.14	0.02011453783052385
4.15	0.019862467035978888
4.16	0.019614150441164335
4.17	0.01934676996666942
4.18	0.019076708996138215
4.19	0.01881104964696096
4.2	0.018549709929323054
4.21	0.018292609570665204
4.22	0.01803966997575496
4.23	0.01779081418777827
4.24	0.017545966850422638
4.25	0.01730505417092449
4.26	0.017068003884053808
4.2700000000000005	0.016834745217010637
4.28	0.016605208855207464
4.29	0.01637932690891415
4.3	0.016157032880740628
4.3100000000000005	0.015938261633935604
4.32	0.01572294936147773
4.33	0.015511033555938856
4.34	0.015302452980097298
4.3500000000000005	0.015097147638281648
4.36	0.01489505874842464
4.37	0.014696128714808488
4.38	0.014500301101482661
4.39	0.014307520606335982
4.4	0.01411773303580609
4.41	0.013930885280208307
4.42	0.013746925289668187
4.43	0.013565802050641035
4.44	0.013387465563003395
4.45	0.01321186681770062
4.46	0.013038957774936607
4.47	0.012847611719365177
4.48	0.012659370006745328
4.49	0.012474296916608646
4.5	0.012292332232643775
4.51	0.01211341701305183
4.5200000000000005	0.011937493560827697
4.53	0.011764505394797991
4.54	0.011594397221394858
4.55	0.011427114907145193
4.5600000000000005	0.0112626054518557
4.57	0.01110081696247487
4.58	0.01094169862761304
4.59	0.010785200692702886
4.6000000000000005	0.010631274435782717
4.61	0.010479872143885693
4.62	0.010330947090018616
4.63	0.010184453510714089
4.64	0.010040346584141024
4.65	0.009898582408757848
4.66	0.009759117982494406
4.67	0.00962191118244787
4.68	0.009486920745079425
4.69	0.009354106246897649
4.7	0.009223428085616494
4.71	0.009094847461774268
4.72	0.008968326360802388
4.73	0.008843827535530991
4.74	0.008721314489120774
4.75	0.008600751458409018
4.76	0.008482103397659535
4.7700000000000005	0.008365335962705512
4.78	0.00824897179117232
4.79	0.008121104084317939
4.8	0.007995478955153101
4.8100000000000005	0.007872052523029461
4.82	0.007750781854571282
4.83	0.00763162494132029
4.84	0.007514540677952714
4.8500000000000005	0.007399488841053068
4.86	0.00728643006842904
4.87	0.007175325838952813
4.88	0.007066138452914385
4.89	0.006958831012872593
4.9	0.006853367404990718
4.91	0.00674971228084296
4.92	0.0066478310396794055
4.93	0.006547689811136624
4.94	0.00644925543838226
4.95	0.0063524954616814636
4.96	0.006257378102374075
4.97	0.006163872247251334
4.98	0.006071947433321483
4.99	0.005981573832953653
5.	0.005892722239390223
5.01	0.005805364052617404
5.0200000000000005	0.0057194712655847975
5.03	0.005635016450764592
5.04	0.005551972747041151
5.05	0.005470313846922614
5.0600000000000005	0.005390013984065581
5.07	0.005311047921104996
5.08	0.005233390937780821
5.09	0.005157018819354037
5.1000000000000005	0.005081907845304053
5.11	0.0050080347783004716
5.12	0.004935376853441719
5.13	0.004857285059923479
5.14	0.004779986326251123
5.15	0.004704064392242469
5.16	0.004629492132830493
5.17	0.004556243008426145
5.18	0.004484291051183038
5.19	0.0044136108516100135
5.2	0.00434417754552215
5.21	0.004275966801321023
5.22	0.0042089548075952945
5.23	0.0041431182610329785
5.24	0.0040784343546369775
5.25	0.004014880766235685
5.26	0.003952435647280782
5.2700000000000005	0.0038910776119244817
5.28	0.003830785726368725
5.29	0.0037715394984791256
5.3	0.003713318867656497
5.3100000000000005	0.003656104194959228
5.32	0.003599876253469683
5.33	0.003544616218898361
5.34	0.0034903056604192596
5.3500000000000005	0.0034369265317305974
5.36	0.0033844611623347173
5.37	0.003332892249031587
5.38	0.0032822028476201227
5.39	0.0032323763648020366
5.4	0.003183396550282767
5.41	0.0031352474890644004
5.42	0.003087913593925635
5.43	0.0030413795980837512
5.44	0.0029956305480340756
5.45	0.002950651796562099
5.46	0.0029064289959240108
5.47	0.0028629480911910483
5.48	0.0028201953137536877
5.49	0.0027782907699515753
5.5	0.0027374008522124678
5.51	0.0026971853824572637
5.5200000000000005	0.002657632042285424
5.53	0.0026187287600121937
5.54	0.002580463705293752
5.55	0.002542825283878824
5.5600000000000005	0.002505802132483623
5.57	0.0024693831137869967
5.58	0.0024335573115427077
5.59	0.002398314025805985
5.6000000000000005	0.0023636427682713927
5.61	0.002329533257719294
5.62	0.00229597541556814
5.63	0.00226295936152997
5.64	0.002230475409366576
5.65	0.0021985140627437533
5.66	0.0021670660111812786
5.67	0.002136122126096181
5.68	0.0021056734569370604
5.69	0.002075711227407118
5.7	0.002046226831773817
5.71	0.002017211831262927
5.72	0.001988657950534989
5.73	0.0019605570742420716
5.74	0.0019329012436629556
5.75	0.001905682653414731
5.76	0.0018788936482390356
5.7700000000000005	0.0018525267198610158
5.78	0.0018265745039193508
5.79	0.0018010297769655188
5.8	0.001775885453530668
5.8100000000000005	0.001751134583258483
5.82	0.0017267703481023827
5.83	0.0017027860595855827
5.84	0.001679175156122411
5.8500000000000005	0.0016559312003995212
5.86	0.0016330478768154428
5.87	0.0016105189889771797
5.88	0.0015885688788182504
5.89	0.0015712946685220682
5.9	0.0015542371258380344
5.91	0.0015373931727906839
5.92	0.00152075978023208
5.93	0.0015043339669865857
5.94	0.0014881127990120065
5.95	0.0014720933885767863
5.96	0.0014562728934529262
5.97	0.0014406485161242708
5.98	0.0014252175030098858
5.99	0.0014099771437021784
6.	0.0013949247702194825
6.01	0.0013800577562727893
6.0200000000000005	0.0013653735165463483
6.03	0.0013508695059918545
6.04	0.0013365432191359203
6.05	0.0013223921894006
6.0600000000000005	0.0013084139884366533
6.07	0.001294606225469339
6.08	0.0012809665466564303
6.09	0.0012674926344582525
6.1000000000000005	0.0012541822070194586
6.11	0.0012410330175623425
6.12	0.0012280428537914145
6.13	0.0012152095373090567
6.140000000000001	0.0012025309230419934
6.15	0.0011900048986783914
6.16	0.0011776293841153618
6.17	0.0011654023309166357
6.18	0.0011533217217802672
6.19	0.0011413855700160905
6.2	0.0011295919190327931
6.21	0.0011179388418343821
6.22	0.0011064244405258777
6.23	0.0010950468458280193
6.24	0.0010838042166008532
6.25	0.001072694739375973
6.26	0.0010617166278972818
6.2700000000000005	0.0010508681226700902
6.28	0.0010401474905183887
6.29	0.0010702880837638558
6.3	0.0011549254337063972