2.135314012697282351e+02 7.351967499021014195e-10 2.239840063521405792e+10 -2.580001581806611739e+02
1.493986398558789119e+02 6.152674089525202292e-10 2.575102379843347168e+10 -1.419698438023413871e+02
1.145177948928652540e+02 5.671355052146061184e-10 2.874786812080352783e+10 -8.585597603097573938e+01
7.719156377431372107e+01 4.347129187317917292e-10 3.124335081438301086e+10 -4.587228289224572109e+01
5.347221071186025654e+01 4.738176463928045208e-10 3.302731794473479462e+10 -1.463791664284038774e+01
3.441806829134935697e+01 4.702289626916846506e-10 3.403499076519435120e+10 -1.237942114726598763e+00
2.300871664849466924e+01 4.289702862412309824e-10 3.434148921801678467e+10 2.386686518482294517e+00
3.492953600890054133e+01 2.157980523548074468e-09 3.478283194707720947e+10 -1.191248085976256199e+01
1.211255556740008821e+01 4.185486050297344620e-10 3.456921637039775085e+10 1.073342037284578332e+00
5.115969730829268869e+00 2.550967931055770748e-10 3.523861101651522827e+10 -6.107187377156892971e-01
7.952477905242311351e+00 4.375349964691532709e-10 3.547149889026295471e+10 -2.215882206182353542e+00
3.694267765331990194e+00 5.023768663612283404e-10 3.557149255634049988e+10 -8.636933121352392106e+00
3.516068767249898031e+00 1.939406906370156640e-09 3.563957791095588684e+10 -5.515967449834482750e+01
5.041047403570734886e+00 6.149162155594413514e-10 3.611033565877883911e+10 -1.002026832878133433e+01
2.372334646592613172e+00 1.575350070926675701e-10 3.673295536447369385e+10 -1.331326377668189620e+00
7.375441239052007991e-02 6.729137183591384995e-10 3.722124513877221680e+10 -2.453979467168236184e+01
6.710704202489842229e-01 5.361615253547256601e-10 3.722138346832453918e+10 -1.699315751948471842e+01
3.597180007469762408e-01 2.565143642498560435e-10 3.705499200537500000e+10 -7.955609803764836840e+00
5.461282806387554700e+00 1.249094644047061245e-09 3.781850735840579224e+10 -3.011695980523170135e+01
7.398545539059886433e-01 1.478116366807351897e-09 3.679019034117234802e+10 -5.046034126768398664e+01
3.592221349010015885e+00 1.257913277684262776e-09 3.737592569744985962e+10 -3.420459542792245600e+01
2.759910331401396744e-02 7.227578898917018991e-10 3.649352849108435059e+10 -2.615850995105382637e+01
3.349087046655771093e-04 2.546654707647175098e-10 3.631731667092379761e+10 -9.244954216967476768e+00
2.920213748683825372e+01 3.043424774166366235e-09 4.327906794382081604e+10 -5.845419612149343891e+01
