2.684730513948325097e+02 7.570540297969080818e-10 3.383841414196760559e+10 -2.844403163872830191e+02
1.821465668880102839e+02 6.619993841966492609e-10 3.792635655271635437e+10 -1.546269719525431583e+02
1.271081552928891369e+02 5.404435289400671571e-10 4.140239180481378174e+10 -7.245046500280625423e+01
1.994842897200878724e+02 5.753722798410245637e-09 4.506883032403689575e+10 2.168799819523947292e+00
7.498751390537665884e+01 9.871335824537592251e-10 4.636858306739891052e+10 7.967644382556500204e+00
1.032045238943974113e+02 6.606189612780606955e-09 4.832743659135042572e+10 -1.007445363378370189e+02
2.653264705439457316e+01 4.197929860959636626e-10 4.837720115047802734e+10 3.099081498349541164e+00
1.885264345920620599e+01 4.285985091595705692e-10 4.863331432339773560e+10 2.048577203512289557e+00
1.448974729321925992e+01 4.828098332174436674e-10 4.883831166986688232e+10 -1.382556996756122203e+00
1.419358516260694358e+01 8.036439982410785559e-10 4.961444074487854004e+10 -1.124460442722190123e+01
1.280109569311721707e+01 4.587694346618477639e-10 4.979964462319377136e+10 -2.756793767529596817e+00
4.053046654088344525e+00 4.763278663438322981e-10 4.997904451832561493e+10 -1.251614683981743070e+01
2.999779002688328866e+00 5.888529171805789413e-10 5.004143813851158142e+10 -1.952320927922762195e+01
7.800330085016952353e+00 5.860459211335473009e-10 5.055698788474124146e+10 -1.167875897640404048e+01
2.985354714667847631e+00 4.629031077111206481e-10 5.109348715897055054e+10 -1.499542858029283821e+01
1.257128193119335435e+00 8.361053207533391896e-10 5.114440921308613586e+10 -3.705672263000077749e+01
1.314983574690873347e+00 1.787376546399968884e-11 5.126929511650528717e+10 2.019230918048092738e-01
1.833779818926638994e+00 3.461424821781697322e-11 5.089680024160697937e+10 3.640853396152538696e-02
8.116941196756932708e-03 1.493196081598535720e-09 5.090719654947398376e+10 -7.593147653154414911e+01
2.800931232377081026e-02 1.544028637433525566e-09 5.059300069190435791e+10 -7.786571390314313135e+01
2.069226947748944827e-03 5.961653364544765681e-10 5.044279895457080078e+10 -3.005063542419275535e+01
3.401049801337295564e-02 5.220651018382649062e-10 5.030919168566223145e+10 -2.600139834888629053e+01
1.191149635582796750e-03 3.736985516535998208e-10 4.986459174016711426e+10 -1.862151804924839382e+01
2.671605626948489771e+02 5.629041767455803427e-09 9.102450247220697021e+10 -7.105895678612475308e+01
