2.085511528754424262e+02 7.966153611237634243e-10 2.208774263822290802e+10 -2.407635072318960283e+02
1.563657501027976195e+02 6.321267022911481773e-10 2.509849282783502197e+10 -1.574099153874740864e+02
1.113130701997312144e+02 5.926553586133993190e-10 2.786562768581362915e+10 -8.479698472555818967e+01
1.853707295769170287e+02 4.953009716985988803e-09 3.091576738069779968e+10 5.508952634271238935e+00
1.841061326528928248e+02 1.199763190262848163e-08 3.280880348395580292e+10 -7.167316328808163917e+01
3.501232884929353872e+01 4.748236055206508988e-10 3.283126633075683594e+10 -2.558415680184769059e+00
3.137132968056124582e+01 7.059142910066785760e-10 3.327895363813229370e+10 3.419834375953435313e+00
1.349918363167692803e+01 4.265974334992753774e-10 3.321012084121792603e+10 1.292430187085124693e+00
7.765753720627088796e+00 4.295834225118236933e-10 3.312417754770736694e+10 -6.931776317717481817e-01
8.065124015352239439e+00 3.960110207581467603e-10 3.369127360773364258e+10 -1.077443000530299511e+00
6.291662534500238380e+00 5.103439280835351715e-10 3.397067746114070892e+10 -4.958072717212333558e+00
1.966023869395948198e+00 8.258386783946258862e-10 3.392868362954534912e+10 -2.076180187125656573e+01
3.848880005020286266e+00 4.960463157346671635e-10 3.384471359701110077e+10 -7.302908948055632621e+00
2.056616144563913617e-01 6.796517930495488114e-10 3.425658779255461502e+10 -2.209248903913947970e+01
1.867111492120214322e+00 4.670327994618557865e-10 3.532758211406809998e+10 -1.069157326181223766e+01
9.522889678898387444e-01 5.519494547836222630e-10 3.577161522784588623e+10 -1.590252367667304156e+01
9.735986989662017699e-01 1.006122343283570904e-09 3.568800578923246765e+10 -3.141707839502753075e+01
3.790100804128221715e-04 3.692584706345331449e-12 3.564294752274964905e+10 -1.282350075769891906e-01
7.928001848441112998e-02 1.039382988886835412e-13 2.242903834015740204e+10 5.722371181094655412e+01
3.239028082363826222e-02 1.422768113321924766e-09 3.527419809019871521e+10 -4.991474634692451673e+01
1.366247702558164301e-01 1.211601809100680792e-09 3.521185502785316467e+10 -4.173365436406966467e+01
6.626980006784789073e-03 5.744004187416996879e-10 3.503742489668345642e+10 -2.006599682751500069e+01
4.899186463539486561e-04 2.498950673395853650e-10 3.472080835504948425e+10 -8.673205985175826527e+00
1.796874875315812308e-09 9.737990898364598749e-21 1.134562701386858237e+02 2.228643498553610414e+02
