2.033259926125198263e+02 7.073863448638321411e-10 2.492817997951222229e+10 -2.280226304642203559e+02
1.393580942579923203e+02 5.771411294730357015e-10 2.819698625720291138e+10 -1.200060549197522732e+02
1.113939108336784898e+02 5.443887046860700059e-10 3.092646055145797729e+10 -7.796700412897368437e+01
8.490841579296383657e+01 5.432778850576608968e-10 3.324685996120233154e+10 -4.743867622272375684e+01
5.049026309126898582e+01 4.949254089388630258e-10 3.507538000052401733e+10 -9.041773082081103752e+00
3.771518465900196304e+01 9.782284177568216656e-10 3.619468873139872742e+10 4.228948677946856805e+00
1.858024051815132793e+01 4.286419019628224241e-10 3.673892610267614746e+10 2.461130500900833962e+00
2.136075911678375761e+01 1.590780018857656178e-09 3.726043030835243988e+10 -1.644885792905663635e+01
9.382246616108165682e+00 4.644953834333527133e-10 3.719280125664892578e+10 -1.151048076124848274e+00
7.864787128242721082e+00 4.390640676497930056e-10 3.776322236868914795e+10 -2.496478958753971966e+00
5.555444499240980605e+00 4.670386338753962495e-10 3.789547872165841675e+10 -5.400564328780728118e+00
2.520291280264943090e+00 4.533681403914959951e-10 3.798390288374604797e+10 -9.688811201305579601e+00
1.662529628762797529e+00 5.916041340432479748e-10 3.815975023513037109e+10 -1.656872448256730479e+01
3.911221335516029463e+00 6.003718027812750969e-10 3.832340051292201996e+10 -1.220861422524223094e+01
1.675709262479361694e+00 5.728640390492481478e-10 3.875698279959449768e+10 -1.606230717243254347e+01
8.959553155974793182e-01 6.703978010572089972e-10 3.903843876172552490e+10 -2.222449706631231692e+01
3.105030077461782057e+00 5.805708918465006263e-10 3.964084917974787903e+10 -1.393978085475806239e+01
3.984249976975089425e+00 3.682038018186186171e-10 3.966465121995666504e+10 -5.412718624765979314e+00
2.337073599744976526e+00 1.331256223917710526e-09 3.911650341811505127e+10 -4.249910089798271429e+01
2.578462833020521927e+00 1.365663619880729255e-09 3.898445349045632935e+10 -4.286720021648403645e+01
4.919103449894415836e-02 8.527146854455254021e-10 3.858781127798554993e+10 -3.253184906248614539e+01
5.078368907338831617e-02 7.403852392404250210e-10 3.845321445648889923e+10 -2.809518019264681499e+01
3.077787420517644090e+00 1.675906553820923896e-10 4.214202635222193909e+10 -1.078292842284626296e+00
4.473368441640208403e+03 1.944119697411101545e-08 2.593118310753392334e+11 -3.309589532981498650e+01
