7.724577566560786313e-01 5.757454759886423412e-01 4.529528609497343594e-01 3.190778728379504714e-01 2.141812073892215562e-01 1.366865352605048933e-01 8.118986479336365303e-02 4.455867088319195868e-02 2.269735806708511952e-02 1.071340556929000626e-02 4.446954611358688858e-03 1.561597407842897764e-03
7.902810364944738986e-01 5.916126560205852147e-01 4.682143317435478735e-01 3.317120292596673070e-01 2.242564488055677485e-01 1.440658639914254024e-01 8.629426219132325937e-02 4.772827232322683633e-02 2.454737634386700701e-02 1.170836006494580667e-02 4.941194850719823027e-03 1.772283110412568342e-03
8.075631084710548357e-01 6.072679011759707368e-01 4.831508011755014653e-01 3.443529798407091724e-01 2.342843369645640217e-01 1.515590387612888723e-01 9.146665552439192659e-02 5.100198808674640677e-02 2.645797344574713633e-02 1.275523240850988393e-02 5.460653583373479940e-03 2.000818014517136752e-03
8.243353199730328873e-01 6.227279209175219377e-01 4.977757873757099327e-01 3.569978318992927946e-01 2.442634910637850598e-01 1.591639398819181817e-01 9.670478894235197409e-02 5.438017667511877568e-02 2.842883996918111819e-02 1.385519948338548302e-02 6.005992453605795214e-03 2.247980191197242184e-03
8.407719575375635079e-01 6.379080693883976139e-01 5.122197928250838972e-01 3.695483917276222718e-01 2.542609569516922075e-01 1.668194250752131624e-01 1.020338654677624690e-01 5.783829895524772446e-02 3.046945758626972561e-02 1.499989078377438750e-02 6.581514037732730249e-03 2.511349321494229202e-03
8.569842191884586846e-01 6.526710967201723168e-01 5.265411135715580837e-01 3.819156055167224340e-01 2.643027010876274341e-01 1.744831162589822460e-01 1.074654888637593814e-01 6.135909080879877603e-02 3.258419993828142597e-02 1.618471276467363038e-02 7.189829380686861386e-03 2.789743216518905146e-03
8.729742475771242738e-01 6.670385469738843165e-01 5.407421743514878587e-01 3.940963681213004999e-01 2.743874892574065250e-01 1.821522698492601677e-01 1.129985495158044168e-01 6.494123647809113553e-02 3.477330621434943786e-02 1.740977518983510136e-02 7.831880304276245958e-03 3.083701293133118797e-03
8.886496331215284483e-01 6.811617714484740072e-01 5.547283651731412801e-01 4.061721344599278916e-01 2.844591878014569586e-01 1.898650657049709978e-01 1.185980706923606687e-01 6.859784889314129996e-02 3.702459182972440976e-02 1.868095966600991087e-02 8.503283260287070044e-03 3.394909777715721024e-03
9.039028634350199098e-01 6.951080785910788151e-01 5.683999853142818193e-01 4.181965450949101104e-01 2.944379133812328742e-01 1.976458745435833442e-01 1.242283819681411910e-01 7.233900180186189632e-02 3.932475651775847736e-02 2.000278696735251910e-02 9.200006133769172978e-03 3.724843364183163912e-03
9.187660193933082642e-01 7.088843611660771149e-01 5.817659878928447270e-01 4.301715209541556173e-01 3.043214964074095752e-01 2.054924482327174229e-01 1.298877579795176818e-01 7.616426506442013078e-02 4.167304886039967932e-02 2.137595452369674132e-02 9.922253627631962697e-03 4.074310563474780982e-03
9.336869284846197603e-01 7.229225174853238789e-01 5.953068137054757791e-01 4.424087074158337130e-01 3.144020823048024327e-01 2.135742368555547943e-01 1.357138581816085821e-01 8.013728316660539974e-02 4.411059421561516758e-02 2.281282140463286243e-02 1.068219917194904861e-02 4.450404670446298991e-03
9.483944047924481868e-01 7.366615212306947269e-01 6.087281834686237847e-01 4.544672335286665810e-01 3.244906894174452994e-01 2.216413174482305404e-01 1.416185417758017706e-01 8.416076492935566089e-02 4.661582551032227018e-02 2.428908565261936325e-02 1.147398402120184714e-02 4.843070202552269762e-03
9.629115003274234530e-01 7.500681861930019734e-01 6.220350655321693623e-01 4.663303765825757563e-01 3.345882058885600308e-01 2.296844371315977518e-01 1.476030341251495515e-01 8.822997055835704594e-02 4.918948956119828519e-02 2.580399379131560408e-02 1.229848816587045951e-02 5.252114672747307950e-03
9.772500367634953111e-01 7.631562389422944515e-01 6.352289722647116443e-01 4.780026822659124708e-01 3.446932748105133171e-01 2.377026498775396124e-01 1.536665386514489973e-01 9.234366884885539251e-02 5.183185032438933360e-02 2.735759589103746448e-02 1.315634969955121678e-02 5.677642344712417570e-03
9.913207380374462474e-01 7.760600397336431255e-01 6.482360327958139878e-01 4.895616836619878787e-01 3.547535667283367444e-01 2.457365895795329269e-01 1.597736167602612778e-01 9.651681770265357896e-02 5.452914541240188456e-02 2.895572711214608116e-02 1.404284141274223657e-02 6.121727115460020435e-03
1.005038827979494842e+00 7.888128013353375989e-01 6.609780827377675916e-01 5.010543864478912424e-01 3.646995992392026431e-01 2.538076523753725611e-01 1.658914132895880911e-01 1.007590009602761238e-01 5.726832401887625018e-02 3.060196258195973032e-02 1.495448481162459792e-02 6.585781274871421384e-03
1.018418504484749132e+00 8.014295269659877929e-01 6.734634422539224063e-01 5.124828140148623978e-01 3.745318863383191865e-01 2.619150214719839220e-01 1.720185531394629597e-01 1.050697915360620793e-01 6.004868516311460264e-02 3.229663543801394171e-02 1.589156310634694952e-02 7.070175425358845960e-03
1.031487504491189089e+00 8.139111356465815739e-01 6.857044972279210393e-01 5.238485940293483578e-01 3.842531679759280672e-01 2.700570019177427894e-01 1.781549329425608230e-01 1.094482287596582337e-01 6.287032888931420871e-02 3.403956282386873949e-02 1.685458412234880007e-02 7.575125453260178783e-03
1.044353393423700815e+00 8.262163852343061832e-01 6.977988188865927865e-01 5.350849869655029956e-01 3.939292049964671083e-01 2.781785326643632095e-01 1.843285170704478948e-01 1.138673266136270984e-01 6.574411277492051009e-02 3.582014903364389574e-02 1.784786943062943373e-02 8.097131956963083896e-03
1.057071745449707389e+00 8.382629286582978789e-01 7.097825112520282920e-01 5.461332926341614380e-01 4.035778121377534000e-01 2.862462058001538079e-01 1.905491628140928428e-01 1.183106682054726050e-01 6.867355450606475731e-02 3.763350143627208072e-02 1.887343046672166486e-02 8.634609790936796647e-03
1.069844285935347195e+00 8.503886218954497256e-01 7.220422991025919890e-01 5.573505032138734716e-01 4.134899983154580738e-01 2.944709034535513692e-01 1.969645090004114585e-01 1.228759404586528131e-01 7.171695264977112627e-02 3.951498687352779371e-02 1.995543393991107417e-02 9.196764567297911405e-03
1.082447120338047020e+00 8.622637673374778933e-01 7.342005112142387935e-01 5.683905498400736445e-01 4.233892518538128202e-01 3.026496972560664966e-01 2.034342847306843671e-01 1.274705578597040423e-01 7.482024871485482009e-02 4.143131454803916647e-02 2.107226042231755136e-02 9.776702803103677272e-03
1.094808030760234807e+00 8.739770123752820252e-01 7.461991719200032902e-01 5.793212731498308399e-01 4.332332232039542985e-01 3.108216985266329391e-01 2.099257680729016695e-01 1.321104967677476094e-01 7.796891915730089218e-02 4.338892082394821270e-02 2.221813490885916204e-02 1.037687859710738521e-02
1.106873345813101928e+00 8.855573470791366919e-01 7.579885067390476072e-01 5.901773821267933817e-01 4.429639228900099646e-01 3.190058077988373042e-01 2.164094226278914512e-01 1.368053182696654935e-01 8.114953901334417963e-02 4.539132557291156167e-02 2.338894155324920676e-02 1.099879844831615217e-02
1.118655931018854854e+00 8.970043724048629707e-01 7.695676669333727515e-01 6.009631380278681601e-01 4.525804352272705944e-01 3.272017016810750967e-01 2.228841228741877123e-01 1.415545023737852237e-01 8.436159454932935786e-02 4.743862554738526721e-02 2.458457589406182198e-02 1.164286138239446419e-02
1.130158012861835815e+00 9.083245959443625450e-01 7.809448476045641740e-01 6.116790115829280339e-01 4.620838961056502603e-01 3.354090797695841730e-01 2.293488297501026507e-01 1.463574503397625792e-01 8.760459359829975146e-02 4.953091716332252287e-02 2.580492662708019219e-02 1.230946422639044371e-02
1.141425444848036541e+00 9.195176382032801410e-01 7.921544081213912625e-01 6.223143460947727634e-01 4.714990404603633944e-01 3.436145246162639610e-01 2.358134321852184134e-01 1.512064517725159596e-01 9.088317817420273059e-02 5.166440553463785834e-02 2.705143895972584103e-02 1.299769713515692982e-02
1.152552525418592433e+00 9.305168958337917129e-01 8.032652258389245681e-01 6.328008894369699933e-01 4.808762112042032633e-01 3.517626059172612174e-01 2.423062060527497175e-01 1.560697695131371965e-01 9.420826298337996174e-02 5.382705714760986637e-02 2.832834982923142231e-02 1.370346780356981702e-02
1.163550905739009877e+00 9.412806992580374787e-01 8.142862716085177421e-01 6.431219196470343569e-01 4.902174833173555402e-01 3.598448872072427807e-01 2.488279342726318621e-01 1.609429865719072261e-01 9.758016950997250305e-02 5.601773033847413930e-02 2.963616634779058651e-02 1.442639081084535861e-02
1.174422188201496242e+00 9.518153389387291607e-01 8.252152220659457749e-01 6.532814566738237572e-01 4.995232465699243063e-01 3.678630156146469599e-01 2.553777892971988428e-01 1.658252566347314383e-01 1.009988134128693010e-01 5.823613052956634617e-02 3.097520220728307294e-02 1.516638956408059707e-02
1.185180156369643356e+00 9.621356244647070177e-01 8.360595524148173308e-01 6.632834241705181100e-01 5.087936415125284828e-01 3.758162992567338212e-01 2.619549555300153543e-01 1.707155786308589551e-01 1.044641128227859345e-01 6.048195144689944708e-02 3.234574340951432148e-02 1.592338732479543426e-02
1.195784174736543637e+00 9.723101453874123390e-01 8.467825672876408971e-01 6.731718625265767919e-01 5.180065762965168075e-01 3.837366659281641335e-01 2.685377605895263309e-01 1.756264978376716190e-01 1.079659862135359111e-01 6.276018018292492395e-02 3.374364623000586372e-02 1.669919851333497365e-02
1.206169665591380502e+00 9.823727894510205783e-01 8.573316694701035301e-01 6.829923693051310751e-01 5.271043034826035090e-01 3.916488674647438661e-01 2.750910737591801825e-01 1.805721073050156611e-01 1.114867874211273174e-01 6.507574243954160342e-02 3.516315748692346727e-02 1.749556072688352934e-02
1.216352217552756798e+00 9.923260252128167647e-01 8.677012981035847616e-01 6.927471580152757547e-01 5.360830668083512718e-01 3.995535364267672751e-01 2.816135628132952484e-01 1.855522786674968783e-01 1.150254736242683762e-01 6.742875158824444826e-02 3.660417255596519481e-02 1.831256186499886224e-02
1.226335986046779070e+00 1.002174983630476301e+00 8.778994806696586162e-01 7.024380003170354048e-01 5.449433764283067028e-01 4.074505953694105287e-01 2.881045735872266311e-01 1.905667602021028362e-01 1.185812736137069751e-01 6.981929747266063524e-02 3.806657642777832445e-02 1.915029638789474131e-02
1.236127778833415736e+00 1.011923287551660167e+00 8.879307151143785992e-01 7.120666260982621010e-01 5.536876919468070035e-01 4.153401381209858578e-01 2.945634676651767148e-01 1.956154322196304862e-01 1.221535845636557704e-01 7.224747120182389848e-02 3.955025754283014033e-02 2.000883611134905010e-02
1.245770933347992493e+00 1.021567211800662900e+00 8.978330592388165110e-01 7.216208666975342245e-01 5.623485788076074687e-01 4.232040839159724177e-01 3.010063858613243326e-01 2.006871875402147787e-01 1.257500911343905903e-01 7.470686266123122143e-02 4.105759528384708007e-02 2.088616481369615085e-02
1.255330766074046256e+00 1.031057557635490118e+00 9.076474640213134659e-01 7.310494383950210118e-01 5.709625775533077041e-01 4.309957589426285929e-01 3.074560938739646643e-01 2.057541400989516267e-01 1.293795720951784189e-01 7.718653366541392002e-02 4.259204971465339884e-02 2.177846398810864142e-02
1.264803580086642842e+00 1.040368325432404539e+00 9.173798061157975026e-01 7.403424029134076934e-01 5.795306736834863193e-01 4.387139037481673776e-01 3.139129010001446840e-01 2.108140783491828651e-01 1.330416306468064358e-01 7.968608262938875475e-02 4.415366320388669497e-02 2.268557494576668720e-02
1.274207540242024095e+00 1.049505946857608896e+00 9.270325647175864381e-01 7.495069582418485421e-01 5.880519278773685965e-01 4.463579259178570569e-01 3.203767700287735165e-01 2.158664197543658791e-01 1.367359938008563813e-01 8.220529114343316790e-02 4.574243571605381142e-02 2.360741276363681473e-02
1.283586448325880536e+00 1.058690187609101718e+00 9.368531687078274217e-01 7.588201902457196724e-01 5.967774899968434354e-01 4.541303247842584656e-01 3.270132389582356414e-01 2.210349615243965282e-01 1.405514987770450364e-01 8.480114727689475052e-02 4.738930853363208101e-02 2.455771956941251929e-02
1.292867986451595730e+00 1.067731402440465605e+00 9.465880706452767246e-01 7.680140139247633169e-01 6.054635520898442591e-01 4.618400487218788930e-01 3.336590355340449121e-01 2.262007012821186658e-01 1.444018345734286723e-01 8.742058134156831251e-02 4.906503135070862387e-02 2.552500681931950399e-02
1.301988790174804400e+00 1.076676083238414794e+00 9.561920914097157276e-01 7.771357463542677424e-01 6.140727911478848222e-01 4.695241971238445222e-01 3.402799639157257916e-01 2.313825165564291075e-01 1.482680678107781425e-01 9.007103775616316643e-02 5.076213515538702259e-02 2.651234790795664598e-02
1.310947958208417585e+00 1.085537047364971475e+00 9.656467296981532389e-01 7.861945928074443035e-01 6.225828534098923894e-01 4.771883830373708224e-01 3.468638090000266128e-01 2.365840435707460554e-01 1.521434685545960397e-01 9.275373267584802184e-02 5.247871234029996557e-02 2.752029213848364991e-02
1.319723381211698410e+00 1.094315966100937842e+00 9.749559727301024825e-01 7.951936404223333144e-01 6.309929333703808707e-01 4.848327078398738110e-01 3.534108530555629124e-01 2.418050193888712229e-01 1.560274734606993952e-01 9.546865028509565754e-02 5.421465221230212933e-02 2.854894214363181901e-02
1.328343723725124992e+00 1.103007069612310875e+00 9.841227387989465170e-01 8.041300984991837097e-01 6.393055207254662031e-01 4.924578804959044431e-01 3.599206628847712586e-01 2.470451883122595782e-01 1.599194737559139212e-01 9.821575748495614544e-02 5.596983639964699109e-02 2.959837549263043960e-02
1.336804839825027846e+00 1.111619506576893457e+00 9.931497915428685319e-01 8.130084841876906721e-01 6.475212682114641627e-01 5.000644212255108689e-01 3.663930122876366546e-01 2.523043016850151088e-01 1.638186957601858451e-01 1.009950215968206944e-01 5.774412061679465302e-02 3.066868117198224761e-02
1.345130159104176215e+00 1.120155014892701750e+00 1.002059262434176645e+00 8.218229864006030283e-01 6.556557289468064598e-01 5.076468728338526804e-01 3.728353192943870131e-01 2.575785433753854936e-01 1.677292517483160161e-01 1.038033675047090321e-01 5.953873055653492036e-02 3.175894186727439006e-02
1.353361812376077555e+00 1.128578570625279776e+00 1.010894659246054594e+00 8.305384052841088272e-01 6.637481870769195158e-01 5.151660371812000205e-01 3.792728209111086990e-01 2.628415522345969313e-01 1.716633836296208582e-01 1.066273628003170937e-01 6.135836292003897519e-02 3.286434023466896365e-02
1.361521040726050291e+00 1.136863424501065145e+00 1.019662145761202732e+00 8.391367504092149820e-01 6.718011387845932436e-01 5.226126604873423398e-01 3.857083011934447914e-01 2.680875751933587403e-01 1.756216001209682798e-01 1.094650503459508317e-01 6.320348497222515183e-02 3.398413300377572943e-02
1.369610106021594831e+00 1.145008753884058539e+00 1.028363498476749127e+00 8.476177410747335328e-01 6.798149099071266743e-01 5.299880579633058364e-01 3.921409423856802023e-01 2.733164127620762995e-01 1.796035156209591643e-01 1.123160484629075334e-01 6.507413259427735630e-02 3.511822460919286626e-02
1.377621203258158511e+00 1.153017474692853206e+00 1.036999814508997364e+00 8.559874173651933482e-01 6.877901205194104639e-01 5.372937144085437877e-01 3.985713756788918372e-01 2.785278743245315214e-01 1.836089394803759045e-01 1.151800933594375742e-01 6.697032577444927970e-02 3.626653279011405467e-02
1.385564869133415034e+00 1.160891085380898025e+00 1.045573192422914355e+00 8.642457250738500019e-01 6.957271585808827430e-01 5.445286834832907541e-01 4.049986245842479016e-01 2.837217778729487216e-01 1.876376074676219252e-01 1.180568448417696759e-01 6.889211357875425767e-02 3.742895415516564461e-02
1.393439677443720326e+00 1.168655172370184347e+00 1.054082799520581482e+00 8.724021139570848904e-01 7.036262262272657830e-01 5.517003765859571640e-01 4.114221343825785193e-01 2.888998184731995655e-01 1.916886454655732097e-01 1.209469988275476970e-01 7.083897319993631703e-02 3.860578595743263675e-02
1.401210560818177076e+00 1.176349952447145908e+00 1.062497656571198101e+00 8.804926790353577726e-01 7.114605463698485677e-01 5.588409691269534685e-01 4.178129898297050504e-01 2.940805308103727755e-01 1.957448237143504244e-01 1.238585055658468354e-01 7.280299096446317397e-02 3.979996953017455458e-02
1.408855233922169159e+00 1.183979372696462473e+00 1.070791250175301856e+00 8.885304800845061912e-01 7.192075592089822722e-01 5.659564854954499680e-01 4.241586509951544848e-01 2.992689664260916871e-01 1.997976715627250988e-01 1.267931068319320120e-01 7.478141454297894397e-02 4.101218944497442981e-02
1.416384991454377573e+00 1.191549897566447358e+00 1.078971145017563860e+00 8.965177200120597600e-01 7.268662936614515013e-01 5.730482863638775015e-01 4.304591413460293059e-01 3.044651198850098495e-01 2.038468226257833804e-01 1.297506722454883632e-01 7.677407848408748792e-02 4.224252315196757451e-02
1.423803389098790007e+00 1.199058289814193712e+00 1.087039403448406105e+00 9.044559558390826703e-01 7.344381287458221497e-01 5.801156486995262540e-01 4.367148407815593103e-01 3.096689297740412572e-01 2.078919784689449157e-01 1.327310535508757217e-01 7.878083911388314431e-02 4.349104343796654504e-02
1.431105420158246488e+00 1.206513142289975082e+00 1.094992834958874006e+00 9.123457165180338668e-01 7.419240075815903834e-01 5.871596605958838699e-01 4.429260789092558936e-01 3.148803387671849086e-01 2.119327025617931404e-01 1.357341012759832044e-01 8.080154091433884578e-02 4.475783801484471691e-02
1.438301365879493865e+00 1.213908964400188362e+00 1.102838205029495366e+00 9.201884138186507966e-01 7.493233952646823903e-01 5.941809023565260972e-01 4.490929389318418230e-01 3.200992935054756683e-01 2.159687538420254072e-01 1.387597297244743122e-01 8.283602873969467262e-02 4.604298583891024144e-02
1.445317304143713955e+00 1.221266591473034291e+00 1.110673278176062873e+00 9.281371122066994772e-01 7.567629507057495042e-01 6.012823400822643327e-01 4.553429975812441910e-01 3.254151375279341063e-01 2.200669670211703732e-01 1.418418457889377704e-01 8.491549731656822253e-02 4.736701640361262039e-02
1.452268764972168391e+00 1.228536765641846662e+00 1.118440205782643693e+00 9.360078021458283493e-01 7.641615348243793182e-01 6.083241411763757878e-01 4.615801973567589256e-01 3.307135837080611984e-01 2.241790503943733026e-01 1.449321784494387033e-01 8.701466785425693296e-02 4.870494941385083987e-02
1.459168204851705397e+00 1.235696994254186221e+00 1.126145362085733792e+00 9.437848336808133398e-01 7.715245334631523066e-01 6.152996757174370446e-01 4.678063584536323316e-01 3.359904093237995881e-01 2.283054200492979913e-01 1.480291818610489363e-01 8.913385168513801582e-02 5.005609410365643996e-02
1.466016910715407073e+00 1.242742849460771959e+00 1.133792467599439968e+00 9.514678149191515555e-01 7.788508771021296351e-01 6.222096950964223216e-01 4.740213485854739561e-01 3.412446949778767391e-01 2.324459860041489800e-01 1.511327377518499882e-01 9.127305143654898534e-02 5.142027525014208900e-02
1.472816131905044124e+00 1.249686997357365881e+00 1.141381283857803908e+00 9.590592237634228967e-01 7.861427874505396707e-01 6.290556441527292986e-01 4.802250257944796208e-01 3.464770862024373899e-01 2.366006841649906656e-01 1.542426141667365136e-01 9.343226729792283858e-02 5.279730529169225639e-02
1.479567081584017174e+00 1.256516193738567155e+00 1.148911967648799326e+00 9.665598610668507673e-01 7.934008367038816179e-01 6.358372263025101612e-01 4.864172499135004935e-01 3.516869390330851219e-01 2.407695059004013594e-01 1.573585410728542133e-01 9.561150069633628235e-02 5.418700332565933031e-02
1.486270938085703985e+00 1.263246206250058901e+00 1.156389408890633907e+00 9.739705054487721725e-01 8.006255747711144011e-01 6.425560774100247396e-01 4.925978825039608044e-01 3.568745218645843487e-01 2.449524022708221560e-01 1.604802442400321549e-01 9.781075430257160641e-02 5.558918483963369572e-02
1.492923190113473630e+00 1.269896567906797280e+00 1.163810905834487208e+00 9.812967355161260619e-01 8.078182811108124417e-01 6.492196080561501992e-01 4.987648480522064443e-01 3.620424443526520375e-01 2.491481477320525995e-01 1.636094117181565721e-01 1.000289491490665428e-01 5.700436098565207776e-02
1.499506917433132358e+00 1.276492022787937275e+00 1.171149098135204403e+00 9.885694300085643427e-01 8.149559341461962703e-01 6.558538118977871312e-01 5.048928006306482308e-01 3.672075339184994736e-01 2.533407923967114228e-01 1.667542114938654063e-01 1.022577357474011156e-01 5.843538196513932415e-02
1.506007298122463700e+00 1.283032494249925826e+00 1.178392535865596669e+00 9.957932615956521794e-01 8.220255980386688144e-01 6.624620592922384477e-01 5.109743225986574933e-01 3.723726591136677366e-01 2.575247021138904469e-01 1.699155350511105944e-01 1.044952392881580427e-01 5.988249070940651619e-02
1.512430354185774206e+00 1.289525436243591727e+00 1.185546238066001790e+00 1.002968885842944413e+00 8.290261282784217034e-01 6.690446431718121145e-01 5.170090554563091523e-01 3.775377040998529887e-01 2.616997415148560879e-01 1.730931630091679663e-01 1.067414450422274758e-01 6.134557388289321039e-02
1.518777988592414641e+00 1.295972514706948964e+00 1.192606402906455587e+00 1.010097312091717159e+00 8.359589431624911970e-01 6.756018515205239883e-01 5.229976159129150481e-01 3.827028775667034033e-01 2.658657152931616641e-01 1.762869694235387197e-01 1.089963570223543843e-01 6.282453035787168016e-02
1.525052050465593112e+00 1.302369455240729668e+00 1.199578867086044109e+00 1.017179197747999142e+00 8.428244488692723246e-01 6.821339674936324204e-01 5.289407187069260496e-01 3.878678482930317806e-01 2.700224715098401562e-01 1.794967696010086322e-01 1.112599687533165627e-01 6.431925135799400339e-02
1.531254337035369950e+00 1.308722494544539261e+00 1.206466053158053109e+00 1.024215185623114532e+00 8.496243478988295683e-01 6.886412695333642420e-01 5.348376264207334030e-01 3.930330384363762697e-01 2.741699784282110586e-01 1.827223524500907192e-01 1.135322443089499395e-01 6.582962240120887598e-02
1.537386595506177400e+00 1.315034708631181104e+00 1.213266750047659492e+00 1.031205904366732762e+00 8.563599529798436860e-01 6.951240314809792320e-01 5.406895924687734611e-01 3.981979179718886930e-01 2.783081144897501247e-01 1.859635143774903132e-01 1.158131966858390871e-01 6.735552571773081865e-02
1.543464531893338432e+00 1.321305600567550309e+00 1.220001948754393162e+00 1.038148467456915025e+00 8.630460411334894832e-01 7.015766500677547146e-01 5.465064568931996547e-01 4.033582521153837308e-01 2.824437331068435642e-01 1.892154729449924133e-01 1.181051729471733758e-01 6.889508632493204776e-02
1.549511879750607335e+00 1.327518162614179431e+00 1.226690788598670201e+00 1.045020450607761164e+00 8.696999054728739020e-01 7.079772384710775190e-01 5.523058539672478506e-01 4.084930730024274315e-01 2.865857630680720414e-01 1.924671673601466848e-01 1.204124578418543645e-01 7.044350766130680341e-02
1.555534246521426800e+00 1.333654417670819603e+00 1.233338414225843005e+00 1.051812340662485079e+00 8.763230853826106115e-01 7.143214232747622239e-01 5.580893638287012237e-01 4.135998975960922808e-01 2.907342004146586945e-01 1.957178416727408110e-01 1.227351613732163838e-01 7.200036293901072859e-02
1.561532687958277599e+00 1.339715435589319936e+00 1.239941469004654184e+00 1.058523879297777803e+00 8.829157410769108427e-01 7.206119104996874247e-01 5.638566227250252361e-01 4.186782691578021520e-01 2.948889415301935712e-01 1.989673009138299142e-01 1.250733426718724228e-01 7.356549629075033458e-02
1.567507949004005585e+00 1.345699233998137068e+00 1.246505532572642849e+00 1.065159328749432310e+00 8.894779609435093937e-01 7.268483250268499285e-01 5.696083405294460889e-01 4.237284781924054999e-01 2.990498843464665657e-01 2.022153727226853326e-01 1.274270489578447074e-01 7.513874616964652531e-02
1.573290914596594536e+00 1.351572014562469226e+00 1.253068332037297283e+00 1.071788105865659979e+00 8.960688150488916870e-01 7.331396583643609022e-01 5.754471605090291098e-01 4.288260746890200092e-01 3.032800128732757727e-01 2.055080227360200629e-01 1.298320109758781815e-01 7.673593489737493001e-02
1.579042293416070830e+00 1.357366355738680808e+00 1.259590224497382005e+00 1.078341392315407932e+00 9.026263368805100828e-01 7.393782429877547857e-01 5.812716327179048292e-01 4.338965705172528331e-01 3.075169589827143057e-01 2.088007185058635695e-01 1.322528548040628193e-01 7.834284963413447322e-02
1.584762933781016070e+00 1.363082993995518910e+00 1.266064994449297432e+00 1.084823873021346419e+00 9.091511610017054545e-01 7.455639476867974569e-01 5.870826205456832758e-01 4.389401792485365661e-01 3.117606506603020633e-01 2.120933576559727030e-01 1.346894986622347301e-01 7.995941499218625625e-02
1.590454570849235472e+00 1.368740326709143584e+00 1.272496938721835003e+00 1.091243722367884805e+00 9.156429975239961383e-01 7.517054519575849802e-01 5.928777425788888111e-01 4.439602742159809434e-01 3.160096093178622612e-01 2.153882537968643263e-01 1.371404143233217743e-01 8.158661520503930620e-02
1.596119736405781531e+00 1.374356402693011958e+00 1.278860593602649809e+00 1.097622182553951165e+00 9.220832801691309921e-01 7.578209370733478556e-01 5.986368625446008007e-01 4.489720058010078230e-01 3.202493524095835764e-01 2.186934520877304167e-01 1.395971276561083774e-01 8.322773509755945764e-02
1.601761046609016415e+00 1.379931070302031326e+00 1.285154318186593425e+00 1.103964616544953703e+00 9.284597211998560917e-01 7.639136321040096433e-01 6.043548888140559683e-01 4.539772984778909781e-01 3.244751340628763692e-01 2.220095658202552169e-01 1.420580355547326479e-01 8.488298729879553695e-02
1.607380087817217307e+00 1.385464193399991828e+00 1.291369238331913083e+00 1.110272395496380016e+00 9.347737509841894665e-01 7.699822427881349851e-01 6.100314745211908862e-01 4.589760864111924743e-01 3.286873083303126220e-01 2.253364712583586504e-01 1.445231010213181566e-01 8.655233145598528743e-02
1.612976782090039807e+00 1.390958912976590911e+00 1.297514712312514140e+00 1.116544438139345674e+00 9.410263453543412648e-01 7.760278152752790870e-01 6.156675645071785219e-01 4.639685088804236801e-01 3.328854215529377103e-01 2.286740208042886136e-01 1.469922687734266376e-01 8.823572642199856153e-02
1.618551898632902830e+00 1.396416103048061297e+00 1.303589087458099538e+00 1.122780953302595641e+00 9.472176738923588912e-01 7.820500201838933574e-01 6.212634614540241129e-01 4.689546827850514243e-01 3.370697272660647670e-01 2.320220952807156012e-01 1.494654577092844883e-01 8.993312960365765218e-02
1.624106189169056691e+00 1.401836618081332198e+00 1.309595475764927519e+00 1.128984145913606962e+00 9.533490960138945036e-01 7.880488480302284549e-01 6.268189957526627554e-01 4.739346696578738416e-01 3.412398825003133407e-01 2.353805957115748526e-01 1.519425243929535263e-01 9.164449242033315124e-02
1.629640388493193370e+00 1.407221293576947252e+00 1.315529996397086121e+00 1.135153818793165792e+00 9.594223206067185039e-01 7.940249885102420579e-01 6.323351145006262941e-01 4.789085311957899660e-01 3.453960409232823547e-01 2.387494009641988324e-01 1.544234451677256037e-01 9.336977807239575655e-02
1.635155215003979423e+00 1.412570946630882451e+00 1.321399608708133444e+00 1.141288450184422265e+00 9.654383416497942516e-01 7.999774311064363763e-01 6.378116860995434179e-01 4.838763292465178001e-01 3.495380689478565506e-01 2.421283905322303975e-01 1.569081632107562907e-01 9.510894226425523068e-02
1.640660020670255070e+00 1.417886376476170662e+00 1.327216407770723805e+00 1.147389263540591786e+00 9.714090498531826601e-01 8.059046549109695201e-01 6.432560287968820401e-01 4.888353761936910513e-01 3.536716653675996413e-01 2.455139481459500117e-01 1.593987075546783039e-01 9.686048366790185604e-02
1.646166799765139910e+00 1.423160540976971644e+00 1.332994083860884249e+00 1.153440133721199246e+00 9.773497705066638286e-01 8.117856750784199216e-01 6.486834111891355281e-01 4.937695435871424232e-01 3.578057056690724935e-01 2.488955266437347658e-01 1.618998133398282246e-01 9.861913430867667862e-02
1.651679180853051765e+00 1.428380436984823421e+00 1.338737507749284683e+00 1.159427934120908388e+00 9.832615435915882385e-01 8.176190868910282461e-01 6.540948649168681905e-01 4.986748906250208502e-01 3.619401914048621105e-01 2.522721639251996884e-01 1.644117430483652553e-01 1.003843025670726752e-01
1.657197418369612762e+00 1.433545770528427576e+00 1.344448529217908028e+00 1.165355133647348884e+00 9.891448994878977441e-01 8.234046157905234864e-01 6.594906416717688513e-01 5.035520917739415570e-01 3.660753315486942050e-01 2.556436845998200647e-01 1.669345473869795482e-01 1.021558342383523110e-01
1.662721762515987578e+00 1.438657804550497854e+00 1.350126555557931818e+00 1.171224182822570237e+00 9.950003594286856989e-01 8.291429999151521679e-01 6.648709903114157216e-01 5.084011853100834921e-01 3.702108110492637327e-01 2.590099430709495998e-01 1.694682662003585971e-01 1.039335676962671040e-01
1.668252459387801423e+00 1.443717639365372341e+00 1.355769901182585890e+00 1.177031884622603553e+00 1.000828435728229104e+00 8.348338770056208391e-01 6.702361569141654929e-01 5.132220008722927496e-01 3.743469479913137388e-01 2.623707709127200971e-01 1.720129008113290281e-01 1.057173329339327339e-01
1.673789751099496792e+00 1.448726351147545888e+00 1.361382767538164229e+00 1.182782512535483832e+00 1.006629632002907559e+00 8.404779939819465584e-01 6.755863848326660870e-01 5.180151212498768087e-01 3.784833852876609561e-01 2.657260346660198502e-01 1.745685283480963856e-01 1.075069896582935280e-01
1.679334552577604889e+00 1.453684992625692063e+00 1.366965732711489911e+00 1.188474543421166318e+00 1.012404443385275687e+00 8.460769765740457915e-01 6.809219147460372490e-01 5.227801771514187790e-01 3.826204144461575196e-01 2.690756091422786822e-01 1.771352003986578771e-01 1.093023856671309080e-01
1.684784190135711679e+00 1.458557390166488332e+00 1.372526106875064489e+00 1.194124382008767693e+00 1.018191230033991035e+00 8.516717734124124028e-01 6.862844273433896802e-01 5.275562784938648830e-01 3.867994352936587887e-01 2.724499217608971069e-01 1.797431260728357683e-01 1.111232615632496701e-01
1.690234764573014914e+00 1.463388562363691303e+00 1.378054811378914613e+00 1.199716829679299712e+00 1.023950781941718624e+00 8.572252486604742261e-01 6.916315692836255691e-01 5.323059054949113023e-01 3.909789070604970940e-01 2.758198703883113501e-01 1.823617671890548075e-01 1.129504532175628628e-01
1.695683283305382538e+00 1.468193913250117388e+00 1.383540448997251815e+00 1.205275337493349364e+00 1.029675482016505050e+00 8.627532482768159872e-01 6.969516771376714770e-01 5.370412626834538683e-01 3.951491883625184443e-01 2.791931341434302216e-01 1.849841544899801238e-01 1.147872321762837544e-01
1.701128764534281412e+00 1.472975858052577358e+00 1.388968580413458831e+00 1.210801194588153384e+00 1.035350999988093434e+00 8.682602710802027612e-01 7.022352825685082012e-01 5.417677195270592660e-01 3.993016249692876718e-01 2.825718074251283851e-01 1.876067772258025457e-01 1.166343896534602215e-01
1.706571489341458303e+00 1.477734956724496840e+00 1.394338267028700118e+00 1.216300406208700169e+00 1.040974040884729446e+00 8.737465638204882090e-01 7.074825608479614614e-01 5.464850880939317035e-01 4.034363523310020017e-01 2.859558549978995501e-01 1.902295606314348131e-01 1.184919034637163804e-01
1.712011527192567550e+00 1.482471757797462875e+00 1.399653564537954198e+00 1.221768599356894303e+00 1.046547563431083239e+00 8.792120346339803438e-01 7.126935997589635141e-01 5.511933558889191564e-01 4.075532768680311668e-01 2.893452405902205982e-01 1.928523979351224327e-01 1.203597590291813624e-01
1.717447810502923389e+00 1.487186798696873868e+00 1.404915178784632568e+00 1.227210874807738827e+00 1.052071813920309795e+00 8.846566197381422469e-01 7.178693559150499670e-01 5.558929647024414278e-01 4.116525573895590817e-01 2.927398815756584449e-01 1.954752520691471762e-01 1.222379600880732498e-01
1.722881797165842110e+00 1.491880606047005564e+00 1.410120742909271474e+00 1.232623947447008650e+00 1.057545575437385033e+00 8.900812173307978137e-01 7.230090643725435307e-01 5.605835137419264980e-01 4.157339583663386962e-01 2.961397969602453939e-01 1.980980440850574897e-01 1.241264961462982264e-01
1.728313616485427140e+00 1.496553695965906261e+00 1.415272941200663714e+00 1.238011692143951237e+00 1.062971144770138432e+00 8.954860595615103946e-01 7.281141965082598144e-01 5.652654409047546125e-01 4.197977463815493748e-01 2.995449543297978856e-01 2.007206924400980197e-01 1.260253450966613564e-01
1.733742900072177795e+00 1.501206574350532286e+00 1.420373554953940687e+00 1.243371970371561330e+00 1.068349469348325753e+00 9.008713243915523750e-01 7.331839671656993351e-01 5.699388506036131563e-01 4.238436076111708473e-01 3.029553219539738995e-01 2.033430875220895162e-01 1.279344984934901730e-01
1.739168889155950026e+00 1.505839737152500968e+00 1.425421880084394965e+00 1.248707505796443185e+00 1.073679723144164599e+00 9.062364152134082529e-01 7.382194646249281567e-01 5.746034325676858678e-01 4.278718260841857246e-01 3.063708687733996960e-01 2.059651906260330234e-01 1.298539585544096764e-01
1.744593039163418347e+00 1.510453670644826607e+00 1.430417530661389325e+00 1.254017236172404459e+00 1.078964703011872528e+00 9.115824493811353069e-01 7.432210821169106252e-01 5.792597522024809376e-01 4.318828048805275488e-01 3.097914466543026935e-01 2.085870315726102153e-01 1.317837002046731432e-01
1.750014352474672297e+00 1.515048851679996478e+00 1.435379042961155704e+00 1.259298388312721562e+00 1.084220287162659613e+00 9.169016058688645998e-01 7.482003099153035075e-01 5.839009980001484967e-01 4.358860385939749005e-01 3.132095607190917841e-01 2.112130228895637007e-01 1.337200432615075762e-01
1.755430696726582473e+00 1.519627269345503073e+00 1.440313478874692077e+00 1.264538069893339056e+00 1.089451228299882946e+00 9.221819300210595260e-01 7.531640794185499033e-01 5.885163689615031668e-01 4.398849215662920531e-01 3.166193404195192240e-01 2.138455290277366805e-01 1.356596241318408225e-01
1.760842081076041898e+00 1.524190369193070715e+00 1.445221360195621640e+00 1.269729694189773994e+00 1.094656900272389821e+00 9.274222569173855568e-01 7.581119375866051113e-01 5.931057462480635589e-01 4.438795072144877119e-01 3.200207233755455460e-01 2.164845525672502435e-01 1.376024013324551321e-01
1.766249819323150394e+00 1.528738643578199108e+00 1.450103199225489359e+00 1.274875990917532675e+00 1.099839218898864823e+00 9.326234984056722688e-01 7.630450276433280443e-01 5.976687593399202525e-01 4.478698490821866884e-01 3.234136295246993753e-01 2.191300968687142636e-01 1.395482928032199532e-01
1.771654151511452113e+00 1.533272408738837189e+00 1.454959499006545975e+00 1.279977790123076442e+00 1.104998395221025387e+00 9.377862718842215894e-01 7.679624694553094377e-01 6.022059696208279522e-01 4.518560008326893418e-01 3.267979315276728358e-01 2.217821660624564317e-01 1.414971933475323018e-01
1.777054350530535842e+00 1.537791974771101744e+00 1.459790753547572706e+00 1.285036144929594615e+00 1.110132615253694111e+00 9.429109849276243738e-01 7.728654700464546723e-01 6.067173960321541326e-01 4.558380162422903670e-01 3.301736654798868575e-01 2.244407650379717789e-01 1.434490131112136635e-01
1.782450967395285302e+00 1.542297645792910732e+00 1.464597448043006400e+00 1.290047800944049028e+00 1.115244328710329080e+00 9.479976352360913738e-01 7.777535908735060399e-01 6.112029257768921697e-01 4.598159491938433874e-01 3.335405711281056451e-01 2.271058994335865555e-01 1.454037054941959284e-01
1.787844951037387053e+00 1.546789992380601442e+00 1.469378452393337531e+00 1.295018403093405768e+00 1.120333786900315154e+00 9.530466089939172436e-01 7.826273395631704322e-01 6.156630496769786021e-01 4.637898515598257165e-01 3.368987913460544936e-01 2.297775569383165295e-01 1.473611903539371326e-01
1.793122976507636190e+00 1.551225621136023580e+00 1.474108758715436229e+00 1.299950446985796537e+00 1.125431165993969085e+00 9.580970904232676277e-01 7.875349425806050796e-01 6.201375330804737018e-01 4.677928492048641917e-01 3.402679833069124915e-01 2.324881326062169795e-01 1.493405068069624808e-01
1.798393411906060724e+00 1.555645017736224434e+00 1.478815944619398692e+00 1.304836723536016319e+00 1.130506677443460672e+00 9.631101316859589367e-01 7.924284231505106524e-01 6.245868199303186152e-01 4.717929249120689783e-01 3.436279667040191277e-01 2.352052384844270372e-01 1.513231620438821590e-01
1.803657324953582552e+00 1.560055592441238925e+00 1.483500549365636800e+00 1.309678174089630831e+00 1.135561139885667092e+00 9.680879042555137204e-01 7.973085118022394946e-01 6.290118974323073431e-01 4.757900542889691997e-01 3.469792983397559927e-01 2.379285860702846644e-01 1.533095111877063321e-01
1.808881992170974673e+00 1.564464729807448773e+00 1.488156044231649044e+00 1.314490542045359200e+00 1.140589546255153630e+00 9.730431115013796761e-01 8.021654720463494703e-01 6.334230111277829867e-01 4.797767296891838895e-01 3.503291650770296584e-01 2.406518641666394731e-01 1.553028245182373479e-01
1.814072058050797409e+00 1.568872902843865935e+00 1.492775710649086207e+00 1.319277611668892902e+00 1.145577675525895289e+00 9.779785141171807306e-01 8.069928235229536506e-01 6.378240153967293935e-01 4.837460103505943909e-01 3.536793090106755688e-01 2.433718944195880085e-01 1.573038197606080324e-01
1.819218715175460854e+00 1.573280210815682700e+00 1.497359462776967298e+00 1.324037724192907550e+00 1.150528941284359785e+00 9.828944984109746486e-01 8.117900061651416310e-01 6.422149894221884647e-01 4.876977360350446267e-01 3.570298502033080190e-01 2.460885776687571358e-01 1.593124704125888913e-01
1.824303832788738866e+00 1.577686772246863489e+00 1.501907900167675392e+00 1.328773982389078512e+00 1.155439701062430213e+00 9.877914240944110080e-01 8.165577508361179238e-01 6.465960115833608857e-01 4.916318349761491513e-01 3.603808359868891920e-01 2.488018094617570064e-01 1.613287748343675831e-01
1.829356782198384046e+00 1.582092255777646672e+00 1.506420846026795157e+00 1.333486718525101811e+00 1.160312367629426911e+00 9.926695654485271358e-01 8.212953842905560409e-01 6.509671594679338202e-01 4.955486192944353330e-01 3.637322889626131706e-01 2.515114678440626417e-01 1.633527120515824715e-01
1.834364147922381338e+00 1.586496635101861896e+00 1.510898705761854810e+00 1.338173987913018115e+00 1.165146138225153560e+00 9.975291930681461361e-01 8.260036630957104942e-01 6.553285098841586942e-01 4.994477079376297146e-01 3.670843525038237076e-01 2.542174596657015284e-01 1.653842458403849691e-01
1.839319470420905045e+00 1.590899884346686832e+00 1.515343032814201241e+00 1.342837445798056972e+00 1.169943631398376871e+00 1.002370573934384002e+00 8.306832462569029296e-01 6.596801388726829529e-01 5.033293911186300651e-01 3.704369575997139563e-01 2.569196904052133412e-01 1.674233560603452797e-01
1.844245313148859866e+00 1.595301978065938764e+00 1.519754384746762943e+00 1.347478411523614694e+00 1.174701583069096777e+00 1.007193971485352169e+00 8.353336694765144399e-01 6.640221217181485613e-01 5.071937802355808156e-01 3.737903379218969757e-01 2.596180576927539785e-01 1.694700384905549750e-01
1.849122690401493019e+00 1.599702891233294899e+00 1.524133309527995417e+00 1.352096601609576121e+00 1.179423461235278303e+00 1.011999645685110583e+00 8.399555042383884951e-01 6.683545329605525831e-01 5.110405792610472897e-01 3.771443383604077271e-01 2.623124494638989779e-01 1.715242731346235672e-01
1.853958792191268801e+00 1.604102822809187368e+00 1.528480345749941405e+00 1.356690408483922416e+00 1.184108652168757159e+00 1.016787853090927118e+00 8.445483305985709288e-01 6.726774464063878245e-01 5.148701962904196350e-01 3.804992435290437403e-01 2.650027481949538410e-01 1.735860230785684633e-01
1.858767007764806412e+00 1.608501611359455241e+00 1.532796022840269501e+00 1.361262703801936480e+00 1.188756929830913300e+00 1.021558846918890318e+00 8.491132967388846930e-01 6.769909351395579922e-01 5.186824376146448312e-01 3.838549192417928801e-01 2.676888802779993637e-01 1.756552739808895369e-01
1.863525089833612203e+00 1.612899122428254062e+00 1.537086749368543614e+00 1.365813784468539849e+00 1.193376168458986530e+00 1.026311463477847408e+00 8.536536579146295489e-01 6.812942743642788068e-01 5.224814109807518481e-01 3.872096225789776192e-01 2.703723554195818779e-01 1.777311088780272330e-01
1.868252622841982014e+00 1.617294987804156481e+00 1.541361827712871557e+00 1.370335209389297759e+00 1.197975421122247974e+00 1.031036030591914843e+00 8.581790760249405903e-01 6.855780922734232563e-01 5.262746873164985129e-01 3.905547881221478890e-01 2.730579572812556477e-01 1.798083898800944547e-01
1.872957558908509679e+00 1.621688318856153277e+00 1.545622977196940973e+00 1.374818427050151781e+00 1.202555922889808171e+00 1.035727571008061121e+00 8.626903198546310714e-01 6.898390636873059645e-01 5.300621929389989218e-01 3.938893675896202318e-01 2.757460057475614734e-01 1.818862134667773578e-01
1.877610985824292644e+00 1.626077714584275524e+00 1.549870376362946667e+00 1.379265727976969336e+00 1.207116974530916043e+00 1.040386173667208869e+00 8.671879399007418332e-01 6.940769336167051939e-01 5.338442748408098737e-01 3.972133312976105501e-01 2.784364756055744961e-01 1.839645038607141680e-01
1.882242672839939068e+00 1.630463947493395072e+00 1.554104200661696966e+00 1.383677191664421713e+00 1.211659928118602014e+00 1.045013266373973737e+00 8.716720383843358233e-01 6.982925038564643527e-01 5.376209141403194280e-01 4.005267937847648563e-01 2.811293420955549571e-01 1.860431788608846171e-01
1.886848991860172076e+00 1.634847312499584371e+00 1.558324622521116476e+00 1.388051565796346365e+00 1.216183372710349264e+00 1.049609011043421303e+00 8.761426737907209716e-01 7.024850103577875426e-01 5.413919424371759215e-01 4.038298631375414338e-01 2.838245809046099910e-01 1.881221466678268395e-01
