0.01	21.457490009523493
0.02	35.58288671965539
0.03	42.48473833550455
0.04	46.02697395621362
0.05	47.70891519881519
0.06	48.33975792776066
0.07	48.31181784772909
0.08	47.85500134950389
0.09	47.14295352224935
0.1	46.28206129538128
0.11	45.35299230141715
0.12	44.310678507578885
0.13	43.24906275896255
0.14	42.18825160975971
0.15	41.09651155809764
0.16	40.046844784368155
0.17	38.98577263111687
0.18	37.940173817144995
0.19	36.9533265325018
0.2	35.89840462377302
0.21	34.92292303614666
0.22	33.96069578898513
0.23	32.961740620807035
0.24	32.03285363608185
0.25	31.142573302425138
0.26	30.161143019329955
0.27	29.24596829131289
0.28	28.39036221604163
0.29	27.5039103075891
0.3	26.574736719870145
0.31	25.705907890579727
0.32	24.891741844693406
0.33	24.094197941268952
0.34	23.23202034024549
0.35000000000000003	22.424370474582513
0.36	21.666385386585475
0.37	20.953755152024854
0.38	20.27829194103207
0.39	19.63394976908776
0.4	19.025630091285514
0.41000000000000003	18.450492080906294
0.42	17.905981064428875
0.43	17.389793730862365
0.44	16.90554236869237
0.45	16.44671279302086
0.46	16.010016045135092
0.47000000000000003	15.593937388299386
0.48	15.197095078645312
0.49	14.818226218519657
0.5	14.448147738223138
0.51	14.08185135877689
0.52	13.731687245551244
0.53	13.396654761226385
0.54	13.075832667070701
0.55	12.768371497455671
0.56	12.473486789479656
0.5700000000000001	12.18981840948429
0.58	11.898317961647772
0.59	11.618594652909406
0.6	11.349984935183198
0.61	11.091872877320354
0.62	10.84368603747799
0.63	10.604891752934211
0.64	10.374993799287092
0.65	10.15352937716076
0.66	9.930963397210766
0.67	9.710404499772357
0.68	9.497903909597413
0.6900000000000001	9.293055097348157
0.7000000000000001	9.095477537249847
0.71	8.904814702177472
0.72	8.720732238932708
0.73	8.542916305278009
0.74	8.371072052403152
0.75	8.204922238342137
0.76	8.034294638165067
0.77	7.868312718554896
0.78	7.707835826221886
0.79	7.5526142638870875
0.8	7.402412628400877
0.81	7.257008826720515
0.8200000000000001	7.1161931707613615
0.8300000000000001	6.97976754392871
0.84	6.847544632870884
0.85	6.719347218645047
0.86	6.595007522065969
0.87	6.468387464424567
0.88	6.343905301956526
0.89	6.223185089175075
0.9	6.106072760044687
0.91	5.992422175478527
0.92	5.882094634071272
0.93	5.774958417947722
0.9400000000000001	5.670888370861398
0.9500000000000001	5.569765505938887
0.96	5.471476640700769
0.97	5.37591405720163
0.98	5.282975185322657
0.99	5.192562307422397
1.	5.098898360032421
1.01	5.0078290246159
1.02	4.919259625989152
1.03	4.8330980273814905
1.04	4.749256337693578
1.05	4.667650677436021
1.06	4.588200959649879
1.07	4.510830684719612
1.08	4.435466748077441
1.09	4.362039259878823
1.1	4.290481375802095
1.11	4.220729138192332
1.12	4.1527213268306955
1.1300000000000001	4.086399318666238
1.1400000000000001	4.020376636248447
1.1500000000000001	3.9533671675523387
1.16	3.888040342396889
1.17	3.824339944065313
1.18	3.7622120927014255
1.19	3.701605129422071
1.2	3.642469507090808
1.21	3.5847576873182505
1.22	3.5284240432861784
1.23	3.473424768021615
1.24	3.4197177877738905
1.25	3.3672626801724306
1.26	3.316020596865624
1.27	3.2659541903622853
1.28	3.2170275448163914
1.29	3.1692061105137963
1.3	3.122456641836019
1.31	3.075378744770658
1.32	3.0279755377070123
1.33	2.981652533846165
1.34	2.936377271316135
1.35	2.8921184961007858
1.36	2.8488461085797105
1.37	2.8065311128057724
1.3800000000000001	2.7651455683613806
1.3900000000000001	2.7246625446448585
1.4000000000000001	2.685056077447802
1.41	2.646301127693264
1.42	2.608373542212807
1.43	2.5712500164481944
1.44	2.534908058970594
1.45	2.4993259577168785
1.46	2.464482747848733
1.47	2.430358181146148
1.48	2.3969326968521605
1.49	2.364187393890832
1.5	2.3317799762163935
1.51	2.2983170685701184
1.52	2.2655505301461747
1.53	2.233461429868052
1.54	2.2020314704355157
1.55	2.1712429631701236
1.56	2.14107880401337
1.57	2.1115224506177004
1.58	2.082557900473984
1.59	2.0541696700224406
1.6	2.0263427746968707
1.61	1.9990627098550366
1.62	1.972315432550601
1.6300000000000001	1.9460873441045752
1.6400000000000001	1.920365273436571
1.6500000000000001	1.89513646111834
1.6600000000000001	1.8703885441141546
1.67	1.8461095411745176
1.68	1.8222878388515436
1.69	1.7989121781060113
1.7	1.7759716414777569
1.71	1.7534556407925588
1.72	1.7313539053800984
1.73	1.7082410914114157
1.74	1.68550504258861
1.75	1.6631993067052742
1.76	1.6413133498426837
1.77	1.6198369537871105
1.78	1.5987602048540221
1.79	1.578073483167917
1.8	1.5577674523767602
1.81	1.5378330497811383
1.82	1.518261476859221
1.83	1.4990441901695846
1.84	1.4801728926148796
1.85	1.4616395250501417
1.86	1.4434362582203937
1.87	1.4255554850129277
1.8800000000000001	1.4079898130103743
1.8900000000000001	1.3907320573313706
1.9000000000000001	1.3737752337462543
1.9100000000000001	1.3571125520558531
1.92	1.3407374097219946
1.93	1.3246433857389184
1.94	1.3088242347352836
1.95	1.293273881296969
1.96	1.277986414501319
1.97	1.2629560826539195
1.98	1.2476862271073637
1.99	1.2321274419645185
2.	1.2168392134781625
2.0100000000000002	1.2018155191303859
2.02	1.1870504995055167
2.0300000000000002	1.172538453094167
2.04	1.1582738312873764
2.05	1.1442512335530006
2.06	1.130465402786871
2.07	1.116911220831577
2.08	1.1035837041560503
2.09	1.0904779996894536
2.1	1.0775893808031372
2.11	1.0649132434347468
2.12	1.052445102348799
2.13	1.0401805875283008
2.14	1.0281154406922344
2.15	1.0162455119339684
2.16	1.004566756475826
2.17	0.993075231535315
2.18	0.9817670932986609
2.19	0.9706385939975172
2.2	0.959686079084861
2.21	0.9489059845062982
2.22	0.9382948340631273
2.23	0.9278492368636888
2.24	0.9175658848596533
2.25	0.9074415504640697
2.2600000000000002	0.897473084248097
2.27	0.887518421802862
2.2800000000000002	0.8771800325746423
2.29	0.8670065289668909
2.3000000000000003	0.8569945783425366
2.31	0.847140929507347
2.32	0.837442410378402
2.33	0.8278959257289948
2.34	0.8184984550071506
2.35	0.8092470502250454
2.36	0.8001388339167431
2.37	0.7911709971617483
2.38	0.7823407976720008
2.39	0.7736455579400089
2.4	0.7650826634459271
2.41	0.7566495609214658
2.42	0.7483437566686013
2.43	0.7401628149311432
2.44	0.7321043563172841
2.45	0.7241660562713405
2.46	0.7163456435929507
2.47	0.7086408990020746
2.48	0.7010496537482018
2.49	0.6935697882622299
2.5	0.6861992308495437
2.5100000000000002	0.678935956422871
2.52	0.6717779852735647
2.5300000000000002	0.6647233818799816
2.54	0.6577702537517088
2.5500000000000003	0.6509167503084257
2.56	0.64416106179222
2.57	0.6375014182122425
2.58	0.6309360883206221
2.59	0.6244633786185866
2.6	0.6180816323917955
2.61	0.6115299245258251
2.62	0.6049034945784318
2.63	0.5983737022593292
2.64	0.5919387787911035
2.65	0.5855969943001372
2.66	0.5793466568183887
2.67	0.573186111314421
2.68	0.5671137387527041
2.69	0.5611279551802798
2.7	0.5552272108398787
2.71	0.5494099893086404
2.72	0.5436748066616018
2.73	0.538020210659154
2.74	0.5324447799576981
2.75	0.5269471233427508
2.7600000000000002	0.5215258789837927
2.77	0.516179713710154
2.7800000000000002	0.5109073223072788
2.79	0.5057074268327238
2.8000000000000003	0.5005787759512641
2.81	0.4955201442885149
2.82	0.49053033180247657
2.83	0.48560816317246364
2.84	0.48075248720485975
2.85	0.47596217625518467
2.86	0.4712361256659773
2.87	0.4665732532199954
2.88	0.4619724986082741
2.89	0.45743282291258164
2.9	0.45295320810184175
2.91	0.44853265654209246
2.92	0.4441701905195778
2.93	0.4398648517765734
2.94	0.4356157010595648
2.95	0.4314218176794116
2.96	0.42728229908313803
2.97	0.42319626043700054
2.98	0.41916283422050976
2.99	0.4151747809412447
3.	0.41097833770345027
3.0100000000000002	0.4068380645399093
3.02	0.4027530267229398
3.0300000000000002	0.3987223081030028
3.04	0.3947450106797561
3.0500000000000003	0.3908202541843847
3.06	0.3869471756728693
3.0700000000000003	0.38312492912987467
3.08	0.37935268508295006
3.09	0.37562963022673285
3.1	0.3719549670568754
3.11	0.36832791351340344
3.12	0.36474770263323975
3.13	0.36121358221162775
3.14	0.3577248144721944
3.15	0.35428067574541733
3.16	0.35088045615524205
3.17	0.347523459313629
3.18	0.34420900202279764
3.19	0.34093641398495605
3.2	0.33770503751930103
3.21	0.33451422728608743
3.22	0.3313633500175673
3.23	0.32825178425560564
3.24	0.3251789200957912
3.25	0.3221441589378589
3.2600000000000002	0.3191469132422483
3.27	0.31618660629263434
3.2800000000000002	0.3132626719642601
3.29	0.31037455449791623
3.3000000000000003	0.30752170827941083
3.31	0.3047035976243836
3.3200000000000003	0.3019196965683126
3.33	0.2991694886615819
3.34	0.2964524667694663
3.35	0.2937681328769029
3.36	0.29111599789792264
3.37	0.28849558148961635
3.38	0.28590641187051274
3.39	0.2833480256432525
3.4	0.280819967621447
3.41	0.27832179066060286
3.42	0.2758530554930179
3.43	0.2734133305665292
3.44	0.27088521606156213
3.45	0.26834478246886945
3.46	0.2658354235458352
3.47	0.26335667101589577
3.48	0.2609080649801896
3.49	0.2584891537441754
3.5	0.2560994936483247
3.5100000000000002	0.2537386489027774
3.52	0.2514061914258585
3.5300000000000002	0.24910170068635595
3.54	0.24682476354945937
3.5500000000000003	0.2445749741262678
3.56	0.24235193362677124
3.5700000000000003	0.2401552502162172
3.58	0.23798453887477622
3.59	0.23583942126041865
3.6	0.23371952557492556
3.61	0.23162448643294845
3.62	0.2295539447340427
3.63	0.22750754753760005
3.64	0.22548494794060472
3.65	0.2234858049581423
3.66	0.2215097834065935
3.67	0.2195565537894445
3.68	0.2176257921856473
3.69	0.21571718014046756
3.7	0.21383040455875796
3.71	0.21196515760059642
3.72	0.21012113657923076
3.73	0.20829804386127254
3.74	0.2064955867690852
3.75	0.20471347748531152
3.7600000000000002	0.20295143295948917
3.77	0.2012091748167031
3.7800000000000002	0.1994864292682239
3.79	0.19778292702408484
3.8000000000000003	0.1960984032075512
3.81	0.19443259727143444
3.8200000000000003	0.19278525291620718
3.83	0.19115611800987786
3.84	0.18954494450957865
3.85	0.18795148838482983
3.86	0.186375509542437
3.87	0.1848167717529856
3.88	0.18327504257889177
3.89	0.18175009330397454
3.9	0.18024169886451305
3.91	0.17874963778175285
3.92	0.1772736920958288
3.93	0.17581364730106977
3.94	0.17436929228265363
3.95	0.17285970505478127
3.96	0.171355285703324
3.97	0.16986770435578932
3.98	0.16839673085145895
3.99	0.16694213874291225
4.	0.16550370522701224
4.01	0.16408121107734347
4.0200000000000005	0.16267444057806588
4.03	0.16128318145915266
4.04	0.15990722483298028
4.05	0.15854636513223844
4.0600000000000005	0.15720040004912872
4.07	0.15586913047582404
4.08	0.1545523604461573
4.09	0.1532498970785136
4.1	0.15196155051989488
4.11	0.15068713389113458
4.12	0.1494264632332315
4.13	0.14817935745477986
4.14	0.146945638280471
4.15	0.14572513020064
4.16	0.1445176604218362
4.17	0.14332305881839244
4.18	0.14214115788497136
4.19	0.1409717926900676
4.2	0.1398148008304421
4.21	0.13867002238646994
4.22	0.13753729987838098
4.23	0.13641647822337127
4.24	0.1353074046935687
4.25	0.1342099288748325
4.26	0.13312390262636783
4.2700000000000005	0.1320491800411382
4.28	0.13098561740705852
4.29	0.12993307316894953
4.3	0.12889140789123985
4.3100000000000005	0.12786048422139656
4.32	0.12684016685407104
4.33	0.12583032249594178
4.34	0.12483081983124078
4.3500000000000005	0.12384152948794912
4.36	0.12286232400464475
4.37	0.1218930777979914
4.38	0.12093366713085352
4.39	0.11998397008102214
4.4	0.11904386651054244
4.41	0.11811323803562608
4.42	0.1171919679971383
4.43	0.11627994143164752
4.44	0.11537704504302304
4.45	0.11448316717457349
4.46	0.11359819778170985
4.47	0.11272202840512564
4.48	0.11185455214448163
4.49	0.1109956636325847
4.5	0.11014525901005101
4.51	0.1093032359004425
4.5200000000000005	0.1084694933858678
4.53	0.10761841528764686
4.54	0.10674860623266487
4.55	0.10588771790351811
4.5600000000000005	0.10503563950422462
4.57	0.1041922618536229
4.58	0.10335747735837232
4.59	0.1025311799864617
4.6000000000000005	0.1017132652412183
4.61	0.10090363013580263
4.62	0.10010217316818194
4.63	0.09930879429657243
4.64	0.09852339491533747
4.65	0.09774587783133702
4.66	0.09697614724071374
4.67	0.09621410870611129
4.68	0.09545966913431315
4.69	0.09471273675429406
4.7	0.09397322109567602
4.71	0.09324103296757942
4.72	0.09251608443786351
4.73	0.09179828881274502
4.74	0.09108756061679016
4.75	0.09038381557327081
4.76	0.08968697058487769
4.7700000000000005	0.08899694371478405
4.78	0.08831365416805176
4.79	0.08763702227337378
4.8	0.08696696946514566
4.8100000000000005	0.08630341826585963
4.82	0.08564629226881532
4.83	0.0849955161211395
4.84	0.08435101550711051
4.8500000000000005	0.08371271713177934
4.86	0.08308054870488324
4.87	0.08245443892504467
4.88	0.08183431746425106
4.89	0.08122011495260885
4.9	0.08061176296336708
4.91	0.08000919399820502
4.92	0.07941234147277888
4.93	0.07882113970252141
4.94	0.07823552388869197
4.95	0.07765543010466876
4.96	0.07708079528248138
4.97	0.07651155719957813
4.98	0.07594765446582206
4.99	0.0753890265107145
5.	0.07483561357083797
5.01	0.0742873566775172
5.0200000000000005	0.07374419764469277
5.03	0.07320607905700291
5.04	0.07267294425807085
5.05	0.07214473733899222
5.0600000000000005	0.07162140312701984
5.07	0.07110288717444149
5.08	0.07058913574764755
5.09	0.07008009581638434
5.1000000000000005	0.06957571504318959
5.11	0.06907594177300767
5.12	0.06858072502297984
5.13	0.06809001447240658
5.14	0.06760376045288001
5.15	0.06712191393858095
5.16	0.06664442653673978
5.17	0.06617125047825621
5.18	0.06570233860847666
5.19	0.06523764437812482
5.2	0.06476459062071577
5.21	0.06427997724106019
5.22	0.06379990893592437
5.23	0.06332433449321005
5.24	0.06285320337421954
5.25	0.0623864657035388
5.26	0.061924072259091585
5.2700000000000005	0.06146597446236064
5.28	0.06101212436877416
5.29	0.06056247465825313
5.3	0.06011697862591743
5.3100000000000005	0.05967559017294754
5.32	0.05923826379759846
5.33	0.058804954586363874
5.34	0.05837561820528713
5.3500000000000005	0.057950210891416415
5.36	0.057528689444401836
5.37	0.05711101121823137
5.38	0.05669713411310324
5.39	0.05628701656743236
5.4	0.05588061754998852
5.41	0.0554778965521632
5.42	0.05507881358036362
5.43	0.05468332914853107
5.44	0.05429140427078136
5.45	0.05390300045416539
5.46	0.0535180796915475
5.47	0.05313660445459955
5.48	0.05275853768690844
5.49	0.052383842797195386
5.5	0.05201248365264464
5.51	0.051644424572339725
5.5200000000000005	0.05127963032080556
5.53	0.050918066101654225
5.54	0.05055969755133238
5.55	0.05020449073296936
5.5600000000000005	0.049852412130323
5.57	0.04950342864182264
5.58	0.04915750757470636
5.59	0.048814616639251934
5.6000000000000005	0.04847472394309906
5.61	0.04813779798566161
5.62	0.04780380765262814
5.63	0.04747272221054936
5.64	0.047144511301510844
5.65	0.04681914493788932
5.66	0.0464965934971917
5.67	0.046176827716974476
5.68	0.045859818689843096
5.69	0.04554553785852907
5.7	0.045233957011044316
5.71	0.04492504827590993
5.72	0.04461878411746046
5.73	0.04431513733121973
5.74	0.04401408103934935
5.75	0.04371558868616635
5.76	0.04341963403373142
5.7700000000000005	0.04312619115750364
5.78	0.04283523444206319
5.79	0.042546738576899036
5.8	0.04226067855226136
5.8100000000000005	0.041977029655077505
5.82	0.04169576746493005
5.83	0.04141686785009661
5.84	0.04114030696364949
5.8500000000000005	0.0408660612396146
5.86	0.040594107389189095
5.87	0.04032442239701575
5.88	0.040056983517513814
5.89	0.03979176827126547
5.9	0.03952875444145622
5.91	0.03926792007036948
5.92	0.039009243455933054
5.93	0.038752703148318066
5.94	0.03849827794658809
5.95	0.03824594689539902
5.96	0.03799568928174769
5.97	0.037740582785246723
5.98	0.03747969998564473
5.99	0.037221051929813107
6.	0.03696461579176712
6.01	0.036710369016163424
6.0200000000000005	0.036458289314647965
6.03	0.03620835466225946
6.04	0.03596054329388671
6.05	0.035714833700779734
6.0600000000000005	0.03547120462711312
6.07	0.035229635066601164
6.08	0.034990104259163886
6.09	0.03475259168764262
6.1000000000000005	0.034517077074565174
6.11	0.034283540378958886
6.12	0.034051961793211426
6.13	0.03382232173997826
6.140000000000001	0.03359460086913577
6.15	0.03336878005478032
6.16	0.033144840392270676
6.17	0.032922763195315057
6.18	0.03270252999310087
6.19	0.032484122527466394
6.2	0.032267522750114845
6.21	0.03205271281986856
6.22	0.03183967509996394
6.23	0.03162839215538587
6.24	0.031418846750240974
6.25	0.031211021845169516
6.26	0.031004900594794618
6.2700000000000005	0.030800466345208933
6.28	0.03059770263149766
6.29	0.03039659317529734
6.3	0.030197121882390453
6.3100000000000005	0.0299992728403342
6.32	0.029803030316123996
6.33	0.029608378753890344
6.34	0.02941530277262899
6.3500000000000005	0.029223787163963594
6.36	0.02903381688994056
6.37	0.028845377080855435
6.38	0.028658453033110324
6.390000000000001	0.02847303020710197
6.4	0.028289094225139824
6.41	0.02810663086939406
6.42	0.027925626079872097
6.43	0.027746065952424646
6.44	0.027567936736779347
6.45	0.0273912248346026
6.46	0.027215916797588485
6.47	0.027041999325574908
6.48	0.02686945926468604
6.49	0.02669828360550103
6.5	0.026528459481248275
6.51	0.026359974166025098
6.5200000000000005	0.026192815073042296
6.53	0.026026969752893217
6.54	0.02586242589184703
6.55	0.02569917131016559
6.5600000000000005	0.025537193960443978
6.57	0.025376481925973905
6.58	0.025217023419129722
6.59	0.025058806779777138
6.6000000000000005	0.02490182047370341
6.61	0.02474605309106977
6.62	0.024591493344884547
6.63	0.024438130069497962
6.640000000000001	0.02428595221911718
6.65	0.024134948866341648
6.66	0.023985109200718946
6.67	0.02383642252732005
6.68	0.023688878265333987
6.69	0.023542465946682
6.7	0.02339717521465025
6.71	0.02325299582254134
6.72	0.02310991763234385
6.73	0.022967930613420427
6.74	0.02282702484121296
6.75	0.02268719049596586
6.76	0.0225484178614662
6.7700000000000005	0.02241069732380093
6.78	0.022274019370130998
6.79	0.022138374587481528
6.8	0.022003753661548667
6.8100000000000005	0.021870147375522203
6.82	0.021737546608923866
6.83	0.021605942336461372
6.84	0.021475325626897523
6.8500000000000005	0.021344983723923006
6.86	0.021208097738245973
6.87	0.021072287088821508
6.88	0.020937541781257986
6.890000000000001	0.02080385192838892
6.9	0.020671207748969155
6.91	0.020539599566389056
6.92	0.020409017807405647
6.93	0.02027945300089152
6.94	0.02015089577660019
6.95	0.02002333686394842
6.96	0.01989676709081477
6.97	0.01977117738235457
6.98	0.01964655875983055
6.99	0.01952290233945931
7.	0.01940019933127336
7.01	0.01927844103799821
7.0200000000000005	0.019157618853944583
7.03	0.019037724263915423
7.04	0.018918748842127388
7.05	0.018800684251146862
7.0600000000000005	0.018683522240839925
7.07	0.01856725464733645
7.08	0.018451873392007843
7.09	0.01833737048045819
7.1000000000000005	0.01822373800152909
7.11	0.01811096812631722
7.12	0.017999053107205183
7.13	0.017887985276904907
7.140000000000001	0.017777757047513724
7.15	0.017668360909582792
7.16	0.017559789431197837
7.17	0.01745203525707169
7.18	0.017345091107649004
7.19	0.017238949778222403
7.2	0.01713360413806033
7.21	0.01702904712954611
7.22	0.016925271767328335
7.23	0.01682227113748216
7.24	0.016720038396681604
7.25	0.016618566771382452
7.26	0.016517849557015754
7.2700000000000005	0.01641788011719187
7.28	0.01631865188291451
7.29	0.01622015835180513
7.3	0.016122393087337268
7.3100000000000005	0.016025349718080617
7.32	0.015929021936954835
7.33	0.01583340350049297
7.34	0.01573848822811421
7.3500000000000005	0.015644270001406026
7.36	0.015550742763415358
7.37	0.015457900517948984
7.38	0.015365737328882603
7.390000000000001	0.015274247319478785
7.4	0.01518342467171372
7.41	0.015093263625612178
7.42	0.015003758478591178
7.43	0.014914903584811795
7.44	0.014826693354539183
7.45	0.014739122253510666
7.46	0.014652184802311811
7.47	0.01456587557576029
7.48	0.014480189202297464
7.49	0.01439512036338776
7.5	0.014310663792925265
7.51	0.01422681427664803
7.5200000000000005	0.014143566651559523
7.53	0.014060915805357328
7.54	0.013978856675869043
7.55	0.013897384250494981
7.5600000000000005	0.013816493565658105
7.57	0.013736179706260487
7.58	0.013656437805146629
7.59	0.013577263042573519
7.6000000000000005	0.013498650645686987
7.61	0.013420595888004776
7.62	0.013343094088905896
7.63	0.013266140613126086
7.640000000000001	0.013189730870259826
7.65	0.013113860314268127
7.66	0.013038524442992553
7.67	0.012963718797675092
7.68	0.012889438962484024
7.69	0.012815680564045378
7.7	0.012742439270980307
7.71	0.012669710793447928
7.72	0.012597490882693897
7.73	0.01252577533060426
7.74	0.012454559969264933
7.75	0.012383840670526322
7.76	0.012313613345573403
7.7700000000000005	0.01224387394450076
7.78	0.012174618455893025
7.79	0.01210584290641017
7.8	0.012037543360377838
7.8100000000000005	0.011969715919382696
7.82	0.011902356721872518
7.83	0.011835461942761112
7.84	0.011769027793037998
7.8500000000000005	0.011703050519382809
7.86	0.011637526403784073
7.87	0.011569762974461205
7.88	0.01150078873984119
7.890000000000001	0.011432312396036648
7.9	0.011364329724797869
7.91	0.0112968365488883
7.92	0.011229828731634755
7.930000000000001	0.011163302176482943
7.94	0.011097252826558377
7.95	0.011031676664232878
7.96	0.010966569710696036
7.97	0.010901928025532115
7.98	0.010837747706302027
7.99	0.0107740248881303
8.	0.010710755743297176
8.01	0.010647936480835502
8.02	0.010585563346132636
8.03	0.010523632620537012
8.040000000000001	0.010462140620969573
8.05	0.010401083699539775
8.06	0.010340458243166265
8.07	0.010280260673202117
8.08	0.010220487445064506
8.09	0.010161135047868874
8.1	0.010102200004067474
8.11	0.010043678869092125
8.120000000000001	0.009985568231001407
8.13	0.009927864710131892
8.14	0.009870564958753637
8.15	0.009813665660729684
8.16	0.00975716353117971
8.17	0.009701055316147553
8.18	0.009645337792272737
8.19	0.0095900077664659
8.2	0.009535062075587972
8.21	0.009480497586133263
8.22	0.009426311193916117
8.23	0.009372499823761489
8.24	0.009319060429198882
8.25	0.009265989992160101
8.26	0.009213285522680479
8.27	0.009160944058603534
8.28	0.009108962665289174
8.290000000000001	0.00905733843532531
8.3	0.009006068488242744
8.31	0.008955149970233476
8.32	0.008904580053872227
8.33	0.00885435593784129
8.34	0.008804474846658432
8.35	0.008754934030408092
8.36	0.008705730764475613
8.370000000000001	0.008656862349284597
8.38	0.008608326110037244
8.39	0.008560119396457762
8.4	0.008512239582538631
8.41	0.008464684066289923
8.42	0.008417450269491351
8.43	0.008370535637447354
8.44	0.008323937638744802
8.45	0.008277653765013611
8.46	0.008231681530690036
8.47	0.008186018472782726
8.48	0.00814066215064135
8.49	0.008095610145728002
8.5	0.008050860061391113
8.51	0.008006409522641925
8.52	0.007962256175933605
8.53	0.007918397688942756
8.540000000000001	0.007874831750353493
8.55	0.007831556069643912
8.56	0.007788568376875007
8.57	0.007745866422481928
8.58	0.007703447977067675
8.59	0.007661310831199034
8.6	0.00761945279520486
8.61	0.007577871698976621
8.620000000000001	0.007536565391771198
8.63	0.007495531742015833
8.64	0.0074547686371153905
8.65	0.007414273983261607
8.66	0.007374045705244648
8.67	0.007334081746266658
8.68	0.007294380067757421
8.69	0.007254938649192082
8.700000000000001	0.007215755487910891
8.71	0.007176828598940992
8.72	0.007138156014820095
8.73	0.007099735785422216
8.74	0.007061565977785287
8.75	0.007023644675940676
8.76	0.006985969980744607
8.77	0.006948540009711446
8.78	0.006911352896848821
8.790000000000001	0.0068744067924945505
8.8	0.0068376998631553545
8.81	0.006801230291347408
8.82	0.006764996275438562
8.83	0.006728996029492318
8.84	0.006693227783113566
8.85	0.006657689781295962
8.86	0.006622380284270927
8.870000000000001	0.006587297567358418
8.88	0.006552439920819257
8.89	0.006517805649709029
8.9	0.006483393073733633
8.91	0.006449200527106417
8.92	0.00641522635840677
8.93	0.006381468930440383
8.94	0.006347926620100883
8.950000000000001	0.006314597818233095
8.96	0.006281480929497674
8.97	0.006248574372237276
8.98	0.006215876578344148
8.99	0.006183385993129094
9.	0.006151101075191964
9.01	0.006119020296293421
9.02	0.006087142141228154
9.03	0.0060552023783023
9.040000000000001	0.006021267343640376
9.05	0.005987559693459463
9.06	0.00595407765541786
9.07	0.005920819472922798
9.08	0.005887783404973383
9.09	0.005854967726005182
9.1	0.005822370725736626
9.11	0.005789990709017017
9.120000000000001	0.005757825995676331
9.13	0.005725874920376534
9.14	0.005694135832464613
9.15	0.005662607095827264
9.16	0.005631287088747038
9.17	0.005600174203760204
9.18	0.005569266847516123
9.19	0.005538563440638096
9.200000000000001	0.005508062417585837
9.21	0.0054777622265193655
9.22	0.0054476613291644625
9.23	0.0054177582006794825
9.24	0.0053880513295237195
9.25	0.005358539217327158
9.26	0.005329220378761637
9.27	0.0053000933414134145
9.28	0.005271156645657125
9.290000000000001	0.005242408844531085
9.3	0.005213848503613961
9.31	0.005185474200902745
9.32	0.005157284526692104
9.33	0.005129278083454936
9.34	0.005101453485724301
9.35	0.005073809359976595
9.36	0.005046344344515933
9.370000000000001	0.005019057089359843
9.38	0.004991946256126141
9.39	0.0049650105179210435
9.4	0.004938248559228436
9.41	0.004911659075800361
9.42	0.004885240774548699
9.43	0.004858992373437919
9.44	0.00483291260137906
9.450000000000001	0.004807000198124786
9.46	0.004781253914165598
9.47	0.004755672510627091
9.48	0.00473025475916837
9.49	0.004704999441881488
9.5	0.004679905351191963
9.51	0.004654971289760372
9.52	0.004630196070384952
9.53	0.004605578515905236
9.540000000000001	0.004581117459106723
9.55	0.0045568117426265245
9.56	0.004532660218860042
9.57	0.004508661749868568
9.58	0.004484815207287913
9.59	0.004461119472237972
9.6	0.004437573435233203
9.61	0.004414175996094112
9.620000000000001	0.004390926063859585
9.63	0.00436782255670023
9.64	0.004344864401832499
9.65	0.0043220505354338275
9.66	0.004299379902558586
9.67	0.004276851457054916
9.68	0.004254464161482444
9.69	0.004232216987030859
9.700000000000001	0.004210108913439275
9.71	0.0041881389289165245
9.72	0.004166306030062178
9.73	0.004144609221788468
9.74	0.00412304751724294
9.75	0.0041016199377319545
9.76	0.004080325512644968
9.77	0.004059163279379575
9.78	0.004038132283267324
9.790000000000001	0.004017231577500328
9.8	0.003996460223058588
9.81	0.003975817288638071
9.82	0.0039553018505795595
9.83	0.003934912992798163
9.84	0.003914649806713602
9.85	0.0038945113911812075
9.86	0.0038744968524235895
9.870000000000001	0.003854605303963
9.88	0.0038348358665544436
9.89	0.003815187668119383
9.9	0.003795659843680208
9.91	0.003776251535295278
9.92	0.003756961891994706
9.93	0.003737790069716734
9.94	0.003718735231244782
9.950000000000001	0.0036997965461451174
9.96	0.0036809731907051714
9.97	0.0036622643478724723
9.98	0.0036436692071941702
9.99	0.0036251869647572015
10.	0.0036068168231290507
10.01	0.003588557991299083
10.02	0.003570409684620501
10.03	0.0035523711247528516
10.040000000000001	0.0035344415396051316
10.05	0.0035166201632794505
10.06	0.003498906236015254
10.07	0.0034812990041341286
10.08	0.0034637977199851134
10.09	0.0034464016418905997
10.1	0.0034291100340927486
10.11	0.003411922166700441
10.120000000000001	0.0033948373156367667
10.13	0.0033778547625870096
10.14	0.0033609737949471894
10.15	0.0033441937057730737
10.16	0.003327513793729715
10.17	0.003310933363041486
10.18	0.0032944517234426013
10.19	0.0032780681901281284
10.200000000000001	0.0032617820837054948
10.21	0.0032455927301464657
10.22	0.003229499460739561
10.23	0.0032135016120430075
10.24	0.0031975985258381025
10.25	0.003181789549083036
10.26	0.0031660740338671986
10.27	0.0031504513373659133
10.28	0.003134920821795589
10.290000000000001	0.0031194818543693725
10.3	0.00310413380725317
10.31	0.0030888760575221454
10.32	0.0030737079871176083
10.33	0.003058628982804336
10.34	0.0030436384361283335
10.35	0.0030287357433749396
10.36	0.003013920305527426
10.370000000000001	0.00299876132179462
10.38	0.0029828598311908467
10.39	0.0029670578515759854
10.4	0.002951354665335284
10.41	0.002935749560711909
10.42	0.0029202418317535433
10.43	0.0029048307782595572
10.44	0.002889515705728697
10.450000000000001	0.0028742959253072794
10.46	0.002859170753737941
10.47	0.0028441395133088705
10.48	0.0028292015318035707
10.49	0.002814356142451106
10.5	0.0027996026838768536
10.51	0.002784940500053771
10.52	0.002770368940254089
10.53	0.0027558873590015575
10.540000000000001	0.002741495116024114
10.55	0.0027271915762070455
10.56	0.0027129761095466202
10.57	0.0026988480911041574
10.58	0.0026848069009605827
10.59	0.002670851924171403
10.6	0.0026569825507221537
10.61	0.002643198175484274
10.620000000000001	0.0026294981981714073
10.63	0.0026158820232961627
10.64	0.0026023490601272685
10.65	0.0025888987226471752
10.66	0.0025755304295100694
10.67	0.002562243604000276
10.68	0.0025490376739911104
10.69	0.0025359120719041085
10.700000000000001	0.0025228662346686507
10.71	0.002509899603682014
10.72	0.002497011624769771
10.73	0.002484201748146616
10.74	0.002471469428377541
10.75	0.002458814124339433
10.76	0.0024462352991829863
10.77	0.0024337324202950415
10.78	0.002421304959261265
10.790000000000001	0.002408952391829189
10.8	0.002396674197871618
10.81	0.002384469861350401
10.82	0.002372338870280528
10.83	0.0023602807166945923
10.84	0.002348294896607607
10.85	0.002336380909982134
10.86	0.0023245382606937736
10.870000000000001	0.0023127664564969726
10.88	0.0023010650089911825
10.89	0.0022894334335873115
10.9	0.002277871249474526
10.91	0.002266377979587364
10.92	0.002254953150573167
10.93	0.0022435962927598125
10.94	0.00223230694012377
10.950000000000001	0.0022210846302584586
10.96	0.002209928904342908
10.97	0.002198839307110712
10.98	0.00218781538681929
10.99	0.002176856695219443
11.	0.0021659627875251744
11.01	0.002155133222383842
11.02	0.002144367561846562
11.03	0.0021336653713388875
11.040000000000001	0.0021230262196318033
11.05	0.002112449678812969
11.06	0.00210193532425823
11.07	0.0020914827346034154
11.08	0.002081091491716397
11.09	0.0020707611806694112
11.1	0.0020604913897116495
11.11	0.002050281710242082
11.120000000000001	0.0020401317367825843
11.13	0.0020300410669512707
11.14	0.0020200093014361036
11.15	0.0020100360439687503
11.16	0.002000120901298684
11.17	0.0019902634831675168
11.18	0.0019804634022835828
11.19	0.001970720274296772
11.200000000000001	0.001961033717773575
11.21	0.001951403354172378
11.22	0.001941828807818985
11.23	0.0019323097058823713
11.24	0.0019228456783506507
11.25	0.0019134363580072889
11.26	0.0019040813804075227
11.27	0.001894780383854997
11.28	0.00188553300937863
11.290000000000001	0.0018763389007096843
11.3	0.001867197704259063
11.31	0.0018581090690947997
11.32	0.001849072646919767
11.33	0.0018400880920495964
11.34	0.00183115506139079
11.35	0.0018222732144190397
11.36	0.0018134422131577607
11.370000000000001	0.0018046617221567978
11.38	0.0017959314084713372
11.39	0.0017872509416410347
11.4	0.0017786199936693015
11.41	0.001770038239002803
11.42	0.0017615053545111316
11.43	0.001753021019466693
11.44	0.0017445849155247378
11.450000000000001	0.0017361967267036046
11.46	0.0017278561393651419
11.47	0.001719562842195293
11.48	0.0017113165261848748
11.49	0.001703116884610522
11.5	0.0016949636130158179
11.51	0.0016868564091925761
11.52	0.0016787949731623124
11.53	0.0016707790071578822
11.540000000000001	0.0016628082156052708
11.55	0.0016548823051055668
11.56	0.0016470009844170906
11.57	0.001639163964437681
11.58	0.001631370958187154
11.59	0.0016236216807899101
11.6	0.0016159158494577063
11.61	0.001608253183472573
11.620000000000001	0.0016006334041699004
11.63	0.0015930562349216666
11.64	0.0015855214011198178
11.65	0.0015780286301598037
11.66	0.0015705776514242542
11.67	0.001563168196266813
11.68	0.0015557999979961027
11.69	0.0015484727918598415
11.700000000000001	0.0015411863150291126
11.71	0.0015339403065827493
11.72	0.0015267345074918795
11.73	0.0015195686606046142
11.74	0.0015124425106308452
11.75	0.0015053558041272115
11.76	0.0014983082894821692
11.77	0.0014912997169012252
11.78	0.0014843298383922729
11.790000000000001	0.0014773984077510768
11.8	0.0014705051805468923
11.81	0.0014636499141081822
11.82	0.0014568323675085
11.83	0.0014500523015524643
11.84	0.001443309478761884
11.85	0.0014366036633619871
11.86	0.001429934621267778
11.870000000000001	0.0014233021200705253
11.88	0.0014167059290243504
11.89	0.0014101458190329452
11.9	0.001403621562636417
11.91	0.001396666276535648
11.92	0.0013895999823021843
11.93	0.0013825753199895412
11.94	0.0013755920097292987
11.950000000000001	0.0013686497737665708
11.96	0.001361748336442296
11.97	0.0013548874241756873
11.98	0.0013480667654468485
11.99	0.001341286090779541
12.	0.0013345451327241224
12.01	0.0013278436258406313
12.02	0.0013211813066820266
12.030000000000001	0.001314557913777587
12.040000000000001	0.0013079731876164638
12.05	0.001301426870631371
12.06	0.001294918707182439
12.07	0.0012884484435412079
12.08	0.0012820158278747697
12.09	0.0012756206102300523
12.1	0.0012692625425182525
12.11	0.0012629413784993999
12.120000000000001	0.0012566568737670757
12.13	0.0012504087857332547
12.14	0.0012441968736133016
12.15	0.0012380208984110852
12.16	0.0012318806229042448
12.17	0.0012257758116295744
12.18	0.0012197062308685546
12.19	0.0012136716486330044
12.200000000000001	0.0012076718346508604
12.21	0.0012017065603520992
12.22	0.0011957755988547705
12.23	0.0011898787249511654
12.24	0.001184015715094103
12.25	0.0011781863473833546
12.26	0.0011723904015521621
12.27	0.001166627658953911
12.280000000000001	0.0011608979025489006
12.290000000000001	0.0011552009168912343
12.3	0.0011495364881158369
12.31	0.0011439044039255875
12.32	0.0011383044535785522
12.33	0.0011327364278753533
12.34	0.0011272001191466319
12.35	0.0011216953212406346
12.36	0.0011162218295109076
12.370000000000001	0.0011107794408040915
12.38	0.0011053679534478477
12.39	0.0010999871672388638
12.4	0.0010946368834309859
12.41	0.001089316904723445
12.42	0.0010840270352491985
12.43	0.0010787670805633641
12.44	0.0010735368476317648
12.450000000000001	0.0010683361448195672
12.46	0.0010631647818800302
12.47	0.001058022569943339
12.48	0.0010529093215055586
12.49	0.001047824850417662
12.5	0.0010427689718746711
12.51	0.0010377415024048818
12.52	0.0010327422598592013
12.530000000000001	0.0010277710634005563
12.540000000000001	0.0010228277334934114
12.55	0.0010179120918933737
12.56	0.0010130239616368889
12.57	0.0010081631670310243
12.58	0.0010033295336433503
12.59	0.0009985228882919027
12.6	0.0009937430590352327
12.61	0.0009889898751625499
12.620000000000001	0.0009842631671839438
12.63	0.0009795627668207005
12.64	0.0009748885069956901
12.65	0.0009702402218238524
12.66	0.0009656177466027563
12.67	0.0009610209178032405
12.68	0.0009564495730601413
12.69	0.0009519035511631039
12.700000000000001	0.0009473826920474588
12.71	0.0009428868367851898
12.72	0.0009384158275759789
12.73	0.0009339695077383253
12.74	0.00092954772170074
12.75	0.0009251503149930253
12.76	0.0009207771342376171
12.77	0.0009164280271410137
12.780000000000001	0.0009121028424852683
12.790000000000001	0.000907801430119563
12.8	0.0009035236409518507
12.81	0.000899269326940571
12.82	0.0008950383410864372
12.83	0.0008908305374242865
12.84	0.0008866457710150212
12.85	0.0008824838979375859
12.86	0.0008783447752810529
12.870000000000001	0.0008742282611367358
12.88	0.0008701342145904007
12.89	0.0008660624957145311
12.9	0.0008620129655606553
12.91	0.0008579854861517535
12.92	0.0008539799204747156
12.93	0.0008499961324728655
12.94	0.0008460339870385559
12.950000000000001	0.0008420933500058252
12.96	0.0008381740881431083
12.97	0.0008342760691460176
12.98	0.0008303991616301807
12.99	0.0008265432351241454
13.	0.0008227081600623348
13.01	0.0008188938077780731
13.02	0.0008151000504966572
13.030000000000001	0.0008113267613285049
13.040000000000001	0.0008075738142623415
13.05	0.0008038410841584573
13.06	0.0008001284467420213
13.07	0.0007964357785964392
13.08	0.0007927629571567846
13.09	0.00078910986070327
13.1	0.0007854763683547883
13.11	0.0007818623600624893
13.120000000000001	0.00077826771660343
13.13	0.0007746923195742661
13.14	0.0007711360513849941
13.15	0.0007675987952527609
13.16	0.0007640804351957087
13.17	0.0007605808560268805
13.18	0.000757099943348172
13.19	0.0007536375835443405
13.200000000000001	0.0007501936637770555
13.21	0.000746768071979007
13.22	0.0007433606968480536
13.23	0.0007399714278414315
13.24	0.0007366001551700006
13.25	0.0007332467697925416
13.26	0.000729911163410107
13.27	0.0007265932284604088
13.280000000000001	0.0007232928581122624
13.290000000000001	0.0007200099462600657
13.3	0.0007167443875183366
13.31	0.000713496077216285
13.32	0.0007102649113924355
13.33	0.0007070507867892966
13.34	0.0007038536008480615
13.35	0.0007006732517033715
13.36	0.0006975096381781065
13.370000000000001	0.0006943626597782288
13.38	0.0006912322166876603
13.39	0.0006881182097632115
13.4	0.0006850205405295457
13.41	0.0006819391111741857
13.42	0.0006788738245425626
13.43	0.0006758245841331068
13.44	0.0006727912940923752
13.450000000000001	0.0006697738592102208
13.46	0.0006667721849150017
13.47	0.00066378617726883
13.48	0.0006608157429628575
13.49	0.0006578607893126009
13.5	0.0006549212242533098
13.51	0.0006519969563353592
13.52	0.0006490878947196978
13.530000000000001	0.000646193949173317
13.540000000000001	0.0006433150300647693
13.55	0.0006404510483597128
13.56	0.0006376019156165011
13.57	0.0006347675439818024
13.58	0.0006319478461862549
13.59	0.0006291427355401624
13.6	0.0006263521259292212
13.61	0.000623575931810279
13.620000000000001	0.0006208140682071325
13.63	0.000618066450706358
13.64	0.000615332995453174
13.65	0.0006126136191473408
13.66	0.0006099082390390857
13.67	0.0006071343411360275
13.68	0.0006042594317132482
13.69	0.0006014002214664527
13.700000000000001	0.0005985566132924515
13.71	0.0005957285107589087
13.72	0.0005929158180992223
13.73	0.0005901184402074494
13.74	0.0005873362826332712
13.75	0.0005845692515770002
13.76	0.00058181725388463
13.77	0.0005790801970429263
13.780000000000001	0.0005763579891745582
13.790000000000001	0.0005736505390332704
13.8	0.0005709577559990945
13.81	0.0005682795500736024
13.82	0.0005656158318751958
13.83	0.0005629665126344351
13.84	0.0005603315041894153
13.85	0.0005577107189811652
13.86	0.0005551040700490959
13.870000000000001	0.0005525114710264852
13.88	0.000549932836135997
13.89	0.0005473680801852377
13.9	0.00054481711856235
13.91	0.0005422798672316455
13.92	0.0005397562427292689
13.93	0.0005372461621588994
13.94	0.0005347495431874909
13.950000000000001	0.0005322663040410412
13.96	0.0005297963635004023
13.97	0.0005273396408971176
13.98	0.0005248960561093009
13.99	0.000522465529557547
14.	0.0005200479822008696
14.01	0.0005176433355326837
14.02	0.0005152515115768077
14.030000000000001	0.0005128724328835121
14.040000000000001	0.0005105060225255876
14.05	0.0005081522040944569
14.06	0.0005058109016963066
14.07	0.000503482039948261
14.08	0.000501165543974581
14.09	0.0004988613394028953
14.1	0.0004965693523604612
14.11	0.0004942895094704612
14.120000000000001	0.0004920217378483222
14.13	0.0004897659650980674
14.14	0.0004875221193087009
14.15	0.00048529012905061794
14.16	0.0004830699233720449
14.17	0.0004808614317955073
14.18	0.00047866458431433277
14.19	0.0004764793113891691
14.200000000000001	0.0004743055439445463
14.21	0.00047214321336545167
14.22	0.0004699922514939451
14.23	0.00046785259062579306
14.24	0.000465724163507132
14.25	0.00046360690333116045
14.26	0.0004615007437348557
14.27	0.00045940561879571906
14.280000000000001	0.00045732146302854114
14.290000000000001	0.0004552482113822061
14.3	0.00045318579923650423
14.31	0.0004511341623989851
14.32	0.0004490932371018265
14.33	0.00044706295999873315
14.34	0.0004450432681618586
14.35	0.0004430340990787529
14.36	0.00044103539064933194
14.370000000000001	0.0004390470811828723
14.38	0.00043706910939503394
14.39	0.00043510141440489985
14.4	0.0004331439357320441
14.41	0.0004311966132936205
14.42	0.0004292593874014772
14.43	0.0004273321987592921
14.44	0.00042541498845973197
14.450000000000001	0.00042350769798163093
14.46	0.0004216102691871987
14.47	0.0004197226443192438
14.48	0.00041784476599842014
14.49	0.0004159765772205003
14.5	0.0004141180213536624
14.51	0.00041226904213580547
14.52	0.0004104295836718828
14.530000000000001	0.0004085995904312568
14.540000000000001	0.00040677900724507305
14.55	0.00040496777930365926
14.56	0.00040316585215394103
14.57	0.00040137317169687764
14.58	0.0003995896841849222
14.59	0.0003978153362194969
14.6	0.0003960500747484924
14.61	0.0003942938470637806
14.620000000000001	0.00039254660079875565
14.63	0.000390808283925887
14.64	0.0003890788447542958
14.65	0.0003873320195721577
14.66	0.0003855818166969179
14.67	0.0003838407076849972
14.68	0.00038210863913496146
14.69	0.0003803855579950352
14.700000000000001	0.00037867141156057216
14.71	0.0003769661474715522
14.72	0.0003752697137100929
14.73	0.00037358205859798856
14.74	0.0003719031307942578
14.75	0.00037023287929272144
14.76	0.00036857125341959113
14.77	0.0003669182028310798
14.780000000000001	0.0003652736775110342
14.790000000000001	0.0003636376277685807
14.8	0.0003620100042357918
14.81	0.0003603907578653722
14.82	0.00035877983992836074
14.83	0.00035717720201185296
14.84	0.00035558279601673816
14.85	0.00035399657415545715
14.86	0.0003524184889497752
14.870000000000001	0.0003508484932285757
14.88	0.00034928654012566693
14.89	0.0003477325830776076
14.9	0.0003461865758215515
14.91	0.0003446484723931056
14.92	0.0003431182271242059
14.93	0.0003415957946410132
14.94	0.0003400811298618177
14.950000000000001	0.00033857418799496797
14.96	0.0003370749245368099
14.97	0.00033558329526964665
14.98	0.00033409925625971053
14.99	0.0003326227638551515
15.	0.00033115377468404336
15.01	0.00032969224565240177
15.02	0.00032823813394222093
15.030000000000001	0.00032679139700952464
15.040000000000001	0.00032535199258243
15.05	0.00032391987865922864
15.06	0.00032249501350648365
15.07	0.00032107735565713684
15.08	0.00031966686390863557
15.09	0.00031826349732106996
15.1	0.00031686721521532774
15.11	0.00031547797717126067
15.120000000000001	0.00031409574302586574
15.13	0.0003127204728714827
15.14	0.000311352127054001
15.15	0.0003099906661710847
15.16	0.0003086360510704075
15.17	0.0003072882428479054
15.18	0.00030594720284603716
15.19	0.00030461289265206403
15.200000000000001	0.00030328527409633816
15.21	0.0003019643092506056
15.22	0.00030064996042632376
15.23	0.00029934219017298865
15.24	0.00029804096127647857
15.25	0.0002967462367574051
15.26	0.0002954579798694833
15.27	0.00029417615409790956
15.280000000000001	0.0002929007231577524
15.290000000000001	0.0002916316509923571
15.3	0.00029036890177176126
15.31	0.0002891124398911237
15.32	0.00028786222996916177
15.33	0.000286618236846606
15.34	0.0002853804255846616
15.35	0.0002841487614634841
15.36	0.0002829232099806641
15.370000000000001	0.00028170373684972984
15.38	0.000280490307998651
15.39	0.0002792828895683621
15.4	0.0002780814479112942
15.41	0.0002768859495899178
15.42	0.00027569636137529457
15.43	0.0002745126502456448
15.44	0.0002733347833849219
15.450000000000001	0.0002721627281813962
15.46	0.0002709964522262561
15.47	0.0002698359233122109
15.48	0.0002686811094321126
15.49	0.0002675319787775808
15.5	0.00026638849973764276
15.51	0.0002652506408973815
15.52	0.00026411837103659547
15.530000000000001	0.00026299165912846455
15.540000000000001	0.00026187047433823344
15.55	0.00026075478602189555
15.56	0.00025964456372489306
15.57	0.0002585397771808268
15.58	0.00025744039631017137
15.59	0.00025634639121900393
15.6	0.0002552577321977392
15.610000000000001	0.00025417438971987857
15.620000000000001	0.00025309633444076297
15.63	0.00025202353719633866
15.64	0.00025095596900192967
15.65	0.00024989360105102384
15.66	0.00024883640471406234
15.67	0.0002477843515372406
15.68	0.0002467374132413198
15.69	0.0002456955617204445
15.700000000000001	0.00024464636479692943
15.71	0.00024360166776331776
15.72	0.00024256209235352856
15.73	0.0002415276102247113
15.74	0.0002404981932087398
15.75	0.00023947381331102405
15.76	0.00023845444270932965
15.77	0.0002374400537526117
15.780000000000001	0.00023643061895985116
15.790000000000001	0.00023542611101890385
15.8	0.0002344265027853559
15.81	0.00023343176728138942
15.82	0.0002324418776946538
15.83	0.00023145680737715024
15.84	0.00023047652984411714
15.85	0.00022950101877293209
15.860000000000001	0.00022853024800201528
15.870000000000001	0.00022756419152974438
15.88	0.00022660282351337637
15.89	0.00022564611826797777
15.9	0.00022469405026536303
15.91	0.00022374659413303802
15.92	0.00022280372465315737
15.93	0.00022186541676148106
15.94	0.00022093164554634633
15.950000000000001	0.00022000238624764274
15.96	0.00021907761425579654
15.97	0.0002181573051107613
15.98	0.00021724143450101697
15.99	0.00021632997826257554
16.	0.00021542291237799466
16.01	0.00021452021297539727
16.02	0.00021362185632750106
16.03	0.00021272781885065076
16.04	0.00021183807710386114
16.05	0.00021095260778786586
16.06	0.000210071387744173
16.07	0.0002091943939541272
16.080000000000002	0.00020832160353797887
16.09	0.00020745299375396142
16.1	0.0002065885419973731
16.11	0.000205728225799666
16.12	0.00020487202282754447
16.13	0.00020401991088206435
16.14	0.00020317186789774552
16.15	0.0002023278719416844
16.16	0.00020148790121267952
16.17	0.00020065193404035552
16.18	0.00019981994888430238
16.19	0.00019899192433321287
16.2	0.00019816783910403088
16.21	0.00019734767204110574
16.22	0.00019653140211534938
16.23	0.00019571900842340473
16.240000000000002	0.00019491047018681368
16.25	0.0001941057667511978
16.26	0.0001933048775854395
16.27	0.00019250778228087177
16.28	0.0001917144605504741
16.29	0.00019092489222807243
16.3	0.00019013905726754555
16.31	0.0001893569357420385
16.32	0.00018857850784317895
16.330000000000002	0.0001878037538803018
16.34	0.00018703265427967843
16.35	0.0001862651895837495
16.36	0.0001855013404503684
16.37	0.00018474108765204175
16.38	0.00018398441207518595
16.39	0.0001832312947193793
16.4	0.00018248171669662462
16.41	0.00018173565923061685
16.42	0.00018099310365601504
16.43	0.00018025403141771768
16.44	0.00017951842407014742
16.45	0.00017878626327653776
16.46	0.00017805753080822384
16.47	0.0001773322085439432
16.48	0.00017661027846913594
16.490000000000002	0.0001758917226752524
16.5	0.0001751765233590671
16.51	0.00017446466282199398
16.52	0.00017375612346940994
16.53	0.00017305088780998108
16.54	0.00017234893845499444
16.55	0.00017165025811769462
16.56	0.00017095482961262528
16.57	0.00017026263585497367
16.580000000000002	0.00016957365985992168
16.59	0.00016888788474200107
16.6	0.0001682052937144518
16.61	0.00016752587008858817
16.62	0.00016684959727316506
16.63	0.00016617645877375166
16.64	0.00016550643819210876
16.65	0.00016483951922557197
16.66	0.00016417568566643375
16.67	0.0001635149214013385
16.68	0.0001628572104106748
16.69	0.00016220253676797302
16.7	0.00016155088463931135
16.71	0.00016090223828272093
16.72	0.00016025658204759792
16.73	0.0001596139003741196
16.740000000000002	0.00015897417779266252
16.75	0.00015833739892322715
16.76	0.00015770354847486668
16.77	0.00015707261124511568
16.78	0.0001564445721194287
16.79	0.00015581941607061876
16.8	0.00015519712815829985
16.81	0.00015457769352833552
16.82	0.00015397036789478665
16.830000000000002	0.00015336914878029994
16.84	0.00015277063232414296
16.85	0.00015217480478296866
16.86	0.00015158165249141276
16.87	0.00015099116186160615
16.88	0.00015040331938268893
16.89	0.00014981811162032973
16.9	0.0001492355252162469
16.91	0.00014865554688773215
16.92	0.00014807816342718162
16.93	0.0001475033617016235
16.94	0.00014693112865225545
16.95	0.00014636145129398066
16.96	0.00014579431671494993
16.97	0.00014522971207610438
16.98	0.00014466762461072338
16.990000000000002	0.0001441080416239743
17.	0.00014355095049246606
17.01	0.00014299633866380495
17.02	0.00014244419365615492
17.03	0.0001418945030577983
17.04	0.00014134725452670223
17.05	0.00014080243579008635
17.06	0.00014026003464399429
17.07	0.0001397200389528671
17.080000000000002	0.00013918243664912068
17.09	0.0001386472157327256
17.1	0.00013811436427078923
17.11	0.00013758387039714104
17.12	0.00013705572231192183
17.13	0.00013652990828117394
17.14	0.0001360064166364349
17.150000000000002	0.00013548523577433449
17.16	0.00013496635415619407
17.17	0.0001344497603076275
17.18	0.00013393544281814677
17.19	0.00013342339034076842
17.2	0.0001329135915916248
17.21	0.00013240603534957492
17.22	0.00013190071045582073
17.23	0.00013139760581352419
17.240000000000002	0.00013089671038742865
17.25	0.00013039801320347962
17.26	0.0001299015033484523
17.27	0.00012940716996957835
17.28	0.0001289150022741759
17.29	0.00012842498952928355
17.3	0.0001279371210612944
17.31	0.00012745138625559454
17.32	0.00012696777455620283
17.330000000000002	0.00012648627546541397
17.34	0.00012600687854344238
17.35	0.0001255295734080708
17.36	0.00012505434973429834
17.37	0.00012458119725399406
17.38	0.00012411010575555064
17.39	0.00012364106508354003
17.400000000000002	0.0001231740651383739
17.41	0.00012270909587596356
17.42	0.000122246147307384
17.43	0.00012178520949853901
17.44	0.00012132627256982994
17.45	0.00012086932669582367
17.46	0.00012041436210492791
17.47	0.000119961369079063
17.48	0.00011951033795333906
17.490000000000002	0.00011906125911573541
17.5	0.00011861412300678104
17.51	0.00011816892011923684
17.52	0.0001177256409977818
17.53	0.00011728427623869863
17.54	0.00011684481648956439
17.55	0.0001164072524489411
17.56	0.00011597157486606812
17.57	0.0001155377745405588
17.580000000000002	0.00011510584232209658
17.59	0.00011467576911013515
17.6	0.0001142475458535991
17.61	0.00011382116355058716
17.62	0.00011339661324807711
17.63	0.00011297388604163365
17.64	0.00011255297307511688
17.650000000000002	0.00011213386554039259
17.66	0.00011171655467704588
17.67	0.00011130103177209594
17.68	0.00011088728815971154
17.69	0.00011047531522093071
17.7	0.00011006510438337954
17.71	0.0001096566471209957
17.72	0.00010924993495375137
17.73	0.00010884495944737878
17.740000000000002	0.00010844171221309841
17.75	0.00010804018490734798
17.76	0.00010764036923151267
17.77	0.00010724225693165893
17.78	0.00010684583979826814
17.79	0.00010645110966597356
17.8	0.00010605805841329762
17.81	0.00010566667796239164
17.82	0.00010527696027877741
17.830000000000002	0.00010488889737109004
17.84	0.00010450248129082272
17.85	0.00010411770413207267
17.86	0.00010373455803128964
17.87	0.00010335303516702478
17.88	0.0001029731277596824
17.89	0.00010259482807127274
17.900000000000002	0.00010221812840516636
17.91	0.00010184302110584982
17.92	0.00010146949855868345
17.93	0.00010109755318966038
17.94	0.00010072717746516759
17.95	0.00010035836389174824
17.96	0.00009999110501586392
17.97	0.00009962539342366221
17.98	0.00009926122174074172
17.990000000000002	0.00009889858263192104
18.	0.00009853746880100874
18.01	0.00009817787299057408
18.02	0.00009782487961665517
18.03	0.00009747862887915106
18.04	0.00009713379466452999
18.05	0.0000967903703973524
18.06	0.00009644834953631953
18.07	0.0000961077255740783
18.080000000000002	0.00009576849203702642
18.09	0.00009543064248511868
18.1	0.00009509417051167416
18.11	0.00009475906974318588
18.12	0.00009442533383913051
18.13	0.00009409295649177899
18.14	0.00009376193142601012
18.150000000000002	0.00009343225239912338
18.16	0.00009310391320065345
18.17	0.00009277690765218703
18.18	0.00009245122960717927
18.19	0.00009212687295077176
18.2	0.0000918038315996128
18.21	0.00009148209950167676
18.22	0.00009116167063608675
18.23	0.00009084253901293659
18.240000000000002	0.000090524698673115
18.25	0.0000902081436881301
18.26	0.00008989286815993614
18.27	0.0000895788662207598
18.28	0.00008926613203292878
18.29	0.00008895465978870131
18.3	0.00008864444371009566
18.31	0.00008833547804872207
18.32	0.00008802775708561537
18.330000000000002	0.00008772127513106746
18.34	0.00008741602652446308
18.35	0.00008711200563411418
18.36	0.0000868092068570969
18.37	0.00008650762461908946
18.38	0.00008620725337420967
18.39	0.00008590808760485575
18.400000000000002	0.0000856101218215459
18.41	0.00008531335056276015
18.42	0.00008501776839478282
18.43	0.0000847233699115464
18.44	0.00008443014973447466
18.45	0.00008413810251232996
18.46	0.00008384722292105802
18.47	0.0000835575056636358
18.48	0.00008326894546991979
18.490000000000002	0.0000829815370964952
18.5	0.00008269527532652545
18.51	0.00008241015496960405
18.52	0.00008212617086160628
18.53	0.00008184331786454113
18.54	0.00008156159086640677
18.55	0.00008128098478104326
18.56	0.00008100149454798952
18.57	0.00008072311513233905
18.580000000000002	0.00008044584152459738
18.59	0.00008016966874054017
18.6	0.00007989459182107249
18.61	0.00007962060583208823
18.62	0.0000793477058643313
18.63	0.00007907588703325712
18.64	0.00007880514447889479
18.650000000000002	0.00007853547336571064
18.66	0.00007826686888247264
18.67	0.00007799932624211427
18.68	0.00007773284068160152
18.69	0.0000774674074617988
18.7	0.00007720302186733642
18.71	0.00007693967920647893
18.72	0.0000766773748109938
18.73	0.00007641610403602161
18.740000000000002	0.00007615586225994669
18.75	0.00007589664488426785
18.76	0.00007563844733347119
18.77	0.00007538126505490264
18.78	0.00007512509351864187
18.79	0.00007486992821737668
18.8	0.00007461576466627804
18.81	0.00007436259840287652
18.82	0.00007411042498693835
18.830000000000002	0.00007385924000034383
18.84	0.00007360903904696436
18.85	0.0000733598177525422
18.86	0.00007311157176457006
18.87	0.00007286429675217119
18.88	0.00007261798840598087
18.89	0.00007237264243802776
18.900000000000002	0.00007212825458161703
18.91	0.00007188482059121318
18.92	0.00007164233624232394
18.93	0.00007140079733138542
18.94	0.000071160199675647
18.95	0.0000709205391130576
18.96	0.00007068181150215203
18.97	0.00007044401272193911
18.98	0.00007020713867178869
18.990000000000002	0.00006997118527132142
19.	0.00006973614846029771
19.01	0.00006950202419850752
19.02	0.00006926880846566155
19.03	0.00006903649726128264
19.04	0.00006880508660459713
19.05	0.00006857457253442847
19.06	0.00006834495110908969
19.07	0.00006811621840627795
19.080000000000002	0.00006788837052296884
19.09	0.00006766140357531154
19.1	0.0000674353136985249
19.11	0.00006721009704679377
19.12	0.0000669857497931658
19.13	0.00006676226812944971
19.14	0.00006653964826611304
19.150000000000002	0.00006631788643218114
19.16	0.00006609697887513707
19.17	0.00006587692186082119
19.18	0.00006565771167333203
19.19	0.00006543934461492767
19.2	0.00006522181700592753
19.21	0.00006500512518461448
19.22	0.00006478926550713878
19.23	0.00006457423434742013
19.240000000000002	0.0000643600280970537
19.25	0.00006414664316521331
19.26	0.00006393407597855747
19.27	0.00006372232298113494
19.28	0.00006351138063429162
19.29	0.0000633012454165768
19.3	0.00006309191382365096
19.31	0.0000628857763742989
19.32	0.00006268171860675818
19.330000000000002	0.00006247842806447572
19.34	0.00006227590146813169
19.35	0.00006207413555410794
19.36	0.00006187312707440518
19.37	0.00006167287279655976
19.38	0.00006147336950356171
19.39	0.00006127461399377292
19.400000000000002	0.00006107660308084554
19.41	0.00006087933359364137
19.42	0.000060682802376151645
19.43	0.00006048700628741656
19.44	0.000060291942201446294
19.45	0.000060097607007142
19.46	0.00005990399760821694
19.47	0.000059711110923118555
19.48	0.0000595189438849512
19.490000000000002	0.00005932749344139817
19.5	0.00005913675655464576
19.51	0.00005894673020130662
19.52	0.00005875741137234362
19.53	0.00005856879707299509
19.54	0.000058380884322699344
19.55	0.00005819367015502007
19.56	0.000058007151617572625
19.57	0.0000578213257719499
19.580000000000002	0.000057636189693649476
19.59	0.00005745174047200059
19.6	0.00005726797521009129
19.61	0.000057084891024697036
19.62	0.000056902485046209156
19.63	0.000056720754418562776
19.64	0.00005653969629916703
19.650000000000002	0.000056359307858834176
19.66	0.000056179586281709485
19.67	0.00005600052876520231
19.68	0.000055822132519916205
19.69	0.00005564439476958055
19.7	0.00005546731275098192
19.71	0.00005529088371389659
19.72	0.000055115104921021954
19.73	0.000054939973647910496
19.740000000000002	0.00005476548718290196
19.75	0.00005459164282705761
19.76	0.00005441843789409361
19.77	0.00005424586971031566
19.78	0.00005407393561455343
19.79	0.000053902632958096045
19.8	0.00005373195910462684
19.81	0.00005356191143015954
19.82	0.00005339248732297474
19.830000000000002	0.000053223684183555475
19.84	0.00005305549942452497
19.85	0.0000528879304705836
19.86	0.00005272097475844619
19.87	0.00005255462973678019
19.88	0.000052388892866144254
19.89	0.00005222376161892627
19.900000000000002	0.000052059233479282644
19.91	0.000051895305943077754
19.92	0.000051731976517823495
19.93	0.00005156924272261945
19.94	0.00005140710208809258
19.95	0.00005124555215633911
19.96	0.000051084590480864394
19.97	0.000050924214626524895
19.98	0.000050764422169469675
19.990000000000002	0.00005060521069708273
20.	0.000050446577807924606
20.01	0.000050288521111675896
20.02	0.000050131038229079866
20.03	0.00004997412679188549
20.04	0.00004981778444279152
20.05	0.000049662008835390346
20.06	0.000049506797634111975
20.07	0.00004935214851416902
20.080000000000002	0.000049198059161501075
20.09	0.00004904452727272055
20.1	0.00004889155055505754
20.11	0.00004873912672630599
20.12	0.000048587253514769914
20.13	0.00004843592865920935
20.14	0.0000482851499087874
20.150000000000002	0.0000481349150230173
20.16	0.00004798522177170954
20.17	0.0000478360679349194
20.18	0.00004768745130289508
20.19	0.00004753936967602583
20.2	0.000047391820864790136
20.21	0.00004724480268970491
20.22	0.00004709831298127421
20.23	0.00004695234957993872
20.240000000000002	0.00004680691033602523
20.25	0.00004666199310969678
20.26	0.00004651759577090238
20.27	0.00004637371619932804
20.28	0.000046230352284346906
20.29	0.00004608750192497075
20.3	0.000045945163029800924
20.31	0.00004580333351697985
20.32	0.00004566201131414319
20.330000000000002	0.000045521194358371594
20.34	0.00004538088059614301
20.35	0.00004524106798328553
20.36	0.000045101754484930154
20.37	0.0000449629380754637
20.38	0.00004482461673848259
20.39	0.00004468678846674612
20.400000000000002	0.0000445494512621305
20.41	0.00004441260313558315
20.42	0.00004427624210707675
20.43	0.00004414036620556427
20.44	0.00004400497346893369
20.45	0.000043870061943963066
20.46	0.0000437356296862762
20.47	0.00004360167476029793
20.48	0.00004346819523921028
20.490000000000002	0.00004333518920490852
20.5	0.000043202654747957746
20.51	0.0000430705899675489
20.52	0.00004293899297145624
20.53	0.000042807861875994244
20.54	0.000042677194805974627
20.55	0.00004254698989466435
20.56	0.000042417245283743156
20.57	0.000042287959123261705
20.580000000000002	0.00004215912957159958
20.59	0.00004203075479542413
20.6	0.00004190283296964882
20.61	0.00004177536227739254
20.62	0.000041648340909938346
20.63	0.00004152176706669312
20.64	0.000041395638955147126
20.650000000000002	0.00004126995479083375
20.66	0.000041144712797289574
20.67	0.000041019911206014696
20.68	0.00004089554825643301
20.69	0.00004076768055364358
20.7	0.000040637542215900784
20.71	0.00004050788185783815
20.72	0.00004037869749437788
20.73	0.00004024998714963825
20.740000000000002	0.00004012174885688718
20.75	0.00003999398065849535
20.76	0.000039866680605889465
20.77	0.000039739846759506296
20.78	0.00003961347718874679
20.79	0.00003948756997192993
20.8	0.00003936212319624762
20.81	0.00003923713495771959
20.82	0.00003911260336114796
20.830000000000002	0.000038988526520072963
20.84	0.00003886490255672845
20.85	0.000038741729601997335
20.86	0.00003861900579536804
20.87	0.0000384967292848907
20.88	0.00003837489822713336
20.89	0.00003825351078713922
20.900000000000002	0.00003813256513838331
20.91	0.000038012059462729914
20.92	0.000037891991950389775
20.93	0.000037772360799878245
20.94	0.00003765316421797286
20.95	0.00003753440041967175
20.96	0.00003741606762815185
20.97	0.000037298164074727886
20.98	0.000037180687998810896
20.990000000000002	0.00003706363764786741
21.	0.0000369470112773789
21.01	0.000036830807150801435
21.02	0.000036715023539525096
21.03	0.000036599658722834166
21.04	0.00003648471098786758
21.05	0.0000363701786295788
21.06	0.000036256059950697116
21.07	0.00003614235326168817
21.080000000000002	0.00003602905688071487
21.09	0.00003591616913359918
21.1	0.00003580368835378315
21.11	0.00003569161288229106
21.12	0.000035579941067690984
21.13	0.000035468671266057225
21.14	0.00003535780184093241
21.150000000000002	0.00003524733116329039
21.16	0.00003513725761149861
21.17	0.00003502757957128141
21.18	0.000034918295435683
21.19	0.000034809403605030824
21.2	0.00003470090248689937
21.21	0.000034592790496073686
21.22	0.00003448506605451336
21.23	0.00003437772759131693
21.240000000000002	0.00003427077354268599
21.25	0.00003416420235188981
21.26	0.00003405801246923024
21.27	0.00003395220235200646
21.28	0.00003384677046448022
21.29	0.00003374171527784111
21.3	0.00003363703527017208
21.31	0.00003353272892641532
21.32	0.000033428794738337855
21.330000000000002	0.00003332523120449771
21.34	0.00003322203683021038
21.35	0.000033119210127514956
21.36	0.00003301674961514101
21.37	0.00003291465381847518
21.38	0.0000328129212695284
21.39	0.000032711550506902825
21.400000000000002	0.0000326105400757593
21.41	0.00003250988852778493
21.42	0.00003240959442116064
21.43	0.0000323096563205291
21.44	0.00003221007279696277
21.45	0.000032110842427932225
21.46	0.00003201196379727433
21.47	0.000031913435495160934
21.48	0.00003181525611806763
21.490000000000002	0.000031717424268742664
21.5	0.00003161993855617567
21.51	0.00003152279759556749
21.52	0.000031426000008299134
21.53	0.000031329544421901344
21.54	0.00003123342947002461
21.55	0.00003113765379240886
21.56	0.0000310422160348535
21.57	0.00003094711484918766
21.580000000000002	0.00003085234889324066
21.59	0.000030757916830812344
21.6	0.00003066381733164407
21.61	0.00003057004907138925
21.62	0.000030476610731584477
21.63	0.000030383500999620727
21.64	0.000030290718568714672
21.650000000000002	0.00003019826213788008
21.66	0.00003010613041189952
21.67	0.000030014322101295967
21.68	0.000029922835922304984
21.69	0.000029831670596846698
21.7	0.000029740824852497744
21.71	0.000029650297422464203
21.72	0.000029560087045553597
21.73	0.000029470192466147763
21.740000000000002	0.000029380612434175764
21.75	0.000029291345705086714
21.76	0.00002920239103982279
21.77	0.00002911374720479288
21.78	0.000029025412971845337
21.79	0.000028937387118242103
21.8	0.00002884966842663208
21.81	0.00002876225568502505
21.82	0.000028675147686765435
21.830000000000002	0.000028588343230506643
21.84	0.000028501841120185153
21.85	0.000028415640164994868
21.86	0.000028329739179361677
21.87	0.000028244136982918053
21.88	0.000028158832400477753
21.89	0.000028073824262010978
21.900000000000002	0.00002798911140261897
21.91	0.00002790469266250967
21.92	0.000027820566886972644
21.93	0.000027736732926354658
21.94	0.000027653189636035314
21.95	0.00002756993587640249
21.96	0.00002748697051282848
21.97	0.000027404292415645717
21.98	0.000027321900460122907
21.990000000000002	0.00002723979352644116
22.	0.00002715797049967055
22.01	0.000027076430269746237
22.02	0.00002699517173144523
22.03	0.000026914193784363122
22.04	0.00002683349533289069
22.05	0.000026753075286191126
22.06	0.000026672932558176895
22.07	0.000026593066067486952
22.080000000000002	0.000026513474737464064
22.09	0.00002643415749613234
22.1	0.00002635511327617452
22.11	0.00002627634101490988
22.12	0.000026197839654271852
22.13	0.000026119608140785968
22.14	0.000026041645425547955
22.150000000000002	0.00002596395046420164
22.16	0.00002588652221691738
22.17	0.000025804640293541466
22.18	0.00002572061569278917
22.19	0.000025636902381098443
22.2	0.00002555349906572045
22.21	0.000025470404459853696
22.22	0.00002538761728261425
22.23	0.00002530513625900573
22.240000000000002	0.00002522296011988964
22.25	0.000025141087601955853
22.26	0.000025059517447693294
22.27	0.00002497824840536058
22.28	0.000024897279228957118
22.29	0.000024816608678194165
22.3	0.000024736235518466107
22.31	0.000024656158520821885
22.32	0.000024576376461936514
22.330000000000002	0.00002449688812408296
22.34	0.0000244176922951039
22.35	0.00002433878776838386
22.36	0.000024260173342821364
22.37	0.000024181847822801277
22.38	0.000024103810018167348
22.39	0.0000240260587441949
22.400000000000002	0.00002394859282156346
22.41	0.00002387141107632996
22.42	0.0000237945123399016
22.43	0.00002371789544900923
22.44	0.000023641559245680668
22.45	0.00002356550257721437
22.46	0.000023489724296152902
22.47	0.00002341422326025687
22.48	0.000023338998332479015
22.490000000000002	0.000023264048380937927
22.5	0.000023189372278892847
22.51	0.000023114968904717552
22.52	0.000023040837141875128
22.53	0.000022966975878892584
22.54	0.000022893384009335716
22.55	0.000022820060431783836
22.56	0.000022747004049805122
22.57	0.000022674213771931692
22.580000000000002	0.00002260168851163479
22.59	0.000022529427187300593
22.6	0.00002245742872220558
22.61	0.000022385692044492218
22.62	0.00002231421608714515
22.63	0.000022242999787966844
22.64	0.00002217204208955384
22.650000000000002	0.00002210134193927318
22.66	0.000022030898289238513
22.67	0.000021960710096286787
22.68	0.00002189077632195498
22.69	0.000021821095932456413
22.7	0.000021751667898658335
22.71	0.00002168249119605829
22.72	0.000021613564804761647
22.73	0.00002154488770945877
22.740000000000002	0.000021476458899402276
22.75	0.00002140827736838471
22.76	0.000021340342114716028
22.77	0.00002127265214120161
22.78	0.000021205206455119664
22.79	0.00002113800406819967
22.8	0.000021071043996600165
22.81	0.000021004325260887198
22.82	0.000020937846886012523
22.830000000000002	0.000020871607901291958
22.84	0.000020805607340384244
22.85	0.000020739844241269503
22.86	0.000020674317646228008
22.87	0.00002060902660181926
22.88	0.0000205439701588609
22.89	0.00002047914737240786
22.900000000000002	0.00002041455730173162
22.91	0.00002035019901029953
22.92	0.000020286071565754284
22.93	0.000020222174039893564
22.94	0.00002015850550864963
22.95	0.00002009506505206914
22.96	0.00002003185175429309
22.97	0.000019968864703536783
22.98	0.000019906102992069902
22.990000000000002	0.000019843565716196865
23.	0.000019781251976236963
23.01	0.000019719160876504926
23.02	0.000019657291525291427
23.03	0.00001959564303484363
23.04	0.000019534214521346064
23.05	0.000019473005104901366
23.06	0.00001941201390951125
23.07	0.00001935124006305753
23.080000000000002	0.000019290682697283325
23.09	0.000019230340947774212
23.1	0.00001917021395393964
23.11	0.00001911030085899436
23.12	0.000019050600809939823
23.13	0.000018991112957546127
23.14	0.000018931836456333416
23.150000000000002	0.000018872770464553876
23.16	0.00001881391414417368
23.17	0.000018755266660854896
23.18	0.00001869682718393774
23.19	0.000018638594886422668
23.2	0.000018580568944952713
23.21	0.000018522748539795936
23.22	0.000018465132854827817
23.23	0.000018407721077513914
23.240000000000002	0.000018350512398892476
23.25	0.00001829350601355733
23.26	0.000018236701119640504
23.27	0.000018180096918795393
23.28	0.000018123692616179754
23.29	0.000018067487420438624
23.3	0.00001801148054368787
23.31	0.000017955671201497133
23.32	0.000017900058612873525
23.330000000000002	0.000017844642000244894
23.34	0.00001778942058944346
23.35	0.00001773439360968942
23.36	0.000017679560293574806
23.37	0.000017624919877047102
23.38	0.0000175704715993933
23.39	0.000017516214703223854
23.400000000000002	0.000017462148434456658
23.41	0.000017408272042301307
23.42	0.00001735458477924333
23.43	0.000017301085901028365
23.44	0.000017247774666646764
23.45	0.000017194650338317922
23.46	0.000017141712181474846
23.47	0.000017088959464748906
23.48	0.0000170363914599544
23.490000000000002	0.000016984007442073506
23.5	0.000016931806689241073
23.51	0.000016879788482729533
23.52	0.000016827952106934082
23.53	0.00001677629684935767
23.54	0.000016724822000596196
23.55	0.00001667352685432387
23.56	0.000016622410707278524
23.57	0.000016571472859246853
23.580000000000002	0.00001652071261305023
23.59	0.00001647012927453006
23.6	0.000016419722152533376
23.61	0.00001636949055889879
23.62	0.0000163194338084421
23.63	0.000016269551218942117
23.64	0.000016219842111126882
23.650000000000002	0.000016170305808659316
23.66	0.00001612094163812357
23.67	0.00001607174892901111
23.68	0.000016022727013706804
23.69	0.000015973875227475497
23.7	0.00001592519290844814
23.71	0.000015876679397608317
23.72	0.00001582833403877876
23.73	0.000015780156178607964
23.740000000000002	0.000015732145166556704
23.75	0.000015686048873867188
23.76	0.00001565019800322212
23.77	0.000015614444104561617
23.78	0.00001557878687495846
23.79	0.000015543226012558458
23.8	0.0000155077612165763
23.81	0.000015472392187291367
23.82	0.000015437118626043387
23.830000000000002	0.000015401940235228393
23.84	0.000015366856718294422
23.85	0.00001533186777973746
23.86	0.00001529697312509718
23.87	0.000015262172460952932
23.88	0.000015227465494919612
23.89	0.000015192851935643504
23.900000000000002	0.000015158331492798338
23.91	0.000015123903877081098
23.92	0.000015089568800208105
23.93	0.00001505532597491097
23.94	0.000015021175114932531
23.95	0.000014987115935022974
23.96	0.00001495314815093579
23.97	0.000014919271479423869
23.98	0.000014885485638235593
23.990000000000002	0.00001485179034611083
24.	0.000014818185322777167
24.01	0.000014784670288945934
24.02	0.000014751244966308367
24.03	0.000014717909077531792
24.04	0.000014684662346255823
24.05	0.000014651504497088395
24.060000000000002	0.0000146184352556022
24.07	0.000014585454348330728
24.080000000000002	0.000014552561502764599
24.09	0.00001451975644734774
24.1	0.000014487038911473782
24.11	0.000014454408625482192
24.12	0.000014421865320654706
24.13	0.00001438940872921155
24.14	0.000014357038584307864
24.150000000000002	0.000014324754620029994
24.16	0.000014292556571391825
24.17	0.000014260444174331314
24.18	0.000014228417165706711
24.19	0.000014196475283293038
24.2	0.000014164618265778572
24.21	0.000014132845852761202
24.22	0.000014101157784744982
24.23	0.00001406955380313649
24.240000000000002	0.000014038033650241434
24.25	0.000014006597069261067
24.26	0.00001397524380428877
24.27	0.000013943973600306573
24.28	0.000013912786203181662
24.29	0.000013881681359662967
24.3	0.000013850658817377795
24.310000000000002	0.00001381971832482833
24.32	0.000013788859631388344
24.330000000000002	0.0000137580824872997
24.34	0.000013727386643669107
24.35	0.000013696771852464717
24.36	0.000013666237866512751
24.37	0.000013635784439494273
24.38	0.000013605411325941838
24.39	0.000013575118281236147
24.400000000000002	0.000013544905061602855
24.41	0.0000135147714241093
24.42	0.000013484717126661161
24.43	0.000013454741927999357
24.44	0.000013424845587696726
24.45	0.000013395027866154857
24.46	0.000013365288524600904
24.47	0.000013335627325084325
24.48	0.000013306044030473875
24.490000000000002	0.00001327653840445431
24.5	0.000013247110211523288
24.51	0.000013217759216988269
24.52	0.000013188485186963378
24.53	0.000013159287888366292
24.54	0.000013130167088915185
24.55	0.000013101122557125676
24.560000000000002	0.000013072154062307658
24.57	0.000013043261374562397
24.580000000000002	0.000013014444264779374
24.59	0.000012985702504633325
24.6	0.000012957035866581238
24.61	0.00001292844412385934
24.62	0.00001289992705048007
24.63	0.000012871484421229229
24.64	0.00001284311601166285
24.650000000000002	0.000012814821598104408
24.66	0.000012786600957641808
24.67	0.000012758453868124479
24.68	0.000012730380108160478
24.69	0.000012702379457113542
24.7	0.000012674451695100283
24.71	0.000012646596602987255
24.72	0.000012618813962388136
24.73	0.000012591103555660827
24.740000000000002	0.000012563465165904652
24.75	0.000012535898576957592
24.76	0.000012508403573393314
24.77	0.000012480979940518527
24.78	0.000012453627464370129
24.79	0.000012426345931712426
24.8	0.000012399135130034379
24.810000000000002	0.000012371994847546854
24.82	0.000012344924873179845
24.830000000000002	0.000012317924996579818
24.84	0.000012290995008106904
24.85	0.000012264134698832246
24.86	0.000012237343860535337
24.87	0.000012210622285701208
24.88	0.000012183969767517906
24.89	0.00001215738609987372
24.900000000000002	0.000012130871077354566
24.91	0.000012104424495241399
24.92	0.000012078046149507501
24.93	0.000012051735836815876
24.94	0.000012025493354516702
24.95	0.000011999318500644722
24.96	0.000011973211073916572
24.97	0.000011947170873728305
24.98	0.00001192119770015277
24.990000000000002	0.000011895291353937103
25.	0.000011869451636500158
25.01	0.000011843678349929968
25.02	0.000011817971296981246
25.03	0.000011792330281072833
25.04	0.000011766755106285258
25.05	0.000011741245577358206
25.060000000000002	0.000011715801499688056
25.07	0.000011690422679325381
25.080000000000002	0.000011665108922972554
25.09	0.000011639860037981212
25.1	0.00001161467583234989
25.11	0.000011589556114721566
25.12	0.000011564500694381214
25.13	0.000011539509381253466
25.14	0.000011514581985900136
25.150000000000002	0.000011489718319517869
25.16	0.000011464918193935795
25.17	0.000011440181421613083
25.18	0.000011415507815636636
25.19	0.000011390897189718746
25.2	0.000011366349358194727
25.21	0.000011341864136020578
25.22	0.000011317441338770732
25.23	0.000011293080782635638
25.240000000000002	0.000011268782284419532
25.25	0.000011244545661538151
25.26	0.000011220370732016427
25.27	0.0000111962573144862
25.28	0.000011172205228183966
25.29	0.000011148214292948674
25.3	0.000011124284329219378
25.310000000000002	0.0000111004151580331
25.32	0.000011076606601022558
25.330000000000002	0.000011052858480413929
25.34	0.000011029170619024696
25.35	0.000011005542840261395
25.36	0.000010981974968117494
25.37	0.000010958466827171135
25.38	0.000010935018242582972
25.39	0.00001094067564471991
25.400000000000002	0.000011109639333345181
25.41	0.000011281144379968844
25.42	0.000011455227986006336
25.43	0.000011631927882482315
25.44	0.000011811282337357758