0.01	8.098789157318018
0.02	28.32874131189677
0.03	55.66841907917647
0.04	74.48666961679649
0.05	80.62447437635444
0.06	81.7600416909803
0.07	78.0322963306081
0.08	68.68304567193123
0.09	60.069507212432974
0.1	54.39724941125974
0.11	50.59437342609288
0.12	47.25887578375977
0.13	44.304339368671634
0.14	41.422515326862495
0.15	38.83464562185639
0.16	36.35300612843731
0.17	34.154343494691446
0.18	32.02223169466199
0.19	30.12806332532515
0.2	28.33927405848916
0.21	26.664070344780598
0.22	25.159119039259473
0.23	23.70993530417226
0.24	22.358797636424686
0.25	21.13522595414545
0.26	19.986022713518043
0.27	18.877827113974483
0.28	17.868114255212962
0.29	16.945066259597105
0.3	16.05730795296427
0.31	15.21241740444322
0.32	14.436738154982034
0.33	13.722694549814161
0.34	13.051764892891782
0.35000000000000003	12.385652413895478
0.36	11.770894708836988
0.37	11.202265877212755
0.38	10.675193982389308
0.39	10.176715250909178
0.4	9.67683690191276
0.41000000000000003	9.212964103008225
0.42	8.78171746454694
0.43	8.380105148704748
0.44	8.005470717713608
0.45	7.640700859540622
0.46	7.282148188204124
0.47000000000000003	6.947599243127326
0.48	6.634986337286513
0.49	6.342457978943816
0.5	6.068352442097511
0.51	5.811175017280591
0.52	5.551254486188511
0.53	5.3041702229461585
0.54	5.072398814701063
0.55	4.854733447276839
0.56	4.6500820164544905
0.5700000000000001	4.457454426218832
0.58	4.275951485796071
0.59	4.101056733622285
0.6	3.9258182343191117
0.61	3.760781429091494
0.62	3.6051994732323442
0.63	3.4583910419387105
0.64	3.3197336603174405
0.65	3.1886578034062176
0.66	3.064641667125164
0.67	2.947206525096703
0.68	2.8308048484720962
0.6900000000000001	2.7166496333400914
0.7000000000000001	2.608642425598297
0.71	2.5063712470745623
0.72	2.40945699629222
0.73	2.3175504156844755
0.74	2.2303293753093425
0.75	2.1474964363028284
0.76	2.068776662000332
0.77	1.993915648697025
0.78	1.9195247238866147
0.79	1.846429066792775
0.8	1.7769845054015299
0.81	1.7109663911745014
0.8200000000000001	1.6481664365331266
0.8300000000000001	1.5883913428324872
0.84	1.5314615581706383
0.85	1.477210151381148
0.86	1.4254817901324937
0.87	1.3761318124360093
0.88	1.329025382071309
0.89	1.2837486117557404
0.9	1.237557249250347
0.91	1.1935111112281853
0.92	1.1514886115916203
0.93	1.1113762734484725
0.9400000000000001	1.0730681087430378
0.9500000000000001	1.0364650513034326
0.96	1.0014744382035594
0.97	0.9680095348722231
0.98	0.9359890998554566
0.99	0.9053369855582267
1.	0.8759817716650513
1.01	0.8478564282711375
1.02	0.8208980060514343
1.03	0.7933765822339153
1.04	0.7668777173190156
1.05	0.7415049287329233
1.06	0.7172003130401731
1.07	0.6939094514690549
1.08	0.6715811702362541
1.09	0.6501673193799951
1.1	0.6296225685189625
1.11	0.6099042181024704
1.12	0.5909720248505561
1.1300000000000001	0.5727880402023912
1.1400000000000001	0.5553164606992125
1.1500000000000001	0.5385234893250689
1.16	0.5223772069162658
1.17	0.5068474528294415
1.18	0.49109951724365986
1.19	0.47575922674917154
1.2	0.46102053073072063
1.21	0.4468551145463793
1.22	0.4332362148540955
1.23	0.4201385228331646
1.24	0.4075380941668065
1.25	0.3954122652637535
1.26	0.3837395752408682
1.27	0.3724996932288432
1.28	0.36167335059947764
1.29	0.3512422777461436
1.3	0.3411891450792203
1.31	0.33149750792577326
1.32	0.3221517550478086
1.33	0.31313706051631074
1.34	0.3044393386991549
1.35	0.29580172352545175
1.36	0.28714931004611977
1.37	0.27881061768601834
1.3800000000000001	0.27077210464340234
1.3900000000000001	0.2630209058476886
1.4000000000000001	0.25554479459859947
1.41	0.24833214663367445
1.42	0.24137190645457435
1.43	0.2346535557555454
1.44	0.2281670838092682
1.45	0.22190295967620524
1.46	0.21585210611357425
1.47	0.21000587506925114
1.48	0.20435602465437488
1.49	0.1988946974961989
1.5	0.19361440037989366
1.51	0.18850798509460914
1.52	0.1835686304051765
1.53	0.17878982507644875
1.54	0.17416535188243928
1.55	0.16953966053327688
1.56	0.16491149904637062
1.57	0.160438051039484
1.58	0.15611320809879758
1.59	0.1519311394990858
1.6	0.14788627794055975
1.61	0.143973306101493
1.62	0.14018714395527085
1.6300000000000001	0.1365229368040297
1.6400000000000001	0.13297604398432145
1.6500000000000001	0.12954202820325572
1.6600000000000001	0.1262166454663739
1.67	0.12299583556110964
1.68	0.11987571306209244
1.69	0.11685255882679169
1.7	0.11392281195206963
1.71	0.11108306216413781
1.72	0.10833004261620494
1.73	0.1056606230697649
1.74	0.10307180343702323
1.75	0.10056070766339913
1.76	0.09812457793038035
1.77	0.0957607691602568
1.78	0.09336774803845696
1.79	0.09098150646115286
1.8	0.0886690392264919
1.81	0.08642767445528106
1.82	0.08425485104317745
1.83	0.08214811349356
1.84	0.08010510701793047
1.85	0.0781235728886346
1.86	0.07620134402963502
1.87	0.07433634083194643
1.8800000000000001	0.07252656718116267
1.8900000000000001	0.07077010668527024
1.9000000000000001	0.06906511909166041
1.9100000000000001	0.067409836882917
1.92	0.06580256204158356
1.93	0.06424166297469908
1.94	0.06272557158943534
1.95	0.06125278051168349
1.96	0.05982184043991335
1.97	0.05843135762708089
1.98	0.05707999148377724
1.99	0.055766452296206186
2.	0.054489499052949204
2.0100000000000002	0.05324793737481921
2.02	0.05204061754243286
2.0300000000000002	0.050866432616432714
2.04	0.04969505176730978
2.05	0.048492706897918965
2.06	0.0473250921088676
2.07	0.04619104286005991
2.08	0.045089439018493854
2.09	0.044019202962494834
2.1	0.04297929777544018
2.11	0.04196872552434934
2.12	0.04098652561897455
2.13	0.04003177324727068
2.14	0.03910357788335248
2.15	0.03820108186426095
2.16	0.03732345903206616
2.17	0.036469913438021
2.18	0.03563967810566251
2.19	0.03483201384992375
2.2	0.03404620814947953
2.21	0.033281574069698595
2.22	0.03253744923371446
2.23	0.03181319483926214
2.24	0.031108194719050446
2.25	0.030421854442559827
2.2600000000000002	0.029753600457264967
2.27	0.029102879267387614
2.2800000000000002	0.02846915664838307
2.29	0.02785191689545805
2.3000000000000003	0.02725066210450477
2.31	0.026664911483920282
2.32	0.026094200695857717
2.33	0.02553808122553102
2.34	0.024988727500184237
2.35	0.02440622129640443
2.36	0.02383968133052745
2.37	0.02328860508046008
2.38	0.022752507865979356
2.39	0.02223092214394661
2.4	0.021723396834155882
2.41	0.02122949667436433
2.42	0.02074880160312755
2.43	0.0202809061691321
2.44	0.019825418965785234
2.45	0.019381962089883735
2.46	0.018950170623243487
2.47	0.018529692136228054
2.48	0.01812018621216691
2.49	0.01772132399170515
2.5	0.017332787736173198
2.5100000000000002	0.01695427040911109
2.52	0.016585475275123714
2.5300000000000002	0.0162261155152845
2.54	0.015875913858342427
2.5500000000000003	0.015534602227024942
2.56	0.015201921398761946
2.57	0.014877620680190043
2.58	0.014561457594826412
2.59	0.01425319758333111
2.6	0.013952613715804236
2.61	0.013659486415591142
2.62	0.013373603194093286
2.63	0.013094758396106538
2.64	0.012822752955230948
2.65	0.012557394158917566
2.66	0.01229849542273808
2.67	0.0120458760734822
2.68	0.011799361140706472
2.69	0.011543431344072331
2.7	0.011278018694056854
2.71	0.011019656120856716
2.72	0.010768131368964597
2.73	0.010523239320010598
2.74	0.010284781727844992
2.75	0.010052566964373072
2.7600000000000002	0.009826409775668314
2.77	0.009606131047913259
2.7800000000000002	0.009391557582738142
2.79	0.00918252188154836
2.8000000000000003	0.008978861938450133
2.81	0.008780421041402838
2.82	0.008587047581243167
2.83	0.00839859486824327
2.84	0.008214920955880244
2.85	0.008035888471509363
2.86	0.007861364453647917
2.87	0.0076912201955892075
2.88	0.0075253310950799115
2.89	0.007363576509805461
2.9	0.007205839618440181
2.91	0.007052007287029422
2.92	0.006901969940481982
2.93	0.006755621438960469
2.94	0.006612858958967295
2.95	0.006473582878932488
2.96	0.0063376966691186705
2.97	0.006205106785666202
2.98	0.006075722568609671
2.99	0.005949456143704201
3.	0.005826222327907056
3.0100000000000002	0.005705938538366992
3.02	0.00558852470477993
3.0300000000000002	0.005473903184975972
3.04	0.005361998683608376
3.0500000000000003	0.005252738173820865
3.06	0.005146050821774777
3.0700000000000003	0.005041867913922936
3.08	0.004940122786921504
3.09	0.004829664708615727
3.1	0.004717446090300577
3.11	0.004608183798721068
3.12	0.00450179081836392
3.13	0.004398182962015156
3.14	0.004297278770203551
3.15	0.004198999414523917
3.16	0.004103268604679097
3.17	0.0040100124990862275
3.18	0.003919159618900076
3.19	0.0038306407653125583
3.2	0.003744388939993922
3.21	0.0036603392685468413
3.22	0.003578428926850464
3.23	0.0034985970701767585
3.24	0.0034207847649666496
3.25	0.0033449349231583895
3.2600000000000002	0.0032709922389651297
3.27	0.0031989031280033305
3.2800000000000002	0.003128615668677625
3.29	0.0030600795457321034
3.3000000000000003	0.002993245995881514
3.31	0.0029280677554399358
3.3200000000000003	0.0028644990098676145
3.33	0.0028024953451603707
3.34	0.0027420137010088757
3.35	0.0026830123256584492
3.36	0.0026254507324027262
3.37	0.002569289657647411
3.38	0.0025144910204831523
3.39	0.002461017883708734
3.4	0.0024088344162488057
3.41	0.002357905856912017
3.42	0.0023081984794382586
3.43	0.002259679558785417
3.44	0.0022123173386083437
3.45	0.002166080999884449
3.46	0.002120940630642488
3.47	0.0020768671967525505
3.48	0.0020338325137372504
3.49	0.0019918092195655656
3.5	0.001950770748392362
3.5100000000000002	0.0019106913052082367
3.52	0.0018715458413655567
3.5300000000000002	0.001833310030948099
3.54	0.0017958604162013655
3.5500000000000003	0.0017557768027842613
3.56	0.0017166968560680242
3.5700000000000003	0.001678592730786234
3.58	0.0016414374290809816
3.59	0.0016052047724476061
3.6	0.0015698693746828733
3.61	0.00153540661579805
3.62	0.0015017926168599224
3.63	0.0014690042157243144
3.64	0.0014370189436280767
3.65	0.0014058150026069656
3.66	0.0013753712437080744
3.67	0.0013456671459668387
3.68	0.0013166827961197582
3.69	0.0012883988690252062
3.7	0.0012607966087657815
3.71	0.001233857810406703
3.72	0.0012075648023858229
3.73	0.0011819004295117194
3.74	0.0011568480365473628
3.75	0.0011323914523576758
3.7600000000000002	0.0011085149746001537
3.77	0.0010852033549386434
3.7800000000000002	0.0010624417847609658
3.79	0.0010402158813820589
3.8000000000000003	0.0010182867042883303
3.81	0.000996786347501944
3.8200000000000003	0.0009757945370696794
3.83	0.0009552979600353775
3.84	0.000935283685403897
3.85	0.0009157391522275947
3.86	0.0008966521580940005
3.87	0.0008780108480001931
3.88	0.0008598037035999723
3.89	0.0008420195328103525
3.9	0.0008246474597645457
3.91	0.0008076769150990061
3.92	0.0007910976265626154
3.93	0.0007748996099365391
3.94	0.0007590731602537348
3.95	0.0007436088433074735
3.96	0.0007284974874386779
3.97	0.0007137301755922439
3.98	0.0006992982376328963
3.99	0.0006851932429114526
4.	0.0006714069930727634
4.01	0.000657931515096878
4.0200000000000005	0.0006447590545653141
4.03	0.0006318820691446256
4.04	0.0006192932222797272
4.05	0.0006069853770897394
4.0600000000000005	0.0005949515904593613
4.07	0.0005831371961161499
4.08	0.0005715522350990614
4.09	0.0005602249471117622
4.1	0.0005491489918669932
4.11	0.0005383182000017145
4.12	0.0005277265680690836
4.13	0.000517368253688856
4.14	0.0005072375708507955
4.15	0.0004973289853659303
4.16	0.0004876371104606566
4.17	0.0004781567025088683
4.18	0.0004688826568974834
4.19	0.00045981000402087766
4.2	0.0004509339053999258
4.21	0.000442249649921475
4.22	0.0004337526501942539
4.23	0.00042543843901734064
4.24	0.0004173026659574484
4.25	0.00040934109403145317
4.26	0.0004015495964906657
4.2700000000000005	0.0003939241537035112
4.28	0.00038646085013338647
4.29	0.0003791558714085622
4.3	0.00037200550148113934
4.3100000000000005	0.0003650061198721339
4.32	0.0003581541989999088
4.33	0.00035144630158922315
4.34	0.0003448790781583173
4.3500000000000005	0.0003384492645814719
4.36	0.0003318419875893225
4.37	0.00032509482981625835
4.38	0.00031849981245582134
4.39	0.00031205316924659115
4.4	0.0003057512354337959
4.41	0.0002995904448116019
4.42	0.00029356732685802524
4.43	0.0002876785039593606
4.44	0.00028192068872114214
4.45	0.0002762906813627435
4.46	0.00027078536719284455
4.47	0.00026540171416307293
4.48	0.0002601367704972394
4.49	0.0002549876623936658
4.5	0.00024995159179819166
4.51	0.0002450258342455456
4.5200000000000005	0.00024020773676682825
4.53	0.00023549471586094332
4.54	0.0002308842555278921
4.55	0.00022637390536190747
4.5600000000000005	0.0002219612787024871
4.57	0.00021764405084143855
4.58	0.00021341995728412904
4.59	0.00020928679206318453
4.6000000000000005	0.00020524240610294685
4.61	0.0002012847056330521
4.62	0.00019741165064955752
4.63	0.00019362125342209388
4.64	0.00018991157704556153
4.65	0.00018628073403496252
4.66	0.0001827268849619846
4.67	0.00017922315888923944
4.68	0.0001757525720307604
4.69	0.0001723563855185506
4.7	0.00016903285083848382
4.71	0.00016578026416277719
4.72	0.00016259696511649073
4.73	0.00015948133558059573
4.74	0.00015643179853044514
4.75	0.0001534468169085315
4.76	0.00015052489253044647
4.7700000000000005	0.00014766456502300203
4.78	0.00014486441079350197
4.79	0.00014212304202918186
4.8	0.00013943910572588404
4.8100000000000005	0.00013681128274504317
4.82	0.00013423828689811468
4.83	0.00013171886405757502
4.84	0.00012925179129368795
4.8500000000000005	0.00012683587603622647
4.86	0.0001244699552603847
4.87	0.00012215289469613146
4.88	0.00011988358806028661
4.89	0.00011766095631062209
4.9	0.00011548394692130884
4.91	0.00011335153317906323
4.92	0.00011126271349935543
4.93	0.00010921651076207217
4.94	0.00010721197166604083
4.95	0.00010524816610184203
4.96	0.0001033241865423609
4.97	0.00010143914745053486
4.98	0.0000995921847037847
4.99	0.00009778245503462416
5.	0.00009600913548696184
5.01	0.00009425795715075224
5.0200000000000005	0.00009254211658961697
5.03	0.0000908608324327588
5.04	0.0000892133420903584
5.05	0.00008759890126615479
5.0600000000000005	0.0000860167834836064
5.07	0.00008446627962522925
5.08	0.00008294669748471987
5.09	0.00008145736133148289
5.1000000000000005	0.00007999761148719912
5.11	0.00007856680391407575
5.12	0.00007716430981443625
5.13	0.00007578951524131438
5.14	0.0000744418207197313
5.15	0.00007312064087834207
5.16	0.00007182540409114672
5.17	0.00007055555212897461
5.18	0.0000693105398204549
5.19	0.00006808983472219973
5.2	0.00006689291679792994
5.21	0.00006571927810628657
5.22	0.00006456842249707565
5.23	0.0000634398653157041
5.24	0.00006233313311556855
5.25	0.00006124776337817158
5.26	0.00006018330424074099
5.2700000000000005	0.00005913931423113772
5.28	0.00005811536200984598
5.29	0.00005711102611884
5.3	0.00005612589473713579
5.3100000000000005	0.00005515956544283297
5.32	0.00005421164498146732
5.33	0.000053281749040491965
5.34	0.00005236950202971566
5.3500000000000005	0.000051474536867528585
5.36	0.00005060301799821834
5.37	0.00004976809396169653
5.38	0.00004894846081549992
5.39	0.000048143810875778554
5.4	0.0000473538432041302
5.41	0.00004657826344761242
5.42	0.0000458167836828343
5.43	0.00004506912226401876
5.44	0.00004433500367492521
5.45	0.00004361415838452884
5.46	0.00004290632270635371
5.47	0.00004221123866136186
5.48	0.00004152865384430076
5.49	0.00004085832129341736
5.5	0.00004019999936344645
5.51	0.000039553451601786707
5.5200000000000005	0.00003891844662777778
5.53	0.00003829475801499592
5.54	0.00003768216417648697
5.55	0.000037080448252859
5.5600000000000005	0.00003648939800315761
5.57	0.00003590880569844984
5.58	0.0000353384680180457
5.59	0.00003477818594828625
5.6000000000000005	0.0000342277646838311
5.61	0.00003368701353137886
5.62	0.00003315574581575647
5.63	0.000032633778788315186
5.64	0.00003212093353757277
5.65	0.000031617034902042105
5.66	0.00003112191138519018
5.67	0.000030635395072471
5.68	0.00003015732155037822
5.69	0.000029687529827465425
5.7	0.00002922586225728255
5.71	0.00002877216446317859
5.72	0.00002832628526492262
5.73	0.000027888076607095753
5.74	0.00002745739348920834
5.75	0.00002706611241763006
5.76	0.000026683698202685966
5.7700000000000005	0.000026307336409436025
5.78	0.00002593692100544254
5.79	0.000025572347994655544
5.8	0.000025213515374881678
5.8100000000000005	0.00002486032309621171
5.82	0.000024512673020384803
5.83	0.00002417046888106607
5.84	0.000023833616245016073
5.8500000000000005	0.000023502022474130182
5.86	0.000023175596688327167
5.87	0.00002285424972926655
5.88	0.000022537894124874703
5.89	0.000022226444054660752
5.9	0.000021919815315802815
5.91	0.000021617925289986588
5.92	0.000021320692910978248
5.93	0.000021028038632914426
5.94	0.00002073988439929157
5.95	0.000020456153612639006
5.96	0.000020176771104858827
5.97	0.000019901663108217236
5.98	0.00001963075722697172
5.99	0.000019363982409619364
6.	0.000019101268921751365
6.01	0.000018842548319500044
6.0200000000000005	0.000018587753423563646
6.03	0.000018336818293796325
6.04	0.000018089678204349606
6.05	0.000017846269619352318
6.0600000000000005	0.000017606530169117033
6.07	0.000017370398626860184
6.08	0.00001713781488592446
6.09	0.00001690871993749128
6.1000000000000005	0.000016683055848772648
6.11	0.000016460765741670662
6.12	0.000016241793771894686
6.13	0.000016026085108524664
6.140000000000001	0.000015813585914011277
6.15	0.00001560424332460235
6.16	0.000015434989197944065
6.17	0.000015273523763795868
6.18	0.00001511400481098067
6.19	0.000014956405781590465
6.2	0.000014800700522138792
6.21	0.000014646863276763852
6.22	0.000014494868680556407
6.23	0.00001434469175301021
6.24	0.00001419630789159232
6.25	0.000014049692865431104
6.26	0.00001390482280911955
6.2700000000000005	0.000013761674216631576
6.28	0.000013620223935348922
6.29	0.000013480449160196878
6.3	0.000013342327427886222
6.3100000000000005	0.000013205836611259637
6.32	0.000013070954913740285
6.33	0.000012937660863880779
6.34	0.000012805933310010322
6.3500000000000005	0.000012675751414978355
6.36	0.000012547094650992604
6.37	0.000012419942794549842
6.38	0.000012294275921457489
6.390000000000001	0.000012170074401944263
6.4	0.000012047318895858198
6.41	0.000011925990347950364
6.42	0.0000118060699832425
6.43	0.00001168753930247708
6.44	0.000011570380077648163
6.45	0.000011454574347611474
6.46	0.000011340104413772126
6.47	0.000011226952835848651
6.48	0.000011115102427711676
6.49	0.000011004536253296097
6.5	0.000010895237622584852
6.51	0.000010787190087663568
6.5200000000000005	0.000010680377438844227
6.53	0.000010574783700856747
6.54	0.000010470393129107145
6.55	0.000010367190206001017
6.5600000000000005	0.000010265159637331199
6.57	0.000010164286348728128
6.58	0.000010395023030947027
6.59	0.00001118696699980042