0.01	3.448603329014739e-34
0.02	5.943752191019023e-34
0.03	9.023276876229658e-34
0.04	9.209494175252928e-34
0.05	8.823616340682381e-34
0.06	8.042088419750039e-34
0.07	6.81545602755766e-34
0.08	5.927227536964839e-34
0.09	5.359552565066087e-34
0.1	4.917698947838957e-34
0.11	4.539192788430801e-34
0.12	4.18877662669557e-34
0.13	3.881767610316453e-34
0.14	3.6040196217054695e-34
0.15	3.356083131536399e-34
0.16	3.132188953575608e-34
0.17	2.931089294991195e-34
0.18	2.744634093021931e-34
0.19	2.5791914626055807e-34
0.2	2.42234499852796e-34
0.21	2.2804672799107074e-34
0.22	2.1528855677326215e-34
0.23	2.029843020634737e-34
0.24	1.9186329128015568e-34
0.25	1.8176924758281862e-34
0.26	1.7211466941512527e-34
0.27	1.631655053507407e-34
0.28	1.5498235613318916e-34
0.29	1.4747227047155233e-34
0.3	1.4006132898959566e-34
0.31	1.3324791462757022e-34
0.32	1.2696682695972788e-34
0.33	1.2116172575450672e-34
0.34	1.1548238727887462e-34
0.35000000000000003	1.1010743823582883e-34
0.36	1.051237186117945e-34
0.37	1.0049303518149145e-34
0.38	9.618182228789676e-35
0.39	9.191335621559517e-35
0.4	8.786916983469886e-35
0.41000000000000003	8.409632017214317e-35
0.42	8.057063246658315e-35
0.43	7.727059315464651e-35
0.44	7.415086084097926e-35
0.45	7.103461846089607e-35
0.46	6.81135860664665e-35
0.47000000000000003	6.537168037001357e-35
0.48	6.279444765030945e-35
0.49	6.036886904419105e-35
0.5	5.808319249927629e-35
0.51	5.583411891354447e-35
0.52	5.365805696592483e-35
0.53	5.160586824070735e-35
0.54	4.966835915162409e-35
0.55	4.7837171683271544e-35
0.56	4.610469401485494e-35
0.5700000000000001	4.446398209095701e-35
0.58	4.2892230133902533e-35
0.59	4.131234948700224e-35
0.6	3.981576852866308e-35
0.61	3.839681453682377e-35
0.62	3.7050285529534683e-35
0.63	3.57714044160872e-35
0.64	3.4555778254106007e-35
0.65	3.3399361974822053e-35
0.66	3.229842602681051e-35
0.67	3.1208471063011015e-35
0.68	3.0142061389876033e-35
0.6900000000000001	2.9126871953866286e-35
0.7000000000000001	2.8159752824161477e-35
0.71	2.7237789019185254e-35
0.72	2.635827999110627e-35
0.73	2.551872115578641e-35
0.74	2.471678723960405e-35
0.75	2.3950317242782583e-35
0.76	2.3217300843279143e-35
0.77	2.248259752375245e-35
0.78	2.1768872101710217e-35
0.79	2.1086468569698436e-35
0.8	2.0433641566577278e-35
0.81	1.9808763144521632e-35
0.8200000000000001	1.9210313547325496e-35
0.8300000000000001	1.8636872814419734e-35
0.84	1.8087113127792383e-35
0.85	1.7559791828187796e-35
0.86	1.705374503501654e-35
0.87	1.6567881811502914e-35
0.88	1.6088508432742043e-35
0.89	1.5612657537543666e-35
0.9	1.5155964325272716e-35
0.91	1.4717457316893968e-35
0.92	1.4296224229451265e-35
0.93	1.3891407776689593e-35
0.9400000000000001	1.3502201808717846e-35
0.9500000000000001	1.312784776008173e-35
0.96	1.2767631378679616e-35
0.97	1.242087971067507e-35
0.98	1.208695831897907e-35
0.99	1.1765268715055774e-35
1.	1.1455245985735371e-35
1.01	1.1147867369014535e-35
1.02	1.0842312844586677e-35
1.03	1.0547992979621341e-35
1.04	1.0264391560509668e-35
1.05	9.991020742127794e-36
1.06	9.72741923812885e-36
1.07	9.473150642381595e-36
1.08	9.227801870929875e-36
1.09	8.990981714805402e-36
1.1	8.762319494877249e-36
1.11	8.541463810696182e-36
1.12	8.328081375993896e-36
1.1300000000000001	8.121855934123222e-36
1.1400000000000001	7.922487247308219e-36
1.1500000000000001	7.729690154085143e-36
1.16	7.536652788206149e-36
1.17	7.345322891656286e-36
1.18	7.16041708335766e-36
1.19	6.981667936882892e-36
1.2	6.808821276288131e-36
1.21	6.64163541636147e-36
1.22	6.479880452256457e-36
1.23	6.323337594926687e-36
1.24	6.171798549066362e-36
1.25	6.02506493052318e-36
1.26	5.882947720385448e-36
1.27	5.74526675316887e-36
1.28	5.611850236724501e-36
1.29	5.482534301672013e-36
1.3	5.357162578331695e-36
1.31	5.2355857992822835e-36
1.32	5.1176614258093976e-36
1.33	4.9998555972310745e-36
1.34	4.8819358100438436e-36
1.35	4.767643075927128e-36
1.36	4.656840191206977e-36
1.37	4.549396098190223e-36
1.3800000000000001	4.44518556765602e-36
1.3900000000000001	4.344088899900417e-36
1.4000000000000001	4.2459916431251806e-36
1.41	4.150784328048133e-36
1.42	4.058362217696384e-36
1.43	3.9686250714119344e-36
1.44	3.881476922171916e-36
1.45	3.796825866385697e-36
1.46	3.7145838653889444e-36
1.47	3.6346665579102283e-36
1.48	3.556993082833929e-36
1.49	3.481485911628289e-36
1.5	3.408070689852964e-36
1.51	3.336676087195862e-36
1.52	3.267233655528391e-36
1.53	3.195888026586604e-36
1.54	3.1258414310079287e-36
1.55	3.057768675555971e-36
1.56	2.9916019382210924e-36
1.57	2.9272761413213328e-36
1.58	2.8647288239182647e-36
1.59	2.8039000209237706e-36
1.6	2.7447321485064658e-36
1.61	2.6871698954346223e-36
1.62	2.6311601200110752e-36
1.6300000000000001	2.576651752282981e-36
1.6400000000000001	2.5235957012231052e-36
1.6500000000000001	2.4719447666039566e-36
1.6600000000000001	2.421653555299506e-36
1.67	2.372678401767547e-36
1.68	2.324977292480043e-36
1.69	2.278509794083985e-36
1.7	2.233236985087452e-36
1.71	2.189121390878217e-36
1.72	2.1461269218949598e-36
1.73	2.1042188147795252e-36
1.74	2.0633635763518012e-36
1.75	2.0226211504282424e-36
1.76	1.9807975034332677e-36
1.77	1.940068343614079e-36
1.78	1.9003990863328588e-36
1.79	1.8617564254938222e-36
1.8	1.824108279488105e-36
1.81	1.7874237397078253e-36
1.82	1.751673021493944e-36
1.83	1.7168274173906474e-36
1.84	1.6828592525849806e-36
1.85	1.649741842419617e-36
1.86	1.617449451870957e-36
1.87	1.5859572568917136e-36
1.8800000000000001	1.555241307523416e-36
1.8900000000000001	1.525278492687976e-36
1.9000000000000001	1.496046506574706e-36
1.9100000000000001	1.467523816541124e-36
1.92	1.4396896324533907e-36
1.93	1.4125238773936765e-36
1.94	1.3860071596671827e-36
1.95	1.360120746044813e-36
1.96	1.3348465361812097e-36
1.97	1.3101670381504364e-36
1.98	1.2860653450451835e-36
1.99	1.2625251125886479e-36
2.	1.2395305377098935e-36
2.0100000000000002	1.2161400682742293e-36
2.02	1.1920150362076429e-36
2.0300000000000002	1.1684841943970521e-36
2.04	1.1455300884083513e-36
2.05	1.1231358585619235e-36
2.06	1.1012852168984815e-36
2.07	1.0799624251431822e-36
2.08	1.0591522736201084e-36
2.09	1.0388400610719603e-36
2.1	1.0190115753419363e-36
2.11	9.99653074876905e-37
2.12	9.80751271013689e-37
2.13	9.622933110113697e-37
2.14	9.442667617950725e-37
2.15	9.266595943784387e-37
2.16	9.09460168932968e-37
2.17	8.926572204751003e-37
2.18	8.762398451423383e-37
2.19	8.60197487031866e-37
2.2	8.44519925576023e-37
2.21	8.291972634306197e-37
2.22	8.142199148527107e-37
2.23	7.995785945464034e-37
2.24	7.85264306955458e-37
2.25	7.712683359831883e-37
2.2600000000000002	7.575822351205506e-37
2.27	7.441978179647498e-37
2.2800000000000002	7.311071491110872e-37
2.29	7.183025354018971e-37
2.3000000000000003	7.057765175170662e-37
2.31	6.92434774422599e-37
2.32	6.789347284845887e-37
2.33	6.657542626049601e-37
2.34	6.528844882781799e-37
2.35	6.403168007076394e-37
2.36	6.280428685950114e-37
2.37	6.1605462433847945e-37
2.38	6.043442546213968e-37
2.39	5.929041913748296e-37
2.4	5.817271030971379e-37
2.41	5.708058865153122e-37
2.42	5.6013365857331e-37
2.43	5.497037487331272e-37
2.44	5.395096915753022e-37
2.45	5.295452196859826e-37
2.46	5.198042568183539e-37
2.47	5.102809113167647e-37
2.48	5.009694697925347e-37
2.49	4.918643910407523e-37
2.5	4.829603001879437e-37
2.5100000000000002	4.7425198306110304e-37
2.52	4.657343807687167e-37
2.5300000000000002	4.574025844851458e-37
2.54	4.4925183042978915e-37
2.5500000000000003	4.41277495033233e-37
2.56	4.334750902825802e-37
2.57	4.258402592386834e-37
2.58	4.183687717183127e-37
2.59	4.110565201345323e-37
2.6	4.0389951548908346e-37
2.61	3.96893883510312e-37
2.62	3.900358609312379e-37
2.63	3.833217919018425e-37
2.64	3.767481245304228e-37
2.65	3.697473266772653e-37
2.66	3.6249351763904833e-37
2.67	3.5540843827572194e-37
2.68	3.4848755374343924e-37
2.69	3.417264673533782e-37
2.7	3.351209158707339e-37
2.71	3.286667649901148e-37
2.72	3.223600049804805e-37
2.73	3.1619674649230258e-37
2.74	3.1017321652065257e-37
2.75	3.0428575451764953e-37
2.7600000000000002	2.9853080864837793e-37
2.77	2.9290493218438182e-37
2.7800000000000002	2.874047800292757e-37
2.79	2.820271053711378e-37
2.8000000000000003	2.7676875645665785e-37
2.81	2.7162667348216565e-37
2.82	2.6659788559692202e-37
2.83	2.616795080142691e-37
2.84	2.5686873922634285e-37
2.85	2.5216285831828523e-37
2.86	2.475592223781751e-37
2.87	2.4305526399878546e-37
2.88	2.386484888677209e-37
2.89	2.343364734424921e-37
2.9	2.3011686270722926e-37
2.91	2.259873680079186e-37
2.92	2.2194576496313697e-37
2.93	2.1798989144744927e-37
2.94	2.1411764564465046e-37
2.95	2.103269841682215e-37
2.96	2.066159202465088e-37
2.97	2.0298252197008417e-37
2.98	1.9942491059910863e-37
2.99	1.9594125892826534e-37
3.	1.9252978970731085e-37
3.0100000000000002	1.891887741150157e-37
3.02	1.8591653028462322e-37
3.0300000000000002	1.8271142187889258e-37
3.04	1.794667836245663e-37
3.0500000000000003	1.7613497669156223e-37
3.06	1.7287562884120584e-37
3.0700000000000003	1.6968693513718523e-37
3.08	1.6656714127413518e-37
3.09	1.635145419993367e-37
3.1	1.6052747958849792e-37
3.11	1.5760434237361148e-37
3.12	1.5474356332095818e-37
3.13	1.519436186573754e-37
3.14	1.4920302654300329e-37
3.15	1.4652034578884114e-37
3.16	1.4389417461738415e-37
3.17	1.4132314946483928e-37
3.18	1.3880594382336319e-37
3.19	1.363412671218594e-37
3.2	1.3392786364395718e-37
3.21	1.3156451148180877e-37
3.22	1.2925002152442087e-37
3.23	1.2698323647927003e-37
3.24	1.247630299260185e-37
3.25	1.225883054011733e-37
3.2600000000000002	1.2046392868704165e-37
3.27	1.1838537455137228e-37
3.2800000000000002	1.1634886825960921e-37
3.29	1.1435343488247186e-37
3.3000000000000003	1.1239812496089177e-37
3.31	1.1048201376620328e-37
3.3200000000000003	1.0860420058393864e-37
3.33	1.0676380802048211e-37
3.34	1.0495998133170672e-37
3.35	1.0319188777288612e-37
3.36	1.0145871596913248e-37
3.37	9.975967530565308e-38
3.38	9.809399533714313e-38
3.39	9.646092521565505e-38
3.4	9.485973313633167e-38
3.41	9.328970580037879e-38
3.42	9.175014789470175e-38
3.43	9.024038158762709e-38
3.44	8.875974604019333e-38
3.45	8.730759693245771e-38
3.46	8.588330600434394e-38
3.47	8.448626061051045e-38
3.48	8.311586328882031e-38
3.49	8.177177366811872e-38
3.5	8.045350230728515e-38
3.5100000000000002	7.91601538424996e-38
3.52	7.789118808498894e-38
3.5300000000000002	7.664607804141423e-38
3.54	7.542430955541847e-38
3.5500000000000003	7.422538095989065e-38
3.56	7.304880273958313e-38
3.5700000000000003	7.189409720375589e-38
3.58	7.07607981685445e-38
3.59	6.964845064868763e-38
3.6	6.855661055835461e-38
3.61	6.748484442076985e-38
3.62	6.643272908634511e-38
3.63	6.539985145904492e-38
3.64	6.438580823074753e-38
3.65	6.339020562330355e-38
3.66	6.241265913809859e-38
3.67	6.14527933128383e-38
3.68	6.051024148536296e-38
3.69	5.958464556424068e-38
3.7	5.867565580595141e-38
3.71	5.77829305984357e-38
3.72	5.690613625083145e-38
3.73	5.604494678918076e-38
3.74	5.514730164545206e-38
3.75	5.421329959726056e-38
3.7600000000000002	5.329754073280465e-38
3.77	5.239962161569451e-38
3.7800000000000002	5.151914876750703e-38
3.79	5.065573839655479e-38
3.8000000000000003	4.980901613472536e-38
3.81	4.897861678214833e-38
3.8200000000000003	4.816418405940965e-38
3.83	4.736537036710297e-38
3.84	4.658183655245773e-38
3.85	4.581325168283238e-38
3.86	4.5059292825848905e-38
3.87	4.4319644835951077e-38
3.88	4.3594000147196164e-38
3.89	4.288205857207236e-38
3.9	4.2183527106155066e-38
3.91	4.149811973841396e-38
3.92	4.0825557267008047e-38
3.93	4.0165567120372265e-38
3.94	3.951788318345735e-38
3.95	3.8882245628933425e-38
3.96	3.8258400753239384e-38
3.97	3.7646100817283603e-38
3.98	3.7045103891698546e-38
3.99	3.645517370646375e-38
4.	3.587607950480167e-38
4.01	3.5298234967948633e-38
4.0200000000000005	3.472844428810587e-38
4.03	3.41692327802926e-38
4.04	3.362037849963774e-38
4.05	3.3081664690391195e-38
4.0600000000000005	3.2552879652202295e-38
4.07	3.20338166101642e-38
4.08	3.1524273588507046e-38
4.09	3.102405328782887e-38
4.1	3.0532962965757517e-38
4.11	3.005081432093756e-38
4.12	2.957742338024116e-38
4.13	2.9112610389116504e-38
4.14	2.865619970495864e-38
4.15	2.820801969343573e-38
4.16	2.776790262766083e-38
4.17	2.7335684590140465e-38
4.18	2.6911205377408944e-38
4.19	2.6494308407269467e-38
4.2	2.608484062856716e-38
4.21	2.568265243341748e-38
4.22	2.5287597571817293e-38
4.23	2.489953306857057e-38
4.24	2.451831914245775e-38
4.25	2.414381912758171e-38
4.26	2.377589939683976e-38
4.2700000000000005	2.3414429287434425e-38
4.28	2.3059281028391966e-38
4.29	2.2711305101637462e-38
4.3	2.2374724592625223e-38
4.3100000000000005	2.2043896718942581e-38
4.32	2.171871015326911e-38
4.33	2.1399055973290029e-38
4.34	2.1084827604351837e-38
4.3500000000000005	2.077592076361479e-38
4.36	2.0472233405656863e-38
4.37	2.017366566949249e-38
4.38	1.9880119826958127e-38
4.39	1.9591500232436987e-38
4.4	1.9307713273875056e-38
4.41	1.9028667325061037e-38
4.42	1.8754272699127166e-38
4.43	1.848444160324407e-38
4.44	1.8219088094471314e-38
4.45	1.7958128036732722e-38
4.46	1.7701479058887403e-38
4.47	1.7449060513864765e-38
4.48	1.7200793438833374e-38
4.49	1.6956600516375632e-38
4.5	1.6716406036644545e-38
4.51	1.6480135860468262e-38
4.5200000000000005	1.6247717383382332e-38
4.53	1.601907950056391e-38
4.54	1.5794152572639823e-38
4.55	1.5572868392350685e-38
4.5600000000000005	1.535516015203859e-38
4.57	1.5140962411949963e-38
4.58	1.4930211069314395e-38
4.59	1.472284332819695e-38
4.6000000000000005	1.4522364699120835e-38
4.61	1.4328833653710073e-38
4.62	1.4138292683871196e-38
4.63	1.395068926990908e-38
4.64	1.3765971925200836e-38
4.65	1.3584090173706763e-38
4.66	1.340499452802259e-38
4.67	1.322863646794988e-38
4.68	1.3054968419578876e-38
4.69	1.288394373486518e-38
4.7	1.271551667168919e-38
4.71	1.2549642374388538e-38
4.72	1.238627685474644e-38
4.73	1.222537697342801e-38
4.74	1.2066900421851857e-38
4.75	1.1910805704485915e-38
4.76	1.1757052121557613e-38
4.7700000000000005	1.160559975216582e-38
4.78	1.1456409437784768e-38
4.79	1.1309442766154205e-38
4.8	1.116466205553889e-38
4.8100000000000005	1.1022030339354122e-38
4.82	1.0881511351146596e-38
4.83	1.0743069509917332e-38
4.84	1.0606669905786466e-38
4.8500000000000005	1.0472278285982532e-38
4.86	1.0339861041156328e-38
4.87	1.020938519200259e-38
4.88	1.0080818376191442e-38
4.89	9.95412883559232e-39
4.9	9.829285403791954e-39
4.91	9.70625749389086e-39
4.92	9.585015086580595e-39
4.93	9.471232208618871e-39
4.94	9.362527972537336e-39
4.95	9.255287422692524e-39
4.96	9.149487953312767e-39
4.97	9.045107352328894e-39
4.98	8.942123793746073e-39
4.99	8.840515830174557e-39
5.	8.740262385522791e-39
5.01	8.641342747844297e-39
5.0200000000000005	8.543736562336548e-39
5.03	8.447423824488266e-39
5.04	8.352384873371177e-39
5.05	8.25860038507319e-39
5.0600000000000005	8.16605136627041e-39
5.07	8.074719147932791e-39
5.08	7.984585379162894e-39
5.09	7.89563202116405e-39
5.1000000000000005	7.807841341331583e-39
5.11	7.721195907471293e-39
5.12	7.635678582134825e-39
5.13	7.55127251707355e-39
5.14	7.467961147808802e-39
5.15	7.385728188311952e-39
5.16	7.304557625796574e-39
5.17	7.224433715615845e-39
5.18	7.145340976266064e-39
5.19	7.067264184493151e-39
5.2	6.990188370497069e-39
5.21	6.914098813237959e-39
5.22	6.838981035833159e-39
5.23	6.764820801053623e-39
5.24	6.691604106906183e-39
5.25	6.619317182310002e-39
5.26	6.547946482858171e-39
5.2700000000000005	6.477478686664775e-39
5.28	6.413339440116553e-39
5.29	6.35797423409537e-39
5.3	6.303190196757854e-39
5.3100000000000005	6.248980148240078e-39
5.32	6.195337010663727e-39
5.33	6.142253806499766e-39
5.34	6.089723656960255e-39
5.3500000000000005	6.037739780421055e-39
5.36	5.98629549086975e-39
5.37	5.935384196383913e-39
5.38	5.884999397634025e-39
5.39	5.835134686415628e-39
5.4	5.78578374420406e-39
5.41	5.7369403407378525e-39
5.42	5.6885983326249896e-39
5.43	5.640751661975191e-39
5.44	5.593394355054414e-39
5.45	5.5465205209651695e-39
5.46	5.500124350347615e-39
5.47	5.454200114105241e-39
5.48	5.4087421621516826e-39
5.49	5.3637449221796006e-39
5.5	5.3192028984507736e-39
5.51	5.275110670607945e-39
5.5200000000000005	5.2314628925060145e-39
5.53	5.188254291064303e-39
5.54	5.1454796651384046e-39
5.55	5.103133884411071e-39
5.5600000000000005	5.0612118883028926e-39
5.57	5.0197086849010824e-39
5.58	4.9786193499064473e-39
5.59	4.9379390255990204e-39
5.6000000000000005	4.8976629198210856e-39
5.61	4.857786304976579e-39
5.62	4.8183045170494935e-39
5.63	4.779212954636812e-39
5.64	4.740507077999095e-39
5.65	5.000243941216905e-39