0.01	12.244953504850752
0.02	36.8163438730452
0.03	48.64716420482306
0.04	54.50827314127579
0.05	57.34232536642785
0.06	58.457903841175074
0.07	58.50669546821609
0.08	57.81037441358998
0.09	56.588911842702906
0.1	54.97308577746948
0.11	53.111332695628874
0.12	50.75641522645968
0.13	48.092507240040256
0.14	45.289076387664856
0.15	42.169160327218094
0.16	39.181204048643636
0.17	36.667680718735724
0.18	34.51482960215906
0.19	32.61475475657955
0.2	31.026048713690237
0.21	29.586744913424383
0.22	28.247222326096537
0.23	26.97086693335979
0.24	25.802918589977004
0.25	24.716973889192257
0.26	23.635173621650953
0.27	22.638931505971012
0.28	21.71867423641447
0.29	20.83060426473752
0.3	19.965815999837787
0.31	19.163557521022987
0.32	18.41750208454274
0.33	17.708976662814706
0.34	17.00295090044166
0.35000000000000003	16.344338880396545
0.36	15.728734255880635
0.37	15.152247652832457
0.38	14.594333498569407
0.39	14.041922729992512
0.4	13.52362696483297
0.41000000000000003	13.036563421039848
0.42	12.578155379922574
0.43	12.146093366873473
0.44	11.711942884634517
0.45	11.29566438236769
0.46	10.902850943705303
0.47000000000000003	10.531711880597417
0.48	10.180627391648425
0.49	9.848129119938482
0.5	9.523030305074647
0.51	9.199554441908528
0.52	8.893032194157305
0.53	8.602274063053551
0.54	8.326194344967613
0.55	8.063800363799546
0.56	7.814182991536043
0.5700000000000001	7.5759240532920655
0.58	7.33149314556336
0.59	7.09892746249188
0.6	6.877464294405337
0.61	6.6664015724708285
0.62	6.465092153602059
0.63	6.272938725555538
0.64	6.089389256337401
0.65	5.9139329223431405
0.66	5.7382340877957105
0.67	5.565047404646523
0.68	5.399538705412686
0.6900000000000001	5.241262065487375
0.7000000000000001	5.0898034139428265
0.71	4.944777844647574
0.72	4.8058271883018895
0.73	4.672617816869201
0.74	4.544838655340111
0.75	4.422199378764567
0.76	4.2955097675151235
0.77	4.173085725753521
0.78	4.055663715079069
0.79	3.942979102137972
0.8	3.8347843628828
0.81	3.730847780343184
0.8200000000000001	3.6309522560733805
0.8300000000000001	3.5348942241127355
0.84	3.442482657510459
0.85	3.3535381585364026
0.86	3.2678921246438852
0.87	3.1800395517415456
0.88	3.0940060936666636
0.89	3.0112332853629242
0.9	2.931562965989238
0.91	2.8548462872903606
0.92	2.7809430707402965
0.93	2.7097212154485333
0.9400000000000001	2.6410561523271143
0.9500000000000001	2.5748303404585595
0.96	2.5109328019993735
0.97	2.449258692306351
0.98	2.3897089022884557
0.99	2.332189690269508
1.	2.272122198495407
1.01	2.2141751434973336
1.02	2.158255211039475
1.03	2.1042726435971466
1.04	2.052142476396726
1.05	2.0017842386238853
1.06	1.9531216758820147
1.07	1.906082492206491
1.08	1.8605981100898137
1.09	1.8166034471076289
1.1	1.7740367078578274
1.11	1.7328391900353817
1.12	1.6929551035657358
1.1300000000000001	1.6543314018104394
1.1400000000000001	1.6159891967259323
1.1500000000000001	1.5770466781118502
1.16	1.5393676873281432
1.17	1.502900859556892
1.18	1.4675973324561766
1.19	1.4334106043881554
1.2	1.4002964017849402
1.21	1.3682125549932018
1.22	1.3371188819909134
1.23	1.3069770794175983
1.24	1.2777506204032554
1.25	1.249404658721141
1.26	1.2219059388262854
1.27	1.1952227113750908
1.28	1.169324653852176
1.29	1.144182795958743
1.3	1.119769449442669
1.31	1.095223253608636
1.32	1.0705567331968997
1.33	1.0466256721106717
1.34	1.0234028568173013
1.35	1.0008622734189043
1.36	0.9789790464002056
1.37	0.9577293809249958
1.3800000000000001	0.9370905084515568
1.3900000000000001	0.9170406354538428
1.4000000000000001	0.8975588950502569
1.41	0.878625301355876
1.42	0.860220706386794
1.43	0.8423267593571755
1.44	0.8249258682205938
1.45	0.8080011633173771
1.46	0.7915364629991067
1.47	0.7755162411100937
1.48	0.7599255962137363
1.49	0.7447502224591276
1.5	0.7298164501533804
1.51	0.7144396721419307
1.52	0.6994851851594631
1.53	0.6849387270164958
1.54	0.670786606044824
1.55	0.6570156747671285
1.56	0.6436133049416106
1.57	0.630567363901616
1.58	0.6178661921153185
1.59	0.6054985818953378
1.6	0.59345375719258
1.61	0.5817213544127491
1.62	0.5702914041978125
1.6300000000000001	0.5591543141183025
1.6400000000000001	0.5483008522256694
1.6500000000000001	0.5377221314170388
1.6600000000000001	0.5274095945676167
1.67	0.5173550003887114
1.68	0.5075504099718854
1.69	0.49798817398209855
1.7	0.48866092046494225
1.71	0.47956154323511446
1.72	0.4706831908152348
1.73	0.46144145342268245
1.74	0.45240759966468297
1.75	0.44360086527888243
1.76	0.4350142909837583
1.77	0.42664116859086065
1.78	0.41847503059490526
1.79	0.41050964025080705
1.8	0.4027389821123176
1.81	0.3951572530083758
1.82	0.38775885343464195
1.83	0.38053837933896867
1.84	0.3734906142807439
1.85	0.3666105219451795
1.86	0.3598932389946661
1.87	0.35333406824030483
1.8800000000000001	0.3469284721176622
1.8900000000000001	0.3406720664516627
1.9000000000000001	0.33456061449636665
1.9100000000000001	0.328590021236139
1.92	0.3227563279354594
1.93	0.3170557069252994
1.94	0.3114844566146349
1.95	0.30603899671628243
1.96	0.30071586367680153
1.97	0.29551170630076473
1.98	0.2902693196749303
1.99	0.284974493840868
2.	0.2798020698942055
2.0100000000000002	0.27474862729008326
2.02	0.26981085742299593
2.0300000000000002	0.26498555943363855
2.04	0.26026963619248256
2.05	0.255660090451807
2.06	0.25115402115834445
2.07	0.24674861991910105
2.08	0.2424411676132804
2.09	0.2382290311436115
2.1	0.23410966032070835
2.11	0.2300805848744164
2.12	0.22613941158639334
2.13	0.22228382153847245
2.14	0.21851156747160835
2.15	0.21482047125047715
2.16	0.21120842142903348
2.17	0.20767337091256421
2.18	0.2042133347119864
2.19	0.20082638778635375
2.2	0.19751066296971923
2.21	0.1942643489786933
2.22	0.191085688497209
2.23	0.18797297633517182
2.24	0.1849245576578273
2.25	0.1819388262828323
2.2600000000000002	0.17901422304215253
2.27	0.17611277911392398
2.2800000000000002	0.1731306574041731
2.29	0.17021175317324796
2.3000000000000003	0.1673544589442061
2.31	0.16455721485390984
2.32	0.16181850704478795
2.33	0.15913686611754485
2.34	0.15651086564226016
2.35	0.153939120725437
2.36	0.15142028663067003
2.37	0.14895305745070989
2.38	0.14653616482880286
2.39	0.14416837672727967
2.4	0.14184849624145957
2.41	0.13957536045702099
2.42	0.13734783934907485
2.43	0.13516483472125393
2.44	0.1330252791832069
2.45	0.13092813516495513
2.46	0.1288723939666427
2.47	0.12685707484226796
2.48	0.12488122411605246
2.49	0.12294391433015806
2.5	0.12104424342252039
2.5100000000000002	0.11918133393361852
2.52	0.11735433224105334
2.5300000000000002	0.11556240782085361
2.54	0.11380475253447521
2.5500000000000003	0.11208057994050408
2.56	0.11038912463011406
2.57	0.1087296415853697
2.58	0.10710140555950624
2.59	0.10550371047834978
2.6	0.10393586886208106
2.61	0.10233879365390136
2.62	0.1007343788307079
2.63	0.09916108621640686
2.64	0.09761819719346027
2.65	0.09610501237078652
2.66	0.09462085099943054
2.67	0.09316505040810219
2.68	0.09173696545783665
2.69	0.09033596801506032
2.7	0.08896144644237569
2.71	0.08761280510640623
2.72	0.08628946390207026
2.73	0.0849908577926761
2.74	0.08371643636525883
2.75	0.08246566340059838
2.7600000000000002	0.08123801645738436
2.77	0.0800329864700119
2.7800000000000002	0.07885007735951613
2.79	0.07768880565716912
2.8000000000000003	0.07654870014028475
2.81	0.07542930147979368
2.82	0.07433016189916702
2.83	0.07325084484428614
2.84	0.07219092466386821
2.85	0.0711499863000767
2.86	0.07012762498895582
2.87	0.0691234459703453
2.88	0.06813706420694347
2.89	0.06716810411219891
2.9	0.06621619928672556
2.91	0.065280992262944
2.92	0.0643621342576671
2.93	0.06345928493235482
2.94	0.06257211216077696
2.95	0.061700291803829715
2.96	0.060843507491262515
2.97	0.06000145041008161
2.98	0.05917381909940314
2.99	0.058359073156458406
3.	0.05750782724895227
3.0100000000000002	0.056671768972819545
3.02	0.05585057824125731
3.0300000000000002	0.055043942741759104
3.04	0.054251557722480435
3.0500000000000003	0.053473125785151426
3.06	0.05270835668431692
3.0700000000000003	0.05195696713268929
3.08	0.05121868061241012
3.09	0.050493227192022025
3.1	0.04978034334896047
3.11	0.049079771797381926
3.12	0.048391261321151055
3.13	0.04771456661181734
3.14	0.04704944811141578
3.15	0.04639567185993399
3.16	0.045753009347292366
3.17	0.04512123736969034
3.18	0.04450013789017698
3.19	0.04388949790330808
3.2	0.043289109303758525
3.21	0.042698768758761926
3.22	0.04211827758425493
3.23	0.041547441624606815
3.24	0.04098607113582101
3.25	0.0404339806720968
3.2600000000000002	0.0398909889756459
3.27	0.03935691886965911
3.2800000000000002	0.03883159715432581
3.29	0.03831485450580871
3.3000000000000003	0.0378065253780815
3.31	0.037306447907540535
3.3200000000000003	0.03681446382030343
3.33	0.03633041834211139
3.34	0.035854160110754395
3.35	0.03538554109094142
3.36	0.03492441649154094
3.37	0.03447064468511732
3.38	0.034024087129695124
3.39	0.03358460829268115
3.4	0.033152075576879825
3.41	0.03272635924853815
3.42	0.03230733236735842
3.43	0.0318948707184198
3.44	0.03146741854888734
3.45	0.03103907848627854
3.46	0.030617783621634857
3.47	0.030203398215812843
3.48	0.029795789525431948
3.49	0.029394827728408655
3.5	0.029000385851547773
3.5100000000000002	0.02861233970012876
3.52	0.02823056778942623
3.5300000000000002	0.027854951278106863
3.54	0.027485373903445142
3.5500000000000003	0.02712172191830449
3.56	0.026763884029830005
3.5700000000000003	0.026411751339802093
3.58	0.026065217286601314
3.59	0.025724177588736723
3.6	0.025388530189891262
3.61	0.02505817520543952
3.62	0.02473301487039428
3.63	0.024412953488740115
3.64	0.024097897384113092
3.65	0.02378775485178752
3.66	0.02348243611193142
3.67	0.0231818532640942
3.68	0.022885920242890153
3.69	0.022594552774844068
3.7	0.02230766833636466
3.71	0.022025186112813955
3.72	0.021747026958640888
3.73	0.021473113358548686
3.74	0.02120336938966679
3.75	0.020937720684698524
3.7600000000000002	0.02067609439601677
3.77	0.020418419160681083
3.7800000000000002	0.020164625066350025
3.79	0.019914643618063544
3.8000000000000003	0.019668407705871003
3.81	0.019425851573281236
3.8200000000000003	0.019186910786511635
3.83	0.01895152220451386
3.84	0.01871962394975485
3.85	0.018491155379731988
3.86	0.01826605705920233
3.87	0.01804427073310592
3.88	0.017825739300164442
3.89	0.017610406787136365
3.9	0.017398218323710985
3.91	0.017189120118023482
3.92	0.016983059432774453
3.93	0.01677998456193738
3.94	0.016579844808038063
3.95	0.016367649900836802
3.96	0.016156546618111785
3.97	0.01594868821478631
3.98	0.015744016827734936
3.99	0.015542475767350412
4.	0.015344009490884328
4.01	0.01514856357645787
4.0200000000000005	0.014956084697724505
4.03	0.014766520599166466
4.04	0.014579820072007773
4.05	0.014395932930726862
4.0600000000000005	0.014214809990152644
4.07	0.014036403043127754
4.08	0.013860664838723976
4.09	0.013687549060994635
4.1	0.013517010308249554
4.11	0.013349004072838485
4.12	0.013183486721429282
4.13	0.01302041547576764
4.14	0.012859748393905359
4.15	0.012701444351884906
4.16	0.01254546302586772
4.17	0.012391764874694906
4.18	0.01224031112286847
4.19	0.012091063743942258
4.2	0.011943985444311649
4.21	0.011799039647391589
4.22	0.011656190478172578
4.23	0.011515402748145057
4.24	0.011376641940582206
4.25	0.011239874196172058
4.26	0.011105066298989722
4.2700000000000005	0.010972185662800924
4.28	0.010841200317688284
4.29	0.010712078896992015
4.3	0.01058479062455693
4.3100000000000005	0.010459305302277788
4.32	0.010335593297935564
4.33	0.0102136255333169
4.34	0.01009337347260975
4.3500000000000005	0.009974809111068053
4.36	0.00985790496393862
4.37	0.00974263405564362
4.38	0.009628969909212139
4.39	0.009516886535954627
4.4	0.009406358425373943
4.41	0.009297360535307313
4.42	0.009189868282293045
4.43	0.009083857532156821
4.44	0.00897930459081165
4.45	0.008876186195266533
4.46	0.008774479504838362
4.47	0.008674162092562174
4.48	0.008575211936794874
4.49	0.008477607413007538
4.5	0.00838132728576168
4.51	0.00828635070086508
4.5200000000000005	0.008192657177702577
4.53	0.008095984575985609
4.54	0.007996149074136661
4.55	0.007897760303405886
4.5600000000000005	0.007800794188188264
4.57	0.007705227105072686
4.58	0.007611035873384841
4.59	0.007518197745948005
4.6000000000000005	0.007426690400056143
4.61	0.007336491928654121
4.62	0.00724758083171975
4.63	0.007159936007842624
4.64	0.007073536745994944
4.65	0.006988362717489366
4.66	0.006904393968119451
4.67	0.0068216109104779965
4.68	0.006739994316449002
4.69	0.006659525309868864
4.7	0.006580185359352744
4.71	0.006501956271281944
4.72	0.006424820182948472
4.73	0.006348759555852789
4.74	0.006273757169151174
4.75	0.006199796113248894
4.76	0.006126859783535809
4.7700000000000005	0.006054931874260768
4.78	0.005983996372541631
4.79	0.005914037552507443
4.8	0.005845039969569754
4.8100000000000005	0.005776988454819867
4.82	0.005709868109549022
4.83	0.00564366429988856
4.84	0.005578362651567268
4.8500000000000005	0.005513949044782942
4.86	0.00545040960918568
4.87	0.005387730718970045
4.88	0.005325898988073616
4.89	0.005264901265479418
4.9	0.005204724630619723
4.91	0.005145356388878872
4.92	0.005086784067192796
4.93	0.005028995409742906
4.94	0.004971978373742225
4.95	0.004915721125311552
4.96	0.004860212035443564
4.97	0.004805439676052812
4.98	0.0047513928161096244
4.99	0.004698060417855968
5.	0.00464543163310136
5.01	0.004593495799596981
5.0200000000000005	0.004542242437486203
5.03	0.004491661245829763
5.04	0.004441742099203871
5.05	0.004392475044369547
5.0600000000000005	0.0043438502970116685
5.07	0.004295858238545953
5.08	0.004248489412992517
5.09	0.004201734523914384
5.1000000000000005	0.004155584431419468
5.11	0.004110030149224695
5.12	0.004065062841780703
5.13	0.0040206738214559
5.14	0.003976854545778448
5.15	0.003933596614734927
5.16	0.0038908917681243485
5.17	0.003848731882966356
5.18	0.003807108970962333
5.19	0.0037660151760082715
5.2	0.0037233189997734214
5.21	0.003678506914713218
5.22	0.003634318549559018
5.23	0.003590744053005651
5.24	0.003547773747753328
5.25	0.003505398127110226
5.26	0.003463607851667676
5.2700000000000005	0.0034223937460463537
5.28	0.0033817467957117037
5.29	0.0033416581438571237
5.3	0.0033021190883532484
5.3100000000000005	0.0032631210787618524
5.32	0.003224655713412897
5.33	0.003186714736543218
5.34	0.0031492900354955075
5.3500000000000005	0.0031123736379761457
5.36	0.0030759577093706103
5.37	0.0030400345501150703
5.38	0.0030045965931229427
5.39	0.0029696364012651677
5.4	0.002935146664902924
5.41	0.0029011201994716775
5.42	0.0028675499431153385
5.43	0.002834428954369426
5.44	0.0028017504098921562
5.45	0.0027695076022423203
5.46	0.0027376939377029737
5.47	0.002706302934149846
5.48	0.002675328218963528
5.49	0.0026447635269844154
5.5	0.002614602698509482
5.51	0.002584839677329953
5.5200000000000005	0.002555468508808956
5.53	0.0025264833379982773
5.54	0.002497878407793362
5.55	0.0024696480571256923
5.5600000000000005	0.0024417867191917552
5.57	0.002414288919717768
5.58	0.0023871492752593755
5.59	0.00236036249153558
5.6000000000000005	0.002333923361796132
5.61	0.0023078267652216597
5.62	0.0022820676653558048
5.63	0.0022566411085687267
5.64	0.0022315422225512027
5.65	0.002206766214838743
5.66	0.002182308371365044
5.67	0.0021581640550441187
5.68	0.0021343287043805326
5.69	0.00211079783210709
5.7	0.0020875670238494465
5.71	0.0020646319368169894
5.72	0.0020419882985194984
5.73	0.002019631905508987
5.74	0.0019975586221462147
5.75	0.001975764379391312
5.76	0.0019542451736180577
5.7700000000000005	0.0019329970654512506
5.78	0.0019120161786267248
5.79	0.0018912986988735155
5.8	0.001870840872817696
5.8100000000000005	0.001850639006907466
5.82	0.0018306894663589902
5.83	0.0018109886741226127
5.84	0.0017915331098689552
5.8500000000000005	0.001772319308994549
5.86	0.0017533438616465261
5.87	0.0017346034117660266
5.88	0.0017160946561499148
5.89	0.0016978143435303925
5.9	0.001679759273672197
5.91	0.0016619262964869615
5.92	0.0016443123111644286
5.93	0.0016269142653201347
5.94	0.001609729154159239
5.95	0.0015927540196561806
5.96	0.001575985949749809
5.97	0.0015585991715807706
5.98	0.001540493952319111
5.99	0.0015226287750087844
6.	0.0015050000643364284
6.01	0.0014876043040724684
6.0200000000000005	0.0014704380359986848
6.03	0.0014534978588569838
6.04	0.0014367804273189163
6.05	0.001420282450975513
6.0600000000000005	0.0014040006933469774
6.07	0.0013879319709118457
6.08	0.0013720731521551734
6.09	0.0013564211566353566
6.1000000000000005	0.0013409729540692066
6.11	0.001325725563434859
6.12	0.0013106760520921652
6.13	0.001295821534920207
6.140000000000001	0.0012811591734715384
6.15	0.0012666861751428383
6.16	0.001252399792361609
6.17	0.0012382973217885981
6.18	0.0012243761035356019
6.19	0.001210633520398339
6.2	0.0011970669971040821
6.21	0.001183673999573721
6.22	0.001170452034197994
6.23	0.0011573986471275504
6.24	0.001144511423576592
6.25	0.0011317879871397963
6.26	0.0011192259991222536
6.2700000000000005	0.001106823157882144
6.28	0.001094577198185897
6.29	0.0010824858905755723
6.3	0.001070547040748227
6.3100000000000005	0.0010587584889469957
6.32	0.001047118109363668
6.33	0.001035623809552523
6.34	0.001024273529855185
6.3500000000000005	0.001013065242836277
6.36	0.0010019969527296623
6.37	0.000991066694895053
6.38	0.0009802725352847695
6.390000000000001	0.0009696125699204559
6.4	0.0009585496810544697
6.41	0.0009474979715344136
6.42	0.0009365906148754996
6.43	0.0009258255051409382
6.44	0.0009152005703233544
6.45	0.0009047137717466337
6.46	0.0008943631034792333
6.47	0.0008841465917586957
6.48	0.0008740622944271507
6.49	0.0008641083003775728
6.5	0.0008542827290105684
6.51	0.0008445837297014852
6.5200000000000005	0.0008350094812776364
6.53	0.0008255581915054105
6.54	0.0008162280965870898
6.55	0.0008070174606671686
6.5600000000000005	0.0007979245753479714
6.57	0.0007889477592143996
6.58	0.0007800853573675996
6.59	0.0007713357409673897
6.6000000000000005	0.0007626973067832572
6.61	0.0007541684767537591
6.62	0.0007457476975541496
6.63	0.0007374334401720813
6.640000000000001	0.0007292241994911981
6.65	0.0007211184938824826
6.66	0.000713114864803185
6.67	0.000705211876403196
6.68	0.0006974081151386962
6.69	0.0006897021893929638
6.7	0.0006820927291041675
6.71	0.0006745783854000288
6.72	0.0006671578302392062
6.73	0.0006598297560592686
6.74	0.0006525928754311288
6.75	0.0006454459207198133
6.76	0.0006383876437514323
6.7700000000000005	0.0006314168154862407
6.78	0.0006245322256976547
6.79	0.0006177326826571297
6.8	0.0006110170128247528
6.8100000000000005	0.0006043840605454686
6.82	0.00059783268775081
6.83	0.0005913617736660267
6.84	0.0005849702145225179
6.8500000000000005	0.0005786297717962471
6.86	0.0005720783667868047
6.87	0.0005656105201935219
6.88	0.0005592250469802003
6.890000000000001	0.0005529207806041454
6.9	0.0005466965727013064
6.91	0.0005405512927772188
6.92	0.0005344838279036446
6.93	0.0005284930824207853
6.94	0.0005225779776449669
6.95	0.0005167374515816797
6.96	0.0005109704586438767
6.97	0.0005052759693754202
6.98	0.0004996529701795775
6.99	0.0004941004630524684
7.	0.0004886174653213594
7.01	0.00048320300938772527
7.0200000000000005	0.00047785614247496355
7.03	0.0004725759263806934
7.04	0.0004673614372335298
7.05	0.0004622117652542592
7.0600000000000005	0.0004571260145213242
7.07	0.00045210330274053786
7.08	0.00044714276101893736
7.09	0.0004422435336427124
7.1000000000000005	0.0004374047778591093
7.11	0.0004326256636622529
7.12	0.0004279053735827949
7.13	0.0004232431024813294
7.140000000000001	0.00041863805734549244
7.15	0.0004140894570906726
7.16	0.0004095965323642834
7.17	0.0004051585253534956
7.18	0.00040077468959640446
7.19	0.00039644428979652106
7.2	0.00039216660164056836
7.21	0.0003879409116194824
7.22	0.00038376651685258516
7.23	0.0003796427249148457
7.24	0.00037556885366719396
7.25	0.00037154423108980714
7.26	0.0003675681951183315
7.2700000000000005	0.00036364009348296945
7.28	0.00035975928355038626
7.29	0.00035592513216838197
7.3	0.0003521370155132736
7.3100000000000005	0.0003483943189399394
7.32	0.00034469643683447383
7.33	0.0003410427724694059
7.34	0.000337421438285407
7.3500000000000005	0.000333743283965242
7.36	0.0003301101437244558
7.37	0.00032652140662916467
7.38	0.0003229764708498062
7.390000000000001	0.0003194747435133828
7.4	0.00031601564055830307
7.41	0.0003125985865917652
7.42	0.00030922301474963914
7.43	0.00030588836655879453
7.44	0.00030259409180183783
7.45	0.00029933964838419836
7.46	0.0002961245022035428
7.47	0.00029294812702144405
7.48	0.00028981000433729294
7.49	0.0002867096232643852
7.5	0.0002836464804081641
7.51	0.00028062007974655965
7.5200000000000005	0.0002776299325124051
7.53	0.00027467555707787016
7.54	0.00027175647884089717
7.55	0.00026887223011358105
7.5600000000000005	0.0002660223500124724
7.57	0.0002632063843507633
7.58	0.00026042388553231715
7.59	0.00025767441244751657
7.6000000000000005	0.0002549575303708862
7.61	0.00025227281086046997
7.62	0.0002496198316589163
7.63	0.00024699817659625456
7.640000000000001	0.000244407435494316
7.65	0.00024184720407278935
7.66	0.00023931708385685645
7.67	0.00023681668208640436
7.68	0.00023434561162676319
7.69	0.00023190349088095962
7.7	0.00022948994370344515
7.71	0.0002271045993152827
7.72	0.00022474709222075528
7.73	0.0002224170621253811
7.74	0.00022011415385530153
7.75	0.000217838017278022
7.76	0.00021558830722447897
7.7700000000000005	0.00021336468341240982
7.78	0.00021116681037100385
7.79	0.00020899435736680702
7.8	0.00020684699833086438
7.8100000000000005	0.00020472441178707196
7.82	0.00020262628078171927
7.83	0.00020055229281420198
7.84	0.00019850213976888153
7.8500000000000005	0.000196475517848074
7.86	0.00019447212750614416
7.87	0.00019247870931574286
7.88	0.0001905001004874992
7.890000000000001	0.00018854430176042084
7.9	0.00018661102175981787
7.91	0.00018469997319501863
7.92	0.0001828108727970618
7.930000000000001	0.00018094344125742256
7.94	0.00017909740316774265
7.95	0.0001772724869605563
7.96	0.0001754684248509853
7.97	0.0001736849527793958
7.98	0.00017192181035499145
7.99	0.00017017874080033006
8.	0.00016845549089675087
8.01	0.00016675181093068643
8.02	0.00016506745464085743
8.03	0.00016340217916632082
8.040000000000001	0.00016175574499536902
8.05	0.00016012791591525334
8.06	0.0001585184589627297
8.07	0.00015692714437539972
8.08	0.00015535374554384454
8.09	0.00015379803896452794
8.1	0.00015225980419346501
8.11	0.00015073882380063253
8.120000000000001	0.00014923488332511841
8.13	0.0001477477712309899
8.14	0.00014627727886387158
8.15	0.00014482320040822087
8.16	0.00014338533284528746
8.17	0.00014196347591174656
8.18	0.0001405574320589928
8.19	0.00013916700641308536
8.2	0.00013779200673533047
8.21	0.0001364322433834934
8.22	0.00013508752927362708
8.23	0.0001337576798425074
8.24	0.00013244251301066363
8.25	0.0001311418491459981
8.26	0.00012985551102797852
8.27	0.00012858332381239857
8.28	0.0001273251149966953
8.290000000000001	0.0001260807143858122
8.3	0.00012484995405860315
8.31	0.00012363266833476073
8.32	0.0001224286937422704
8.33	0.0001212378689853692
8.34	0.00012006003491301359
8.35	0.00011889503448783465
8.36	0.00011774271275558568
8.370000000000001	0.00011660291681506106
8.38	0.00011547549578849027
8.39	0.00011436030079238842
8.4	0.00011325718490886535
8.41	0.00011216600315737768
8.42	0.0001110866124669205
8.43	0.00011000844908355785
8.44	0.00010892448368066085
8.45	0.00010785246373965656
8.46	0.00010679224371609543
8.47	0.00010574368000785834
8.48	0.00010470663092698401
8.49	0.0001036809566719409
8.5	0.00010266651930032958
8.51	0.00010166318270201425
8.52	0.0001006708125726709
8.53	0.00009968927638775078
8.540000000000001	0.0000987184433768459
8.55	0.00009775818449845653
8.56	0.00009680837241514767
8.57	0.00009586888146909282
8.58	0.0000949395876579957
8.59	0.00009402036861138558
8.6	0.00009311110356727785
8.61	0.00009221167334919634
8.620000000000001	0.00009132196034354917
8.63	0.00009044184847735338
8.64	0.00008957122319630248
8.65	0.0000887099714431707
8.66	0.00008785798163654966
8.67	0.0000870151436499103
8.68	0.00008618134879098568
8.69	0.00008535648978147009
8.700000000000001	0.0000845404607370264
8.71	0.00008373315714760189
8.72	0.00008293447585804004
8.73	0.00008214431504899177
8.74	0.000081362574218114
8.75	0.0000805891541615557
8.76	0.00007982395695572381
8.77	0.0000790668859393269
8.78	0.00007831784569568922
8.790000000000001	0.00007757674203533364
8.8	0.00007684348197882713
8.81	0.00007611797373988511
8.82	0.00007540012670873047
8.83	0.00007468985143570408
8.84	0.00007398705961512022
8.85	0.00007329166406936621
8.86	0.00007260357873323969
8.870000000000001	0.00007192271863852066
8.88	0.00007124899989877542
8.89	0.00007058233969438682
8.9	0.0000699226562578088
8.91	0.00006926986885904068
8.92	0.00006862389779131844
8.93	0.00006798466435701822
8.94	0.00006735209085377019
8.950000000000001	0.00006672610056077889
8.96	0.00006610661772534601
8.97	0.00006549356754959329
8.98	0.00006488687617738182
8.99	0.00006428647068142553
9.	0.00006369227905059349
9.01	0.00006310423017740198
9.02	0.00006252225384568862
9.03	0.00006194348703311973
9.040000000000001	0.00006134743250224599
9.05	0.000060757763038254734
9.06	0.00006017440330062511
9.07	0.000059597278919551354
9.08	0.00005902631648238455
9.09	0.00005846144352027966
9.1	0.00005790258849504114
9.11	0.00005734968078616844
9.120000000000001	0.00005680265067809414
9.13	0.000056261429347613644
9.14	0.000055725948851503715
9.15	0.00005519614211432451
9.16	0.00005467194291640623
9.17	0.00005415328588201198
9.18	0.0000536401064676797
9.19	0.00005313234095073574
9.200000000000001	0.00005262992641798031
9.21	0.00005213280075454026
9.22	0.0000516409026328879
9.23	0.00005115417150202184
9.24	0.0000506725475768089
9.25	0.0000501959718274823
9.26	0.00004972438596929662
9.27	0.00004925773245233404
9.28	0.00004879595445146154
9.290000000000001	0.00004833899585643579
9.3	0.00004788680126215359
9.31	0.00004743931595904552
9.32	0.000046996485923610765
9.33	0.000046558257809090317
9.34	0.00004612457893627748
9.35	0.00004569539728446195
9.36	0.000045270661482506796
9.370000000000001	0.000044850320800055715
9.38	0.00004443432513886831
9.39	0.00004402262502428158
9.4	0.00004361517159679604
9.41	0.00004321191660378339
9.42	0.000042812812391315795
9.43	0.00004241781189611229
9.44	0.000042026868637603226
9.450000000000001	0.00004163993671010835
9.46	0.000041256970775129296
9.47	0.00004087792605375206
9.48	0.000040502758319160307
9.49	0.00004013142388925586
9.5	0.000039763879619385724
9.51	0.000039400082895173414
9.52	0.00003903999162545434
9.53	0.00003868356423531068
9.540000000000001	0.00003833075965920841
9.55	0.0000379815373342309
9.56	0.00003763585719341
9.57	0.000037293679659152726
9.58	0.000036954965636761
9.59	0.00003661967650804515
9.6	0.000036287774125026614
9.61	0.000035959220803732305
9.620000000000001	0.00003563397931807528
9.63	0.00003531201289382432
9.64	0.000034993285202657
9.65	0.00003467776035629895
9.66	0.000034365402900744784
9.67	0.0000340561778105617
9.68	0.000033760338676364455
9.69	0.00003347634580408986
9.700000000000001	0.00003319503112667493
9.71	0.0000329163666653327
9.72	0.000032640324761946135
9.73	0.000032366878075068244
9.74	0.00003209599957597623
9.75	0.00003182766254477863
9.76	0.00003156184056657516
9.77	0.00003129850752766752
9.78	0.000031037637611821985
9.790000000000001	0.00003077920529658141
9.8	0.00003052318534962702
9.81	0.000030269552825188667
9.82	0.000030018283060503384
9.83	0.00002976935167232112
9.84	0.00002952273455345684
9.85	0.000029278407869389176
9.86	0.000029036348054903862
9.870000000000001	0.000028796531810782145
9.88	0.000028558936100532955
9.89	0.000028323538147168917
9.9	0.000028090315430024338
9.91	0.00002785924568161644
9.92	0.0000276303068845472
9.93	0.000027403477268446672
9.94	0.000027178735306956483
9.950000000000001	0.00002695605971475344
9.96	0.000026735429444611867
9.97	0.000026516823684505237
9.98	0.000026300221854745626
9.99	0.000026085603605160468
10.	0.00002587294881230731
10.01	0.000025662237576724033
10.02	0.00002545345022021604
10.03	0.00002524656728317805
10.040000000000001	0.000025041569521952035
10.05	0.000024838437906218548
10.06	0.00002463715361642301
10.07	0.000024437698041235003
10.08	0.00002424005277504094
10.09	0.000024044199615469294
10.1	0.000023850120560948012
10.11	0.00002365779780829371
10.120000000000001	0.000023467213750332004
10.13	0.000023278350973548997
10.14	0.00002309119225577277
10.15	0.000022905720563885335
10.16	0.000022721919051563804
10.17	0.000022539771057050852
10.18	0.000022359260100954054
10.19	0.00002218036988407343
10.200000000000001	0.000022003084285257114
10.21	0.0000218273873592844
10.22	0.000021653263334776257
10.23	0.000021480696612132427
10.24	0.00002130967176149525
10.25	0.000021140173520739235
10.26	0.000020972186793486778
10.27	0.000020805696647148857
10.28	0.000020640688310991126
10.290000000000001	0.00002047714717422433
10.3	0.000020315058784119527
10.31	0.000020154408844146774
10.32	0.00001999518321213802
10.33	0.00001983736789847299
10.34	0.000019680949064288443
10.35	0.00001952591301970961
10.36	0.000019372246222104937
10.370000000000001	0.00001923067399941562
10.38	0.000019111044719345232
10.39	0.000018992273744777152
10.4	0.000018874354100401652
10.41	0.00001875727887422488
10.42	0.000018641041216934
10.43	0.000018525634341269504
10.44	0.00001841105152140414
10.450000000000001	0.000018297286092328946
10.46	0.00001818433144924567
10.47	0.000018072181046966128
10.48	0.000017960828399317843
10.49	0.000017850267078556486
10.5	0.000017740490714784406
10.51	0.00001763149299537573
10.52	0.0000175232676644075
10.53	0.000017415808522097345
10.540000000000001	0.00001730910942424673
10.55	0.00001720316428169077
10.56	0.000017097967059753683
10.57	0.000016993511777710242
10.58	0.000016889792508253088
10.59	0.000016786803376965692
10.6	0.000016684538561801107
10.61	0.00001658299229256635
10.620000000000001	0.000016482158850412193
10.63	0.000016382032567328676
10.64	0.000016282607825645848
10.65	0.00001618387905753992
10.66	0.000016085840744544895
10.67	0.000015988487417069047
10.68	0.000015891813653917084
10.69	0.000015795814081817013
10.700000000000001	0.000015700483374952233
10.71	0.000015605816254498682
10.72	0.00001551180748816674
10.73	0.000015418451889748284
10.74	0.000015325744318668328
10.75	0.000015233679679541517
10.76	0.000015142252921733434
10.77	0.000015051459038926422
10.78	0.000014961293068690072
10.790000000000001	0.000014871750092056371
10.8	0.000014782825233099093
10.81	0.000014694513658517998
10.82	0.000014606810577227064
10.83	0.000014519711239947408
10.84	0.00001443321093880416
10.85	0.000014347305006927961
10.86	0.000014261988818060323
10.870000000000001	0.000014177257786163367
10.88	0.000014093107365033573
10.89	0.000014009533047919641
10.9	0.000013926530367144242
10.91	0.000013844094893729937
10.92	0.000013762222237028828
10.93	0.000013680908044356212
10.94	0.000013600148000628026
10.950000000000001	0.00001351993782800199
10.96	0.000013440273285522723
10.97	0.000013361150168770315
10.98	0.000013282564309512714
10.99	0.000013204511575361699
11.	0.000013126987869432392
11.01	0.000013049989130006386
11.02	0.000012973511330198241
11.03	0.000012897550477625673
11.040000000000001	0.000012822102614082875
11.05	0.00001274716381521744
11.06	0.000012672730190210476
11.07	0.000012598797881460273
11.08	0.000012525363064268841
11.09	0.000012923967335933936
11.1	0.000013498621067786496