0.01	20.600475574972826
0.02	35.602441029755255
0.03	42.772878820974704
0.04	46.416658510894834
0.05	48.197119417744794
0.06	48.856660602944096
0.07	48.84741851856626
0.08	48.40613393774685
0.09	47.69908765010147
0.1	46.83385246059943
0.11	45.886600945685714
0.12	44.78195541123988
0.13	43.7063732913704
0.14	42.595071262366844
0.15	41.48554832676002
0.16	40.36668050283182
0.17	39.278468857926505
0.18	38.146991515960735
0.19	37.10671901346821
0.2	35.97649337272379
0.21	34.90378175992582
0.22	33.90939847025675
0.23	32.76978406946528
0.24	31.71458514508853
0.25	30.73440713553285
0.26	29.64389988318043
0.27	28.57457051463179
0.28	27.580645111845183
0.29	26.653117577965336
0.3	25.597296625257403
0.31	24.615906304314695
0.32	23.70154430712301
0.33	22.84774589339469
0.34	22.040304778228272
0.35000000000000003	21.28028190607695
0.36	20.566790185311667
0.37	19.895803670904748
0.38	19.263741249889414
0.39	18.677629971356154
0.4	18.126305789459842
0.41000000000000003	17.60427587627392
0.42	17.109324754011926
0.43	16.63945201913225
0.44	16.189762286933295
0.45	15.739379005423752
0.46	15.311016713449346
0.47000000000000003	14.903154332629628
0.48	14.514405271088261
0.49	14.14350303759576
0.5	13.789288650805648
0.51	13.43433694518902
0.52	13.085263338316832
0.53	12.751653322220312
0.54	12.432549116978047
0.55	12.127068546850108
0.56	11.8343978328858
0.5700000000000001	11.553785186637676
0.58	11.281452704870443
0.59	11.003130916942736
0.6	10.736182222864093
0.61	10.479963743950579
0.62	10.233878686779953
0.63	9.997372363013302
0.64	9.769928609574794
0.65	9.551066563398823
0.66	9.34033775080345
0.67	9.128901659484814
0.68	8.919348582052985
0.6900000000000001	8.717560757410386
0.7000000000000001	8.523144051677964
0.71	8.335729583654903
0.72	8.154971779909856
0.73	7.980546604157277
0.74	7.812149943165527
0.75	7.649496133463334
0.76	7.492316614878191
0.77	7.332642690709393
0.78	7.1757159757080435
0.79	7.024083186352193
0.8	6.877502063738779
0.81	6.735744277016495
0.8200000000000001	6.598594463212916
0.8300000000000001	6.46584934397996
0.84	6.337316912257042
0.85	6.212815682562868
0.86	6.09217399925896
0.87	5.975229397689748
0.88	5.858474021049847
0.89	5.741129226689714
0.9	5.6274069090835885
0.91	5.5171568317090545
0.92	5.410236547329763
0.93	5.306510915075779
0.9400000000000001	5.205851652262207
0.9500000000000001	5.108136918109287
0.96	5.013250926785912
0.97	4.9210835874310925
0.98	4.83153016901754
0.99	4.744490988110261
1.	4.6598711177437595
1.01	4.575111143271921
1.02	4.489966935501245
1.03	4.407214957050758
1.04	4.326765737687856
1.05	4.248533970044729
1.06	4.172438278646363
1.07	4.098401003783833
1.08	4.026347999150612
1.09	3.956208442247827
1.1	3.887914656644376
1.11	3.821401945251012
1.12	3.756608433833972
1.1300000000000001	3.6934749240546214
1.1400000000000001	3.6319447553770643
1.1500000000000001	3.571963675236417
1.16	3.511346909960755
1.17	3.4507177339898134
1.18	3.3916381440400416
1.19	3.334055901479617
1.2	3.277920947536337
1.21	3.223185295145264
1.22	3.1698029270011783
1.23	3.117729699412523
1.24	3.0669232515827676
1.25	3.0173429199719752
1.26	2.9689496574162537
1.27	2.921705956705443
1.28	2.8755757783405755
1.29	2.8305244822119486
1.3	2.786518762956696
1.31	2.7435265887711555
1.32	2.701517143468776
1.33	2.6591928976540373
1.34	2.616458356458409
1.35	2.5747206992613116
1.36	2.5339495431425463
1.37	2.494115645282901
1.3800000000000001	2.4551908522648005
1.3900000000000001	2.4171480519746034
1.4000000000000001	2.3799611279553963
1.41	2.343604916069104
1.42	2.308055163335639
1.43	2.2732884888253615
1.44	2.2392823464889338
1.45	2.2060149898159183
1.46	2.173465438220307
1.47	2.1416134450574593
1.48	2.1104394671828195
1.49	2.0799246359682906
1.5	2.050050729697258
1.51	2.020800147263984
1.52	1.9921558831076525
1.53	1.962457928463169
1.54	1.9330823199637366
1.55	1.904332317516865
1.56	1.8761906894628195
1.57	1.8486407850522242
1.58	1.8216665113247386
1.59	1.7952523110470702
1.6	1.7693831416554624
1.61	1.7440444551510175
1.62	1.7192221788991415
1.6300000000000001	1.6949026972871672
1.6400000000000001	1.6710728341968282
1.6500000000000001	1.6477198362506982
1.6600000000000001	1.6248313567939412
1.67	1.602395440574956
1.68	1.5804005090904147
1.69	1.5588353465621727
1.7	1.5376890865152288
1.71	1.5169511989276518
1.72	1.4966114779249082
1.73	1.4766600299925332
1.74	1.4570872626824702
1.75	1.4374769967950805
1.76	1.417287666669473
1.77	1.3974938851324965
1.78	1.3780857330757381
1.79	1.3590535939299886
1.8	1.3403881428148723
1.81	1.32208033613515
1.82	1.304121401603009
1.83	1.286502828666642
1.84	1.269216359326476
1.85	1.2522539793213547
1.86	1.2356079096678534
1.87	1.2192705985367878
1.8800000000000001	1.203234713451752
1.8900000000000001	1.1874931337952983
1.9000000000000001	1.1720389436090735
1.9100000000000001	1.156865424674908
1.92	1.1419660498644968
1.93	1.1273344767459064
1.94	1.1129645414357296
1.95	1.0988502526862474
1.96	1.0849857861974346
1.97	1.0713654791442222
1.98	1.0579838249097697
1.99	1.0448354680160308
2.	1.031915199243284
2.0100000000000002	1.0188514654780616
2.02	1.0055033506087914
2.0300000000000002	0.9923947386443502
2.04	0.9795201839576398
2.05	0.9668743905944666
2.06	0.9544522074560516
2.07	0.9422486236590318
2.08	0.9302587640655944
2.09	0.918477884976731
2.1	0.9069013699818981
2.11	0.8955247259587189
2.12	0.8843435792165948
2.13	0.873353671778413
2.14	0.8625508577947939
2.15	0.8519311000855408
2.16	0.841490466803238
2.17	0.8312251282141189
2.18	0.8211313535915841
2.19	0.81120550821792
2.2	0.8014440504899873
2.21	0.7918435291248069
2.22	0.7824005804611809
2.23	0.7731119258536187
2.24	0.7639743691550238
2.25	0.7549847942847249
2.2600000000000002	0.7461401628786226
2.27	0.7374375120182908
2.2800000000000002	0.728873952036085
2.29	0.7204466643933687
2.3000000000000003	0.7121528996291252
2.31	0.703602309854336
2.32	0.6950230059733655
2.33	0.6865845411949326
2.34	0.678284013822427
2.35	0.6701185939883483
2.36	0.6620855215805738
2.37	0.6541821042369615
2.38	0.6464057154057511
2.39	0.6387537924693547
2.4	0.6312238349291955
2.41	0.6238134026493756
2.42	0.6165201141570219
2.43	0.609341644997268
2.44	0.6022757261408873
2.45	0.5953201424426933
2.46	0.5884727311488898
2.47	0.5817313804516155
2.48	0.5750940280890247
2.49	0.568558659989273
2.5	0.5621233089568796
2.5100000000000002	0.5557860533999653
2.52	0.5495450160969461
2.5300000000000002	0.5433983630013061
2.54	0.5373443020831264
2.5500000000000003	0.5313810822061081
2.56	0.5255069920388576
2.57	0.5197203589992665
2.58	0.5140195482308598
2.59	0.5084029616100159
2.6	0.5028690367830151
2.61	0.49741624623191993
2.62	0.49204309636830046
2.63	0.48674812665388834
2.64	0.48152990874724855
2.65	0.4761843196406952
2.66	0.4707697190795413
2.67	0.46543665916817567
2.68	0.4601836134201685
2.69	0.4550090894730527
2.7	0.4499116282024018
2.71	0.4448898028620857
2.72	0.43994221824982965
2.73	0.435067509897247
2.74	0.43026434328353647
2.75	0.42553141307207315
2.7600000000000002	0.42086744236914864
2.77	0.41627118200413005
2.7800000000000002	0.4117414098303599
2.79	0.4072769300461123
2.8000000000000003	0.40287657253496956
2.81	0.39853919222499734
2.82	0.394263668466111
2.83	0.39004890442506146
2.84	0.38589382649748016
2.85	0.38179738373644073
2.86	0.3777585472970237
2.87	0.3737763098963747
2.88	0.36984968528877926
2.89	0.3659777077552793
2.9	0.36215943160738684
2.91	0.3583939307044518
2.92	0.35468029798426765
2.93	0.3510176450065076
2.94	0.3474051015085945
2.95	0.3438418149736297
2.96	0.3403269502100131
2.97	0.3368596889423944
2.98	0.3334392294136235
2.99	0.33006478599735656
3.	0.3267355888210106
3.0100000000000002	0.3234508833987444
3.02	0.32020993027417627
3.0300000000000002	0.3170120046725466
3.04	0.313773842573468
3.0500000000000003	0.31045633977126263
3.06	0.3071846002759144
3.0700000000000003	0.30395784633204487
3.08	0.30077531587558765
3.09	0.2976362621676366
3.1	0.29453995343799133
3.11	0.2914856725381062
3.12	0.28847271660316914
3.13	0.2855003967230424
3.14	0.2825680376218019
3.15	0.2796749773456279
3.16	0.27682056695880136
3.17	0.2740041702475708
3.18	0.2712251634316641
3.19	0.2684829348832202
3.2	0.2657768848529327
3.21	0.26310642520319405
3.22	0.2604709791480433
3.23	0.25786998099972086
3.24	0.2553028759216455
3.25	0.2527691196876287
3.2600000000000002	0.2502681784471534
3.27	0.24779952849654205
3.2800000000000002	0.24536265605585553
3.29	0.24295705705135387
3.3000000000000003	0.24058223690337135
3.31	0.238237710319451
3.3200000000000003	0.23592300109259393
3.33	0.23363764190448294
3.34	0.23138117413354056
3.35	0.2291531476676936
3.36	0.2269531207217084
3.37	0.22478065965897953
3.38	0.22263533881764408
3.39	0.2205167403409082
3.4	0.21842445401147007
3.41	0.2163580770899295
3.42	0.2143172141570756
3.43	0.21230147695995072
3.44	0.21031048426158624
3.45	0.2083438616943162
3.46	0.20640124161657
3.47	0.20448226297305477
3.48	0.20258657115823397
3.49	0.20066173544633914
3.5	0.19868929453098516
3.5100000000000002	0.19674178687993235
3.52	0.19481882762265504
3.5300000000000002	0.1929200388992145
3.54	0.19104504971318434
3.5500000000000003	0.18919349578806213
3.56	0.1873650194270812
3.5700000000000003	0.18555926937632747
3.58	0.18377590069108005
3.59	0.18201457460528578
3.6	0.18027495840408878
3.61	0.17855672529933447
3.62	0.17685955430797026
3.63	0.17518313013326908
3.64	0.17352714304879976
3.65	0.17189128878507798
3.66	0.17027526841882348
3.67	0.1686787882647616
3.68	0.1671015597699001
3.69	0.16554329941022028
3.7	0.1640037285897201
3.71	0.1624825735417506
3.72	0.1609795652325849
3.73	0.15949443926716766
3.74	0.15802693579698546
3.75	0.156576799430008
3.7600000000000002	0.1551437791426474
3.77	0.15372762819368407
3.7800000000000002	0.15232810404011252
3.79	0.15094496825485595
3.8000000000000003	0.1495779864463067
3.81	0.14822692817964608
3.8200000000000003	0.14689156689989782
3.83	0.14557167985667638
3.84	0.14426704803058488
3.85	0.14297745606122433
3.86	0.14170269217677442
3.87	0.1404425481251071
3.88	0.1391968191063961
3.89	0.13796530370718654
3.9	0.1367478038358886
3.91	0.13554412465966104
3.92	0.13435407454265233
3.93	0.133177464985565
3.94	0.13201411056651258
3.95	0.1308638288831388
3.96	0.1297264404959677
3.97	0.12860176887295652
3.98	0.1274896403352225
3.99	0.12638988400391593
4.	0.12530233174821184
4.01	0.12417286730587496
4.0200000000000005	0.12304093193911417
4.03	0.12192208899213017
4.04	0.12081615510684615
4.05	0.11972294993801423
4.0600000000000005	0.1186422960964362
4.07	0.11757401909338994
4.08	0.11651794728623503
4.09	0.11547391182516656
4.1	0.1144417466010941
4.11	0.1134212881946163
4.12	0.11241237582606692
4.13	0.111414851306607
4.14	0.1104285589903384
4.15	0.10945334572741584
4.16	0.10848906081813336
4.17	0.10753555596796334
4.18	0.10659268524352551
4.19	0.10566030502946491
4.2	0.10473827398621857
4.21	0.10382645300864846
4.22	0.10292470518552374
4.23	0.1020328957598306
4.24	0.10115089208989166
4.25	0.10027856361127767
4.26	0.09941578179949138
4.2700000000000005	0.09856242013340821
4.28	0.09771835405945478
4.29	0.09688346095651082
4.3	0.09605762010151633
4.3100000000000005	0.09524071263576919
4.32	0.09443262153189767
4.33	0.09363323156149264
4.34	0.09284242926338471
4.3500000000000005	0.09206010291255266
4.36	0.09128614248964835
4.37	0.09052043965112495
4.38	0.08976288769995511
4.39	0.08901338155692622
4.4	0.08827181773249952
4.41	0.08753809429922242
4.42	0.08681211086467909
4.43	0.08609376854497079
4.44	0.08538296993871146
4.45	0.08467961910153025
4.46	0.08398362152106748
4.47	0.08329488409245525
4.48	0.08261331509427086
4.49	0.08193882416495417
4.5	0.08127132227967776
4.51	0.0806107217276615
4.5200000000000005	0.07995693608992026
4.53	0.07930988021743769
4.54	0.07866947020975489
4.55	0.0780356233939671
4.5600000000000005	0.07740825830411825
4.57	0.0767872946609859
4.58	0.07617265335224771
4.59	0.07556425641302225
4.6000000000000005	0.07494417556603154
4.61	0.07431144549370951
4.62	0.07368541107491847
4.63	0.07306598719166008
4.64	0.07245308998853632
4.65	0.07184663685135415
4.66	0.07124654638613731
4.67	0.07065273839853785
4.68	0.0700651338736372
4.69	0.06948365495613033
4.7	0.06890822493088379
4.71	0.06833876820386019
4.72	0.06777521028340189
4.73	0.06721747776186482
4.74	0.06666549829759781
4.75	0.06611920059725727
4.76	0.06557851439845275
4.7700000000000005	0.06504337045271483
4.78	0.06451370050877948
4.79	0.0639894372961825
4.8	0.06347051450915692
4.8100000000000005	0.062956866790828
4.82	0.06244842971769905
4.83	0.061945139784422495
4.84	0.06144693438885033
4.8500000000000005	0.060953751817358084
4.86	0.06046553123043719
4.87	0.05998221264854937
4.88	0.05950373693823916
4.89	0.05903004579849777
4.9	0.058561081747374864
4.91	0.058096788108831475
4.92	0.05763710899983095
4.93	0.057181989317661976
4.94	0.05673137472748939
4.95	0.05628521165012864
4.96	0.055843447250038585
4.97	0.05540602942352925
4.98	0.0549729067871794
4.99	0.05454402866646064
5.	0.05411934508456302
5.01	0.053698806751419144
5.0200000000000005	0.05328236505292211
5.03	0.0528699720403337
5.04	0.052461580419879646
5.05	0.052057143542527
5.0600000000000005	0.05165661539394189
5.07	0.051259950584622245
5.08	0.050867104340203514
5.09	0.050478032491933264
5.1000000000000005	0.05009269146731169
5.11	0.04971103828089483
5.12	0.04933303052525709
5.13	0.04895862636211032
5.14	0.04858778451357625
5.15	0.04822046425360943
5.16	0.04785662539956784
5.17	0.04749622830392805
5.18	0.047139233846142645
5.19	0.04678560342463666
5.2	0.04643529894894124
5.21	0.04608828283196068
5.22	0.04574451798237135
5.23	0.04540396779714975
5.24	0.0450665961542272
5.25	0.04473236740526829
5.26	0.04440124636857204
5.2700000000000005	0.044073198322091806
5.28	0.04374015357799921
5.29	0.04339838766000618
5.3	0.043059930051069846
5.3100000000000005	0.042724742574878724
5.32	0.04239278756637963
5.33	0.04206402786398732
5.34	0.04173842680192717
5.3500000000000005	0.04141594820270859
5.36	0.04109655636972585
5.37	0.040780216079985526
5.38	0.04046689257695602
5.39	0.04015655156353924
5.4	0.03984915919516003
5.41	0.039544682072972744
5.42	0.03924308723718175
5.43	0.03894434216047405
5.44	0.038648414741562435
5.45	0.03835527329883623
5.46	0.03806488656411818
5.47	0.03777722367652571
5.48	0.037492254176433856
5.49	0.03720994799953894
5.5	0.03693027547102045
5.51	0.03665320729979943
5.5200000000000005	0.036378714572891976
5.53	0.03610676874985586
5.54	0.03583734165732812
5.55	0.03557040548365315
5.5600000000000005	0.03530593277359817
5.57	0.03504389642315574
5.58	0.03478426967443091
5.59	0.03452702611061198
5.6000000000000005	0.034272139651023076
5.61	0.03401958454625712
5.62	0.03376933537338781
5.63	0.03352136703125935
5.64	0.03327565473585191
5.65	0.033032174015722386
5.66	0.03279090070751827
5.67	0.032551810951563946
5.68	0.03231488118751753
5.69	0.032080088150097705
5.7	0.031847408864878655
5.71	0.03161682064415227
5.72	0.03138830108285625
5.73	0.031161828054567256
5.74	0.030937379707557323
5.75	0.030714934460913296
5.76	0.030494471000717283
5.7700000000000005	0.03027596827628781
5.78	0.030059405496480108
5.79	0.02984476212604468
5.8	0.02963201788204331
5.8100000000000005	0.029421152730321098
5.82	0.029212146882033937
5.83	0.02900498079023027
5.84	0.028799635146486213
5.8500000000000005	0.028596090877593284
5.86	0.02839432914229741
5.87	0.02819433132808883
5.88	0.027996079048041803
5.89	0.02779955413770313
5.9	0.027604738652028744
5.91	0.02741161486236787
5.92	0.027220165253493245
5.93	0.027030372520677373
5.94	0.026842219566813423
5.95	0.026655689499580477
5.96	0.026470765628651968
5.97	0.026287431462946896
5.98	0.026105670707922937
5.99	0.025925467262910746
6.	0.025746805218488857
6.01	0.025569668853898317
6.0200000000000005	0.02539404263449669
6.03	0.025219911209250174
6.04	0.025047259408264192
6.05	0.024876072240350676
6.0600000000000005	0.02470386002811859
6.07	0.024525180300512015
6.08	0.0243480838785524
6.09	0.024172554162747
6.1000000000000005	0.023998574754485108
6.11	0.02382612945328324
6.12	0.023655202254072413
6.13	0.02348577734452689
6.140000000000001	0.023317839102433856
6.15	0.023151372093103025
6.16	0.022986361066815838
6.17	0.0228227909563133
6.18	0.022660646874321948
6.19	0.022499914111117545
6.2	0.02234057813212507
6.21	0.022182624575555587
6.22	0.022026039250078306
6.23	0.02187080813252779
6.24	0.021716917365645724
6.25	0.021564353255856497
6.26	0.021413102271075936
6.2700000000000005	0.02126315103855316
6.28	0.021114486342744338
6.29	0.020967095123218298
6.3	0.020820964472593396
6.3100000000000005	0.02067608163450471
6.32	0.020532434001601867
6.33	0.020390009113576097
6.34	0.020248794655216753
6.3500000000000005	0.02010877845449645
6.36	0.019969948480684296
6.37	0.01983229284248722
6.38	0.019695799786218222
6.390000000000001	0.019560457693991878
6.4	0.019426255081945967
6.41	0.019293180598489428
6.42	0.019161223022575603
6.43	0.01903037126200085
6.44	0.01890061435172792
6.45	0.01877194145223368
6.46	0.018644341847880747
6.47	0.018517804945312813
6.48	0.018392320271873337
6.49	0.018267877474046682
6.5	0.018144466315922165
6.51	0.01802207667767997
6.5200000000000005	0.017900698554098964
6.53	0.017780322053085895
6.54	0.01766093739422571
6.55	0.017542534907352587
6.5600000000000005	0.017425105031141395
6.57	0.017308638311719336
6.58	0.017193125401297315
6.59	0.01707855705682076
6.6000000000000005	0.016964924138639696
6.61	0.016852217609197615
6.62	0.016740428531738905
6.63	0.016629548069034706
6.640000000000001	0.016519567482126615
6.65	0.016410478129088097
6.66	0.016302271463803496
6.67	0.016194939034764027
6.68	0.016088472483880848
6.69	0.015982863545314585
6.7	0.01587810404432145
6.71	0.015774185896115275
6.72	0.01567110110474559
6.73	0.015568841761991277
6.74	0.015467400046269602
6.75	0.015366768221560403
6.76	0.015266938636345316
6.7700000000000005	0.015167903722561436
6.78	0.015069655994569789
6.79	0.014972188048137861
6.8	0.014875492559436043
6.8100000000000005	0.014779562284048187
6.82	0.01468439005599562
6.83	0.014589968786774429
6.84	0.014496291464406248
6.8500000000000005	0.014403351152501747
6.86	0.014311140989337109
6.87	0.014219654186943083
6.88	0.014128884030206361
6.890000000000001	0.014038823875983332
6.9	0.013949467152225779
6.91	0.01386080735711845
6.92	0.0137728380582284
6.93	0.013685552891665733
6.94	0.013598945561255791
6.95	0.01351300983772246
6.96	0.013424949432711034
6.97	0.013334706418974033
6.98	0.013245198100888415
6.99	0.013156417457324104
7.	0.013068357544156611
7.01	0.012981011493314095
7.0200000000000005	0.012894372511837584
7.03	0.012808433880954147
7.04	0.012723188955162654
7.05	0.012638631161332256
7.0600000000000005	0.012554753997813087
7.07	0.012471551033559245
7.08	0.012389015907263653
7.09	0.012307142326504763
7.1000000000000005	0.012225924066904878
7.11	0.012145354971299982
7.12	0.012065428948920731
7.13	0.011986139974584671
7.140000000000001	0.01190748208789935
7.15	0.011829449392476115
7.16	0.011752036055154763
7.17	0.01167523630523846
7.18	0.011599044433738945
7.19	0.01152345479263208
7.2	0.01144846179412322
7.21	0.011374059909922499
7.22	0.011300243670529887
7.23	0.011227007664529652
7.24	0.011154346537894492
7.25	0.011082254993298676
7.26	0.011010727789440535
7.2700000000000005	0.01093975974037392
7.28	0.0108693457148485
7.29	0.010799480635658816
7.3	0.010730159479002032
7.3100000000000005	0.010661377273844128
7.32	0.010593129101294447
7.33	0.01052541009398856
7.34	0.01045821543547921
7.3500000000000005	0.010391540359635337
7.36	0.010325380150048871
7.37	0.0102597301394495
7.38	0.0101945857091269
7.390000000000001	0.010129942288360765
7.4	0.010065795353858029
7.41	0.010002140429197625
7.42	0.00993897308428244
7.43	0.009876288934798354
7.44	0.00981408364168034
7.45	0.009752352910585526
7.46	0.009691092491373047
7.47	0.009630298177590684
7.48	0.009569965805968023
7.49	0.009510091255916394
7.5	0.00945067044903498
7.51	0.009391699348623451
7.5200000000000005	0.009333173959200913
7.53	0.00927509032603085
7.54	0.009217444534652362
7.55	0.009160232710417271
7.5600000000000005	0.009103451018033214
7.57	0.009047095661112586
7.58	0.008991162881727136
7.59	0.008935648959968415
7.6000000000000005	0.008880550213513678
7.61	0.008825862997197318
7.62	0.008771583702587826
7.63	0.008717708757570027
7.640000000000001	0.008664234625932658
7.65	0.008611157806961138
7.66	0.008558474835035447
7.67	0.008506182279233207
7.68	0.008454276742937573
7.69	0.008402754863450209
7.7	0.008351613311609088
7.71	0.008300848791411011
7.72	0.008250458039638997
7.73	0.008200437825494178
7.74	0.008150784950232453
7.75	0.008101496246805551
7.76	0.008052568579506618
7.7700000000000005	0.00800399884362026
7.78	0.007955783965076816
7.79	0.007907920900111103
7.8	0.007860406634925224
7.8100000000000005	0.00781323818535562
7.82	0.007766412596544324
7.83	0.007719926942614079
7.84	0.007673778326347679
7.8500000000000005	0.0076279638788711406
7.86	0.00758248075934077
7.87	0.007537326154634147
7.88	0.007492497279044844
7.890000000000001	0.007447991373980909
7.9	0.007403805707667058
7.91	0.007359937574850449
7.92	0.007316384296510163
7.930000000000001	0.0072731432195700715
7.94	0.007230211716615376
7.95	0.007187587185612471
7.96	0.007145267049632242
7.97	0.007103248756576771
7.98	0.007061529778909275
7.99	0.00701861355150646
8.	0.0069741813423256195
8.01	0.006930085396259354
8.02	0.006886322753417871
8.03	0.006842890483609488
8.040000000000001	0.006799785686006261
8.05	0.006757005488813669
8.06	0.006714547048944454
8.07	0.006672407551696547
8.08	0.006630584210434961
8.09	0.006589074266277664
8.1	0.006547874987785378
8.11	0.006506983670655092
8.120000000000001	0.006466397637417583
8.13	0.0064261142371384705
8.14	0.006386130845123092
8.15	0.006346444862624974
8.16	0.006307053716557863
8.17	0.006267954859211401
8.18	0.006229145767970163
8.19	0.006190623945036238
8.2	0.006152386917155189
8.21	0.006114432235345334
8.22	0.006076757474630395
8.23	0.006039360233775353
8.24	0.006002238135025575
8.25	0.005965388823849099
8.26	0.00592880996868203
8.27	0.005892499260677084
8.28	0.005856454413455153
8.290000000000001	0.005820673162859861
8.3	0.0057851532667151755
8.31	0.005749892504585813
8.32	0.005714888677540701
8.33	0.005680139607919152
8.34	0.005645643139099957
8.35	0.00561139713527321
8.36	0.005577399481214868
8.370000000000001	0.005543648082064066
8.38	0.005510140863103064
8.39	0.005476875769539816
8.4	0.00544385076629322
8.41	0.005411063837780819
8.42	0.005378512987709143
8.43	0.0053461962388665
8.44	0.005314111632918225
8.45	0.005282257230204407
8.46	0.0052506311095399565
8.47	0.0052192313680171345
8.48	0.005188056120810347
8.49	0.005157103500983257
8.5	0.005126371659298238
8.51	0.00509585876402801
8.52	0.005065563000769524
8.53	0.005035482572260077
8.540000000000001	0.0050056156981955055
8.55	0.004975960615050619
8.56	0.004946515575901638
8.57	0.004917278850250823
8.58	0.004888248723853063
8.59	0.00485942349854456
8.6	0.004830801492073474
8.61	0.004802381037932567
8.620000000000001	0.004774160485193801
8.63	0.004746138198344854
8.64	0.004718312557127517
8.65	0.004690681956378044
8.66	0.0046632448058692415
8.67	0.004635999530154499
8.68	0.004608944568413562
8.69	0.004582078374300097
8.700000000000001	0.004555399415791043
8.71	0.0045289061750376745
8.72	0.0045025971482184025
8.73	0.004476470845393256
8.74	0.0044505257903600295
8.75	0.004424760520512132
8.76	0.004399173586697986
8.77	0.004373763553082136
8.78	0.004348528997007846
8.790000000000001	0.004323468508861348
8.8	0.0042985806919376025
8.81	0.004273864162307615
8.82	0.004249317548687223
8.83	0.004224939492307441
8.84	0.0042007286467861974
8.85	0.004176683678001616
8.86	0.004152803263966677
8.870000000000001	0.004129086094705313
8.88	0.0041055308721299226
8.89	0.004082136309920252
8.9	0.004058901133403634
8.91	0.004035824079436625
8.92	0.004012903896287926
8.93	0.003990139343522654
8.94	0.003967529191887883
8.950000000000001	0.0039450722231995135
8.96	0.003922767230230372
8.97	0.0039006130165995983
8.98	0.003878608396663238
8.99	0.0038567521954060782
9.	0.0038350432483346985
9.01	0.0038134804013716965
9.02	0.003792062510751104
9.03	0.003770788442914964
9.040000000000001	0.003749657074411059
9.05	0.0037286672917917815
9.06	0.0037078179915141073
9.07	0.0036871080798407075
9.08	0.0036665364727421356
9.09	0.00364610209580008
9.1	0.003625803884111745
9.11	0.003605640782195206
9.120000000000001	0.0035856117438958775
9.13	0.0035657157322939786
9.14	0.0035459517196130197
9.15	0.003526318687129288
9.16	0.003506815625082352
9.17	0.00348721036637909
9.18	0.003466317171698251
9.19	0.003445571699042739
9.200000000000001	0.003424972744926416
9.21	0.003404519116960788
9.22	0.003384209633740783
9.23	0.0033640431247318266
9.24	0.003344018430158169
9.25	0.0033241344008925256
9.26	0.003304389898346925
9.27	0.0032847837943648195
9.28	0.0032653149711143973
9.290000000000001	0.0032459823209831087
9.3	0.0032267847464733865
9.31	0.0032077211600995198
9.32	0.003188790484285715
9.33	0.003169991651265292
9.34	0.0031513236029809973
9.35	0.0031327852909864666
9.36	0.003114375676348753
9.370000000000001	0.0030960937295519903
9.38	0.0030779384304020978
9.39	0.003059908767932552
9.4	0.0030420037403112495
9.41	0.003024222354748341
9.42	0.0030065636274051602
9.43	0.0029890265833041186
9.44	0.0029716102562396167
9.450000000000001	0.0029543136886899532
9.46	0.0029371359317301882
9.47	0.0029200760449460067
9.48	0.0029031330963484882
9.49	0.002886306162289861
9.5	0.0028695943273801647
9.51	0.0028529966844048375
9.52	0.0028365123342432054
9.53	0.0028201403857878865
9.540000000000001	0.002803879955865047
9.55	0.0027877301691555828
9.56	0.002771690158117108
9.57	0.002755759062906851
9.58	0.002739936031305363
9.59	0.002724220218641065
9.6	0.002708610787715635
9.61	0.002693106908730191
9.620000000000001	0.002677707759212283
9.63	0.002662412523943697
9.64	0.002647220394889018
9.65	0.002632130571124985
9.66	0.0026171422587706224
9.67	0.0026022546709180976
9.68	0.002587467027564369
9.69	0.002572778555543533
9.700000000000001	0.0025581884884599317
9.71	0.0025436960666219885
9.72	0.0025293005369767057
9.73	0.002515001153044947
9.74	0.002500797174857346
9.75	0.002486687868890944
9.76	0.002472672508006508
9.77	0.0024587503713864893
9.78	0.002444920744473697
9.790000000000001	0.0024311829189105753
9.8	0.0024175361924791815
9.81	0.0024039798690417657
9.82	0.002390513258482008
9.83	0.0023771356766468773
9.84	0.002363846445289095
9.85	0.0023506448920102446
9.86	0.0023375303502044574
9.870000000000001	0.0023245021590027025
9.88	0.0023115596632176777
9.89	0.0022987022132892753
9.9	0.0022859291652306333
9.91	0.002273239880574756
9.92	0.0022606337263216822
9.93	0.0022481100748862506
9.94	0.0022356683040463646
9.950000000000001	0.0022233077968918553
9.96	0.0022110279417738407
9.97	0.0021988281322546416
9.98	0.002186707767058217
9.99	0.002174666250021116
10.	0.0021627029900439542
10.01	0.002150817401043393
10.02	0.002139008901904608
10.03	0.0021272769164342887
10.040000000000001	0.002115620873314088
10.05	0.0021040402060545933
10.06	0.0020925343529497615
10.07	0.0020811027570318123
10.08	0.0020697448660266285
10.09	0.002058460132309586
10.1	0.002047248012861866
10.11	0.002036107969227204
10.120000000000001	0.002025039467469092
10.13	0.002014041978128434
10.14	0.0020031149761816224
10.15	0.001992257940999062
10.16	0.001981470356304113
10.17	0.001970751710132465
10.18	0.0019601014947919237
10.19	0.001949519206822612
10.200000000000001	0.0019390043469575857
10.21	0.0019285564200838482
10.22	0.0019181749352037661
10.23	0.0019078594053968875
10.24	0.0018976093477821362
10.25	0.001887424283480413
10.26	0.0018773037375775642
10.27	0.0018672472390877258
10.28	0.0018572543209170646
10.290000000000001	0.0018473245198278583
10.3	0.0018374573764029663
10.31	0.0018276524350106461
10.32	0.001817909243769735
10.33	0.0018082273545151912
10.34	0.0017986063227639559
10.35	0.0017890457076812159
10.36	0.001779545072046943
10.370000000000001	0.001770103982222818
10.38	0.0017607220081194803
10.39	0.0017513987231640843
10.4	0.0017421337042682183
10.41	0.0017329265317961211
10.42	0.0017237767895332302
10.43	0.0017146840646550397
10.44	0.001705647947696279
10.450000000000001	0.0016966680325203873
10.46	0.0016877439162893218
10.47	0.0016788751994336307
10.48	0.0016700614856228542
10.49	0.001661302381736212
10.5	0.0016525974978335845
10.51	0.001643946447126782
10.52	0.0016353488459511013
10.53	0.0016265303082074005
10.540000000000001	0.0016171415332463953
10.55	0.001607815779412547
10.56	0.0015985525645480388
10.57	0.0015893514106354882
10.58	0.0015802118437585225
10.59	0.0015711333940627648
10.6	0.0015621155957172314
10.61	0.0015531579868761237
10.620000000000001	0.0015442601096410254
10.63	0.0015354215100234915
10.64	0.0015266417379080253
10.65	0.0015179203470154481
10.66	0.0015092568948666335
10.67	0.0015006509427466313
10.68	0.0014921020556691636
10.69	0.0014836098023414735
10.700000000000001	0.0014751737551295617
10.71	0.001466793490023765
10.72	0.0014584685866046835
10.73	0.0014501986280094894
10.74	0.0014419832008985486
10.75	0.0014338218954224125
10.76	0.0014257143051891298
10.77	0.001417660027231909
10.78	0.001409658661977107
10.790000000000001	0.0014017098132125436
10.8	0.0013938130880561453
10.81	0.0013859680969249125
10.82	0.0013781744535041921
10.83	0.0013704317747172822
10.84	0.001362739680695328
10.85	0.0013550977947475453
10.86	0.0013475057433317277
10.870000000000001	0.0013399631560250677
10.88	0.0013324696654952717
10.89	0.001325024907471965
10.9	0.0013176285207183902
10.91	0.0013102801470033945
10.92	0.0013029794310736966
10.93	0.001295726020626437
10.94	0.00128851956628201
10.950000000000001	0.00128135972155716
10.96	0.0012742461428383641
10.97	0.0012671784893554653
10.98	0.0012601564231555934
10.99	0.0012531796090773269
11.	0.0012462477147251291
11.01	0.0012393604104440408
11.02	0.0012325173692946192
11.03	0.0012257182670281305
11.040000000000001	0.001218962782062003
11.05	0.001212250595455505
11.06	0.0012055813908856917
11.07	0.0011989548546235639
11.08	0.0011923706755104964
11.09	0.0011858285449348714
11.1	0.0011793281568089663
11.11	0.001172869207546067
11.120000000000001	0.001166451396037798
11.13	0.0011600744236316984
11.14	0.0011537379941089997
11.15	0.001147441813662638
11.16	0.0011411855908754797
11.17	0.0011349690366987632
11.18	0.0011287918644307569
11.19	0.0011226537896956235
11.200000000000001	0.001116554530422495
11.21	0.0011104938068247571
11.22	0.001104471341379538
11.23	0.0010984868588073916
11.24	0.001092540086052194
11.25	0.0010866307522612248
11.26	0.001080758588765456
11.27	0.0010749233290600207
11.28	0.0010691247087848933
11.290000000000001	0.001063362465705736
11.3	0.001057636339694949
11.31	0.0010519460727129045
11.32	0.0010462914087893604
11.33	0.0010406720940050532
11.34	0.0010350878764734774
11.35	0.0010295385063228402
11.36	0.0010240237356781887
11.370000000000001	0.0010185433186437156
11.38	0.0010130970112852368
11.39	0.001007684571612838
11.4	0.0010023057595636802
11.41	0.0009969603369850003
11.42	0.000991648067617242
11.43	0.0009863687170773715
11.44	0.0009811220528423525
11.450000000000001	0.0009759078442327692
11.46	0.0009707258623966291
11.47	0.0009655758802932973
11.48	0.0009604576726775995
11.49	0.0009553710160840892
11.5	0.0009503156888114344
11.51	0.000945291470906989
11.52	0.0009402981441514864
11.53	0.0009353354920439006
11.540000000000001	0.0009304032997864365
11.55	0.0009255013542696729
11.56	0.0009206294440578474
11.57	0.0009157873593742731
11.58	0.0009109748920869124
11.59	0.0009061918356940689
11.6	0.0009014379853102318
11.61	0.0008967131376520454
11.620000000000001	0.0008920170910244131
11.63	0.000887349645306744
11.64	0.0008827106019393145
11.65	0.0008780997639097738
11.66	0.0008735169357397669
11.67	0.0008689619234716908
11.68	0.0008644345346555749
11.69	0.0008599345783360843
11.700000000000001	0.0008554618650396509
11.71	0.0008510162067617165
11.72	0.0008465974169541036
11.73	0.0008422053105125115
11.74	0.000837839703764111
11.75	0.0008335004144552799
11.76	0.0008291872617394356
11.77	0.0008249000661649855
11.78	0.000820638649663404
11.790000000000001	0.0008164028355374051
11.8	0.0008121924484492297
11.81	0.0008080073144090526
11.82	0.0008038472607634855
11.83	0.0007997121161841947
11.84	0.0007956017106566263
11.85	0.0007915158754688264
11.86	0.0007874544432003825
11.870000000000001	0.0007834172477114537
11.88	0.00077940412413191
11.89	0.0007754149088505711
11.9	0.0007714494395045421
11.91	0.000767507554968659
11.92	0.0007635890953450192
11.93	0.0007596939019526153
11.94	0.0007558218173170686
11.950000000000001	0.0007519726851604469
11.96	0.0007481463503911919
11.97	0.0007443426590941254
11.98	0.0007405614585205567
11.99	0.0007368025970784784
12.	0.0007330659243228495
12.01	0.0007293512909459761
12.02	0.000725658548767976
12.030000000000001	0.0007219875507273268
12.040000000000001	0.0007183381508715101
12.05	0.0007147102043477336
12.06	0.000711103567393743
12.07	0.0007075180973287193
12.08	0.0007039536525442521
12.09	0.0007003146306115146
12.1	0.0006965150102602811
12.11	0.0006927391184706125
12.120000000000001	0.000688986787647095
12.13	0.0006852578515149206
12.14	0.0006815521451084092
12.15	0.0006778695047596221
12.16	0.0006742097680871082
12.17	0.0006705727739847387
12.18	0.0006669583626106577
12.19	0.0006633663753763333
12.200000000000001	0.0006597966549357141
12.21	0.0006562490451744854
12.22	0.0006527233911994309
12.23	0.0006492195393278924
12.24	0.0006457373370773309
12.25	0.0006422766331549823
12.26	0.0006388372774476174
12.27	0.0006354191210113901
12.280000000000001	0.0006320220160617857
12.290000000000001	0.0006286458159636673
12.3	0.0006252903752214068
12.31	0.0006219555494691153
12.32	0.0006186411954609635
12.33	0.0006153471710615897
12.34	0.0006120733352366059
12.35	0.0006088195480431814
12.36	0.0006055856706207229
12.370000000000001	0.0006023715651816401
12.38	0.0005991770950021923
12.39	0.0005960021244134279
12.4	0.0005928465187922059
12.41	0.0005897101445522943
12.42	0.000586592869135564
12.43	0.0005834945610032499
12.44	0.0005804150896273079
12.450000000000001	0.0005773543254818399
12.46	0.0005743121400346055
12.47	0.0005712884057386121
12.48	0.0005682829960237753
12.49	0.000565295785288668
12.5	0.0005623266488923346
12.51	0.0005593754631461935
12.52	0.000556442105305997
12.530000000000001	0.000553526453563886
12.540000000000001	0.0005506283870404975
12.55	0.0005477477857771596
12.56	0.0005448845307281543
12.57	0.0005420385037530454
12.58	0.000539209587609086
12.59	0.0005363976659436903
12.6	0.0005336026232869729
12.61	0.000530824345044364
12.620000000000001	0.000528062717489282
12.63	0.0005253176277558834
12.64	0.0005225889638318697
12.65	0.0005198766145513676
12.66	0.0005171804695878685
12.67	0.0005145004194472363
12.68	0.0005118363554607768
12.69	0.0005091881697783724
12.700000000000001	0.0005065557553616731
12.71	0.0005039390059773596
12.72	0.0005013378161904587
12.73	0.0004987520813577235
12.74	0.0004961816976210727
12.75	0.0004936265619010891
12.76	0.0004910865718905778
12.77	0.0004885616260481827
12.780000000000001	0.00048605162359205835
12.790000000000001	0.0004835564644936023
12.8	0.00048107604947124333
12.81	0.00047861027998428296
12.82	0.0004761590582267969
12.83	0.00047372228712158425
12.84	0.00047129987031418265
12.85	0.00046889171216692546
12.86	0.0004664977177530586
12.870000000000001	0.0004641177928509108
12.88	0.0004617518439381096
12.89	0.000459399778185861
12.9	0.0004570615034532663
12.91	0.00045473692828170196
12.92	0.00045242596188924144
12.93	0.00045012851416513
12.94	0.0004478444956643115
12.950000000000001	0.00044557381760199874
12.96	0.0004432713308948049
12.97	0.00044097752000750256
12.98	0.0004386973331463921
12.99	0.00043643067898913463
13.	0.000434177466895152
13.01	0.0004319376069000161
13.02	0.00042971100970989504
13.030000000000001	0.0004274975866960389
13.040000000000001	0.00042529724988932634
13.05	0.00042310991197485047
13.06	0.0004209354862865625
13.07	0.0004187738868019524
13.08	0.00041662502813678663
13.09	0.00041448882553988913
13.1	0.0004123651948879658
13.11	0.000410254052680484
13.120000000000001	0.0004081553160345877
13.13	0.000406068902680064
13.14	0.00040399473095435376
13.15	0.0004019327197976027
13.16	0.00039988278874776323
13.17	0.0003978448579357341
13.18	0.00039581884808054544
13.19	0.0003938046804845872
13.200000000000001	0.0003918022770288768
13.21	0.00038981156016837365
13.22	0.0003878324529273301
13.23	0.00038586487889468785
13.24	0.0003839087622195109
13.25	0.00038196402760646203
13.26	0.0003800306003113179
13.27	0.0003781084061365243
13.280000000000001	0.00037619737142678916
13.290000000000001	0.00037429742306471656
13.3	0.0003724084884664762
13.31	0.00037053049557751456
13.32	0.0003686633728683003
13.33	0.0003668070493301104
13.34	0.00036496145447084964
13.35	0.0003631265183109076
13.36	0.00036130217137905676
13.370000000000001	0.00035948834470837945
13.38	0.0003576849698322326
13.39	0.00035589197878025357
13.4	0.00035410930407438944
13.41	0.00035233687872497323
13.42	0.00035057463622682544
13.43	0.000348822510555393
13.44	0.0003470804361629227
13.450000000000001	0.00034534834797466616
13.46	0.0003436261813851182
13.47	0.0003419138722542889
13.48	0.0003402113569040053
13.49	0.00033851857211424937
13.5	0.00033683545511952416
13.51	0.0003351619436052534
13.52	0.0003334979757042106
13.530000000000001	0.00033184348999298083
13.540000000000001	0.0003301984254884518
13.55	0.00032856272164433637
13.56	0.00032693631834772346
13.57	0.00032531915591566083
13.58	0.000323711175091764
13.59	0.0003221123170428589
13.6	0.00032052252335564984
13.61	0.00031894173603341726
13.620000000000001	0.00031736989749274404
13.63	0.00031580695056026897
13.64	0.0003142528384694708
13.65	0.0003127075048574759
13.66	0.0003111708937618962
13.67	0.00030964294961769345
13.68	0.00030812361725406887
13.69	0.0003066128418913826
13.700000000000001	0.000305110569138096
13.71	0.0003036167449877413
13.72	0.00030213131581592015
13.73	0.0003006542283773205
13.74	0.00029918542980276677
13.75	0.0002977248675962915
13.76	0.0002962724896322291
13.77	0.0002948282441523411
13.780000000000001	0.0002933920797629596
13.790000000000001	0.0002919639454321589
13.8	0.0002905437904869483
13.81	0.00028913156461048915
13.82	0.00028772721783933966
13.83	0.00028633070056071605
13.84	0.0002849419635097833
13.85	0.00028356095776696375
13.86	0.0002821876347552705
13.870000000000001	0.00028082194623766646
13.88	0.00027945589161431646
13.89	0.0002780766280044565
13.9	0.0002767051570890349
13.91	0.0002753414292813268
13.92	0.0002739853953454631
13.93	0.00027263700639369514
13.94	0.0002712962138836855
13.950000000000001	0.00026996296961582443
13.96	0.00026863722573056457
13.97	0.00026731893470578267
13.98	0.0002660080493541598
13.99	0.00026470452282058586
14.	0.0002634083085795862
14.01	0.00026211936043276805
14.02	0.0002608376325062926
14.030000000000001	0.0002595630792483623
14.040000000000001	0.00025829565542673504
14.05	0.0002570353161262573
14.06	0.0002557820167464158
14.07	0.0002545357129989136
14.08	0.0002532963609052635
14.09	0.0002520639167944043
14.1	0.0002508383373003351
14.11	0.000249619579359769
14.120000000000001	0.00024840760020980923
14.13	0.0002472023573856421
14.14	0.0002460038087182511
14.15	0.0002448119123321484
14.16	0.0002436266266431264
14.17	0.00024244791035602908
14.18	0.00024127572246253836
14.19	0.00024011002223898445
14.200000000000001	0.0002389507692441684
14.21	0.00023779792331720875
14.22	0.0002366514445754009
14.23	0.00023551129341209658
14.24	0.00023437743049460282
14.25	0.00023324981676209485
14.26	0.00023212841342354847
14.27	0.00023101318195568993
14.280000000000001	0.00022990408410095942
14.290000000000001	0.00022880108186549775
14.3	0.00022770413751714317
14.31	0.00022661321358344847
14.32	0.00022552827284971349
14.33	0.00022444927835703433
14.34	0.00022337619340036813
14.35	0.00022230898152661332
14.36	0.00022124760653270778
14.370000000000001	0.00022019203246374024
14.38	0.00021914222361107936
14.39	0.00021809814451051552
14.4	0.0002170597599404214
14.41	0.00021602703491992387
14.42	0.0002149999347070952
14.43	0.00021397842479715465
14.44	0.00021296247092068832
14.450000000000001	0.00021195203904188093
14.46	0.00021094709535676443
14.47	0.00020994760629147995
14.48	0.0002089535385005533
14.49	0.00020796485886518504
14.5	0.00020698153449155504
14.51	0.00020600353270914043
14.52	0.00020503082106904788
14.530000000000001	0.00020406336734235756
14.540000000000001	0.00020310113951848297
14.55	0.00020214410580354338
14.56	0.0002011922346187478
14.57	0.00020024549459879559
14.58	0.0001993038545902863
14.59	0.0001983672836501452
14.6	0.00019743575104405882
14.61	0.00019650922624492756
14.620000000000001	0.00019558767893132609
14.63	0.000194671078985979
14.64	0.0001937593964942478
14.65	0.00019285260174263028
14.66	0.00019195066521727306
14.67	0.0001910535576024941
14.68	0.0001901612497793185
14.69	0.00018927371282402713
14.700000000000001	0.00018839091800671327
14.71	0.0001875128367898551
14.72	0.000186639440826898
14.73	0.00018577070196084663
14.74	0.000184906592222872
14.75	0.0001840470838309244
14.76	0.00018319214918836413
14.77	0.0001823417608825971
14.780000000000001	0.0001814958916837251
14.790000000000001	0.00018065451454320582
14.8	0.0001798176025925226
14.81	0.00017898512914186695
14.82	0.00017815706767882944
14.83	0.0001773333918671022
14.84	0.0001765140755451918
14.85	0.00017569909272514204
14.86	0.00017488841759126712
14.870000000000001	0.0001740823345984986
14.88	0.00017329200705227293
14.89	0.0001725057949091288
14.9	0.00017172367399697532
14.91	0.0001709456203017841
14.92	0.00017017160996645012
14.93	0.00016940161928966183
14.94	0.00016863562472478074
14.950000000000001	0.0001678736028787289
14.96	0.00016711553051088613
14.97	0.00016636138453199613
14.98	0.00016561114200307892
14.99	0.0001648647801343547
15.	0.00016412227628417322
15.01	0.00016338360795795537
15.02	0.0001626487528071388
15.030000000000001	0.00016191768862813425
15.040000000000001	0.00016119039336129131
15.05	0.0001604668450898667
15.06	0.0001597470220390083
15.07	0.00015903090257474072
15.08	0.00015831846520296226
15.09	0.00015760968856844853
15.1	0.00015690455145386342
15.11	0.00015620303277877904
15.120000000000001	0.00015550511159870164
15.13	0.00015481076710410698
15.14	0.0001541199786194817
15.15	0.0001534327256023716
15.16	0.00015274898764244008
15.17	0.0001520687444605308
15.18	0.00015139197590773945
15.19	0.000150718661964492
15.200000000000001	0.00015004878273962947
15.21	0.00014938231846950192
15.22	0.00014871924951706682
15.23	0.0001480595563709959
15.24	0.00014740321964478866
15.25	0.00014675022007589207
15.26	0.00014610053852482876
15.27	0.00014545415597432907
15.280000000000001	0.00014481105352847306
15.290000000000001	0.00014417121241183607
15.3	0.0001435346139686431
15.31	0.00014290123966192837
15.32	0.00014227107107270227
15.33	0.00014164408989912361
15.34	0.00014102027795567963
15.35	0.0001403996171723698
15.36	0.00013978208959389954
15.370000000000001	0.00013916767737887664
15.38	0.00013855636279901592
15.39	0.00013794812823834953
15.4	0.00013734295619244154
15.41	0.00013674082926761207
15.42	0.0001361417301801637
15.43	0.00013554564175561606
15.44	0.00013495254692794556
15.450000000000001	0.00013436242873883023
15.46	0.00013377527033690186
15.47	0.00013319105497700215
15.48	0.00013260976601944542
15.49	0.0001320313869292871
15.5	0.0001314559012755967
15.51	0.00013088329273073764
15.52	0.0001303135450696517
15.530000000000001	0.0001297466421691487
15.540000000000001	0.0001291825680072027
15.55	0.00012862130666225127
15.56	0.00012806284231250335
15.57	0.00012750715923524932
15.58	0.0001269542418061776
15.59	0.00012640407449869637
15.6	0.00012585664188326007
15.610000000000001	0.00012531192862670127
15.620000000000001	0.00012476991949156822
15.63	0.00012423059933546504
15.64	0.00012369395311039987
15.65	0.00012315996586213533
15.66	0.00012262862272954608
15.67	0.00012209990894397946
15.68	0.00012157380982862188
15.69	0.00012105031079786932
15.700000000000001	0.00012052939735670313
15.71	0.00012001105510007023
15.72	0.00011949526971226818
15.73	0.00011898202696633378
15.74	0.00011847131272343838
15.75	0.00011796311293228484
15.76	0.00011745741362851195
15.77	0.00011695420093410114
15.780000000000001	0.00011645346105678835
15.790000000000001	0.00011595518028948066
15.8	0.000115459345009676
15.81	0.00011496594167888937
15.82	0.0001144749568420806
15.83	0.00011398637712708888
15.84	0.00011350018924406949
15.85	0.00011301637998493581
15.860000000000001	0.00011253493622280581
15.870000000000001	0.00011205584491145083
15.88	0.00011157909308475094
15.89	0.0001111046678561523
15.9	0.00011063255641812911
15.91	0.00011016274604165012
15.92	0.00010969522407564888
15.93	0.0001092299779464964
15.94	0.00010877374713977771
15.950000000000001	0.00010832288717846685
15.96	0.00010787417682908214
15.97	0.0001074276045054399
15.98	0.00010698315869100373
15.99	0.00010654082793842202
16.	0.00010610060086906971
16.01	0.00010566246617259328
16.02	0.00010522641260645848
16.03	0.00010479242899550208
16.04	0.00010436050423148629
16.05	0.00010393062727265607
16.06	0.00010350278714330118
16.07	0.00010307697293331932
16.080000000000002	0.00010265317379778464
16.09	0.00010223137895651686
16.1	0.00010181157769365565
16.11	0.00010139375935723722
16.12	0.00010097791335877357
16.13	0.00010056402917283592
16.14	0.00010015209633663938
16.15	0.00009974210444963257
16.16	0.00009933404317308848
16.17	0.0000989279022296998
16.18	0.00009852367140317532
16.19	0.00009812134053784185
16.2	0.00009772089953824541
16.21	0.00009732233836875888
16.22	0.00009692564705319051
16.23	0.00009653081567439505
16.240000000000002	0.00009613783437388897
16.25	0.00009574669335146632
16.26	0.00009535738286482043
16.27	0.00009496989322916535
16.28	0.00009458421481686123
16.29	0.00009420033805704293
16.3	0.00009381825343524997
16.31	0.00009343795149306018
16.32	0.0000930594228277254
16.330000000000002	0.00009268265809181022
16.34	0.00009230764799283281
16.35	0.000091934383292908
16.36	0.00009156285480839445
16.37	0.00009119305340954222
16.38	0.0000908249700201448
16.39	0.00009045859561719176
16.4	0.00009009392123052537
16.41	0.00008973093794249887
16.42	0.00008936963688763744
16.43	0.00008901000925230112
16.44	0.0000886520462743512
16.45	0.00008829573924281714
16.46	0.00008794107949756762
16.47	0.00008758805842898321
16.48	0.00008723666747763123
16.490000000000002	0.00008688689813394273
16.5	0.0000865387419378923
16.51	0.0000861921904786798
16.52	0.0000858472353944143
16.53	0.00008550386837180029
16.54	0.00008516208114582622
16.55	0.00008482186549945492
16.56	0.00008448321326331678
16.57	0.00008414611631540387
16.580000000000002	0.00008381056658076818
16.59	0.00008347655603121971
16.6	0.00008314407668502826
16.61	0.00008281312060662674
16.62	0.00008248367990631678
16.63	0.00008215574673997593
16.64	0.00008182931330876736
16.65	0.00008150437185885119
16.66	0.0000811809146810986
16.67	0.00008085893411080676
16.68	0.00008053842252741688
16.69	0.00008021937235423345
16.7	0.00007990177605814573
16.71	0.00007958562614935093
16.72	0.00007927091518108024
16.73	0.0000789576357493251
16.740000000000002	0.00007864578049256701
16.75	0.0000783353420915083
16.76	0.0000780263132688047
16.77	0.00007771868678880045
16.78	0.00007741245545726454
16.79	0.00007710761212112937
16.8	0.00007680414966823042
16.81	0.00007650206102704863
16.82	0.00007620133916645401
16.830000000000002	0.00007590197709545113
16.84	0.0000756039678629262
16.85	0.00007530730455739649
16.86	0.00007501198030676017
16.87	0.00007471798827805001
16.88	0.00007442532167718651
16.89	0.00007413397374873426
16.9	0.00007384393777565898
16.91	0.0000735552070790869
16.92	0.00007326777501806603
16.93	0.00007298163498932772
16.94	0.00007269678042705162
16.95	0.0000724132048026308
16.96	0.00007213090162443909
16.97	0.00007184986443760035
16.98	0.00007157008682375853
16.990000000000002	0.00007129156240085004
17.	0.00007101428482287712
17.01	0.00007073824777968299
17.02	0.00007046344499672863
17.03	0.00007018987023487085
17.04	0.00006991751729014216
17.05	0.0000696463799935319
17.06	0.00006937645221076873
17.07	0.00006910772784210507
17.080000000000002	0.00006884013687882812
17.09	0.00006857371367975307
17.1	0.0000683084765292269
17.11	0.00006804441945829228
17.12	0.00006778153653149468
17.13	0.00006751982184667508
17.14	0.00006725926953476377
17.150000000000002	0.00006699987375957579
17.16	0.00006674162871760771
17.17	0.00006648452863783542
17.18	0.00006622856778151426
17.19	0.00006597374044197894
17.2	0.0000657200409444464
17.21	0.0000654674636458188
17.22	0.00006521600293448892
17.23	0.00006496565323014563
17.240000000000002	0.00006471640898358176
17.25	0.00006446826467650285
17.26	0.00006422121482133677
17.27	0.00006397525396104547
17.28	0.00006373037666893721
17.29	0.00006348657754848063
17.3	0.00006324385123311963
17.31	0.00006300219238608981
17.32	0.00006276159570023571
17.330000000000002	0.00006252205589783012
17.34	0.00006228356773039363
17.35	0.00006204612597851585
17.36	0.00006180972545167785
17.37	0.00006157436098807583
17.38	0.00006134002745444564
17.39	0.0000611067197458889
17.400000000000002	0.000060874432785699924
17.41	0.00006064316152519388
17.42	0.00006041290094353636
17.43	0.00006018364604757397
17.44	0.00005995539187166528
17.45	0.0000597281334775147
17.46	0.000059501865954005224
17.47	0.000059276584417034073
17.48	0.000059052284009348615
17.490000000000002	0.000058828959900383436
17.5	0.000058606607286098634
17.51	0.00005838522138881886
17.52	0.00005816479745707427
17.53	0.000057945330765441365
17.54	0.00005772681661438595
17.55	0.00005750925033010608
17.56	0.000057292627264377084
17.57	0.00005707694279439693
17.580000000000002	0.00005686219232263295
17.59	0.0000566483712766693
17.6	0.00005643547510905585
17.61	0.000056223499297157256
17.62	0.000056012439343004046
17.63	0.000055802290773144195
17.64	0.00005559304913849527
17.650000000000002	0.00005538471001419854
17.66	0.000055177268999472894
17.67	0.00005497072171747071
17.68	0.00005476506381513411
17.69	0.000054560290963052276
17.7	0.000054356398855319716
17.71	0.000054153383209395465
17.72	0.000053951239765963295
17.73	0.00005374996428879278
17.740000000000002	0.00005354955256460105
17.75	0.00005335000040291592
17.76	0.00005315130363593931
17.77	0.00005295345811841217
17.78	0.00005275645972747994
17.79	0.00005256030436255879
17.8	0.00005236498794520315
17.81	0.00005217050641897364
17.82	0.00005197685574930612
17.830000000000002	0.00005178403192338169
17.84	0.00005159203094999701
17.85	0.00005140084885943646
17.86	0.000051210481703343696
17.87	0.00005102092555459563
17.88	0.000050832176507175904
17.89	0.000050644230676050105
17.900000000000002	0.00005045708419704114
17.91	0.00005027073322670589
17.92	0.000050085173942212195
17.93	0.00004990040254121745
17.94	0.00004971641524174665
17.95	0.000049533208282072946
17.96	0.00004935077792059717
17.97	0.000049169120435729535
17.98	0.00004898823212577158
17.990000000000002	0.000048808109308798515
18.	0.00004862874832254314
18.01	0.00004845014552427968
18.02	0.00004827229729070879
18.03	0.00004809520001784368
18.04	0.00004791885012089596
18.05	0.00004774324403416318
18.06	0.000047568378210916425
18.07	0.00004739424912328942
18.080000000000002	0.000047220853262167273
18.09	0.000047048187137076886
18.1	0.00004687624727607774
18.11	0.00004670503022565268
18.12	0.00004653453255060119
18.13	0.000046364750833931174
18.14	0.00004619568167675302
18.150000000000002	0.00004602732169817366
18.16	0.000045859667535191256
18.17	0.00004569271584259112
18.18	0.0000455264632928416
18.19	0.00004536090657599119
18.2	0.00004519604239956588
18.21	0.00004503186748846714
18.22	0.00004486837858487144
18.23	0.0000447055724481289
18.240000000000002	0.000044543445854664044
18.25	0.00004438199559787622
18.26	0.000044221218488040915
18.27	0.00004406111135221205
18.28	0.00004390167103412439
18.29	0.00004374289439409692
18.3	0.00004357853820179203
18.31	0.00004341112004649392
18.32	0.00004324443595525968
18.330000000000002	0.00004307848231144344
18.34	0.00004291325551817721
18.35	0.0000427487519982519
18.36	0.000042584968193999465
18.37	0.000042421900567175235
18.38	0.000042259545598841764
18.39	0.00004209789978925283
18.400000000000002	0.000041936959657738434
18.41	0.00004177672174259059
18.42	0.00004161718260094965
18.43	0.00004145833880869186
18.44	0.000041300186960317014
18.45	0.000041142723668837135
18.46	0.00004098594556566607
18.47	0.00004082984930050945
18.48	0.00004067443154125566
18.490000000000002	0.0000405196889738674
18.5	0.00004036561830227378
18.51	0.00004021221624826336
18.52	0.00004005947955137795
18.53	0.00003990740496880672
18.54	0.00003975598927528148
18.55	0.0000396052292629721
18.56	0.00003945512174138313
18.57	0.000039305663537250756
18.580000000000002	0.00003915685149444062
18.59	0.00003900868247384598
18.6	0.000038861153353287106
18.61	0.00003871426102741058
18.62	0.00003856800240758988
18.63	0.00003842237442182644
18.64	0.00003827737401465102
18.650000000000002	0.000038132998147026167
18.66	0.000037989243796248954
18.67	0.000037846107955854634
18.68	0.00003770358763552075
18.69	0.00003756167986097182
18.7	0.00003742038167388468
18.71	0.00003727969013179463
18.72	0.00003713960230800171
18.73	0.000037000115291478334
18.740000000000002	0.000036861226186776575
18.75	0.00003672293211393686
18.76	0.00003658523020839672
18.77	0.00003644811762090037
18.78	0.000036311591517409176
18.79	0.00003617564907901168
18.8	0.00003604028750183545
18.81	0.00003590550399695847
18.82	0.00003577129579032192
18.830000000000002	0.000035637660122642934
18.84	0.000035504594249328006
18.85	0.0000353720954403874
18.86	0.00003524016098034917
18.87	0.00003510878816817494
18.88	0.00003497797431717522
18.89	0.00003484771675492576
18.900000000000002	0.000034718012823184363
18.91	0.00003458885987780791
18.92	0.000034460255288670485
18.93	0.000034332196439581645
18.94	0.000034204680728205114
18.95	0.00003407770556597844
18.96	0.00003395126837803248
18.97	0.0000338253666031122
18.98	0.00003369999769349739
18.990000000000002	0.000033575159114923876
19.	0.000033450848346505925
19.01	0.000033327062880657984
19.02	0.000033203800223018146
19.03	0.00003308105789237104
19.04	0.00003295883342057213
19.05	0.00003283712435247169
19.06	0.0000327159282458397
19.07	0.00003259524267129127
19.080000000000002	0.000032475065212212234
19.09	0.00003235539346468556
19.1	0.00003223622503741775
19.11	0.000032117557551666244
19.12	0.00003199938864116686
19.13	0.00003188171595206207
19.14	0.00003176453714282924
19.150000000000002	0.00003164784988420982
19.16	0.00003153165185913857
19.17	0.00003141594076267354
19.18	0.00003130071430192641
19.19	0.000031185970195992976
19.2	0.00003107170617588457
19.21	0.00003095791998445959
19.22	0.00003084460937635533
19.23	0.00003073177211792069
19.240000000000002	0.00003061940598714891
19.25	0.00003050750877361095
19.26	0.000030396078278388977
19.27	0.00003028511231401071
19.28	0.00003017460870438393
19.29	0.000030064565284731316
19.3	0.000029954979901525737
19.31	0.000029845850412426273
19.32	0.000029737174686214028
19.330000000000002	0.0000296289506027289
19.34	0.000029521176052806408
19.35	0.000029413848938215113
19.36	0.00002930696717159424
19.37	0.000029200528676391793
19.38	0.000029094531386803164
19.39	0.000028988973247709828
19.400000000000002	0.00002888385221461876
19.41	0.000028779166253601984
19.42	0.0000286749133412364
19.43	0.000028571091464544612
19.44	0.00002846769862093518
19.45	0.000028364732818144045
19.46	0.000028262192074175888
19.47	0.000028160074417245788
19.48	0.000028058377885721796
19.490000000000002	0.000027957100528067235
19.5	0.000027856240402783637
19.51	0.000027755795578353997
19.52	0.000027655764133186317
19.53	0.000027556144155557762
19.54	0.000027456933743558767
19.55	0.00002735813100503772
19.56	0.000027259734057545977
19.57	0.00002716174102828315
19.580000000000002	0.000027064150054042773
19.59	0.000026966959281158295
19.6	0.000026870166865449394
19.61	0.000026766319673144534
19.62	0.00002666091451477503
19.63	0.00002655597783223066
19.64	0.00002645150730629519
19.650000000000002	0.000026347500630406156
19.66	0.000026243955510579587
19.67	0.00002614086966533477
19.68	0.000026038240825620138
19.69	0.00002593606673473911
19.7	0.000025834345148276584
19.71	0.0000257330738340259
19.72	0.000025632250571916394
19.73	0.00002553187315394122
19.740000000000002	0.000025431939384085748
19.75	0.00002533244707825643
19.76	0.00002523339406421005
19.77	0.000025134778181483445
19.78	0.00002503659728132388
19.79	0.00002493884922661946
19.8	0.00002484153189183044
19.81	0.000024744643162920626
19.82	0.00002464818093728939
19.830000000000002	0.000024552143123704143
19.84	0.00002445652764223308
19.85	0.00002436133242417854
19.86	0.000024266555412010723
19.87	0.000024172194559301675
19.88	0.00002407824783066007
19.89	0.000023984713201665954
19.900000000000002	0.000023891588658806333
19.91	0.0000237988721994108
19.92	0.000023706561831587817
19.93	0.000023614655574161364
19.94	0.000023523151456607938
19.95	0.000023432047518993872
19.96	0.000023341341811913344
19.97	0.000023251032396426377
19.98	0.000023161117343997702
19.990000000000002	0.000023071594736435535
20.	0.00002298246266583103
20.01	0.00002289371923449812
20.02	0.00002280536255491356
20.03	0.000022717390749657595
20.04	0.00002262980195135479
20.05	0.00002254259430261525
20.06	0.000022455765955976513
20.07	0.000022369315073845204
20.080000000000002	0.000022283239828439856
20.09	0.000022197538401733364
20.1	0.00002211220898539628
20.11	0.000022027249780740207
20.12	0.000021942658998661566
20.13	0.00002185843485958604
20.14	0.000021774575593412887
20.150000000000002	0.000021691079439459906
20.16	0.0000216079446464088
20.17	0.000021525169472250484
20.18	0.000021442752184231363
20.19	0.00002136069105879936
20.2	0.00002127898438155068
20.21	0.00002119763044717656
20.22	0.0000211166275594108
20.23	0.00002103597403097722
20.240000000000002	0.00002095566818353761
20.25	0.00002087570834764004
20.26	0.000020796092862667502
20.27	0.000020716820076786663
20.28	0.00002063788834689726
20.29	0.000020559296038581647
20.3	0.000020481041526054547
20.31	0.000020403123192113338
20.32	0.00002032553942808854
20.330000000000002	0.00002024828863379457
20.34	0.00002017136921748095
20.35	0.00002009477959578361
20.36	0.00002001851819367674
20.37	0.00001994258344442466
20.38	0.000019866973789534285
20.39	0.000019791687678707694
20.400000000000002	0.00001971672356979502
20.41	0.00001964207992874776
20.42	0.000019567755229572068
20.43	0.00001949374795428277
20.44	0.00001942005659285739
20.45	0.000019346679643190377
20.46	0.000019273615611047975
20.47	0.000019200863010022924
20.48	0.000019128420361489816
20.490000000000002	0.000019056286194560565
20.5	0.000018984459046040156
20.51	0.000018912937460382676
20.52	0.00001884171998964759
20.53	0.000018770805193456396
20.54	0.00001870019163894946
20.55	0.00001862987790074305
20.56	0.000018559862560886872
20.57	0.000018490144208821548
20.580000000000002	0.000018420721441336626
20.59	0.00001835159286252874
20.6	0.000018282757083760015
20.61	0.000018214212723616813
20.62	0.00001814595840786847
20.63	0.000018077992769426735
20.64	0.00001801031444830513
20.650000000000002	0.000017942922091578564
20.66	0.00001787581435334338
20.67	0.000017808989894677427
20.68	0.00001774244738360055
20.69	0.000017676185495035397
20.7	0.00001761020291076808
20.71	0.00001754449831940955
20.72	0.000017479070416356793
20.73	0.000017413917903754664
20.740000000000002	0.000017349039490457653
20.75	0.00001728443389199197
20.76	0.000017220099830517945
20.77	0.000017156036034792456
20.78	0.000017092241240131934
20.79	0.000017028714188375184
20.8	0.000016965453627846757
20.81	0.000016902458313320372
20.82	0.000016839727005982554
20.830000000000002	0.000016777258473396707
20.84	0.000016715051489467124
20.85	0.000016653104834403312
20.86	0.00001659141729468472
20.87	0.000016529987663025353
20.88	0.000016468814738338927
20.89	0.00001640789732570395
20.900000000000002	0.000016347234236329234
20.91	0.00001628682428751957
20.92	0.000016226666302641418
20.93	0.000016166759111089113
20.94	0.00001610710154825107
20.95	0.000016047692455476247
20.96	0.000015988530680040835
20.97	0.000015929615075115073
20.98	0.000015870944499730406
20.990000000000002	0.000015812517818746676
21.	0.000015754333902819648
21.01	0.000015704163824248882
21.02	0.00001565948291617802
21.03	0.00001561495029328088
21.04	0.000015570565393274115
21.05	0.000015526327656272276
21.06	0.000015482236524776492
21.07	0.000015438291443663077
21.080000000000002	0.000015394491860172477
21.09	0.000015350837223897855
21.1	0.000015307326986774182
21.11	0.000015263960603067034
21.12	0.000015220737529361578
21.13	0.000015177657224551744
21.14	0.000015134719149829198
21.150000000000002	0.000015091922768672558
21.16	0.000015049267546836683
21.17	0.000015006752952341779
21.18	0.00001496437845546288
21.19	0.000014922143528719153
21.2	0.00001488004764686341
21.21	0.000014838090286871508
21.22	0.00001479627092793195
21.23	0.000014754589051435507
21.240000000000002	0.000014713044140964865
21.25	0.000014671635682284256
21.26	0.000014630363163329376
21.27	0.000014589226074196991
21.28	0.000014548223907135056
21.29	0.000014507356156532445
21.3	0.000014466622318908963
21.31	0.00001442602189290544
21.32	0.00001438555437927372
21.330000000000002	0.000014345219280866828
21.34	0.000014305016102629171
21.35	0.000014264944351586736
21.36	0.000014225003536837378
21.37	0.00001418519316954108
21.38	0.000014145512762910466
21.39	0.000014105961832201128
21.400000000000002	0.000014066539894702135
21.41	0.000014027246469726559
21.42	0.000013988081078602002
21.43	0.000013949043244661334
21.44	0.00001391013249323319
21.45	0.000013871348351632897
21.46	0.000013832690349153032
21.47	0.000013794158017054359
21.48	0.000013755750888556652
21.490000000000002	0.000013717468498829645
21.5	0.000013679310384983929
21.51	0.000013641276086061926
21.52	0.000013603365143029003
21.53	0.000013565577098764568
21.54	0.000013527911498053128
21.55	0.000013490367887575509
21.56	0.00001345294581590015
21.57	0.000013415644833474202
21.580000000000002	0.000013378464492615052
21.59	0.000013341404347501524
21.6	0.000013304463954165356
21.61	0.00001326764287048262
21.62	0.000013230940656165182
21.63	0.000013194356872752362
21.64	0.00001315789108360233
21.650000000000002	0.00001312154285388386
21.66	0.00001308531175056795
21.67	0.000013049197342419461
21.68	0.000013013199199988993
21.69	0.000012977316895604565
21.7	0.000012941550003363488
21.71	0.00001290589809912421
21.72	0.000012870360760498254
21.73	0.000012834937566842164
21.740000000000002	0.000012799628099249465
21.75	0.000012764431940542766
21.76	0.000012729348675265743
21.77	0.000012694377889675312
21.78	0.000012659519171733792
21.79	0.000012624772111101053
21.8	0.000012590136299126758
21.81	0.00001255561132884267
21.82	0.000012521196794954902
21.830000000000002	0.000012486892293836308
21.84	0.00001245269742351889
21.85	0.000012418611783686121
21.86	0.000012384634975665574
21.87	0.00001235076660242126
21.88	0.000012317006268546231
21.89	0.000012283353580255199
21.900000000000002	0.000012249808145377076
21.91	0.000012216369573347675
21.92	0.000012183037475202371
21.93	0.000012149811463568818
21.94	0.00001211669115265976
21.95	0.00001208367615826575
21.96	0.000012050766097748024
21.97	0.000012017960590031413
21.98	0.000011985259255597113
21.990000000000002	0.000011952661716475793
22.	0.00001192016759624044
22.01	0.000011887776519999434
22.02	0.00001185548811438956
22.03	0.000011823302007569115
22.04	0.000011791217829210957
22.05	0.000011759235210495765
22.06	0.000011727353784105108
22.07	0.000011695573184214738
22.080000000000002	0.000011663893046487782
22.09	0.000011632313008068063
22.1	0.000011600832707573397
22.11	0.000011569451785088958
22.12	0.000011538169882160665
22.13	0.000011506986641788546
22.14	0.000011475901708420228
22.150000000000002	0.000011444914727944458
22.16	0.000011414025347684512
22.17	0.00001138323321639183
22.18	0.000011352537984239538
22.19	0.000011321939302816085
22.2	0.000011291436825118882
22.21	0.000011261030205547957
22.22	0.000011230719099899678
22.23	0.00001120050316536044
22.240000000000002	0.000011170382060500514
22.25	0.000011140355445267744
22.26	0.000011110422980981462
22.27	0.000011080584330326266
22.28	0.000011050839157345973
22.29	0.000011021187127437491
22.3	0.000010991627907344785
22.31	0.000010962161165152849
22.32	0.00001093278657028172
22.330000000000002	0.000010903503793480488
22.34	0.000010874312506821384
22.35	0.000010845212383693877
22.36	0.00001081620309879879
22.37	0.000010787284328142428
22.38	0.000010758455749030794
22.39	0.000010729717040063794
22.400000000000002	0.000010701067881129443
22.41	0.000010672507953398165
22.42	0.000010644036939317077
22.43	0.000010615654522604293
22.44	0.000010587360388243281
22.45	0.00001055915422247728
22.46	0.000010660526086247233
22.47	0.000010870842918976484
22.48	0.00001108521264101053
22.490000000000002	0.000011303711497931782
22.5	0.000011526417134833927