0.01	21.468269041041673
0.02	34.795177679846006
0.03	41.44883528252622
0.04	44.90037422740049
0.05	46.593794648108215
0.06	47.23746023998357
0.07	47.21687884294734
0.08	46.80655419604458
0.09	46.157713620508986
0.1	45.313691912924305
0.11	44.36658671211802
0.12	43.405319443152706
0.13	42.380916366319745
0.14	41.353191598225365
0.15	40.33863147158012
0.16	39.32378241243419
0.17	38.32501453965129
0.18	37.37010233861874
0.19	36.38987258206911
0.2	35.48371125863213
0.21	34.565464287961674
0.22	33.66910307027091
0.23	32.83431945178282
0.24	31.982671548379248
0.25	31.143372012155268
0.26	30.35774813776378
0.27	29.603526644742317
0.28	28.801336993232443
0.29	28.04791342685791
0.3	27.338758222818416
0.31	26.64974949390048
0.32	25.904979522552058
0.33	25.202997816246018
0.34	24.540158011919257
0.35000000000000003	23.91321994071753
0.36	23.2438858659416
0.37	22.563299896713314
0.38	21.920007673372105
0.39	21.311062784226383
0.4	20.733819366785347
0.41000000000000003	20.15255496960374
0.42	19.54380726998329
0.43	18.96713307375476
0.44	18.420154155364514
0.45	17.90071741068531
0.46	17.406869130112025
0.47000000000000003	16.93385182200744
0.48	16.477606740424033
0.49	16.042686586525335
0.5	15.627689300343624
0.51	15.231330610830836
0.52	14.852432071512979
0.53	14.48991051363753
0.54	14.144380772994456
0.55	13.815325863611458
0.56	13.49965071259147
0.5700000000000001	13.196586663558376
0.58	12.905421679000236
0.59	12.6254952829886
0.6	12.356194032193695
0.61	12.096947452271115
0.62	11.840988456222394
0.63	11.58802353888847
0.64	11.344320303501467
0.65	11.109402760738238
0.66	10.882826206809353
0.67	10.664174732053093
0.68	10.453058961562425
0.6900000000000001	10.24911400319338
0.7000000000000001	10.05199758123627
0.71	9.856707467731603
0.72	9.660209019712013
0.73	9.47025795361376
0.74	9.286550836284976
0.75	9.10880214370719
0.76	8.936742982885715
0.77	8.770119920323001
0.78	8.608693906938239
0.79	8.452239290375926
0.8	8.300542906599324
0.81	8.15340324350654
0.8200000000000001	8.002330696479035
0.8300000000000001	7.855032713709469
0.84	7.7121618020508285
0.85	7.573534547193379
0.86	7.438977171652434
0.87	7.308324923816244
0.88	7.181421512209258
0.89	7.058118581155312
0.9	6.938275224386206
0.91	6.82175753346395
0.92	6.708438178174592
0.93	6.5981960163115305
0.9400000000000001	6.484900410469807
0.9500000000000001	6.374033447054048
0.96	6.266193260591516
0.97	6.161266964534154
0.98	6.059146987880268
0.99	5.959730773879827
1.	5.862920498650822
1.01	5.768622808207205
1.02	5.676748572525585
1.03	5.587212655392468
1.04	5.499933698877861
1.05	5.414833921375773
1.06	5.331838928237913
1.07	5.250377563280753
1.08	5.166583462420024
1.09	5.084880624661361
1.1	5.005198382965664
1.11	4.9274690713262
1.12	4.851627871750798
1.1300000000000001	4.7776126703271125
1.1400000000000001	4.705363921756978
1.1500000000000001	4.634824521792552
1.16	4.565939687049269
1.17	4.498656841709923
1.18	4.432925510669785
1.19	4.3686972187057656
1.2	4.305925395282722
1.21	4.244565284637961
1.22	4.184573860810487
1.23	4.124952394039057
1.24	4.064040895019343
1.25	4.004507333022547
1.26	3.946309883568395
1.27	3.88940830994162
1.28	3.8337638910222993
1.29	3.779339352928838
1.3	3.7260988042445025
1.31	3.674007674613759
1.32	3.623032656509039
1.33	3.5731416499816335
1.34	3.52430371022282
1.35	3.47648899777249
1.36	3.429668731223253
1.37	3.383815142277688
1.3800000000000001	3.33890143302547
1.3900000000000001	3.294901735315664
1.4000000000000001	3.251791072107144
1.41	3.20934202845683
1.42	3.1654691250955986
1.43	3.122497583764679
1.44	3.080402775555383
1.45	3.0391609091908913
1.46	2.998748997014419
1.47	2.959144822579636
1.48	2.92032690975765
1.49	2.882274493279874
1.5	2.8449674906409532
1.51	2.8083864752904018
1.52	2.7725126510457416
1.53	2.7373278276639557
1.54	2.7028143975115837
1.55	2.6689553132773645
1.56	2.63573406667443
1.57	2.6031346680821503
1.58	2.571141627080443
1.59	2.539739933832164
1.6	2.508915041271469
1.61	2.4786528480585788
1.62	2.44858806775978
1.6300000000000001	2.417711898281298
1.6400000000000001	2.3874103621863125
1.6500000000000001	2.357669358273095
1.6600000000000001	2.32847521397148
1.67	2.299814669833187
1.68	2.2716748646720237
1.69	2.244043321323113
1.7	2.216907932991819
1.71	2.1902569501647133
1.72	2.1640789680562826
1.73	2.138362914566493
1.74	2.1130980387256355
1.75	2.0882738996040477
1.76	2.0638803556654906
1.77	2.0399075545440377
1.78	2.016345923225345
1.79	1.9931861586141473
1.8	1.9704192184707374
1.81	1.9480363127000206
1.82	1.9260288949776094
1.83	1.9043886546981135
1.84	1.883107509231575
1.85	1.862177596474649
1.86	1.8412904328865942
1.87	1.8197680161909089
1.8800000000000001	1.7986099530041524
1.8900000000000001	1.7778081860223018
1.9000000000000001	1.757354877458469
1.9100000000000001	1.737242401947789
1.92	1.7174633397172934
1.93	1.6980104700095207
1.94	1.6788767647492255
1.95	1.6600553824429667
1.96	1.6415396623018836
1.97	1.623323118578417
1.98	1.6053994351081255
1.99	1.5877624600482034
2.	1.5704062008046542
2.0100000000000002	1.5533248191404443
2.02	1.5365126264573519
2.0300000000000002	1.5199640792444664
2.04	1.5036737746867264
2.05	1.4876364464270717
2.06	1.4718469604761484
2.07	1.4563003112637163
2.08	1.440991617826229
2.09	1.4259161201252208
2.1	1.4110691754914546
2.11	1.3964462551899302
2.12	1.382042941101107
2.13	1.3678549225138894
2.14	1.3532011316178973
2.15	1.3384990840144564
2.16	1.3240238846797112
2.17	1.309771007354884
2.18	1.2957360363781152
2.19	1.2819146634909322
2.2	1.268302684750993
2.21	1.2548959975470866
2.22	1.2416905977125767
2.23	1.2286825767336158
2.24	1.2158681190485916
2.25	1.2032434994354575
2.2600000000000002	1.1908050804836958
2.27	1.1785493101478193
2.2800000000000002	1.1664727193794318
2.29	1.154571919835001
2.3000000000000003	1.1428436016565977
2.31	1.1312845313229805
2.32	1.1198915495684927
2.33	1.108661569367366
2.34	1.0975915739810926
2.35	1.0866786150666385
2.36	1.0759198108433474
2.37	1.0653123443164958
2.38	1.0548534615554799
2.39	1.044540470024774
2.4	1.034370736965805
2.41	1.0243416878279956
2.42	1.014450804747279
2.43	1.0046956250704706
2.44	0.9950737399239195
2.45	0.9855104471072493
2.46	0.9755025588578035
2.47	0.9656362848633248
2.48	0.9559090600139927
2.49	0.9463183757470667
2.5	0.9368617785797979
2.5100000000000002	0.9275368686860679
2.52	0.9183412985152993
2.5300000000000002	0.9092727714522224
2.54	0.9003290405161204
2.5500000000000003	0.8915079070982539
2.56	0.8828072197361897
2.57	0.8742248729238281
2.58	0.8657588059559389
2.59	0.8574070018060939
2.6	0.8491674860368851
2.61	0.8410383257414121
2.62	0.8330176285149858
2.63	0.8251035414561059
2.64	0.8172942501957581
2.65	0.809587977954128
2.66	0.8019829846238544
2.67	0.7944775658789804
2.68	0.7870700523087943
2.69	0.7797588085757644
2.7	0.7725422325968233
2.71	0.7654187547472596
2.72	0.7583868370865188
2.73	0.7514449726052346
2.74	0.7445916844928236
2.75	0.7378255254250199
2.7600000000000002	0.7311450768707312
2.77	0.7245489484176216
2.7800000000000002	0.7180357771158642
2.79	0.7116042268394853
2.8000000000000003	0.7052529876647982
2.81	0.698980775265383
2.82	0.6924359393280838
2.83	0.6859039452575628
2.84	0.679456285437333
2.85	0.6730915798047539
2.86	0.6668084756132645
2.87	0.6606056467986868
2.88	0.6544817933623753
2.89	0.6484356407706982
2.9	0.6424659393703804
2.91	0.6365714638192211
2.92	0.630751012531738
2.93	0.6250034071392967
2.94	0.6193274919642971
2.95	0.6137221335080042
2.96	0.6081862199516298
2.97	0.6027186606702705
2.98	0.5973183857593355
2.99	0.5919843455730999
3.	0.5867155102750341
3.0100000000000002	0.58151086939957
3.02	0.5763694314249793
3.0300000000000002	0.5712902233570417
3.04	0.5662722903232027
3.0500000000000003	0.5613146951769118
3.06	0.5564165181118711
3.0700000000000003	0.5515768562858945
3.08	0.5467948234541223
3.09	0.542069549611327
3.1	0.5374001806430444
3.11	0.5327858779853075
3.12	0.5282258182927185
3.13	0.5237191931146464
3.14	0.5192652085793217
3.15	0.5148630850856079
3.16	0.5105120570022421
3.17	0.5062113723743414
3.18	0.5019602926369761
3.19	0.49775809233561696
3.2	0.49360405885327563
3.21	0.48949749214414984
3.22	0.48543770447360596
3.23	0.48137620038704854
3.24	0.47713462084229147
3.25	0.47294331428389763
3.2600000000000002	0.46880153290780385
3.27	0.4647085422798422
3.2800000000000002	0.46066362105678177
3.29	0.45666606071402005
3.3000000000000003	0.45271516527974254
3.31	0.4488102510753808
3.3200000000000003	0.44495064646220167
3.33	0.44113569159386085
3.34	0.4373647381747666
3.35	0.4336371492241022
3.36	0.4299522988453487
3.37	0.4263095720011783
3.38	0.42270836429356484
3.39	0.4191480817489815
3.4	0.4156281406085541
3.41	0.4121479671230395
3.42	0.4087069973525031
3.43	0.4053046769705784
3.44	0.4019404610731874
3.45	0.39861381399160983
3.46	0.3953242091097875
3.47	0.39207112868575866
3.48	0.3888540636771157
3.49	0.3856725135703854
3.5	0.38252598621423173
3.5100000000000002	0.3794139976563855
3.52	0.3763360719842053
3.5300000000000002	0.3732917411687849
3.54	0.3702805449125098
3.5500000000000003	0.36730203049998283
3.56	0.36435575265223563
3.5700000000000003	0.36144127338414
3.58	0.35855816186494477
3.59	0.35570599428185967
3.6	0.3528843537066078
3.61	0.3500928299648823
3.62	0.34733101950862666
3.63	0.3445985252910791
3.64	0.34189495664450276
3.65	0.33921992916055155
3.66	0.3365730645731918
3.67	0.3339539906441319
3.68	0.33136234105068907
3.69	0.3287977552760437
3.7	0.3262598785018178
3.71	0.32369059152831436
3.72	0.32103967073267353
3.73	0.31841748950503973
3.74	0.31582366046813326
3.75	0.31325780248236973
3.7600000000000002	0.310719540529141
3.77	0.3082085055965826
3.7800000000000002	0.30572433456776926
3.79	0.3032666701112797
3.8000000000000003	0.30083516057407494
3.81	0.2984294598766349
3.8200000000000003	0.2960492274103017
3.83	0.293694127936774
3.84	0.2913638314897058
3.85	0.2890580132783575
3.86	0.286776353593252
3.87	0.28451853771379093
3.88	0.28228425581778127
3.89	0.280073202892832
3.9	0.2778850786495757
3.91	0.275719587436673
3.92	0.2735764381575592
3.93	0.2714553441888919
3.94	0.2693560233006633
3.95	0.26727819757793525
3.96	0.2652215933441637
3.97	0.263185941086075
3.98	0.2611709753800565
3.99	0.25917643482003194
4.	0.2572020619467844
4.01	0.2552476031786947
4.0200000000000005	0.25331280874386564
4.03	0.2513974326135972
4.04	0.24950123243718775
4.05	0.24762396947802554
4.0600000000000005	0.24576540855094645
4.07	0.24392531796082995
4.08	0.24210346944240002
4.09	0.24029963810121363
4.1	0.23851360235580224
4.11	0.2367451438809447
4.12	0.2349940475520489
4.13	0.23326010139061296
4.14	0.23154309651074548
4.15	0.22984282706672152
4.16	0.2281590902015526
4.17	0.22649168599654507
4.18	0.22484041742183095
4.19	0.22320509028784474
4.2	0.22158551319773218
4.21	0.21998149750066304
4.22	0.21839285724603602
4.23	0.21681940913855244
4.24	0.21526097249414114
4.25	0.2137173691967173
4.26	0.21214445991748448
4.2700000000000005	0.2105292369302829
4.28	0.20893004716739078
4.29	0.20734669457294608
4.3	0.20577898593765998
4.3100000000000005	0.2042267308509954
4.32	0.20268974165425696
4.33	0.20116783339457447
4.34	0.19966082377975902
4.3500000000000005	0.19816853313401417
4.36	0.19669078435448445
4.37	0.19522740286862272
4.38	0.1937782165923591
4.39	0.19234305588905568
4.4	0.19092175352922822
4.41	0.18951414465102315
4.42	0.1881200667214278
4.43	0.18673935949820503
4.44	0.18537186499253097
4.45	0.18401742743232896
4.46	0.18267589322627606
4.47	0.181347110928476
4.48	0.18003093120378075
4.49	0.17872720679374887
4.5	0.17743579248322625
4.51	0.17615654506753875
4.5200000000000005	0.1748893233202811
4.53	0.17363398796169327
4.54	0.1723904016276103
4.55	0.17115842883897325
4.5600000000000005	0.16993793597189283
4.57	0.16872879122825124
4.58	0.16753086460683408
4.59	0.1663440278749794
4.6000000000000005	0.16516815454073522
4.61	0.16400311982551508
4.62	0.16284880063723955
4.63	0.1617050755439578
4.64	0.16057182474793627
4.65	0.15944893006020705
4.66	0.15833627487556587
4.67	0.15723374414801164
4.68	0.15614122436661798
4.69	0.15505860353182935
4.7	0.1539857711321718
4.71	0.15292261812137178
4.72	0.1518690368958745
4.73	0.15082492127275363
4.74	0.14979016646800478
4.75	0.148764669075216
4.76	0.1477483270446076
4.7700000000000005	0.14674103966243363
4.78	0.14574270753073812
4.79	0.1447532325474614
4.8	0.14377251788688494
4.8100000000000005	0.14280046798041432
4.82	0.14183698849768864
4.83	0.14088198632801283
4.84	0.13993536956210617
4.8500000000000005	0.13899704747416142
4.86	0.1380669305042066
4.87	0.13714493024076715
4.88	0.1362309594038196
4.89	0.1353028649316819
4.9	0.13434746483229637
4.91	0.13340073822609042
4.92	0.13246258894659663
4.93	0.13153292208600018
4.94	0.13061164397615765
4.95	0.1296986621699392
4.96	0.12879388542288775
4.97	0.12789722367519135
4.98	0.12700858803396037
4.99	0.12612789075580466
5.	0.12525504522970593
5.01	0.12438996596017789
5.0200000000000005	0.12353256855071057
5.03	0.1226827696874922
5.04	0.1218404871234045
5.05	0.121005639662285
5.0600000000000005	0.12017814714345249
5.07	0.11935793042649051
5.08	0.11854491137628363
5.09	0.11773901284830192
5.1000000000000005	0.1169401586741296
5.11	0.11614827364723257
5.12	0.1153632835089616
5.13	0.11458511493478411
5.14	0.11381369552074466
5.15	0.1130489537701464
5.16	0.11229081908044963
5.17	0.11153922173038644
5.18	0.11079409286728395
5.19	0.11005536449459465
5.2	0.10932296945962905
5.21	0.10859684144148755
5.22	0.10787691493918708
5.23	0.10716312525998038
5.24	0.10645540850786249
5.25	0.10575370157226378
5.26	0.10505794211692271
5.2700000000000005	0.10436806856893825
5.28	0.10368402010799788
5.29	0.10300573665577574
5.3	0.1023331588655019
5.3100000000000005	0.10166622811169616
5.32	0.10100488648006575
5.33	0.1003490767575627
5.34	0.0996987424225986
5.3500000000000005	0.09905382763541373
5.36	0.09841427722859897
5.37	0.09778003669776518
5.38	0.09715105219236095
5.39	0.09652727050663233
5.4	0.09590863907072604
5.41	0.09529510594193029
5.42	0.0946866197960521
5.43	0.09408312991892985
5.44	0.09348458619807669
5.45	0.09289093911445388
5.46	0.09230213973437129
5.47	0.09171813970151338
5.48	0.09113889122908735
5.49	0.09056434709209348
5.5	0.08999446061971249
5.51	0.08942918568781123
5.5200000000000005	0.08886847671156203
5.53	0.08831228863817545
5.54	0.08776057693974343
5.55	0.08721329760619173
5.5600000000000005	0.08667040713833901
5.57	0.08613186254106228
5.58	0.08559762131656434
5.59	0.0850676414577442
5.6000000000000005	0.08454188144166691
5.61	0.08402030022313203
5.62	0.08347007748486551
5.63	0.08292412361357973
5.64	0.08238270004679847
5.65	0.0818457612594804
5.66	0.08131326226350062
5.67	0.08078515860038445
5.68	0.08026140633415299
5.69	0.07974196204427655
5.7	0.07922678281873678
5.71	0.07871582624719231
5.72	0.07820905041424958
5.73	0.07770641389283481
5.74	0.07720787573766608
5.75	0.07671339547882398
5.76	0.07622293311541883
5.7700000000000005	0.07573644910935359
5.78	0.0752539043791796
5.79	0.07477526029404497
5.8	0.07430047866773327
5.8100000000000005	0.07382952175279067
5.82	0.07336235223474154
5.83	0.07289893322638932
5.84	0.0724392282622023
5.8500000000000005	0.07198320129278236
5.86	0.07153081667941631
5.87	0.07108203918870648
5.88	0.07063683398728178
5.89	0.0701951666365858
5.9	0.06975700308774159
5.91	0.0693223096764923
5.92	0.06889105311821539
5.93	0.06846320050300968
5.94	0.0680387192908549
5.95	0.0676175773068409
5.96	0.0671997427364667
5.97	0.0667851841210078
5.98	0.06637387035295043
5.99	0.06596577067149254
6.	0.06556085465810887
6.01	0.06515909223218086
6.0200000000000005	0.0647604536466889
6.03	0.06436490948396695
6.04	0.06397243065151799
6.05	0.06358298837788923
6.0600000000000005	0.06319655420860662
6.07	0.0628131000021675
6.08	0.06243259792608994
6.09	0.062055020453019
6.1000000000000005	0.06168034035688766
6.11	0.06130853070913291
6.12	0.06093956487496492
6.13	0.06057341650968916
6.140000000000001	0.06021005955508059
6.15	0.05984946823580904
6.16	0.059491617055914436
6.17	0.059136480795332236
6.18	0.05878403450646699
6.19	0.058434253510814334
6.2	0.058087113395630295
6.21	0.057742590010646445
6.22	0.05740065946483192
6.23	0.057061298123199385
6.24	0.056724482603656194
6.25	0.05639018977389898
6.26	0.0560583967483513
6.2700000000000005	0.0557290808851433
6.28	0.05540221978313379
6.29	0.055077791278972714
6.3	0.05475577344420451
6.3100000000000005	0.05443614458241083
6.32	0.054118883226393
6.33	0.053803968135392774
6.34	0.05349137829235096
6.3500000000000005	0.05318109290120392
6.36	0.05287309138421656
6.37	0.05256735337935174
6.38	0.05226385873767566
6.390000000000001	0.05196258752079806
6.4	0.05166351999834737
6.41	0.051366636645480135
6.42	0.05107191814042358
6.43	0.05077934536205225
6.44	0.05048889938749592
6.45	0.050185137881311195
6.46	0.049881486696989476
6.47	0.049580138220533046
6.48	0.0492810714709229
6.49	0.04898426569026952
6.5	0.048689700341100414
6.51	0.04839735510368596
6.5200000000000005	0.04810720987340092
6.53	0.04781924475812206
6.54	0.04753344007566152
6.55	0.04724977635123469
6.5600000000000005	0.04696823431496238
6.57	0.04668879489940726
6.58	0.04641143923714315
6.59	0.046136148658357336
6.6000000000000005	0.04586290468848525
6.61	0.04559168904587676
6.62	0.04532248363949425
6.63	0.045055270566641104
6.640000000000001	0.04479003211072112
6.65	0.04452675073902721
6.66	0.04426540910056053
6.67	0.04400599002387816
6.68	0.04374847651496915
6.69	0.04349285175515983
6.7	0.043239099099045844
6.71	0.042987202072452387
6.72	0.04273714437042087
6.73	0.042488909855222724
6.74	0.04224248255439907
6.75	0.041997846658826374
6.76	0.04175498652080752
6.7700000000000005	0.041513886652187984
6.78	0.04127453172249685
6.79	0.041036906557111855
6.8	0.040800996135448936
6.8100000000000005	0.040566785589174946
6.82	0.040334260200443964
6.83	0.04010340540015663
6.84	0.039874206766241954
6.8500000000000005	0.039646650021961403
6.86	0.03942072103423538
6.87	0.03919640581199073
6.88	0.038973690504530374
6.890000000000001	0.038752561399923315
6.9	0.0385330049234158
6.91	0.03831500763586294
6.92	0.03809855623218031
6.93	0.03788363753981552
6.94	0.03767023851723948
6.95	0.03745834625245678
6.96	0.03724794796153536
6.97	0.03703903098715477
6.98	0.03683158279717291
6.99	0.03662559098321129
7.	0.036421043259257824
7.01	0.03621792746028795
7.0200000000000005	0.03601623154090256
7.03	0.03581594357398383
7.04	0.03561705174936743
7.05	0.03541954437253202
7.0600000000000005	0.035223409863304946
7.07	0.035028636754584314
7.08	0.034835213691077095
7.09	0.03464312942805321
7.1000000000000005	0.03445237283011502
7.11	0.03426293286998232
7.12	0.034074798627292666
7.13	0.033887959287416294
7.140000000000001	0.03370240414028632
7.15	0.033518122579242984
7.16	0.03333510409989267
7.17	0.03315333829898085
7.18	0.032972814873278994
7.19	0.032793523618485504
7.2	0.032615454428139956
7.21	0.03243859729255083
7.22	0.03226294229773651
7.23	0.03208847962437926
7.24	0.03191519954679218
7.25	0.031743092431898594
7.26	0.03157214873822416
7.2700000000000005	0.03140235901490134
7.28	0.031233713900685873
7.29	0.031066204122985275
7.3	0.030899820496899436
7.3100000000000005	0.030734553924272587
7.32	0.030570395392756803
7.33	0.030407335974887376
7.34	0.030245366827168513
7.3500000000000005	0.030084479189170954
7.36	0.029924664382640076
7.37	0.02976591381061476
7.38	0.02960821895655706
7.390000000000001	0.029451571383492203
7.4	0.029291789879693428
7.41	0.029127934266506603
7.42	0.028965214374320605
7.43	0.02880362081644906
7.44	0.02864314429627167
7.45	0.0284837756062508
7.46	0.028325505626959797
7.47	0.02816832532612316
7.48	0.02801222575766859
7.49	0.0278571980607905
7.5	0.027703233459024944
7.51	0.027550323259335763
7.5200000000000005	0.02739845885121204
7.53	0.027247631705776095
7.54	0.027097833374902777
7.55	0.026949055490348935
7.5600000000000005	0.026801289762893876
7.57	0.02665452798148978
7.58	0.026508762012422554
7.59	0.026363983798482926
7.6000000000000005	0.026220185358147064
7.61	0.026077358784767562
7.62	0.025935496245773737
7.63	0.025794589981881628
7.640000000000001	0.02565463230631359
7.65	0.025515615604026796
7.66	0.025377532330951445
7.67	0.02524037501323773
7.68	0.025104136246511845
7.69	0.02496880869514069
7.7	0.024834385091505713
7.71	0.024700858235284746
7.72	0.024568220992743
7.73	0.024436466296031783
7.74	0.02430558714249605
7.75	0.02417557659398982
7.76	0.024046427776199666
7.7700000000000005	0.023918133877976252
7.78	0.023790688150673724
7.79	0.023664083907496657
7.8	0.02353831452285497
7.8100000000000005	0.023413373431726062
7.82	0.023289254129024668
7.83	0.02316595016897981
7.84	0.02304345516451931
7.8500000000000005	0.022921762786661207
7.86	0.02280086676391226
7.87	0.02268076088167372
7.88	0.022561438981653623
7.890000000000001	0.022442894961286052
7.9	0.022325122773157263
7.91	0.022208116424438096
7.92	0.022091869976323276
7.930000000000001	0.02197637754347692
7.94	0.0218616332934846
7.95	0.021747631446311595
7.96	0.02163436627376744
7.97	0.02152183209897644
7.98	0.021410023295854605
7.99	0.02129893428859208
8.	0.02118855955114191
8.01	0.021078893606714447
8.02	0.020969931027277445
8.03	0.020861666433062056
8.040000000000001	0.020754094492074188
8.05	0.020647209919611692
8.06	0.020541007477786737
8.07	0.02043548197505378
8.08	0.020330628265742782
8.09	0.020226441249597785
8.1	0.020122915871320608
8.11	0.020020047120119677
8.120000000000001	0.019917830029264047
8.13	0.019816259675642305
8.14	0.019715331179326435
8.15	0.01961503970314074
8.16	0.019515380452235328
8.17	0.01941634867366458
8.18	0.01931793965597019
8.19	0.019220148728768992
8.2	0.01912297126234528
8.21	0.019026402667247568
8.22	0.018930438393890185
8.23	0.01883507393215885
8.24	0.01874030481102091
8.25	0.01864612659813981
8.26	0.018552534899493843
8.27	0.018459525358999085
8.28	0.01836709365813649
8.290000000000001	0.018275235515583153
8.3	0.018183946686847523
8.31	0.01809322296390878
8.32	0.01800306017486
8.33	0.017913454183555395
8.34	0.017824400889261252
8.35	0.017735896226310905
8.36	0.01764793616376324
8.370000000000001	0.017560516705065053
8.38	0.017473633887717176
8.39	0.017387283782944025
8.4	0.017301462495366942
8.41	0.017216166162680933
8.42	0.01713139095533506
8.43	0.017047133076216137
8.44	0.01696338876033598
8.45	0.01688015427452199
8.46	0.016797425917111104
8.47	0.016715200017646942
8.48	0.0166334729365804
8.49	0.016552241064973265
8.5	0.016466892217623676
8.51	0.016381447464287015
8.52	0.01629654564001518
8.53	0.01621218266377469
8.540000000000001	0.016128354489941092
8.55	0.016045057107951073
8.56	0.015962286541957808
8.57	0.015880038850490528
8.58	0.015798310126117612
8.59	0.015717096495113426
8.6	0.015636394117128766
8.61	0.015556199184864967
8.620000000000001	0.015476507923751513
8.63	0.015397316591627111
8.64	0.015318621478424478
8.65	0.015240418905858168
8.66	0.015162705227116149
8.67	0.015085476826554546
8.68	0.015008730119395694
8.69	0.014932461551429525
8.700000000000001	0.01485666759871813
8.71	0.01478134476730353
8.72	0.014706489592918651
8.73	0.014632098640701263
8.74	0.014558168504911184
8.75	0.014484695808650413
8.76	0.014411677203586274
8.77	0.01433910936967756
8.78	0.014266989014903596
8.790000000000001	0.014195312874996239
8.8	0.014124077713174622
8.81	0.014053280319882918
8.82	0.013982917512530692
8.83	0.013912986135236258
8.84	0.013843483058572501
8.85	0.013774405179315595
8.86	0.013705749420196351
8.870000000000001	0.01363751272965411
8.88	0.013569692081593405
8.89	0.01350228447514302
8.9	0.013435286934417704
8.91	0.013368696508282383
8.92	0.01330251027011888
8.93	0.013236725317595021
8.94	0.013171338772436203
8.950000000000001	0.013106347780199442
8.96	0.013041749510049648
8.97	0.012977541154538367
8.98	0.012913719929384795
8.99	0.012850283073259076
9.	0.012787227847567821
9.01	0.01272455153624206
9.02	0.012662251445527102
9.03	0.012600324903774857
9.040000000000001	0.012538769261238144
9.05	0.012477581889867246
9.06	0.01241676018310853
9.07	0.012356301555705107
9.08	0.012296203443499671
9.09	0.012236463303239277
9.1	0.012177078612382182
9.11	0.012118046868906725
9.120000000000001	0.012059365591122037
9.13	0.012001032317480828
9.14	0.011943044606394148
9.15	0.011885400036047801
9.16	0.01182809620422099
9.17	0.01177113072810653
9.18	0.011714501244133054
9.19	0.011658205407788997
9.200000000000001	0.011602240893448423
9.21	0.011546605394198507
9.22	0.011491296621668954
9.23	0.011436312305863061
9.24	0.011381650194990416
9.25	0.011327308055301492
9.26	0.011273283670923739
9.27	0.011219574843699514
9.28	0.0111661793930254
9.290000000000001	0.01111309515569348
9.3	0.011060319985733934
9.31	0.011007851754259383
9.32	0.01095568834931076
9.33	0.010903827675704688
9.34	0.010852267654882513
9.35	0.01080100622476072
9.36	0.01075004133958299
9.370000000000001	0.010699370969773539
9.38	0.010648993101792245
9.39	0.01059890573799086
9.4	0.010549106896470966
9.41	0.010499594610943155
9.42	0.010450366930587705
9.43	0.010401421919916663
9.44	0.010352757658637187
9.450000000000001	0.010304372241516408
9.46	0.010256263778247525
9.47	0.010208430393317236
9.48	0.010160870225874547
9.49	0.010113581429600825
9.5	0.010066562172581147
9.51	0.01001981063717698
9.52	0.00997332501989999
9.53	0.009927103531287278
9.540000000000001	0.00988114439577763
9.55	0.009835445851589209
9.56	0.009790006150598274
9.57	0.009744823558219191
9.58	0.00969989635328558
9.59	0.009655222827932642
9.6	0.009610801287480654
9.61	0.00956663005031956
9.620000000000001	0.009522707447794725
9.63	0.00947903182409381
9.64	0.009435601536134748
9.65	0.009392414953454766
9.66	0.009349470458100577
9.67	0.009306766444519528
9.68	0.009264301319451905
9.69	0.009222073501824263
9.700000000000001	0.009180081422643723
9.71	0.009138323524893376
9.72	0.00909679826342867
9.73	0.009055504104874762
9.74	0.009014439527524943
9.75	0.008973397598672949
9.76	0.008930158642759542
9.77	0.008887171996775276
9.78	0.00884443593243647
9.790000000000001	0.00880194873504779
9.8	0.008759708703381828
9.81	0.008717714149559568
9.82	0.00867596339893231
9.83	0.008634454789964559
9.84	0.008593186674118212
9.85	0.008552157415737751
9.86	0.008511365391936697
9.870000000000001	0.008470808992485052
9.88	0.008430486619697959
9.89	0.00839039668832537
9.9	0.008350537625442843
9.91	0.008310907870343397
9.92	0.008271505874430367
9.93	0.008232330101111445
9.94	0.008193379025693559
9.950000000000001	0.008154651135279002
9.96	0.008116144928662321
9.97	0.008077858916228442
9.98	0.008039791619851626
9.99	0.008001941572795495
10.	0.00796430731961396
10.01	0.007926887416053179
10.02	0.007889680428954382
10.03	0.007852684936157721
10.040000000000001	0.007815899526406996
10.05	0.007779322799255281
10.06	0.007742953364971538
10.07	0.0077067898444480205
10.08	0.007670830869108721
10.09	0.007635075080818493
10.1	0.00759952113179324
10.11	0.007564167684510857
10.120000000000001	0.00752901341162303
10.13	0.007494056995867956
10.14	0.007459297129983768
10.15	0.007424732516622928
10.16	0.007390361868267347
10.17	0.007356183907144302
10.18	0.007322197365143252
10.19	0.007288400983733325
10.200000000000001	0.007254793513881696
10.21	0.007221373715972653
10.22	0.0071881403597274665
10.23	0.0071550922241250614
10.24	0.007122228097323354
10.25	0.007089546776581399
10.26	0.007057047068182242
10.27	0.00702472778735652
10.28	0.00699258775820676
10.290000000000001	0.006960625813632409
10.3	0.006928840795255552
10.31	0.006897231553347342
10.32	0.0068657969467551495
10.33	0.006834535842830309
10.34	0.006803447117356642
10.35	0.0067725296544795715
10.36	0.006741782346635979
10.370000000000001	0.0067112040944846225
10.38	0.006680793806837286
10.39	0.006650550400590542
10.4	0.006620472800658113
10.41	0.006590559939903947
10.42	0.0065608107590758215
10.43	0.006531224206739624
10.44	0.006501799239214255
10.450000000000001	0.006472534820507076
10.46	0.006443429922249978
10.47	0.006414483523636095
10.48	0.006385694611357026
10.49	0.0063570621795406845
10.5	0.006328585229689693
10.51	0.006300262770620381
10.52	0.006272093818402319
10.53	0.0062440773962983975
10.540000000000001	0.006216212534705518
10.55	0.006188498271095736
10.56	0.0061609336499580045
10.57	0.006133517722740489
10.58	0.006106249547793313
10.59	0.00607912819031188
10.6	0.006052152722280739
10.61	0.0060253222224179205
10.620000000000001	0.005998635776119812
10.63	0.0059720924754064954
10.64	0.005945691418867617
10.65	0.005919431711608752
10.66	0.005893312465198241
10.67	0.0058673327976145025
10.68	0.005841491833193854
10.69	0.005815788702578764
10.700000000000001	0.005790222542666641
10.71	0.005764792496558973
10.72	0.005739497713511069
10.73	0.005714337348882126
10.74	0.005689310564085832
10.75	0.00566441652654138
10.76	0.005639654409624919
10.77	0.005615023392621441
10.78	0.005590522660677163
10.790000000000001	0.0055661514047522145
10.8	0.00554190882157387
10.81	0.005517794113590131
10.82	0.00549380648892373
10.83	0.005469945161326607
10.84	0.0054462093501346995
10.85	0.005422598280223193
10.86	0.005399111181962173
10.870000000000001	0.005375747291172664
10.88	0.005352505849083041
10.89	0.005329386102285852
10.9	0.005306387302695011
10.91	0.00528350870750341
10.92	0.005260749579140816
10.93	0.00523810918523226
10.94	0.005215586798556708
10.950000000000001	0.005193181697006104
10.96	0.0051708931635448575
10.97	0.005148720486169568
10.98	0.005126662957869198
10.99	0.00510471987658554
11.	0.005082890545174114
11.01	0.0050611742713652565
11.02	0.005039570367725744
11.03	0.005018078151620593
11.040000000000001	0.004996696945175299
11.05	0.004975426075238338
11.06	0.004954264873344042
11.07	0.004933212675675787
11.08	0.0049122688230294875
11.09	0.004891432660777434
11.1	0.004870703538832435
11.11	0.004850080811612258
11.120000000000001	0.004829563838004406
11.13	0.004809151981331209
11.14	0.004788844609315141
11.15	0.004768641094044573
11.16	0.004748540811939684
11.17	0.004728543143718783
11.18	0.004708647474364819
11.19	0.004688853193092284
11.200000000000001	0.004668245717491337
11.21	0.004647234269499388
11.22	0.004626336001375642
11.23	0.004605550203407964
11.24	0.004584876170960887
11.25	0.004564313204434858
11.26	0.004543860609225807
11.27	0.004523517695685064
11.28	0.004503283779079672
11.290000000000001	0.004483158179553024
11.3	0.004463140222085862
11.31	0.00444322923645763
11.32	0.0044234245572081325
11.33	0.004403725523599585
11.34	0.004384131479578954
11.35	0.0043646417737406695
11.36	0.004345255759289641
11.370000000000001	0.0043259727940045825
11.38	0.0043067922402017286
11.39	0.004287713464698798
11.4	0.004268735838779303
11.41	0.004249858738157184
11.42	0.0042310815429417465
11.43	0.004212403637602881
11.44	0.004193824410936649
11.450000000000001	0.004175343256031083
11.46	0.004156959570232384
11.47	0.004138672755111321
11.48	0.004120482216430019
11.49	0.004102387364108937
11.5	0.004084387612194215
11.51	0.004066482378825261
11.52	0.0040486710862026615
11.53	0.0040309531605563
11.540000000000001	0.004013328032113838
11.55	0.003995795135069402
11.56	0.003978353907552584
11.57	0.003961003791597704
11.58	0.003943744233113302
11.59	0.003926574681851956
11.6	0.003909494591380304
11.61	0.003892503419049367
11.620000000000001	0.003875600625965114
11.63	0.0038587856769592447
11.64	0.003842058040560304
11.65	0.003825417188964977
11.66	0.0038088625980096384
11.67	0.0037923937471421925
11.68	0.0037760101193941007
11.69	0.0037597112013526804
11.700000000000001	0.003743496483133637
11.71	0.0037273654583538317
11.72	0.003711317624104248
11.73	0.0036953524809232733
11.74	0.003679469532770109
11.75	0.0036636682869984863
11.76	0.0036479482543305434
11.77	0.003632308948830997
11.78	0.0036167498878814596
11.790000000000001	0.003601270592155018
11.8	0.0035858705855910337
11.81	0.0035705493953701356
11.82	0.003555306551889422
11.83	0.0035401415887378928
11.84	0.0035250540426720912
11.85	0.0035100434535919227
11.86	0.0034951093645167073
11.870000000000001	0.0034802513215614343
11.88	0.003465468873913185
11.89	0.003450761573807793
11.9	0.0034361289765066903
11.91	0.0034215706402739338
11.92	0.003407086126353434
11.93	0.0033926749989463753
11.94	0.0033783368251888595
11.950000000000001	0.0033640711751296527
11.96	0.003349877621708211
11.97	0.0033357557407328368
11.98	0.003321705110859027
11.99	0.0033077253135680267
12.	0.0032938159331455203
12.01	0.0032799765566605445
12.02	0.003266206773944533
12.030000000000001	0.0032525061775705868
12.040000000000001	0.0032388743628328715
12.05	0.0032253109277262074
12.06	0.0032118154729258355
12.07	0.0031983876017673326
12.08	0.0031850269202267135
12.09	0.0031717330369006743
12.1	0.003158505562987042
12.11	0.003145344112265321
12.120000000000001	0.0031322483010774714
12.13	0.003119217748308798
12.14	0.0031062520753690017
12.15	0.0030933509061734196
12.16	0.003080513867124394
12.17	0.003067740587092783
12.18	0.0030550306973996517
12.19	0.0030423838317981083
12.200000000000001	0.0030297996264552767
12.21	0.003017277719934418
12.22	0.0030048177531772175
12.23	0.0029924193694862047
12.24	0.0029800822145072993
12.25	0.002967805936212544
12.26	0.002955590184882933
12.27	0.0029434346130914136
12.280000000000001	0.002931338875686009
12.290000000000001	0.002919302629773083
12.3	0.0029073255347007495
12.31	0.0028954072520423987
12.32	0.002883547445580381
12.33	0.002871745781289809
12.34	0.0028600019273224827
12.35	0.002848315553990976
12.36	0.002836686333752823
12.370000000000001	0.002825113941194831
12.38	0.0028135980530175626
12.39	0.0028021383480198864
12.4	0.002790734507083688
12.41	0.0027793862131587016
12.42	0.0027680931512474548
12.43	0.0027568550083903447
12.44	0.002745671473650812
12.450000000000001	0.002734542238100675
12.46	0.0027234669948055456
12.47	0.0027124454388103773
12.48	0.0027014772671251244
12.49	0.002690562178710528
12.5	0.0026796998744640014
12.51	0.002668890057205637
12.52	0.0026581324316643255
12.530000000000001	0.0026474267044639785
12.540000000000001	0.002636772584109875
12.55	0.00262616978097511
12.56	0.0026156180072871376
12.57	0.0026051169771144508
12.58	0.0025946664063533453
12.59	0.0025842660127147936
12.6	0.0025739155157114215
12.61	0.002563614636644608
12.620000000000001	0.0025533630985916543
12.63	0.0025431606263930763
12.64	0.002533006946640005
12.65	0.0025229017876616613
12.66	0.002512844879512952
12.67	0.0025028359539621594
12.68	0.0024928747444787195
12.69	0.002482960986221104
12.700000000000001	0.0024730944160248065
12.71	0.0024632747723904004
12.72	0.0024535017954717166
12.73	0.0024437752270640932
12.74	0.002434094810592735
12.75	0.002424460291101155
12.76	0.0024148714152397066
12.77	0.0024053279312542105
12.780000000000001	0.0023958295889746693
12.790000000000001	0.002386376139804065
12.8	0.0023769673367072574
12.81	0.0023676029341999577
12.82	0.002358282688337786
12.83	0.00234900635670543
12.84	0.002339773698405878
12.85	0.0023305844740497354
12.86	0.002320810426741187
12.870000000000001	0.0023109307138699737
12.88	0.002301100683657421
12.89	0.002291320047978631
12.9	0.002281588520601302
12.91	0.0022719058171718457
12.92	0.002262271655201606
12.93	0.002252685754053205
12.94	0.0022431478349269865
12.950000000000001	0.002233657620847573
12.96	0.0022242148366505444
12.97	0.0022148192089692024
12.98	0.0022054704662214457
12.99	0.0021961683385967766
13.	0.002186912558043372
13.01	0.0021777028582552977
13.02	0.002168538974659794
13.030000000000001	0.0021594206444046815
13.040000000000001	0.0021503476063458667
13.05	0.00214131960103493
13.06	0.0021323363707068535
13.07	0.0021233976592677935
13.08	0.0021145032122829944
13.09	0.0021056527769647776
13.1	0.00209684610216064
13.11	0.0020880829383414247
13.120000000000001	0.0020793630375896153
13.13	0.002070686153587706
13.14	0.002062052041606663
13.15	0.0020534604584944824
13.16	0.0020449111626648477
13.17	0.0020364039140858626
13.18	0.0020279384742688763
13.19	0.00201951460625741
13.200000000000001	0.0020111320746161545
13.21	0.002002790645420065
13.22	0.001994490086243546
13.23	0.0019862301661497054
13.24	0.0019780106556797072
13.25	0.00196983132684221
13.26	0.0019616919531028777
13.27	0.001953592309373989
13.280000000000001	0.0019455321720041024
13.290000000000001	0.0019375113187678336
13.3	0.0019295295288556977
13.31	0.001921586582864022
13.32	0.0019136822627849623
13.33	0.0019058163519965743
13.34	0.001897988635252979
13.35	0.001890198898674593
13.36	0.00188244692973845
13.370000000000001	0.0018747325172685744
13.38	0.001867055451426464
13.39	0.001859415523701615
13.4	0.0018518125269021389
13.41	0.001844246255145448
13.42	0.0018367165038490128
13.43	0.0018292230697211952
13.44	0.0018217657507521442
13.450000000000001	0.001814344346204775
13.46	0.0018069586566058142
13.47	0.0017996084837368965
13.48	0.0017922936306257642
13.49	0.0017850139015375148
13.5	0.0017777691019659051
13.51	0.0017705590386247487
13.52	0.0017633835194393686
13.530000000000001	0.0017562423535381036
13.540000000000001	0.0017491353512439115
13.55	0.0017420623240659938
13.56	0.00173502308469153
13.57	0.0017280174469774371
13.58	0.0017210452259422302
13.59	0.0017141062377579023
13.6	0.0017072002997419098
13.61	0.0017003272303491885
13.620000000000001	0.001693486849164252
13.63	0.0016866789768933276
13.64	0.001679903435356579
13.65	0.0016731600474803687
13.66	0.0016664486372895912
13.67	0.0016597690299000572
13.68	0.0016531210515109424
13.69	0.0016465045293972882
13.700000000000001	0.0016399192919025608
13.71	0.0016333651684312795
13.72	0.001626841989441678
13.73	0.001620349586438444
13.74	0.0016138877919654954
13.75	0.0016074564395988328
13.76	0.0016010553639394197
13.77	0.001594684400606145
13.780000000000001	0.0015883433862288172
13.790000000000001	0.0015820321584412217
13.8	0.0015757505558742313
13.81	0.0015694984181489644
13.82	0.0015632755858699956
13.83	0.0015570819006186269
13.84	0.0015509172049461939
13.85	0.001544781342367434
13.86	0.0015386741573539039
13.870000000000001	0.0015325954953274432
13.88	0.001526545202653687
13.89	0.001520523126635633
13.9	0.0015145291155072471
13.91	0.001508563018427136
13.92	0.0015026246854722355
13.93	0.0014967139676315823
13.94	0.0014908307168001091
13.950000000000001	0.0014849747857724883
13.96	0.001479146028237038
13.97	0.0014733442987696509
13.98	0.0014675694528277878
13.99	0.0014618213467445021
14.	0.0014560998377225183
14.01	0.0014504047838283544
14.02	0.0014447360439864775
14.030000000000001	0.0014390934779735171
14.040000000000001	0.0014334769464125173
14.05	0.0014278863107672196
14.06	0.0014223214333364115
14.07	0.001416782177248294
14.08	0.0014112684064549062
14.09	0.0014057799857265865
14.1	0.0014003167806464708
14.11	0.0013948786576050423
14.120000000000001	0.0013894654837947069
14.13	0.0013840771272044207
14.14	0.0013787134566143585
14.15	0.001373374341590606
14.16	0.0013680596524799089
14.17	0.0013627692604044567
14.18	0.0013575030372566907
14.19	0.0013522608556941745
14.200000000000001	0.0013470425891344829
14.21	0.0013418481117501322
14.22	0.0013366772984635636
14.23	0.0013315300249421333
14.24	0.0013264061675931703
14.25	0.0013213056035590476
14.26	0.0013162282107123111
14.27	0.0013111738676508207
14.280000000000001	0.00130614245369294
14.290000000000001	0.0013011338488727665
14.3	0.0012961479339353838
14.31	0.00129118459033216
14.32	0.0012862437002160681
14.33	0.0012813251464370522
14.34	0.0012764288125374258
14.35	0.0012715545827472966
14.36	0.0012667023419800291
14.370000000000001	0.0012618719758277406
14.38	0.001257063370556832
14.39	0.001252276413103548
14.4	0.0012475109910695672
14.41	0.001242766992717628
14.42	0.0012380443069671906
14.43	0.0012333428233901223
14.44	0.0012286624322064112
14.450000000000001	0.0012240030242799292
14.46	0.0012193644911142043
14.47	0.0012147467248482342
14.48	0.0012101496182523326
14.49	0.0012055730647239989
14.5	0.0012010169582838174
14.51	0.001196481193571394
14.52	0.001191965665841319
14.530000000000001	0.0011874702709591498
14.540000000000001	0.0011829949053974347
14.55	0.0011785394662317606
14.56	0.0011741038511368337
14.57	0.00116968795838257
14.58	0.0011652916868302452
14.59	0.0011609149359286413
14.6	0.0011565576057102403
14.61	0.0011522195967874425
14.620000000000001	0.0011479008103488005
14.63	0.001143601148155292
14.64	0.001139320512536619
14.65	0.0011350588063875262
14.66	0.0011308159331641465
14.67	0.001126591796880386
14.68	0.0011223863021043096
14.69	0.001118199353954583
14.700000000000001	0.00111403085809691
14.71	0.0011098807207405212
14.72	0.0011057488486346657
14.73	0.0011016351490651462
14.74	0.0010975395298508626
14.75	0.0010934618993403969
14.76	0.001089250007762126
14.77	0.0010848255146986253
14.780000000000001	0.001080421970117323
14.790000000000001	0.0010760392607612104
14.8	0.0010716772740615788
14.81	0.0010673358981333808
14.82	0.0010630150217706136
14.83	0.0010587145344417457
14.84	0.0010544343262851744
14.85	0.0010501742881047257
14.86	0.001045934311365164
14.870000000000001	0.0010417142881877627
14.88	0.0010375141113458965
14.89	0.0010333336742606514
14.9	0.0010291728709964985
14.91	0.0010250315962569692
14.92	0.0010209097453803774
14.93	0.001016807214335577
14.94	0.0010127238997177353
14.950000000000001	0.0010086596987441548
14.96	0.0010046145092501109
14.97	0.0010005882296847317
14.98	0.0009965807591069
14.99	0.0009925919971811904
15.	0.0009886218441738307
15.01	0.0009846702009487025
15.02	0.0009807369689633554
15.030000000000001	0.000976822050265074
15.040000000000001	0.0009729253474869454
15.05	0.0009690467638439767
15.06	0.0009651862031292315
15.07	0.0009613435697100003
15.08	0.0009575187685239902
15.09	0.0009537117050755495
15.1	0.0009499222854319191
15.11	0.0009461504162195108
15.120000000000001	0.0009423960046202034
15.13	0.0009386589583676859
15.14	0.0009349391857438078
15.15	0.0009312365955749622
15.16	0.0009275510972285021
15.17	0.0009238826006091729
15.18	0.0009202310161555753
15.19	0.0009165962548366521
15.200000000000001	0.0009129782281482063
15.21	0.0009093768481094327
15.22	0.000905792027259485
15.23	0.0009022236786540641
15.24	0.000898671715862035
15.25	0.0008951360529620507
15.26	0.000891616604539231
15.27	0.0008881132856818348
15.280000000000001	0.000884626011977975
15.290000000000001	0.0008811546995123558
15.3	0.0008776992648630178
15.31	0.0008742596250981279
15.32	0.0008708356977727764
15.33	0.0008674274009258105
15.34	0.0008640346530766683
15.35	0.0008606573732222675
15.36	0.0008572954808338875
15.370000000000001	0.000853948895854085
15.38	0.0008506175386936404
15.39	0.0008473013302285083
15.4	0.0008440001917968045
15.41	0.0008407140451958028
15.42	0.0008374428126789695
15.43	0.0008341864169529976
15.44	0.0008309447811748812
15.450000000000001	0.0008277178289489976
15.46	0.0008245054843242219
15.47	0.0008213076717910458
15.48	0.000818124316278736
15.49	0.0008149553431525
15.5	0.0008118006782106718
15.51	0.0008086602476819282
15.52	0.0008055339782225114
15.530000000000001	0.0008024217969134816
15.540000000000001	0.0007993236312579813
15.55	0.000796239409178529
15.56	0.0007931690590143185
15.57	0.0007901125095185483
15.58	0.0007870696898557656
15.59	0.0007840405295992304
15.6	0.0007810249587282943
15.610000000000001	0.0007780229076258028
15.620000000000001	0.0007750343070755144
15.63	0.0007720590882595352
15.64	0.0007690971827557749
15.65	0.0007661485225354187
15.66	0.0007632130399604178
15.67	0.0007602906677809974
15.68	0.000757381339133182
15.69	0.0007544849875363379
15.700000000000001	0.0007516015468907304
15.71	0.000748730951475108
15.72	0.0007458731359442886
15.73	0.000743028035326774
15.74	0.0007401955850223762
15.75	0.0007373757207998625
15.76	0.0007345683787946135
15.77	0.0007317734955063039
15.780000000000001	0.0007289910077965889
15.790000000000001	0.0007262208528868214
15.8	0.0007234629683557685
15.81	0.0007207172921373593
15.82	0.000717983762518436
15.83	0.000715262318136529
15.84	0.000712552897977643
15.85	0.0007098554413740604
15.860000000000001	0.0007071698880021565
15.870000000000001	0.0007044961778802403
15.88	0.000701834251366393
15.89	0.0006991840491563356
15.9	0.0006965455122813076
15.91	0.0006939185821059599
15.92	0.0006913032003262567
15.93	0.0006886993089674024
15.94	0.000686106850381774
15.950000000000001	0.0006835257672468756
15.96	0.0006809560025632956
15.97	0.0006783974996526901
15.98	0.0006758502021557735
15.99	0.0006733140540303237
16.	0.0006707889995492028
16.01	0.0006682749832983886
16.02	0.0006657719501750235
16.03	0.0006632798453854717
16.04	0.0006607986144433955
16.05	0.0006583282031678391
16.06	0.0006558685576813297
16.07	0.0006534196244079906
16.080000000000002	0.0006509813500716654
16.09	0.0006485536816940564
16.1	0.0006461365665928775
16.11	0.0006437299523800156
16.12	0.0006413337869597052
16.13	0.0006389480185267253
16.14	0.0006365725955645895
16.15	0.0006342074668437648
16.16	0.0006318525814198971
16.17	0.0006295078886320488
16.18	0.0006271733381009453
16.19	0.0006248488797272391
16.2	0.0006225344636897809
16.21	0.0006202300404439065
16.22	0.0006179355607197318
16.23	0.0006156509755204599
16.240000000000002	0.0006133762361207026
16.25	0.0006111112940648097
16.26	0.0006088561011652109
16.27	0.000606610609500771
16.28	0.000604374771415152
16.29	0.0006021485395151883
16.3	0.0005999318666692757
16.31	0.0005977247060057658
16.32	0.0005955270109113769
16.330000000000002	0.0005933387350296088
16.34	0.0005911598322591759
16.35	0.000588990256752446
16.36	0.0005868299629138899
16.37	0.0005846789053985413
16.38	0.0005825370391104729
16.39	0.0005804043192012705
16.4	0.0005782807010685317
16.41	0.0005761661403543611
16.42	0.0005740605929438882
16.43	0.0005719640149637853
16.44	0.0005698763627807975
16.45	0.0005677975930002905
16.46	0.0005657276624647955
16.47	0.0005636665282525713
16.48	0.0005616141476761774
16.490000000000002	0.0005595704782810514
16.5	0.0005575354778440995
16.51	0.0005555091043722942
16.52	0.000553491316101284
16.53	0.0005514820714940086
16.54	0.000549481329239328
16.55	0.000547489048250656
16.56	0.0005455051876646066
16.57	0.000543529706839646
16.580000000000002	0.0005415625653547577
16.59	0.0005396037230081106
16.6	0.000537653139815742
16.61	0.0005357107760102472
16.62	0.0005337765920394739
16.63	0.0005318505485652301
16.64	0.0005299326064620026
16.65	0.0005280227268156735
16.66	0.0005261208709222575
16.67	0.000524227000286639
16.68	0.0005223410766213237
16.69	0.0005204630618451912
16.7	0.0005185929180822622
16.71	0.0005167306076604712
16.72	0.0005148760931104497
16.73	0.0005130293371643105
16.740000000000002	0.0005111903027544479
16.75	0.0005093589530123435
16.76	0.0005075352512673753
16.77	0.0005057191610456429
16.78	0.0005039106460687922
16.79	0.0005021096702528523
16.8	0.0005003161977070794
16.81	0.0004985301927328093
16.82	0.0004967516198223115
16.830000000000002	0.0004949804436576606
16.84	0.000493216629109608
16.85	0.0004914601412364598
16.86	0.00048971094528297
16.87	0.00048796900667923127
16.88	0.00048623429103958094
16.89	0.00048450676416150735
16.9	0.0004827863920245716
16.91	0.0004810731407893261
16.92	0.00047936697679624865
16.93	0.0004776678665646774
16.94	0.0004759757767917614
16.95	0.00047420677934119056
16.96	0.000472421721537646
16.97	0.00047064442949709234
16.98	0.000468874864888804
16.990000000000002	0.00046711298959365956
17.	0.0004653587657028571
17.01	0.0004636121555166287
17.02	0.00046187312154296494
17.03	0.00046014162649635036
17.04	0.000458417633296505
17.05	0.0004567011050671345
17.06	0.0004549920051346921
17.07	0.00045329029702714194
17.080000000000002	0.00045159594447273716
17.09	0.00044990891139880376
17.1	0.00044822916193053075
17.11	0.00044655666038977295
17.12	0.000444891371293855
17.13	0.0004432332593543896
17.14	0.000441582289476101
17.150000000000002	0.00043993842675565573
17.16	0.0004383016364805019
17.17	0.0004366718841277167
17.18	0.00043504913536285885
17.19	0.0004334333560388341
17.2	0.0004318245121947623
17.21	0.00043022257005485474
17.22	0.00042862749602729823
17.23	0.00042703925670314945
17.240000000000002	0.0004254578188552319
17.25	0.00042388314943704147
17.26	0.0004223152155816623
17.27	0.0004207539846006883
17.28	0.00041919942398314594
17.29	0.0004176515013944357
17.3	0.0004161101846752697
17.31	0.000414575441840622
17.32	0.000413047241078685
17.330000000000002	0.00041152555074983017
17.34	0.00041001033938558033
17.35	0.0004085015756875834
17.36	0.0004069992285265961
17.37	0.0004055032669414746
17.38	0.00040401366013816944
17.39	0.000402530377488728
17.400000000000002	0.00040105338853030614
17.41	0.0003995826629641814
17.42	0.00039811817065477605
17.43	0.0003966598816286866
17.44	0.0003952077660737161
17.45	0.00039376179433792065
17.46	0.0003923219369286503
17.47	0.00039088816451160626
17.48	0.0003894604479099015
17.490000000000002	0.00038803875810312514
17.5	0.00038662306622641487
17.51	0.0003852133435695336
17.52	0.0003838095615759559
17.53	0.0003824116918419589
17.54	0.0003810197061157116
17.55	0.00037963357629638495
17.56	0.0003782532744332542
17.57	0.000376878772724814
17.580000000000002	0.0003755100435178968
17.59	0.00037414705930679837
17.6	0.0003727897927324077
17.61	0.00037143821658134295
17.62	0.0003700923037850935
17.63	0.0003687520274191673
17.64	0.00036741736070224177
17.650000000000002	0.0003660882769953257
17.66	0.00036476474980091765
17.67	0.00036344675276218
17.68	0.0003621342596621091
17.69	0.00036082724442271864
17.7	0.00035952568110421976
17.71	0.00035822954390421626
17.72	0.0003569388071568974
17.73	0.00035565344533223706
17.740000000000002	0.00035437343303520123
17.75	0.00035309874500496005
17.76	0.0003518293561141005
17.77	0.00035056524136784704
17.78	0.0003493063759032909
17.79	0.00034805273498861864
17.8	0.0003468042940223458
17.81	0.00034556102853256155
17.82	0.0003443229141761706
17.830000000000002	0.00034308992673814497
17.84	0.00034186204213077875
17.85	0.00034063923639294786
17.86	0.0003394214856893737
17.87	0.00033820876630989336
17.88	0.0003370010546687325
17.89	0.00033579832730378363
17.900000000000002	0.00033460056087589087
17.91	0.0003334077321681349
17.92	0.00033221981808512614
17.93	0.0003310367956523016
17.94	0.0003298586420152261
17.95	0.00032868533443889634
17.96	0.00032751685030705087
17.97	0.00032635316712148704
17.98	0.00032519426250137616
17.990000000000002	0.0003240401141825867
18.	0.0003228907000170135
18.01	0.00032174599797190836
18.02	0.00032060598612921416
18.03	0.00031947064268490565
18.04	0.000318339945948334
18.05	0.00031721387434157456
18.06	0.0003160924063987777
18.07	0.0003149755207655271
18.080000000000002	0.0003138631961981986
18.09	0.00031275541156332537
18.1	0.00031165214583696614
18.11	0.0003105533781040768
18.12	0.0003094590875578876
18.13	0.00030836925349928267
18.14	0.00030728385533618403
18.150000000000002	0.00030620287258294025
18.16	0.0003051089419912649
18.17	0.00030400846089933425
18.18	0.000302912551292723
18.19	0.0003018211916822014
18.2	0.0003007343606912887
18.21	0.0002996520370555998
18.22	0.00029857419962219574
18.23	0.0002975008273489392
18.240000000000002	0.0002964318993038544
18.25	0.00029536739466448815
18.26	0.0002943072927172806
18.27	0.0002932515728569347
18.28	0.00029220021458579044
18.29	0.0002911531975132061
18.3	0.00029011050135494166
18.31	0.0002890721059325429
18.32	0.0002880379911727358
18.330000000000002	0.00028700813710681885
18.34	0.00028598252387006435
18.35	0.0002849611317011164
18.36	0.0002839439409414017
18.37	0.00028293093203453666
18.38	0.0002819220855257415
18.39	0.0002809173820612579
18.400000000000002	0.0002799168023877698
18.41	0.0002789203273518276
18.42	0.00027792793789927595
18.43	0.0002769396150746868
18.44	0.00027595534002079373
18.45	0.0002749750939779309
18.46	0.0002739988582834745
18.47	0.00027302661437129114
18.48	0.00027205834377118376
18.490000000000002	0.0002710940281083474
18.5	0.00027013364910282334
18.51	0.00026917718856895836
18.52	0.00026822462841487045
18.53	0.00026727595064191136
18.54	0.00026633113734413896
18.55	0.00026539017070778775
18.56	0.00026445303301074854
18.57	0.0002635197066220432
18.580000000000002	0.00026259017400131107
18.59	0.0002616644176982927
18.6	0.00026074242035232126
18.61	0.00025982416469181056
18.62	0.0002589096335337549
18.63	0.000257998809783225
18.64	0.0002570916764328704
18.650000000000002	0.00025618821656242345
18.66	0.000255288413338208
18.67	0.00025439225001264984
18.68	0.0002534997099237903
18.69	0.00025261077649480304
18.7	0.000251725433233514
18.71	0.0002508436637319244
18.72	0.0002499654516657363
18.73	0.00024909078079388017
18.740000000000002	0.0002482196349580488
18.75	0.00024735199808222926
18.76	0.00024648785417224236
18.77	0.00024562718731527955
18.78	0.0002447699816794506
18.79	0.00024391622151332532
18.8	0.0002430658911454832
18.81	0.00024221897498406572
18.82	0.00024137545751633027
18.830000000000002	0.00024053532330820532
18.84	0.0002396985570038521
18.85	0.00023886514332522538
18.86	0.00023803506707163914
18.87	0.00023720831311933367
18.88	0.0002363848664210458
18.89	0.00023556471200558243
18.900000000000002	0.00023474783497739505
18.91	0.0002339342205161584
18.92	0.00023312385387635085
18.93	0.0002323167203868378
18.94	0.00023151280545045667
18.95	0.00023071209454360656
18.96	0.00022991457321583757
18.97	0.00022912022708944453
18.98	0.0002283290418590637
18.990000000000002	0.00022754100329126813
19.	0.000226756097224173
19.01	0.00022597430956703375
19.02	0.00022519562629985424
19.03	0.00022442003347299304
19.04	0.00022364751720677737
19.05	0.0002228780636911104
19.06	0.00022211165918508956
19.07	0.00022134829001662222
19.080000000000002	0.00022058794258204855
19.09	0.00021983060334575748
19.1	0.0002190762588398163
19.11	0.00021832489566359526
19.12	0.00021757650048339464
19.13	0.00021683106003207877
19.14	0.0002160885611087063
19.150000000000002	0.00021534899057816756
19.16	0.00021461233537082127
19.17	0.0002138785824821343
19.18	0.00021314771897232372
19.19	0.00021241973196600093
19.2	0.00021169460865181779
19.21	0.0002109723362821153
19.22	0.00021025290217257343
19.23	0.0002095362937018645
19.240000000000002	0.00020882249831130636
19.25	0.0002081115035045219
19.26	0.00020740329684709383
19.27	0.00020669786596622968
19.28	0.00020599519855042065
19.29	0.00020529528234911065
19.3	0.00020459810517235957
19.31	0.0002039036548905143
19.32	0.00020321191943387787
19.330000000000002	0.00020252288679238468
19.34	0.00020183654501527298
19.35	0.0002011528822107622
19.36	0.00020047188654573217
19.37	0.00019979354624540397
19.38	0.00019911784959302038
19.39	0.00019844478492953292
19.400000000000002	0.0001977743406532855
19.41	0.00019710650521970467
19.42	0.00019644126714098845
19.43	0.00019577861498579771
19.44	0.00019511853737895122
19.45	0.00019446102300111953
19.46	0.00019381069746561287
19.47	0.00019316422615290403
19.48	0.00019252024148772243
19.490000000000002	0.00019187873263603868
19.5	0.0001912396888165505
19.51	0.00019060309930039827
19.52	0.00018996895341088404
19.53	0.00018933724052319075
19.54	0.00018870795006410327
19.55	0.00018808107151173367
19.56	0.0001874565943952434
19.57	0.0001868345082945708
19.580000000000002	0.0001862148028401594
19.59	0.0001855974677126878
19.6	0.00018498249264279932
19.61	0.000184369867410836
19.62	0.00018375958184657263
19.63	0.0001831516258289529
19.64	0.000182545989285826
19.650000000000002	0.00018194266219368645
19.66	0.0001813416345774137
19.67	0.0001807428965100149
19.68	0.00018014643811236863
19.69	0.00017955224955296852
19.7	0.00017896032104767072
19.71	0.0001783706428594423
19.72	0.0001777832052981095
19.73	0.0001771979987201094
19.740000000000002	0.000176615013528242
19.75	0.00017603424017142402
19.76	0.00017545566914444426
19.77	0.00017487929098772024
19.78	0.00017430509628705516
19.79	0.0001737330756733996
19.8	0.00017316321982260998
19.81	0.0001725955194552127
19.82	0.00017202996533616623
19.830000000000002	0.00017146654827462695
19.84	0.00017090525912371503
19.85	0.00017034608878028348
19.86	0.00016978902818468454
19.87	0.0001692340683205425
19.88	0.00016868120021452406
19.89	0.00016813041493611233
19.900000000000002	0.00016758170359737975
19.91	0.00016703505735276542
19.92	0.00016649046739885057
19.93	0.0001659479249741372
19.94	0.00016540742135882835
19.95	0.00016486894787460772
19.96	0.0001643324958844221
19.97	0.0001637980567922651
19.98	0.00016326562204296112
19.990000000000002	0.00016273518312195099
20.	0.00016220673155507956
20.01	0.00016168025890838316
20.02	0.00016115575678788018
20.03	0.00016063321683935984
20.04	0.00016011263074817625
20.05	0.00015959399023903975
20.06	0.00015907728707581135
20.07	0.00015856251306129888
20.080000000000002	0.00015804966003705336
20.09	0.00015753871988316605
20.1	0.0001570296845180673
20.11	0.00015652254589832817
20.12	0.00015601729601845955
20.13	0.00015551392691071553
20.14	0.00015501243064489656
20.150000000000002	0.000154512799328155
20.16	0.00015401502510479828
20.17	0.00015351910015609852
20.18	0.00015302501670009895
20.19	0.00015253276699142237
20.2	0.00015204234332108252
20.21	0.0001515537380162945
20.22	0.00015106694344028701
20.23	0.00015058195199211567
20.240000000000002	0.00015009875610647735
20.25	0.0001496173482535253
20.26	0.00014913772093868644
20.27	0.00014865986670247733
20.28	0.00014818377812032441
20.29	0.00014770944780238254
20.3	0.0001472368683933547
20.31	0.0001467660325723159
20.32	0.00014629693305253391
20.330000000000002	0.0001458295625812928
20.34	0.0001453639139397188
20.35	0.00014489997994260445
20.36	0.00014443775343823669
20.37	0.00014397722730822286
20.38	0.00014351839446731946
20.39	0.00014306124786326305
20.400000000000002	0.00014260578047659895
20.41	0.0001421519853205132
20.42	0.00014169985544066572
20.43	0.00014124938391502204
20.44	0.00014080056385368857
20.45	0.0001403533883987479
20.46	0.00013990785072409394
20.47	0.00013946394403526952
20.48	0.00013902166156930476
20.490000000000002	0.00013858099659455424
20.5	0.0001381419424105391
20.51	0.00013770449234778523
20.52	0.00013726863976766638
20.53	0.00013683437806224564
20.54	0.00013640170065412036
20.55	0.0001359706009962634
20.56	0.0001355410725718709
20.57	0.0001351131088942068
20.580000000000002	0.00013468670350644978
20.59	0.0001342618499815408
20.6	0.00013383854192203253
20.61	0.0001334167729599364
20.62	0.00013299653675657508
20.63	0.00013257782700243294
20.64	0.00013216063741700596
20.650000000000002	0.00013174496174865724
20.66	0.00013133079377446833
20.67	0.00013091812730009402
20.68	0.00013050695615961818
20.69	0.0001300972742154083
20.7	0.0001296890753579733
20.71	0.00012928235350582044
20.72	0.00012887710260531368
20.73	0.0001284733166305328
20.740000000000002	0.00012807098958313333
20.75	0.00012767011549220662
20.76	0.00012727068841414152
20.77	0.00012687270243248687
20.78	0.00012647615165781436
20.79	0.00012608103022758102
20.8	0.0001256873323059954
20.81	0.00012529505208388173
20.82	0.00012490418377854507
20.830000000000002	0.00012451472163364018
20.84	0.00012412665991903683
20.85	0.0001237452919358401
20.86	0.00012336808330124627
20.87	0.0001229922044585437
20.88	0.00012261765008594015
20.89	0.0001222444148854749
20.900000000000002	0.00012187249358290093
20.91	0.00012150188092756709
20.92	0.0001211325716923027
20.93	0.00012076456067329926
20.94	0.00012039784268999707
20.95	0.00012003241258496847
20.96	0.00011966826522380527
20.97	0.000119305395495004
20.98	0.00011894379830985307
20.990000000000002	0.0001185834686023201
21.	0.00011822440132894155
21.01	0.00011786659146870919
21.02	0.00011751003402296152
21.03	0.00011715472401527232
21.04	0.00011680065649134254
21.05	0.00011644782651888997
21.06	0.00011609622918754261
21.07	0.0001157458596087297
21.080000000000002	0.00011539671291557489
21.09	0.00011504878426279094
21.1	0.00011470206882657186
21.11	0.00011435656180448893
21.12	0.00011401225841538537
21.13	0.00011366915389927254
21.14	0.00011332724351722548
21.150000000000002	0.00011298652255128064
21.16	0.00011264698630433258
21.17	0.00011230863010003279
21.18	0.00011197144928268758
21.19	0.00011163543921715695
21.2	0.0001113005952887551
21.21	0.00011096691290314973
21.22	0.00011063438748626306
21.23	0.00011030301448417373
21.240000000000002	0.00010997278936301684
21.25	0.00010964370760888786
21.26	0.0001093157647277449
21.27	0.0001089889562453117
21.28	0.00010866327770698152
21.29	0.00010833872467772221
21.3	0.00010801529274198021
21.31	0.0001076929775035861
21.32	0.00010737177458566073
21.330000000000002	0.00010705167963052166
21.34	0.000106732688299589
21.35	0.00010641479627329485
21.36	0.00010609799925098862
21.37	0.00010578229295084706
21.38	0.00010546767310978312
21.39	0.00010515413548335394
21.400000000000002	0.000104841675845672
21.41	0.00010453028998931498
21.42	0.00010421997372523576
21.43	0.00010391072288267477
21.44	0.00010360253330907141
21.45	0.00010329540086997517
21.46	0.00010298932144895965
21.47	0.00010268429094753497
21.48	0.00010238030528506114
21.490000000000002	0.00010207736039866257
21.5	0.00010177545224314213
21.51	0.00010147457679089604
21.52	0.00010117473003182964
21.53	0.00010087590797327275
21.54	0.00010057810663989591
21.55	0.0001002813220736276
21.56	0.00009998555033357064
21.57	0.00009969078749592008
21.580000000000002	0.00009939702965388148
21.59	0.00009910427291758902
21.6	0.00009881251341402398
21.61	0.00009852174728693504
21.62	0.0000982319706967569
21.63	0.00009794317982053092
21.64	0.00009765537085182589
21.650000000000002	0.00009736854000065853
21.66	0.00009708268349341492
21.67	0.00009679779757277287
21.68	0.00009651387849762294
21.69	0.00009623092254299244
21.7	0.00009594892599996748
21.71	0.0000956678851756167
21.72	0.00009538779639291474
21.73	0.0000951086559906674
21.740000000000002	0.00009483046032343508
21.75	0.00009455320576145831
21.76	0.00009427688869058338
21.77	0.00009400150551218769
21.78	0.00009372705264310626
21.79	0.00009345352651555766
21.8	0.00009318092357707177
21.81	0.000092909240290417
21.82	0.00009263847313352676
21.830000000000002	0.00009236861859942928
21.84	0.00009209967319617493
21.85	0.0000918316334467655
21.86	0.00009156449588908273
21.87	0.000091298257075819
21.88	0.00009103291357440615
21.89	0.00009076846196694627
21.900000000000002	0.00009050489885014235
21.91	0.00009024222083522925
21.92	0.00008998042454790478
21.93	0.00008971950662826194
21.94	0.00008945946373072022
21.95	0.00008920029252395902
21.96	0.00008894198969084962
21.97	0.00008868455192838839
21.98	0.00008842797594763064
21.990000000000002	0.00008817225847362435
22.	0.00008791739624534371
22.01	0.00008766338601562434
22.02	0.00008741022455109764
22.03	0.00008715790863212637
22.04	0.00008690643505273992
22.05	0.00008665580062056983
22.06	0.00008640600215678637
22.07	0.00008615703649603514
22.080000000000002	0.00008590890048637303
22.09	0.0000856615909892066
22.1	0.00008541510487922848
22.11	0.00008516943904435583
22.12	0.00008492459038566772
22.13	0.00008468055581734446
22.14	0.00008443733226660582
22.150000000000002	0.00008419491667364961
22.16	0.00008395330599159215
22.17	0.00008371249718640717
22.18	0.00008347248723686562
22.19	0.00008323327313447671
22.2	0.00008299485188342778
22.21	0.00008275722050052549
22.22	0.00008252037601513732
22.23	0.00008228431546913243
22.240000000000002	0.00008204903591682371
22.25	0.00008181453442491047
22.26	0.00008158080807241963
22.27	0.00008134785395064952
22.28	0.00008111566916311211
22.29	0.00008088425082547692
22.3	0.0000806535960655137
22.31	0.00008042370202303725
22.32	0.00008019456584985072
22.330000000000002	0.00007996618470969082
22.34	0.00007974486748367948
22.35	0.00007952878059325273
22.36	0.00007931337550845328
22.37	0.0000790986497745418
22.38	0.00007888460094670844
22.39	0.00007867122659002835
22.400000000000002	0.00007845852427941746
22.41	0.000078246491599588
22.42	0.00007803512614500492
22.43	0.0000778244255198423
22.44	0.00007761438733793894
22.45	0.00007740500922275632
22.46	0.000077196288807335
22.47	0.00007698822373425127
22.48	0.00007678081165557562
22.490000000000002	0.00007657405023282891
22.5	0.00007636793713694149
22.51	0.00007616247004821054
22.52	0.00007595764665625813
22.53	0.00007575346465998977
22.54	0.00007554992176755339
22.55	0.00007534701569629745
22.56	0.00007514474417273033
22.57	0.0000749431049324798
22.580000000000002	0.00007474209572025187
22.59	0.00007454171428979069
22.6	0.00007434195840383813
22.61	0.00007414282583409449
22.62	0.00007394431436117776
22.63	0.0000737464217745842
22.64	0.00007354914587264965
22.650000000000002	0.00007335248446250955
22.66	0.00007315643536006019
22.67	0.00007296099638991946
22.68	0.00007276616538538909
22.69	0.00007257194018841536
22.7	0.00007237831864955092
22.71	0.00007218529862791737
22.72	0.00007199287799116653
22.73	0.00007180105461544266
22.740000000000002	0.00007160982638534631
22.75	0.00007141919119389501
22.76	0.0000712291469424873
22.77	0.0000710396915408658
22.78	0.0000708508229070796
22.79	0.00007066253896744832
22.8	0.00007047483765652542
22.81	0.00007028771691706177
22.82	0.00007010117469996978
22.830000000000002	0.00006991520896428729
22.84	0.00006972981767714206
22.85	0.00006954499881371553
22.86	0.00006936075035720837
22.87	0.00006917707029880461
22.88	0.0000689939566376367
22.89	0.00006881140738075038
22.900000000000002	0.00006862942054307042
22.91	0.00006844799414736568
22.92	0.00006826712622421493
22.93	0.00006808681481197218
22.94	0.00006790705795673351
22.95	0.00006772785371230213
22.96	0.00006754920014015503
22.97	0.00006737109530941
22.98	0.00006719353729679109
22.990000000000002	0.00006701652418659614
23.	0.00006684005407066371
23.01	0.00006666412504833948
23.02	0.0000664887352264441
23.03	0.00006631388271924054
23.04	0.00006613956564840106
23.05	0.00006596578214297544
23.06	0.00006579253033935882
23.07	0.00006561980838125921
23.080000000000002	0.00006544761441966628
23.09	0.00006527594661281893
23.1	0.00006510480312617463
23.11	0.00006493418213237712
23.12	0.00006476408181122578
23.13	0.00006459450034964453
23.14	0.00006442543594165019
23.150000000000002	0.00006425688678832264
23.16	0.00006408885109777362
23.17	0.0000639213270851161
23.18	0.00006375431297243437
23.19	0.0000635878069887533
23.2	0.00006342180737000897
23.21	0.00006325631235901786
23.22	0.00006309132020544775
23.23	0.00006292682916578794
23.240000000000002	0.00006276283750331943
23.25	0.00006259934348808575
23.26	0.00006243634539686421
23.27	0.0000622738415131357
23.28	0.00006211183012705683
23.29	0.00006195030953543064
23.3	0.00006178927804167787
23.31	0.00006162873395580847
23.32	0.00006146867559439368
23.330000000000002	0.00006130910128053666
23.34	0.0000611500093438456
23.35	0.00006099139812040491
23.36	0.00006083326595274757
23.37	0.00006067561118982756
23.38	0.00006051843218699184
23.39	0.0000603617273059535
23.400000000000002	0.0000602054949147636
23.41	0.00006004973338778488
23.42	0.000059894441105664025
23.43	0.00005973961645530451
23.44	0.000059585257829840844
23.45	0.000059431363628610635
23.46	0.000059277932257128525
23.47	0.00005912496212706007
23.48	0.00005897245165619464
23.490000000000002	0.00005882039926841998
23.5	0.000058668803393695816
23.51	0.00005851766246802742
23.52	0.00005836697493344077
23.53	0.00005821673923795604
23.54	0.00005806695383556194
23.55	0.000057917617186191193
23.56	0.000057768727755693924
23.57	0.000057620284015813174
23.580000000000002	0.0000574722844441599
23.59	0.00005732472752418733
23.6	0.00005717761174516663
23.61	0.000057030935602161955
23.62	0.00005688469759600573
23.63	0.00005673889623327403
23.64	0.00005659353002626252
23.650000000000002	0.00005644859749296181
23.66	0.00005630409715703333
23.67	0.00005616002754778542
23.68	0.000056016387200149114
23.69	0.0000558731746546543
23.7	0.00005573038845740615
23.71	0.000055588027160061564
23.72	0.00005544608931980516
23.73	0.00005530457349932637
23.740000000000002	0.0000551634782667958
23.75	0.000055022802195842295
23.76	0.000054882543865529666
23.77	0.00005474270186033362
23.78	0.00005460327477011912
23.79	0.000054464261190117724
23.8	0.00005432565972090416
23.81	0.00005418746896837483
23.82	0.0000540496875437245
23.830000000000002	0.000053912314063424466
23.84	0.00005377534714920005
23.85	0.00005363878542800851
23.86	0.000053502627532016975
23.87	0.000053366872098580665
23.88	0.000053231517770220733
23.89	0.00005309656319460295
23.900000000000002	0.00005296200702451558
23.91	0.00005282784791784832
23.92	0.0000526940845375705
23.93	0.00005256071555170991
23.94	0.0000524330188840617
23.95	0.000052306618188555695
23.96	0.000052180574783429327
23.97	0.000052054887510260514
23.98	0.00005192955521486379
23.990000000000002	0.0000518045767472737
24.	0.000051679950961726904
24.01	0.000051555676716645763
24.02	0.0000514317528746209
24.03	0.00005130817830239419
24.04	0.000051184951870842255
24.05	0.00005106207245495952
24.060000000000002	0.00005093953893384116
24.07	0.00005081735019066706
24.080000000000002	0.000050695505112684604
24.09	0.000050574002591192676
24.1	0.00005045284152152515
24.11	0.00005033202080303423
24.12	0.00005021153933907446
24.13	0.000050091396036986536
24.14	0.00004997158980808093
24.150000000000002	0.00004985211956762203
24.16	0.000049732984234812227
24.17	0.00004961418273277575
24.18	0.000049495713988543
24.19	0.000049377576933034636
24.2	0.000049259770501046175
24.21	0.00004914229363123173
24.22	0.00004902514526608931
24.23	0.00004890832435194458
24.240000000000002	0.000048791829838935646
24.25	0.00004867566068099809
24.26	0.00004855981583584917
24.27	0.00004844429426497254
24.28	0.000048329094933603795
24.29	0.00004821421681071448
24.3	0.000048099658868997875
24.310000000000002	0.000047985420084853393
24.32	0.000047871499438372084
24.330000000000002	0.00004775789591332178
24.34	0.000047644608497132036
24.35	0.00004753163618087981
24.36	0.000047418977959274765
24.37	0.000047306632830644316
24.38	0.00004719459979691977
24.39	0.00004708287786362141
24.400000000000002	0.00004697146603984418
24.41	0.000046860363338243595
24.42	0.00004674956877502144
24.43	0.00004663908136991126
24.44	0.000046528900146164786
24.45	0.000046419024130537355
24.46	0.000046309452353274304
24.47	0.00004620018384809688
24.48	0.0000460912176521883
24.490000000000002	0.00004598255280618003
24.5	0.00004587418835413795
24.51	0.000045766123343548966
24.52	0.00004565835682530699
24.53	0.00004555088785369934
24.54	0.000045443715486393716
24.55	0.00004533683878442423
24.560000000000002	0.000045230256812178435
24.57	0.00004512396863738366
24.580000000000002	0.00004501797333109384
24.59	0.00004491226996767634
24.6	0.00004480685762479878
24.61	0.00004470173538341598
24.62	0.000044596902327756816
24.63	0.00004449235754531119
24.64	0.00004438810012681742
24.650000000000002	0.000044284129166248936
24.66	0.00004418044376080175
24.67	0.00004407704301088152
24.68	0.00004397392602009116
24.69	0.0000438710918952176
24.7	0.000043768539746219844
24.71	0.000043666268686216036
24.72	0.000043564277831471044
24.73	0.000043462566301384094
24.740000000000002	0.000043361133218476385
24.75	0.00004325997770837869
24.76	0.00004315909889981909
24.77	0.00004305849592461088
24.78	0.00004295816791764034
24.79	0.00004285811401685449
24.8	0.00004275833336324936
24.810000000000002	0.00004265882510085746
24.82	0.00004255958837673637
24.830000000000002	0.000042460622340956665
24.84	0.00004236192614658977
24.85	0.00004226349894969666
24.86	0.00004216533990931566
24.87	0.000042067448187450886
24.88	0.000041969822949060945
24.89	0.000041872463362046786
24.900000000000002	0.00004177536859724042
24.91	0.000041678537828393654
24.92	0.000041581970232166155
24.93	0.000041485664988114304
24.94	0.000041389621278680153
24.95	0.00004129383828917945
24.96	0.000041198315207790995
24.97	0.00004110305122554512
24.98	0.000041008045536312715
24.990000000000002	0.00004091329733679377
25.	0.00004081880582650691
25.01	0.00004072457020777796
25.02	0.0000406305896857289
25.03	0.000040536863468267325
25.04	0.00004044339076607529
25.05	0.000040350170792598554
25.060000000000002	0.00004025720276403595
25.07	0.0000401644858993284
25.080000000000002	0.00004007201942014838
25.09	0.00003997980255088945
25.1	0.000039887834518655195
25.11	0.000039796114553249105
25.12	0.00003970464188716412
25.13	0.00003961341575557165
25.14	0.00003952243539631175
25.150000000000002	0.00003943170004988247
25.16	0.00003934120895942945
25.17	0.00003925096137073597
25.18	0.000039160956532212274
25.19	0.000039071193694885786
25.2	0.00003898167211239084
25.21	0.00003889239104095831
25.22	0.00003880334973940599
25.23	0.00003871454746912829
25.240000000000002	0.0000386259834940863
25.25	0.00003853765708079788
25.26	0.0000384495674983279
25.27	0.000038361714018278206
25.28	0.0000382740959147777
25.29	0.000038186712464473076
25.3	0.00003809956294651864
25.310000000000002	0.00003801264664256669
25.32	0.00003792596283675815
25.330000000000002	0.000037839510815712606
25.34	0.000037753289868518934
25.35	0.000037667299286725926
25.36	0.00003758153836433251
25.37	0.000037496006397778454
25.38	0.000037410702685935144
25.39	0.000037325626530095856
25.400000000000002	0.000037240777233966846
25.41	0.00003715615410365778
25.42	0.00003707175644767245
25.43	0.000036987583576899976
25.44	0.00003690363480460514
25.45	0.00003681990944641969
25.46	0.00003673640682033309
25.47	0.00003665312624668329
25.48	0.00003657006704814794
25.490000000000002	0.00003648722854973555
25.5	0.00003640461007877618
25.51	0.00003632221096491287
25.52	0.000036240030540092575
25.53	0.00003615806813855752
25.54	0.00003607632309683631
25.55	0.00003599479475373525
25.560000000000002	0.0000359134824503296
25.57	0.00003583238552995483
25.580000000000002	0.00003575150333819813
25.59	0.0000356708352228898
25.6	0.000035590380534094534
25.61	0.00003551013862410317
25.62	0.00003543010884742378
25.63	0.00003535029056077364
25.64	0.00003527068312307071
25.650000000000002	0.00003518906176927937
25.66	0.000035106678597679946
25.67	0.00003502452028491756
25.68	0.000034942586130018766
25.69	0.000034860875434467216
25.7	0.00003477938750219388
25.71	0.000034698121639567626
25.72	0.00003461707715538565
25.73	0.0000345362533608642
25.740000000000002	0.00003445564956962891
25.75	0.00003437526509770573
25.76	0.00003429509926351145
25.77	0.00003421515138784436
25.78	0.00003413542079387515
25.79	0.00003405590680713766
25.8	0.00003397660875551959
25.810000000000002	0.00003389752596925367
25.82	0.00003381865778090831
25.830000000000002	0.00003374000352537855
25.84	0.00003366156253987728
25.85	0.00003358333416392607
25.86	0.00003350531773934621
25.87	0.00003342751261025019
25.88	0.0000333499181230322
25.89	0.00003327253362635996
25.900000000000002	0.00003319535847116544
25.91	0.00003311839201063656
25.92	0.00003304163360020801
25.93	0.00003296508259755308
25.94	0.00003288873836257449
25.95	0.000032812600257396384
25.96	0.000032736667646355186
25.97	0.000032660939895991605
25.98	0.00003258541637504175
25.990000000000002	0.00003251009645442883
26.	0.000032434979507254774
26.01	0.000032360064908791885
26.02	0.000032285352036474326
26.03	0.000032210840269889935
26.04	0.000032136528990771955
26.05	0.00003206241758299076
26.060000000000002	0.000031988505432545656
26.07	0.00003191479192755675
26.080000000000002	0.00003184127645825676
26.09	0.000031767958416982844
26.1	0.000031694837198168835
26.11	0.00003162191219833687
26.12	0.00003154918281608947
26.13	0.00003147664845210172
26.14	0.00003140430850911322
26.150000000000002	0.00003133216239192015
26.16	0.00003126020950736767
26.17	0.00003118844926434156
26.18	0.00003111688107376108
26.19	0.00003104550434857068
26.2	0.00003097431850373241
26.21	0.000030903322956218435
26.22	0.00003083251712500312
26.23	0.00003076190043105548
26.240000000000002	0.00003069147229733148
26.25	0.000030621232148766685
26.26	0.00003055117941226853
26.27	0.000030481313516708883
26.28	0.000030411633892916453
26.29	0.000030342139973669586
26.3	0.000030272831193688595
26.310000000000002	0.00003020370698962856
26.32	0.000030134766800071803
26.330000000000002	0.00003006601006552076
26.34	0.000029997436228390603
26.35	0.00002992904473300177
26.36	0.000029860835025573198
26.37	0.000029792806554214705
26.38	0.000029724958768919934
26.39	0.00002965729112155936
26.400000000000002	0.000029589803065873035
26.41	0.00002952249405746337
26.42	0.000029455363553788526
26.43	0.000029388411014154874
26.44	0.00002932163589971035
26.45	0.00002925503767343738
26.46	0.000029188615800145928
26.47	0.0000291223697464666
26.48	0.000029056298980843773
26.490000000000002	0.00002899040297352875
26.5	0.000028924681196572914
26.51	0.000028859133123820933
26.52	0.000028793758230904106
26.53	0.00002872855599523351
26.54	0.00002866352589599321
26.55	0.000028598667414133762
26.560000000000002	0.000028533980032365556
26.57	0.000028469463235152004
26.580000000000002	0.000028405116508703066
26.59	0.00002834093934096873
26.6	0.000028276931221632417
26.61	0.00002821309164210432
26.62	0.000028149420095515192
26.63	0.000028085916076709766
26.64	0.000028022579082240043
26.650000000000002	0.000027959408610359437
26.66	0.00002789640416101594
26.67	0.000027833565235845836
26.68	0.000027770891338167663
26.69	0.000027708381972975483
26.7	0.000027646036646932866
26.71	0.000027583854868366674
26.72	0.00002752183614726066
26.73	0.00002745997999524932
26.740000000000002	0.000027398285925611866
26.75	0.000027336753453265833
26.76	0.000027275382094761103
26.77	0.000027214171368273857
26.78	0.000027153120793600392
26.79	0.000027092229892150974
26.8	0.00002703149818694413
26.810000000000002	0.000026970925202600284
26.82	0.00002691051046533619
26.830000000000002	0.000026850253502958468
26.84	0.000026790153844858137
26.85	0.00002673021102200448
26.86	0.000026670424566939223
26.87	0.000026610794013770614
26.88	0.000026551318898167774
26.89	0.00002649199875735465
26.900000000000002	0.00002643283313010439
26.91	0.000026373821556733603
26.92	0.000026314963579096507
26.93	0.000026256258740579205
26.94	0.000026197706586094278
26.95	0.000026139306662074666
26.96	0.00002608105851646841
26.97	0.000026022961698732923
26.98	0.000025965015759829212
26.990000000000002	0.000025907220252216548
27.	0.000025849574729846867
27.01	0.000025792078748159072
27.02	0.000025734731864073706
27.03	0.000025677533635987468
27.04	0.000025620483623767646
27.05	0.00002556358138874667
27.060000000000002	0.000025506826493716842
27.07	0.00002545021850292488
27.080000000000002	0.000025393756982066384
27.09	0.000025337441498280736
27.1	0.000025281271620145562
27.11	0.000025225246917671622
27.12	0.00002516936696229735
27.13	0.000025113631326883626
27.14	0.000025058039585708632
27.150000000000002	0.000025002591314462566
27.16	0.000024947286090242324
27.17	0.000024892123491546604
27.18	0.000024837103098270416
27.19	0.00002478222449170019
27.2	0.000024727487254508594
27.21	0.000024672890970749314
27.22	0.00002461843522585216
27.23	0.00002456411960661794
27.240000000000002	0.000024509943701213293
27.25	0.000024455907099165986
27.26	0.00002440200939135962
27.27	0.00002434825017002871
27.28	0.000024294629028753925
27.29	0.00002424114556245692
27.3	0.000024187799367395533
27.310000000000002	0.000024134590041158856
27.32	0.00002408151718266246
27.330000000000002	0.000024028580392143357
27.34	0.000023975779271155295
27.35	0.00002392311342256399
27.36	0.00002387058245054211
27.37	0.00002381818596056477
27.38	0.000023765923559404575
27.39	0.000023713794855126933
27.400000000000002	0.000023661799457085414
27.41	0.00002360993697591692
27.42	0.000023558207023537064
27.43	0.00002350660921313559
27.44	0.00002345514315917158
27.45	0.000023403808477368897
27.46	0.000023352604784711578
27.47	0.00002330153169943928
27.48	0.00002324936023932643
27.490000000000002	0.00002319440458700924
27.5	0.00002313959875274672
27.51	0.00002308494227385373
27.52	0.000023030434689241628
27.53	0.000022976075539411855
27.54	0.000022921864366450207
27.55	0.000022867800714020627
27.560000000000002	0.000022813884127359133
27.57	0.000022760114153268078
27.580000000000002	0.000022706490340109894
27.59	0.00002265301223780146
27.6	0.000022599679397807844
27.61	0.000022546491373136804
27.62	0.000022493447718332595
27.63	0.000022440547989470335
27.64	0.000022387791744150128
27.650000000000002	0.000022335178541491245
27.66	0.00002228270794212639
27.67	0.000022230379508196047
27.68	0.000022178192803342553
27.69	0.000022126147392704624
27.7	0.000022074242842911577
27.71	0.00002202247872207763
27.72	0.00002197085459979648
27.73	0.000021919370047135517
27.740000000000002	0.00002186802463663027
27.75	0.00002181681794227898
27.76	0.00002176574953953687
27.77	0.00002171481900531084
27.78	0.000021664025917953918
27.79	0.00002161336985725969
27.8	0.00002156285040445702
27.810000000000002	0.000021512467142204537
27.82	0.00002146221965458529
27.830000000000002	0.000021412107527101353
27.84	0.00002136213034666842
27.85	0.000021312287701610608
27.86	0.00002126257918165506
27.87	0.000021213004377926707
27.88	0.00002116356288294294
27.89	0.00002111425429060842
27.900000000000002	0.0000210650781962099
27.91	0.000021016034196410965
27.92	0.000020967121889246778
27.93	0.000020918340874119196
27.94	0.000020869690751791316
27.95	0.000020821171124382594
27.96	0.000020772781595363667
27.97	0.000020724521769551197
27.98	0.000020676391253103053
27.990000000000002	0.000020628389653513095
28.	0.000020580516579606087
28.01	0.00002053277164153309
28.02	0.00002048515445076603
28.03	0.00002043766462009299
28.04	0.000020390301763613425
28.05	0.000020343065496732907
28.060000000000002	0.00002029595543615847
28.07	0.000020248971199893815
28.080000000000002	0.0000202021124072342
28.09	0.000020155378678761826
28.1	0.000020108769636340964
28.11	0.000020062284903113195
28.12	0.000020015924103492567
28.13	0.000019969686863160978
28.14	0.000019923572809063276
28.150000000000002	0.00001987758156940273
28.16	0.000019831712773636236
28.17	0.000019785966052469643
28.18	0.000019740341037853123
28.19	0.00001969483736297661
28.2	0.000019649454662265032
28.21	0.00001960419257137383
28.22	0.00001955905072718442
28.23	0.000019514028767799473
28.240000000000002	0.000019469126332538532
28.25	0.000019424343061933447
28.26	0.000019379678597723768
28.27	0.000019335132582852527
28.28	0.00001929070466146143
28.29	0.000019246394478886665
28.3	0.00001920220168165435
28.310000000000002	0.00001915812591747621
28.32	0.000019114166835245075
28.330000000000002	0.000019070324085030624
28.34	0.000019026597318074926
28.35	0.000018982986186788108
28.36	0.000018939490344744144
28.37	0.000018896109446676436
28.38	0.000018852843148473554
28.39	0.000018809691107174976
28.400000000000002	0.000018766652980966833
28.41	0.000018723728429177664
28.42	0.000018680917112274257
28.43	0.00001863821869185734
28.44	0.00001859563283065746
28.45	0.000018553159192530855
28.46	0.000018510797442455206
28.47	0.00001846854724652558
28.48	0.00001842640827195033
28.490000000000002	0.00001838438018704681
28.5	0.00001834246266123761
28.51	0.00001830065536504623
28.52	0.000018258957970093073
28.53	0.000018217370149091484
28.54	0.000018175891575843767
28.55	0.000018134521925236943
28.560000000000002	0.000018093260873239105
28.57	0.000018052108096895167
28.580000000000002	0.000018011063274323014
28.59	0.00001797012608470965
28.6	0.0000179292962083071
28.61	0.000017888573326428642
28.62	0.00001784795712144487
28.63	0.000017807447276779793
28.64	0.000017767043476907002
28.650000000000002	0.00001772674540734586
28.66	0.000017686552754657563
28.67	0.00001764646520644143
28.68	0.00001760648245133111
28.69	0.000017566604178990743
28.7	0.000017526830080111114
28.71	0.00001748715984640619
28.72	0.000017447593170609007
28.73	0.00001740812974646819
28.740000000000002	0.000017368769268744232
28.75	0.000017329511433205657
28.76	0.000017290355936625513
28.77	0.00001725130247677763
28.78	0.00001721235075243288
28.79	0.000017173500463355748
28.8	0.000017134751310300535
28.810000000000002	0.00001709610299500782
28.82	0.000017057555220200883
28.830000000000002	0.000017019107689582052
28.84	0.000016980760107829265
28.85	0.000016942512180592468
28.86	0.00001690436361448996
28.87	0.000016866314117105052
28.88	0.00001682836339698249
28.89	0.000016790511163624968
28.900000000000002	0.000016752757127489574
28.91	0.000016715100999984433
28.92	0.00001667754249346526
28.93	0.000016640081321231758
28.94	0.000016602717197524464
28.95	0.00001656544983752111
28.96	0.000016528278957333234
28.97	0.000016491204274003012
28.98	0.000016454225505499648
28.990000000000002	0.000016417342370716124
29.	0.000016380554589465933
29.01	0.000016343861882479512
29.02	0.0000163072639714012
29.03	0.000016270760578785796
29.04	0.000016234351428095203
29.05	0.000016198036243695334
29.060000000000002	0.000016161814750852732
29.07	0.00001612568667573122
29.080000000000002	0.00001608965174538894
29.09	0.000016053709687774825
29.1	0.000016017860231725607
29.11	0.00001598210310696252
29.12	0.000015946438044088093
29.13	0.000015910864774582992
29.14	0.000015875383030802974
29.150000000000002	0.00001583999254597553
29.16	0.0000158046930541969
29.17	0.000015769484290428863
29.18	0.000015734365990495735
29.19	0.000015699337891081105
29.2	0.000015664399729724934
29.21	0.000015629551244820287
29.22	0.00001559479217561038
29.23	0.00001556012226218561
29.240000000000002	0.000015525541245480273
29.25	0.000015491048867269746
29.26	0.00001545664487016745
29.27	0.000015422328997621683
29.28	0.00001538810099391282
29.29	0.000015353960604150264
29.3	0.00001531990757426942
29.310000000000002	0.000015285941651028796
29.32	0.000015252062582007099
29.330000000000002	0.000015218270115600118
29.34	0.000015184564001018086
29.35	0.000015150943988282493
29.36	0.000015117409828223349
29.37	0.000015083961272476272
29.38	0.000015050598073479558
29.39	0.000015017319984471303
29.400000000000002	0.000014984126759486706
29.41	0.000014951018153355014
29.42	0.000014917993921696795
29.43	0.000014885053820921126
29.44	0.000014852197608222789
29.45	0.000014826415270023755
29.46	0.000014802635135803514
29.47	0.000014778901193845826
29.48	0.000014755213338794808
29.490000000000002	0.00001473157146557045
29.5	0.000014707975469367897
29.51	0.000014684425245656532
29.52	0.000014660920690179264
29.53	0.000014637461698951647
29.54	0.000014614048168261129
29.55	0.000014590679994666197
29.560000000000002	0.000014567357074995582
29.57	0.000014544079306347525
29.580000000000002	0.000014520846586088928
29.59	0.000014497658811854561
29.6	0.00001447451588154627
29.61	0.000014451417693332282
29.62	0.000014428364145646225
29.63	0.00001440535513718659
29.64	0.000014382390566915732
29.650000000000002	0.000014359470334059225
29.66	0.00001433659433810506
29.67	0.000014313762478802847
29.68	0.00001429097465616307
29.69	0.00001426823077045632
29.7	0.000014245530722212542
29.71	0.000014222874412220228
29.72	0.000014200261741525673
29.73	0.00001417769261143232
29.740000000000002	0.000014155166923499793
29.75	0.00001413268457954338
29.76	0.000014110245481633124
29.77	0.00001408784953209313
29.78	0.000014065496633500846
29.79	0.000014043186688686268
29.8	0.00001402091960073123
29.810000000000002	0.000013998695272968671
29.82	0.000013976513608981884
29.830000000000002	0.00001395437451260382
29.84	0.000013932277887916301
29.85	0.000013910223639249354
29.86	0.000013888211671180412
29.87	0.00001386624188853368
29.88	0.000013844314196379333
29.89	0.000013822428500032893
29.900000000000002	0.000013800584705054366
29.91	0.0000137787827172477
29.92	0.000013757022442659944
29.93	0.000013735303787580616
29.94	0.000013713626658540948
29.95	0.00001369199096231321
29.96	0.000013670396605910005
29.97	0.000013648843496583548
29.98	0.000013627331541825013
29.990000000000002	0.00001360586064936379
30.	0.0000135844307271668
30.01	0.000013563041683437862
30.02	0.000013541693426616953
30.03	0.000013520385865379441
30.04	0.00001349911890863564
30.05	0.000013477892465529857
30.060000000000002	0.000013456706445439862
30.07	0.00001343556075797625
30.080000000000002	0.000013414455312981595
30.09	0.00001339339002052995
30.1	0.000013372364790926094
30.11	0.000013351379534704855
30.12	0.000013330434162630478
30.13	0.000013309528585695985
30.14	0.000013288662715122416
30.150000000000002	0.00001326783646235828
30.16	0.000013247049739078799
30.17	0.00001322630245718534
30.18	0.000013205594528804715
30.19	0.000013184925866288515
30.2	0.000013164296382212495
30.21	0.00001314370598937595
30.22	0.000013123154600800941
30.23	0.000013102642129731853
30.240000000000002	0.000013082168489634582
30.25	0.000013061733594195992
30.26	0.000013041337357323174
30.27	0.000013020979693142982
30.28	0.000013000660516001261
30.29	0.000012980379740462224
30.3	0.000012960137281307908
30.310000000000002	0.000012939933053537454
30.32	0.000012919766972366562
30.330000000000002	0.000012899638953226787
30.34	0.000012879548911765013
30.35	0.000012859496763842711
30.36	0.000012839482425535467
30.37	0.00001281950581313226
30.38	0.000012799566843134873
30.39	0.000012779665432257323
30.400000000000002	0.000012759801497425181
30.41	0.000012739974955775027
30.42	0.000012720185724653854
30.43	0.000012700433721618384
30.44	0.000012680718864434543
30.45	0.000012661041071076823
30.46	0.000012641400259727705
30.47	0.000012621796348777087
30.48	0.00001260222925682159
30.490000000000002	0.000012582698902664103
30.5	0.00001256320520531309
30.51	0.000012543748083982046
30.52	0.000012524327458088908
30.53	0.00001250494324725547
30.54	0.000012485595371306805
30.55	0.000012466283750270625
30.560000000000002	0.000012447008304376839
30.57	0.000012427768954056826
30.580000000000002	0.000012408565619942932
30.59	0.000012389398222867933
30.6	0.000012370266683864387
30.61	0.000012351170924164095
30.62	0.000012332110865197581
30.63	0.00001231308642859339
30.64	0.000012294097536177736
30.650000000000002	0.000012275144109973748
30.66	0.000012256226072200988
30.67	0.00001223734334527488
30.68	0.000012218495851806203
30.69	0.00001219968351460046
30.7	0.000012180906256657353
30.71	0.00001216216400117025
30.72	0.000012143456671525616
30.73	0.000012124784191302456
30.740000000000002	0.000012106146484271807
30.75	0.00001208754347439616
30.76	0.000012068975085828904
30.77	0.00001205044124291385
30.78	0.000012031941870184597
30.79	0.00001201347689236408
30.8	0.000011995046234364
30.810000000000002	0.00001197664982128426
30.82	0.00001195828757841248
30.830000000000002	0.00001193995943122347
30.84	0.000011921665305378617
30.85	0.000011903405126725476
30.86	0.000011885178821297153
30.87	0.000011866986315311823
30.88	0.00001184882753517219
30.89	0.00001183070240746501
30.900000000000002	0.00001181261085896046
30.91	0.00001179455281661179
30.92	0.000011776528207554619
30.93	0.000011758536959106573
30.94	0.000011740578998766705
30.95	0.00001172265425421496
30.96	0.00001170476265331174
30.970000000000002	0.000011686904124097317
30.98	0.000011669078594791384
30.990000000000002	0.000011651285993792487
31.	0.000011633526249677631
31.01	0.000011615799291201656
31.02	0.000011598105047296809
31.03	0.000011580443447072222
31.04	0.000011562814419813397
31.05	0.000011545217894981787
31.060000000000002	0.000011527653802214216
31.07	0.000011510122071322402
31.080000000000002	0.000011492622632292501
31.09	0.000011475155415284615
31.1	0.000011457720350632255
31.11	0.000011440317368841906
31.12	0.000011422946400592543
31.13	0.000011405607376735078
31.14	0.000011388300228291987
31.150000000000002	0.000011371024886456721
31.16	0.000011353781282593316
31.17	0.000011336569348235868
31.18	0.000011319389015088053
31.19	0.00001130224021502267
31.2	0.000011285122880081183
31.21	0.000011268036942473233
31.220000000000002	0.000011250982334576129
31.23	0.00001123395898893445
31.240000000000002	0.000011216966838259536
31.25	0.000011200005815429042
31.26	0.000011183075853486455
31.27	0.000011166176885640637
31.28	0.000011149308845265358
31.29	0.000011132471665898885
31.3	0.000011115665281243428
31.310000000000002	0.00001109888962516478
31.32	0.00001108214463169181
31.330000000000002	0.000011065430235016014
31.34	0.000011048746369491073
31.35	0.000011032092969632408
31.36	0.000011015469970116679
31.37	0.00001099887730578141
31.38	0.000010982314911624525
31.39	0.000010965782722803824
31.400000000000002	0.000010949280674636664
31.41	0.000010932808702599427
31.42	0.000010916366742327078
31.43	0.000010899954729612825
31.44	0.000010883572600407482
31.45	0.000010867220290819287
31.46	0.000010850897737113258
31.470000000000002	0.000010834604875710864
31.48	0.00001087861200659815
31.490000000000002	0.000010991671037287423
31.5	0.000011105868607412192
31.51	0.000011221215815504719
31.52	0.000011337723864711873
31.53	0.000011455404063747501
31.54	0.000011574267827853382