0.01	20.71881213962981
0.02	35.53648925550256
0.03	42.645813680874966
0.04	46.25626817322835
0.05	48.05118474981774
0.06	48.67178182135951
0.07	48.648228657779924
0.08	48.21055344419266
0.09	47.520212667851986
0.1	46.686476923265715
0.11	45.68626326476157
0.12	44.62812497582034
0.13	43.58746025000893
0.14	42.449072433595106
0.15	41.402826417793975
0.16	40.25319649769201
0.17	39.20237822598693
0.18	38.08467707219605
0.19	37.01987268586877
0.2	35.98869338050253
0.21	34.89418774346805
0.22	33.88162238422794
0.23	32.87336223000299
0.24	31.799016712209525
0.25	30.80153931917552
0.26	29.87267322026144
0.27	28.793415300410242
0.28	27.782037961358142
0.29	26.83984561355503
0.3	25.94080695428628
0.31	24.94066566540149
0.32	24.00903857995634
0.33	23.139304221222364
0.34	22.325656428946974
0.35000000000000003	21.554848776572246
0.36	20.82749725429151
0.37	20.14362736029644
0.38	19.499567056949463
0.39	18.892040364630144
0.4	18.3248561645347
0.41000000000000003	17.792628301518466
0.42	17.288133723025673
0.43	16.809317361934376
0.44	16.354319580805587
0.45	15.921453666105453
0.46	15.49082977665296
0.47000000000000003	15.074795568587383
0.48	14.67834564096134
0.49	14.300178278228234
0.5	13.93910252394168
0.51	13.594026774990237
0.52	13.262840963682741
0.53	12.922491885496283
0.54	12.596996834322976
0.55	12.285450113837443
0.56	11.987016387213192
0.5700000000000001	11.700924076476468
0.58	11.426459483879396
0.59	11.162961545449532
0.6	10.903206088229876
0.61	10.641562705617778
0.62	10.390300999327488
0.63	10.148851386323628
0.64	9.916683913296936
0.65	9.69330493419114
0.66	9.478254112229926
0.67	9.271101710396257
0.68	9.071446138790273
0.6900000000000001	8.871981850939052
0.7000000000000001	8.673178707748775
0.71	8.481556465461637
0.72	8.296760001800498
0.73	8.118456362184029
0.74	7.946333096210688
0.75	7.780096739411975
0.76	7.619471425851165
0.77	7.464197618744234
0.78	7.314030947684028
0.79	7.165209065476157
0.8	7.015153083988997
0.81	6.870045671706722
0.8200000000000001	6.729665521313747
0.8300000000000001	6.5938037591610685
0.84	6.4622631075828885
0.85	6.334857112803147
0.86	6.211409432596276
0.87	6.091753178446524
0.88	5.975730307466691
0.89	5.8631910597976855
0.9	5.75399343762151
0.91	5.642991281691754
0.92	5.5333191587716275
0.93	5.426929899566348
0.9400000000000001	5.323691502757154
0.9500000000000001	5.223478602651237
0.96	5.126172070243041
0.97	5.031658642109384
0.98	4.939830574933348
0.99	4.850585323646986
1.	4.763825241358942
1.01	4.679457299392239
1.02	4.597392825901255
1.03	4.5175472616671755
1.04	4.438192633595276
1.05	4.357759929172849
1.06	4.279526724124467
1.07	4.203412963181564
1.08	4.129342216076478
1.09	4.057241481781589
1.1	3.9870410049965965
1.11	3.918674104014552
1.12	3.852077009166265
1.1300000000000001	3.7871887111054106
1.1400000000000001	3.723950818254283
1.1500000000000001	3.6623074227824337
1.16	3.6022049745386386
1.17	3.5435921624004676
1.18	3.486419802546113
1.19	3.4306407331900686
1.2	3.3728684136255755
1.21	3.31645397627607
1.22	3.261435871330233
1.23	3.2077685131785234
1.24	3.1554081585592715
1.25	3.104312818015985
1.26	3.05444217227617
1.27	3.0057574932416204
1.28	2.9582215693020397
1.29	2.9117986347037883
1.3	2.8664543027242755
1.31	2.8221555024195335
1.32	2.778870418728386
1.33	2.7365684357313294
1.34	2.6952200828756943
1.35	2.6547969839913157
1.36	2.6152718089325178
1.37	2.575760048733172
1.3800000000000001	2.535502810564889
1.3900000000000001	2.4961586574843952
1.4000000000000001	2.4577005321571694
1.41	2.4201023644685344
1.42	2.38333902883293
1.43	2.347386303633744
1.44	2.31222083267334
1.45	2.2778200885205555
1.46	2.244162337649945
1.47	2.211226607273667
1.48	2.178992653772946
1.49	2.14744093264184
1.5	2.1165525698612604
1.51	2.0863093346262334
1.52	2.056693613353964
1.53	2.0276883849045944
1.54	1.999277196950634
1.55	1.9714441434347412
1.56	1.9441738430591011
1.57	1.9172756644712377
1.58	1.8892724171263147
1.59	1.8618510058653284
1.6	1.8349957954310927
1.61	1.8086916648356735
1.62	1.7829239873877458
1.6300000000000001	1.7576786116129042
1.6400000000000001	1.7329418430218584
1.6500000000000001	1.708700426683897
1.6600000000000001	1.6849415305654853
1.67	1.6616527295960035
1.68	1.638821990424779
1.69	1.6164376568355316
1.7	1.5944884357861744
1.71	1.572963384043706
1.72	1.5518518953854774
1.73	1.531143688339749
1.74	1.51082879443985
1.75	1.4908975469676033
1.76	1.471340570163002
1.77	1.4521487688783012
1.78	1.4333133186558296
1.79	1.4148256562099277
1.8	1.396677470294378
1.81	1.3777779330933595
1.82	1.3590467969976054
1.83	1.3406708679725001
1.84	1.3226415238708928
1.85	1.3049503971273713
1.86	1.287589365918396
1.87	1.2705505456748294
1.8800000000000001	1.2538262809310137
1.8900000000000001	1.2374091374953593
1.9000000000000001	1.2212918949281375
1.9100000000000001	1.2054675393128875
1.92	1.1899292563085089
1.93	1.1746704244697521
1.94	1.1596846088244128
1.95	1.1449655546961042
1.96	1.1305071817620127
1.97	1.1163035783355588
1.98	1.1023489958643682
1.99	1.0886378436343949
2.	1.0751646836714885
2.0100000000000002	1.0619242258321113
2.02	1.0489113230752756
2.0300000000000002	1.0361209669081592
2.04	1.0235482829982157
2.05	1.0111885269448868
2.06	0.999037080204398
2.07	0.9869567616015372
2.08	0.9743881779482124
2.09	0.9620387860526438
2.1	0.9499037417851298
2.11	0.9379783304329143
2.12	0.9262579626508473
2.13	0.9147381705570864
2.14	0.9034146039679924
2.15	0.8922830267666498
2.16	0.8813393133996504
2.17	0.8705794454970702
2.18	0.8599995086107313
2.19	0.8495956890661285
2.2	0.8393642709235257
2.21	0.82930163304399
2.22	0.819404246256265
2.23	0.8096686706206
2.24	0.8000915527857791
2.25	0.7906696234358066
2.2600000000000002	0.7813996948227878
2.27	0.77227865838277
2.2800000000000002	0.7633034824313693
2.29	0.7544712099362034
2.3000000000000003	0.7457789563632282
2.31	0.7372239075942358
2.32	0.7288033179128536
2.33	0.7205145080565174
2.34	0.712354863331977
2.35	0.7043218317920124
2.36	0.696412922471108
2.37	0.6886257036779573
2.38	0.6806882124504381
2.39	0.6726243053533641
2.4	0.6646890028654695
2.41	0.6568797308720927
2.42	0.6491939771654321
2.43	0.6416292897080145
2.44	0.6341832749517641
2.45	0.6268535962106779
2.46	0.6196379720851806
2.47	0.6125341749363215
2.48	0.6055400294080407
2.49	0.5986534109958048
2.5	0.5918722446599762
2.5100000000000002	0.5851945034823471
2.52	0.5786182073643336
2.5300000000000002	0.5721414217653668
2.54	0.5657622564801039
2.5500000000000003	0.5594788644531036
2.56	0.553289440629679
2.57	0.5471922208416996
2.58	0.5411854807271316
2.59	0.5352675346821812
2.6	0.5294367348449287
2.61	0.5236914701093991
2.62	0.5180301651690323
2.63	0.5124512795885816
2.64	0.5069533069034842
2.65	0.5015347737457904
2.66	0.49619423899577353
2.67	0.49093029295837465
2.68	0.48574155656365864
2.69	0.48062668059050634
2.7	0.4755843449127723
2.71	0.4706132577671853
2.72	0.46571215504228564
2.73	0.460770690556517
2.74	0.4556811611536553
2.75	0.4506660841634477
2.7600000000000002	0.4457241056300433
2.77	0.4408539010013017
2.7800000000000002	0.43605417438714716
2.79	0.4313236578392106
2.8000000000000003	0.4266611106510703
2.81	0.4220653186784406
2.82	0.41753509367866515
2.83	0.4130692726689037
2.84	0.4086667173024151
2.85	0.40432631326237206
2.86	0.4000469696726488
2.87	0.39582761852505094
2.88	0.39166721412247796
2.89	0.387564732537513
2.9	0.38351917108597017
2.91	0.3795295478149297
2.92	0.37559490100481774
2.93	0.37171428868509604
2.94	0.36788678816315035
2.95	0.3641114955659653
2.96	0.36038752539420754
2.97	0.35671401008833037
2.98	0.3530900996063457
2.99	0.34951496101290513
3.	0.3459877780793546
3.0100000000000002	0.3425077508944321
3.02	0.33907409548529005
3.0300000000000002	0.33568604344854314
3.04	0.3323428415910292
3.0500000000000003	0.329043751580015
3.06	0.3257880496025531
3.0700000000000003	0.3225750260337306
3.08	0.3194039851135454
3.09	0.31627424463216236
3.1	0.31318513562329886
3.11	0.3101360020655146
3.12	0.3071262005911666
3.13	0.3041551002028174
3.14	0.3010417589164366
3.15	0.2979573326049126
3.16	0.2949141354162094
3.17	0.29191148837827907
3.18	0.2889487257931192
3.19	0.286025194936608
3.2	0.283140255766042
3.21	0.2802932806351521
3.22	0.27748365401638664
3.23	0.2747107722302555
3.24	0.2719740431815295
3.25	0.26927288610210753
3.2600000000000002	0.26660673130035756
3.27	0.2639750199167533
3.2800000000000002	0.2613772036856258
3.29	0.25881274470286253
3.3000000000000003	0.25628111519938707
3.31	0.25378179732025624
3.3200000000000003	0.2513142829092214
3.33	0.2488780732986034
3.34	0.2464726791043309
3.35	0.24409762002600494
3.36	0.24175242465184832
3.37	0.23943663026840797
3.38	0.23714978267488104
3.39	0.23489143600193818
3.4	0.23266115253492237
3.41	0.23045850254130643
3.42	0.22828306410229215
3.43	0.22613442294844266
3.44	0.2240121722992371
3.45	0.2219159127064464
3.46	0.21984525190122461
3.47	0.2177998046448196
3.48	0.21577919258280803
3.49	0.21378304410275867
3.5	0.21181099419523605
3.5100000000000002	0.2098626843180579
3.52	0.20793776226371663
3.5300000000000002	0.20603588202988832
3.54	0.20415670369294425
3.5500000000000003	0.20229989328438874
3.56	0.20046512267014877
3.5700000000000003	0.19865206943263916
3.58	0.19686041675553492
3.59	0.195089853311178
3.6	0.19327646732592887
3.61	0.1914337372440567
3.62	0.18961360084130016
3.63	0.18781571982669454
3.64	0.186039761886805
3.65	0.18428540056407183
3.66	0.1825523151379561
3.67	0.18084019050881425
3.68	0.17914871708443006
3.69	0.17747759066913887
3.7	0.1758265123554763
3.71	0.1741951884182868
3.72	0.17258333021123187
3.73	0.17099065406563474
3.74	0.1694168811916056
3.75	0.16786173758138645
3.7600000000000002	0.16632495391486388
3.77	0.16480626546719235
3.7800000000000002	0.16330541201847693
3.79	0.1618221377654648
3.8000000000000003	0.16035619123519343
3.81	0.15890732520055043
3.8200000000000003	0.15747529659769424
3.83	0.1560598664452927
3.84	0.15466079976553399
3.85	0.15327786550686506
3.86	0.15191083646841896
3.87	0.1505594892260856
3.88	0.14922360406018928
3.89	0.14790296488473284
3.9	0.14659735917817035
3.91	0.1453065779156719
3.92	0.14403041550284484
3.93	0.14276866971087593
3.94	0.14152114161306079
3.95	0.14028763552268753
3.96	0.13906795893224233
3.97	0.1378619224539052
3.98	0.13666933976130655
3.99	0.135490027532513
4.	0.13432380539421496
4.01	0.13317049586708696
4.0200000000000005	0.13202992431229388
4.03	0.13090191887911531
4.04	0.1297863104536629
4.05	0.12868293260866479
4.0600000000000005	0.12759162155429227
4.07	0.12651221609000526
4.08	0.12544455755739187
4.09	0.12438848979397998
4.1	0.12334385908799862
4.11	0.1223105141340666
4.12	0.12128830598978803
4.13	0.12025765188452081
4.14	0.11919286602705356
4.15	0.11814004282482524
4.16	0.11709901953812245
4.17	0.11606963602485466
4.18	0.11505173469299633
4.19	0.1140451604540099
4.2	0.11304976067722902
4.21	0.11206538514517735
4.22	0.11109188600980538
4.23	0.11012911774962074
4.24	0.10917693712769336
4.25	0.10823520315051546
4.26	0.10730377702769713
4.2700000000000005	0.10638252213247794
4.28	0.10547130396303725
4.29	0.10456999010458387
4.3	0.10367845019220961
4.3100000000000005	0.10279655587448641
4.32	0.10192418077779505
4.33	0.10106120047136394
4.34	0.10020749243300674
4.3500000000000005	0.09936293601553986
4.36	0.09852741241386759
4.37	0.09770080463271792
4.38	0.09688299745501588
4.39	0.09607387741088019
4.4	0.0952733327472293
4.41	0.09448125339798412
4.42	0.09369753095485331
4.43	0.09292205863868964
4.44	0.09215473127140422
4.45	0.09139544524842677
4.46	0.09064409851170027
4.47	0.089900590523198
4.48	0.08916482223895218
4.49	0.08843669608358329
4.5	0.08771611592531839
4.51	0.08700298705148954
4.5200000000000005	0.08629721614450032
4.53	0.08559871125825236
4.54	0.08490738179502028
4.55	0.08422313848276654
4.5600000000000005	0.08354589335288713
4.57	0.08287555971837796
4.58	0.08221205215241445
4.59	0.08155528646733405
4.6000000000000005	0.08090517969401471
4.61	0.0802616500616406
4.62	0.07962461697784529
4.63	0.07899400100922838
4.64	0.07836972386223325
4.65	0.077751708364382
4.66	0.07713987844585796
4.67	0.07653415912143026
4.68	0.07593447647271201
4.69	0.07534075763074574
4.7	0.07475293075891004
4.71	0.07417092503613947
4.72	0.07359467064045262
4.73	0.0730240987327816
4.74	0.07245375129795215
4.75	0.07185983855573394
4.76	0.07127202790265443
4.7700000000000005	0.07069024402089129
4.78	0.07011441267741657
4.79	0.06954446070614756
4.8	0.06898031599042724
4.8100000000000005	0.06842190744582856
4.82	0.06786916500327515
4.83	0.06732201959247235
4.84	0.06678040312564237
4.8500000000000005	0.06624424848155706
4.86	0.06571348948986247
4.87	0.0651880609156893
4.88	0.06466789844454286
4.89	0.0641529386674682
4.9	0.06364311906648339
4.91	0.06313837800027641
4.92	0.06263865469016043
4.93	0.06214388920628166
4.94	0.061654022454075405
4.95	0.0611689961609648
4.96	0.060688752863297966
4.97	0.06021323589351838
4.98	0.05974238936756386
4.99	0.059276158172490254
5.	0.05881448795431432
5.01	0.058357325106072534
5.0200000000000005	0.057904616756091015
5.03	0.057456310756462306
5.04	0.057012355671725405
5.05	0.05657270076774507
5.0600000000000005	0.05613729600078559
5.07	0.055706092006776654
5.08	0.05527904009076647
5.09	0.054856092216558926
5.1000000000000005	0.054437200996531154
5.11	0.05402231968162854
5.12	0.05361140215153229
5.13	0.053204402904998185
5.14	0.05280127705036152
5.15	0.05240198029620642
5.16	0.052006468942195155
5.17	0.051614699870055326
5.18	0.05122663053472136
5.19	0.05084221895562787
5.2	0.05046142370815133
5.21	0.05008420391519819
5.22	0.049710519238935116
5.23	0.04934032987266098
5.24	0.04897359653281546
5.25	0.048610280451123346
5.26	0.04825034336687155
5.2700000000000005	0.04789374751931602
5.28	0.04754045564021643
5.29	0.04719043094649638
5.3	0.046843637133026285
5.3100000000000005	0.046500038365527234
5.32	0.04615959927359322
5.33	0.04582228494382966
5.34	0.045488060913105935
5.3500000000000005	0.04515689316191995
5.36	0.04482874810787295
5.37	0.04450359259925184
5.38	0.044181393908717635
5.39	0.04386211972709788
5.4	0.04354573815728136
5.41	0.04323221770821264
5.42	0.04292152728898537
5.43	0.04261363620303211
5.44	0.042308514142408944
5.45	0.041988526695345675
5.46	0.04167067259886083
5.47	0.04135579969397703
5.48	0.04104387464611286
5.49	0.0407348645532897
5.5	0.040428736939743005
5.51	0.04012545974963995
5.5200000000000005	0.039825001340900716
5.53	0.039527330479121645
5.54	0.0392324163315984
5.55	0.03894022846144726
5.5600000000000005	0.038650736821823
5.57	0.038363911750231364
5.58	0.03807972396293454
5.59	0.03779814454944769
5.6000000000000005	0.03751914496712535
5.61	0.037242697035835735
5.62	0.03696877293272154
5.63	0.036697345187045406
5.64	0.03642838667511893
5.65	0.036161870615313466
5.66	0.03589777056315136
5.67	0.035636060406475926
5.68	0.03537671436069936
5.69	0.035119706964126356
5.7	0.03486501307335303
5.71	0.03461260785873882
5.72	0.03436246679995109
5.73	0.03411456568158028
5.74	0.033868880588824854
5.75	0.03362538790324469
5.76	0.03338406429858175
5.7700000000000005	0.03314488673664674
5.78	0.03290783246327063
5.79	0.03267287900432016
5.8	0.0324400041617757
5.8100000000000005	0.03220918600987093
5.82	0.03198040289129292
5.83	0.03175363341344159
5.84	0.0315288564447477
5.8500000000000005	0.03130605111104822
5.86	0.03108519679201806
5.87	0.03086627311765723
5.88	0.030649259964832545
5.89	0.030434137453873075
5.9	0.03022088594521766
5.91	0.030009486036114807
5.92	0.029799918557373035
5.93	0.029592164570161405
5.94	0.029386205362858867
5.95	0.02918202244795245
5.96	0.02897959755898233
5.97	0.02877891264753404
5.98	0.028579949880276116
5.99	0.028382691636043404
6.	0.02818712050296407
6.01	0.027993219275630865
6.0200000000000005	0.02780097095231457
6.03	0.02761035873222031
6.04	0.027421366012784592
6.05	0.027233976387013786
6.0600000000000005	0.02704817364086195
6.07	0.026863941750648757
6.08	0.0266812648805156
6.09	0.026500127379920198
6.1000000000000005	0.026320513781168387
6.11	0.026142408796982857
6.12	0.0259657973181083
6.13	0.02579066441095187
6.140000000000001	0.025616995315258847
6.15	0.025444775441822966
6.16	0.025273990370230287
6.17	0.025104625846636756
6.18	0.024936667781578308
6.19	0.024770102247813376
6.2	0.024604915478197233
6.21	0.024441093863587327
6.22	0.024278623950779444
6.23	0.024117492440474227
6.24	0.023957686185273153
6.25	0.023795736099099424
6.26	0.023628771296172357
6.2700000000000005	0.02346324172109004
6.28	0.02329913277704378
6.29	0.023136430038588018
6.3	0.022975119249360514
6.3100000000000005	0.02281518631983636
6.32	0.02265661732511549
6.33	0.022499398502742587
6.34	0.022343516250559685
6.3500000000000005	0.022188957124590195
6.36	0.022035707836954323
6.37	0.021883755253814936
6.38	0.02173308639335393
6.390000000000001	0.021583688423778075
6.4	0.021435548661354126
6.41	0.02128865456847284
6.42	0.021142993751740988
6.43	0.020998553960101533
6.44	0.02085532308298091
6.45	0.020713289148463383
6.46	0.0205724403214919
6.47	0.020432764902095002
6.48	0.02029425132363944
6.49	0.020156888151107943
6.5	0.020020664079401986
6.51	0.019885567931668915
6.5200000000000005	0.019751588657653123
6.53	0.01961871533207101
6.54	0.019486937153009115
6.55	0.01935624344034532
6.5600000000000005	0.01922662363419258
6.57	0.01909806729336476
6.58	0.01897056409386457
6.59	0.01884410382739278
6.6000000000000005	0.018718676399878814
6.61	0.018594271830032146
6.62	0.018470880247914066
6.63	0.01834849189352987
6.640000000000001	0.01822709711544089
6.65	0.018106686369395997
6.66	0.017987250216982418
6.67	0.017868779324295626
6.68	0.0177512644606278
6.69	0.017634696497174692
6.7	0.01751906640576067
6.71	0.017404365257581454
6.72	0.017290584221964566
6.73	0.0171777145651469
6.74	0.0170657476490694
6.75	0.016954674930188464
6.76	0.016844487958303886
6.7700000000000005	0.0167351783754029
6.78	0.016626737914520413
6.79	0.0165191583986148
6.8	0.016412431739459388
6.8100000000000005	0.016306549936548998
6.82	0.01620150507602171
6.83	0.016097289329595397
6.84	0.015993894953518772
6.8500000000000005	0.015891314287536845
6.86	0.015789539753870537
6.87	0.015688563856210248
6.88	0.015588379178723076
6.890000000000001	0.015488978385073612
6.9	0.01539035421745805
6.91	0.015292499495651384
6.92	0.015195407116067499
6.93	0.01509907005083205
6.94	0.015003481346867846
6.95	0.01490863412499253
6.96	0.014814521579028532
6.97	0.0147211369749249
6.98	0.014628473649890922
6.99	0.014536525011541528
7.	0.014445284537053934
7.01	0.014354745772335751
7.0200000000000005	0.014264902331204128
7.03	0.014175747894575822
7.04	0.014087276209668176
7.05	0.013999481089210519
7.0600000000000005	0.013912356410666361
7.07	0.013825896115465546
7.08	0.013740094208246956
7.09	0.013654944756110843
7.1000000000000005	0.013570441887881377
7.11	0.013486579793378717
7.12	0.013403352722700813
7.13	0.01332075498551452
7.140000000000001	0.01323878095035613
7.15	0.013157425043941033
7.16	0.013076681750482485
7.17	0.012996545611019168
7.18	0.012912710563312791
7.19	0.012828504048455402
7.2	0.012744962554259883
7.21	0.012662079916003158
7.22	0.012579850034546525
7.23	0.012498266875548348
7.24	0.012417324468687482
7.25	0.012337016906896701
7.26	0.012257338345606706
7.2700000000000005	0.012178283002000034
7.28	0.012099845154274803
7.29	0.012022019140918414
7.3	0.011944799359990767
7.3100000000000005	0.011868180268416954
7.32	0.011792156381289349
7.33	0.011716722271178898
7.34	0.011641872567455483
7.3500000000000005	0.011567601955617231
7.36	0.011493905176628688
7.37	0.011420777026267552
7.38	0.011348212354480141
7.390000000000001	0.011276206064745184
7.4	0.011204753113445962
7.41	0.011133848509250689
7.42	0.011063487312500883
7.43	0.010993664634607783
7.44	0.010924375637456633
7.45	0.01085561553281857
7.46	0.010787379581770314
7.47	0.010719663094121252
7.48	0.010652461427847999
7.49	0.01058576998853618
7.5	0.010519584228829584
7.51	0.01045389964788622
7.5200000000000005	0.010388711790841443
7.53	0.010324016248278122
7.54	0.010259808655703306
7.55	0.01019608469303193
7.5600000000000005	0.010132840084076857
7.57	0.010070070596045658
7.58	0.010007772039043617
7.59	0.009945940265583238
7.6000000000000005	0.009884571170099906
7.61	0.009823660688473703
7.62	0.00976320479755738
7.63	0.009703199514710228
7.640000000000001	0.009643640897337883
7.65	0.009584525042437935
7.66	0.009525848086151353
7.67	0.00946760620331948
7.68	0.009409795607046632
7.69	0.009352412548268237
7.7	0.009295453315324366
7.71	0.009238914233538646
7.72	0.009182791664802433
7.73	0.00912708200716412
7.74	0.009071781694423802
7.75	0.009016887195732718
7.76	0.008962395015197881
7.7700000000000005	0.008908301691491588
7.78	0.008854603797465724
7.79	0.008801297939770988
7.8	0.008748380758480665
7.8100000000000005	0.008695848926719263
7.82	0.00864369915029554
7.83	0.00859192816734026
7.84	0.00854053274794828
7.8500000000000005	0.00848950969382509
7.86	0.00843885583793776
7.87	0.0083885680441701
7.88	0.008338643206982075
7.890000000000001	0.008289078251073459
7.9	0.00823987013105152
7.91	0.00819101583110284
7.92	0.008142512364669114
7.930000000000001	0.008094356774126864
7.94	0.008046546130471207
7.95	0.007999077533003239
7.96	0.007951948109021483
7.97	0.00790515501351682
7.98	0.007858695428871361
7.99	0.007812566564560794
8.	0.007766765656860411
8.01	0.007721289968554681
8.02	0.007676136788650295
8.03	0.007631303432092711
8.040000000000001	0.007586787239486075
8.05	0.00754258557681657
8.06	0.007498695835178977
8.07	0.00745511543050662
8.08	0.007411841803304514
8.09	0.007368872418385698
8.1	0.007326204764610692
8.11	0.007283836354630141
8.120000000000001	0.007241764724630398
8.13	0.007199987434082318
8.14	0.007158502065492851
8.15	0.007117306224159713
8.16	0.00707639753792892
8.17	0.007035773656955154
8.18	0.006995432253465086
8.19	0.006955371021523365
8.2	0.00691558767680144
8.21	0.006876079956349052
8.22	0.006836845618368552
8.23	0.006797882441991651
8.24	0.006757481809797695
8.25	0.006715989102612372
8.26	0.006674800973120156
8.27	0.006633914820877961
8.28	0.006593328070751105
8.290000000000001	0.006553038172636796
8.3	0.006513042601191032
8.31	0.006473338855558785
8.32	0.00643392445910745
8.33	0.006394796959163518
8.34	0.006355953926752379
8.35	0.006317392956341352
8.36	0.006279111665585666
8.370000000000001	0.006241107695077663
8.38	0.0062033787080988355
8.39	0.006165922390374989
8.4	0.0061287364498342056
8.41	0.006091818616367809
8.42	0.006055166641594102
8.43	0.006018778298624963
8.44	0.005982651381835244
8.45	0.005946783706634818
8.46	0.005911173109243468
8.47	0.00587581744646834
8.48	0.005840714595484088
8.49	0.0058058624536156235
8.5	0.005771258938123382
8.51	0.005736901985991204
8.52	0.0057027895537166695
8.53	0.005668919617103884
8.540000000000001	0.005635290171058809
8.55	0.005601899229386831
8.56	0.005568744824592877
8.57	0.005535825007683765
8.58	0.005503137847972905
8.59	0.005470681432887309
8.6	0.005438453867776805
8.61	0.0054064532757255425
8.620000000000001	0.005374677797365625
8.63	0.005343125590692998
8.64	0.0053117948308853795
8.65	0.005280683710122407
8.66	0.005249790437407802
8.67	0.005219113238393635
8.68	0.005188650355206598
8.69	0.0051584000462763
8.700000000000001	0.005128360586165573
8.71	0.005098530265402686
8.72	0.005068907390315534
8.73	0.005039490282867718
8.74	0.005010277280496513
8.75	0.004981266735952699
8.76	0.004952457017142248
8.77	0.004923846506969786
8.78	0.004895433603183899
8.790000000000001	0.004867216718224144
8.8	0.004839194279069884
8.81	0.004811364727090783
8.82	0.004783726517899043
8.83	0.004756278121203323
8.84	0.004729018020664258
8.85	0.004701944713751762
8.86	0.00467505671160376
8.870000000000001	0.004648352538886697
8.88	0.004621830733657493
8.89	0.004595489847227163
8.9	0.004569328444025905
8.91	0.00454334510146974
8.92	0.004517538409828645
8.93	0.004491906972096194
8.94	0.004466449403860655
8.950000000000001	0.004441164333177495
8.96	0.004416050400443381
8.97	0.004391106258271551
8.98	0.00436633057136859
8.99	0.004341722016412589
9.	0.004317279281932674
9.01	0.004293001068189839
9.02	0.004268886087059175
9.03	0.004244933061913329
9.040000000000001	0.004221140727507345
9.05	0.004197507829864709
9.06	0.004174033126164704
9.07	0.004150715384631021
9.08	0.004127553384421532
9.09	0.004104545915519396
9.1	0.004081691778625257
9.11	0.004058989785050727
9.120000000000001	0.004036438756612943
9.13	0.004014037525530396
9.14	0.003991784934319807
9.15	0.003969679835694219
9.16	0.003947721092462131
9.17	0.003925907577427798
9.18	0.0039042381732925955
9.19	0.0038827117725574664
9.200000000000001	0.0038613272774264433
9.21	0.0038400835997112136
9.22	0.003818979660736719
9.23	0.0037980143912478086
9.24	0.0037771867313168925
9.25	0.003756495630252582
9.26	0.003735940046509368
9.27	0.003715518947598212
9.28	0.0036952313099981966
9.290000000000001	0.003675076119069024
9.3	0.003655052368964573
9.31	0.0036351590625472822
9.32	0.0036153952113035484
9.33	0.00359575983525997
9.34	0.0035762519629005418
9.35	0.0035568706310847116
9.36	0.0035376148849663013
9.370000000000001	0.0035184837779133494
9.38	0.0034994763714287828
9.39	0.0034805917350719134
9.4	0.003461828946380833
9.41	0.00344318709079558
9.42	0.003424665261582158
9.43	0.0034062625597573747
9.44	0.0033879780940144384
9.450000000000001	0.003369810980649394
9.46	0.003350902351664383
9.47	0.0033314336443799404
9.48	0.00331209841875486
9.49	0.003292895620251762
9.5	0.003273824203763031
9.51	0.0032548831335166605
9.52	0.0032360713829832
9.53	0.0032173879347836606
9.540000000000001	0.00319883178059849
9.55	0.00318040192107749
9.56	0.0031620973657507973
9.57	0.003143917132940755
9.58	0.003125860249674814
9.59	0.00310792575159936
9.6	0.0030901126828944804
9.61	0.003072420096189682
9.620000000000001	0.003054847052480493
9.63	0.0030373926210460157
9.64	0.003020055879367331
9.65	0.003002835913046836
9.66	0.0029857318157284207
9.67	0.002968742689018532
9.68	0.002951867642408082
9.69	0.0029351057931952117
9.700000000000001	0.00291845626640887
9.71	0.002901918194733257
9.72	0.0028854907184330363
9.73	0.0028691729852793847
9.74	0.002852964150476835
9.75	0.0028368633765908837
9.76	0.0028208698334764156
9.77	0.0028049826982068553
9.78	0.002789201155004113
9.790000000000001	0.002773524395169253
9.8	0.002757951617013936
9.81	0.002742482025792555
9.82	0.002727114833635133
9.83	0.002711849259480913
9.84	0.00269668452901267
9.85	0.0026816198745917173
9.86	0.002666654535193597
9.870000000000001	0.002651787756344469
9.88	0.002637018790058168
9.89	0.0026223468947739114
9.9	0.002607771335294709
9.91	0.0025932913827263837
9.92	0.002578906314417256
9.93	0.0025646154138984647
9.94	0.002550417970824908
9.950000000000001	0.0025363132809168272
9.96	0.002522300645901984
9.97	0.002508379373458459
9.98	0.002494548777158045
9.99	0.0024808081764102416
10.	0.002467156896406834
10.01	0.0024535942680670463
10.02	0.0024401196279832823
10.03	0.0024267323183674227
10.040000000000001	0.0024134316869976907
10.05	0.0024002170871660587
10.06	0.002387087877626237
10.07	0.0023740434225421464
10.08	0.002361083091436997
10.09	0.0023482062591428368
10.1	0.0023354123057506655
10.11	0.0023227006165610336
10.120000000000001	0.002310070582035186
10.13	0.002297521597746685
10.14	0.0022850530643335385
10.15	0.0022726643874508476
10.16	0.002260354977723905
10.17	0.0022481242507018094
10.18	0.0022359716268115296
10.19	0.002223896531312482
10.200000000000001	0.00221189839425152
10.21	0.0021999766504184463
10.22	0.0021881307393019217
10.23	0.0021763601050458835
10.24	0.002164664196406364
10.25	0.0021530424667087797
10.26	0.0021414943738056473
10.27	0.002130019380034726
10.28	0.0021186169521775974
10.290000000000001	0.002107286561418667
10.3	0.002096027683304575
10.31	0.002084839797704019
10.32	0.0020737223887680113
10.33	0.0020626749448904927
10.34	0.0020516969586693986
10.35	0.002040787926868069
10.36	0.002029947350377105
10.370000000000001	0.0020191747341765476
10.38	0.0020084695872984934
10.39	0.0019978314227900684
10.4	0.001987259757676753
10.41	0.00197675411292612
10.42	0.001966314013411895
10.43	0.001955938987878417
10.44	0.0019456285689054202
10.450000000000001	0.0019353822928731984
10.46	0.0019251996999280988
10.47	0.0019150803339483744
10.48	0.0019050237425103742
10.49	0.0018950294768550681
10.5	0.001885097091854907
10.51	0.0018752261459810233
10.52	0.0018654162012707446
10.53	0.0018556668232954422
10.540000000000001	0.0018459775811286896
10.55	0.0018363480473147476
10.56	0.0018267777978373588
10.57	0.0018172664120888462
10.58	0.0018078134728395313
10.59	0.0017984185662074353
10.6	0.0017890812816283089
10.61	0.0017798012118259228
10.620000000000001	0.001770577952782684
10.63	0.001761411103710527
10.64	0.0017523002670220887
10.65	0.0017432450483021767
10.66	0.0017342450562795103
10.67	0.00172529990279875
10.68	0.0017164092027927872
10.69	0.001707572574255323
10.700000000000001	0.0016987896382136935
10.71	0.0016900600187019915
10.72	0.001681383342734417
10.73	0.0016727592402789218
10.74	0.0016641873442310806
10.75	0.0016556672903882436
10.76	0.0016471987174239233
10.77	0.001638781266862441
10.78	0.0016304145830538113
10.790000000000001	0.00162209831314888
10.8	0.0016138321070746976
10.81	0.001605615617510134
10.82	0.0015974484998617314
10.83	0.0015893304122397808
10.84	0.0015812610154346514
10.85	0.0015732399728933233
10.86	0.00156487126473575
10.870000000000001	0.0015561335534340281
10.88	0.0015474525980417036
10.89	0.0015388279782420238
10.9	0.001530259277212842
10.91	0.0015217460815943845
10.92	0.0015132879814573534
10.93	0.001504884570271359
10.94	0.00149653544487365
10.950000000000001	0.0014882402054381904
10.96	0.0014799984554450178
10.97	0.0014718098016499367
10.98	0.001463673854054487
10.99	0.0014555902258762516
11.	0.0014475585335194294
11.01	0.0014395783965457283
11.02	0.0014316494376455278
11.03	0.0014237712826093505
11.040000000000001	0.001415943560299612
11.05	0.0014081659026226464
11.06	0.001400437944501025
11.07	0.0013927593238461415
11.08	0.0013851296815310706
11.09	0.0013775486613637061
11.1	0.0013700159100601577
11.11	0.0013625310772184148
11.120000000000001	0.0013550938152922802
11.13	0.0013477037795655428
11.14	0.0013403606281264322
11.15	0.001333064021842311
11.16	0.0013258136243346139
11.17	0.0013186091019540532
11.18	0.001311450123756047
11.19	0.0013043363614764127
11.200000000000001	0.0012972674895072795
11.21	0.0012902431848732584
11.22	0.0012832631272078243
11.23	0.001276326998729957
11.24	0.0012694344842209898
11.25	0.0012625852710016958
11.26	0.0012557790489096025
11.27	0.0012490155102765185
11.28	0.001242294349906285
11.290000000000001	0.0012356152650527552
11.3	0.0012289779553979739
11.31	0.0012223821230305776
11.32	0.0012158274724244098
11.33	0.0012093137104173288
11.34	0.0012028405461902492
11.35	0.0011964076912463627
11.36	0.0011900148593905716
11.370000000000001	0.0011836617667091204
11.38	0.001177348131549432
11.39	0.0011710736745001277
11.4	0.0011648381183712532
11.41	0.0011586411881746778
11.42	0.0011524826111047161
11.43	0.0011463621165188982
11.44	0.0011402794359189575
11.450000000000001	0.0011342343029319814
11.46	0.001128226453291754
11.47	0.0011222556248202792
11.48	0.0011163215574094742
11.49	0.0011104239930030517
11.5	0.0011045626755785561
11.51	0.0010987373511296015
11.52	0.0010929477676482465
11.53	0.001087193675107569
11.540000000000001	0.0010814748254443837
11.55	0.0010757909725421465
11.56	0.0010701418722139997
11.57	0.001064527282186
11.58	0.0010589469620804924
11.59	0.0010534006733996508
11.6	0.0010478881795091737
11.61	0.0010424092456221288
11.620000000000001	0.0010369636387829654
11.63	0.001031551127851664
11.64	0.0010261714834880423
11.65	0.0010208244781362158
11.66	0.0010155098860091976
11.67	0.0010102274830736443
11.68	0.0010049770470347567
11.69	0.000999758357321309
11.700000000000001	0.0009945711950708296
11.71	0.0009894153431149215
11.72	0.0009842905859647063
11.73	0.0009791967097964366
11.74	0.0009741335024372065
11.75	0.0009691007533508289
11.76	0.0009640982536238233
11.77	0.0009591257959515467
11.78	0.0009541831746244511
11.790000000000001	0.0009492701855144702
11.8	0.0009443866260615362
11.81	0.000939532295260219
11.82	0.0009347069936464889
11.83	0.0009299105232846126
11.84	0.000925142687754161
11.85	0.0009204032921371446
11.86	0.0009156921430052647
11.870000000000001	0.0009110090484072851
11.88	0.0009063538178565269
11.89	0.0009017262623184653
11.9	0.0008971261941984624
11.91	0.0008925534273295914
11.92	0.0008880077769605902
11.93	0.0008834890597439216
11.94	0.0008789970937239443
11.950000000000001	0.0008745316983251853
11.96	0.0008700926943407401
11.97	0.0008656799039207582
11.98	0.0008612931505610488
11.99	0.0008569322590917897
12.	0.0008525970556663347
12.01	0.0008482873677501309
12.02	0.0008440030241097308
12.030000000000001	0.000839743854801912
12.040000000000001	0.0008355096911628939
12.05	0.000831300365797655
12.06	0.0008271157125693431
12.07	0.0008229555665887902
12.08	0.0008188197642041177
12.09	0.0008147081429904382
12.1	0.0008106205417396528
12.11	0.0008065568004503382
12.120000000000001	0.0008025167603177334
12.13	0.0007985002637238051
12.14	0.0007945071542274204
12.15	0.000790537276554589
12.16	0.0007865904765888164
12.17	0.0007826666013615242
12.18	0.0007787654990425723
12.19	0.0007748870189308562
12.200000000000001	0.0007710310114450012
12.21	0.0007671973281141259
12.22	0.0007633858215687052
12.23	0.0007595963455315071
12.24	0.0007558287548086068
12.25	0.0007520829052804987
12.26	0.0007483586538932638
12.27	0.0007446558586498448
12.280000000000001	0.0007409743786013764
12.290000000000001	0.0007373140738386058
12.3	0.0007336748054833882
12.31	0.0007300564356802562
12.32	0.0007264588275880695
12.33	0.0007228818453717346
12.34	0.0007193253541939981
12.35	0.0007157892202073231
12.36	0.0007122733105458267
12.370000000000001	0.0007087774933172915
12.38	0.0007053016375952602
12.39	0.0007018456134111829
12.4	0.0006984092917466477
12.41	0.0006949925445256756
12.42	0.0006915952446070865
12.43	0.0006882172657769242
12.44	0.0006848584827409676
12.450000000000001	0.0006815187711172846
12.46	0.0006781980074288722
12.47	0.0006747271645013548
12.48	0.000671190177706785
12.49	0.0006676745428932146
12.5	0.0006641801142228833
12.51	0.0006607067469696564
12.52	0.0006572542975096661
12.530000000000001	0.0006538226233120475
12.540000000000001	0.0006504115829297554
12.55	0.0006470210359904719
12.56	0.0006436508431875888
12.57	0.0006403008662712808
12.58	0.000636970968039652
12.59	0.0006336610123299754
12.6	0.0006303708640099965
12.61	0.0006271003889693379
12.620000000000001	0.0006238494541109561
12.63	0.0006206179273427011
12.64	0.0006174056775689354
12.65	0.0006142125746822401
12.66	0.0006110384895551916
12.67	0.0006078832940322122
12.68	0.000604746860921499
12.69	0.0006016290639870222
12.700000000000001	0.0005985297779405996
12.71	0.0005954488784340407
12.72	0.0005923862420513609
12.73	0.0005893417463010677
12.74	0.0005863152696085198
12.75	0.0005833066913083491
12.76	0.0005803158916369568
12.77	0.0005773427517250723
12.780000000000001	0.0005743871535903829
12.790000000000001	0.0005714489801302311
12.8	0.0005685281151143725
12.81	0.000565624443177802
12.82	0.0005627378498136461
12.83	0.0005598682213661157
12.84	0.0005570154450235249
12.85	0.0005541794088113707
12.86	0.0005513600015854761
12.870000000000001	0.0005485571130251946
12.88	0.0005457706336266704
12.89	0.0005430004546961711
12.9	0.0005402464683434665
12.91	0.0005375085674752728
12.92	0.0005347866457887583
12.93	0.0005320805977650997
12.94	0.0005293903186631012
12.950000000000001	0.0005267157045128716
12.96	0.000524056652109551
12.97	0.0005214130590070982
12.98	0.0005187848235121339
12.99	0.0005161718446778358
13.	0.0005135740222978899
13.01	0.0005109912569004941
13.02	0.0005084234497424148
13.030000000000001	0.0005058705028030986
13.040000000000001	0.0005033323187788321
13.05	0.0005008088010769575
13.06	0.0004982998538101333
13.07	0.0004958053817906563
13.08	0.0004933252905248183
13.09	0.0004908594862073292
13.1	0.0004884078757157762
13.11	0.00048597036660513753
13.120000000000001	0.0004835468671023442
13.13	0.0004811372861008886
13.14	0.0004787415331554817
13.15	0.0004763595184767519
13.16	0.0004739911529260014
13.17	0.00047163634800999414
13.18	0.00046929501587580224
13.19	0.0004669670693056898
13.200000000000001	0.0004646524217120446
13.21	0.0004623509871323501
13.22	0.0004600626802242092
13.23	0.000457787416260402
13.24	0.0004555251111239945
13.25	0.0004532756813034822
13.26	0.000451039043887986
13.27	0.00044881511656247834
13.280000000000001	0.0004466038176030606
13.290000000000001	0.0004444050658722753
13.3	0.00044221878081445994
13.31	0.0004400448824511461
13.32	0.00043788329137648985
13.33	0.00043573392875274994
13.34	0.00043359671630579925
13.35	0.00043147157632067803
13.36	0.00042933399273601324
13.370000000000001	0.0004271863464241276
13.38	0.0004250510369128235
13.39	0.0004229279841943701
13.4	0.00042081710883910264
13.41	0.00041871833199082133
13.42	0.00041663157536222535
13.43	0.00041455676123038993
13.44	0.00041249381243228166
13.450000000000001	0.000410442652360312
13.46	0.000408403204957933
13.47	0.00040637539471526373
13.48	0.00040435914666476434
13.49	0.00040235438637693766
13.5	0.0004003610399560771
13.51	0.0003983790340360435
13.52	0.00039640829577608527
13.530000000000001	0.00039444875285668724
13.540000000000001	0.0003925003334754635
13.55	0.0003905629663430787
13.56	0.0003886365806792078
13.57	0.0003867211062085317
13.58	0.0003848164731567631
13.59	0.000382922612246712
13.6	0.00038103945469437895
13.61	0.0003791669322050867
13.620000000000001	0.0003773049769696431
13.63	0.0003754535216605383
13.64	0.00037361249942816945
13.65	0.0003717818438971053
13.66	0.0003699614891623777
13.67	0.0003681513697858047
13.68	0.0003663514207923494
13.69	0.00036456157766650237
13.700000000000001	0.0003627817763487033
13.71	0.000361011953231787
13.72	0.0003592520451574635
13.73	0.0003575019894128235
13.74	0.00035576172372688003
13.75	0.0003540311862671334
13.76	0.00035231031563616894
13.77	0.0003505990508682806
13.780000000000001	0.0003488973314261284
13.790000000000001	0.0003472050971974171
13.8	0.00034552228849160877
13.81	0.00034384884603666114
13.82	0.00034218471097579293
13.83	0.00034052982486427585
13.84	0.00033888412966625654
13.85	0.0003372475677516033
13.86	0.00033562008189277833
13.870000000000001	0.0003340016152617395
13.88	0.00033239211142686436
13.89	0.000330791514349904
13.9	0.0003291997683829588
13.91	0.0003276168182654829
13.92	0.0003260426091213095
13.93	0.00032447708645570646
13.94	0.00032292019615245347
13.950000000000001	0.0003213718844709417
13.96	0.0003198320980433031
13.97	0.0003183007838715589
13.98	0.0003167778893247939
13.99	0.0003152633621363553
14.	0.0003137571504010723
14.01	0.0003122592025725009
14.02	0.0003107694674601915
14.030000000000001	0.0003092878942269775
14.040000000000001	0.0003078144323862901
14.05	0.00030634903179949113
14.06	0.00030489164267323
14.07	0.00030344221555682474
14.08	0.0003020007013396593
14.09	0.0003005670512486088
14.1	0.0002991412168454812
14.11	0.0002977231500244831
14.120000000000001	0.00029631280300970394
14.13	0.0002949101283526242
14.14	0.0002935150789296419
14.15	0.00029212760793961883
14.16	0.00029074766890144964
14.17	0.00028937521565164907
14.18	0.000288010202341959
14.19	0.00028665258343697726
14.200000000000001	0.000285302313711803
14.21	0.00028395934824970297
14.22	0.0002826236424397967
14.23	0.00028129515197476235
14.24	0.0002799738328485584
14.25	0.00027865964135416477
14.26	0.00027735253408134547
14.27	0.00027605246791442427
14.280000000000001	0.0002747594000300843
14.290000000000001	0.0002734732878951808
14.3	0.00027219408926457557
14.31	0.0002709215200122954
14.32	0.00026963134320379524
14.33	0.00026834820467016955
14.34	0.0002670720611442244
14.35	0.00026580286965465367
14.36	0.00026454058752380967
14.370000000000001	0.0002632851723654939
14.38	0.00026203658208276626
14.39	0.00026079477486577165
14.4	0.00025955970918958404
14.41	0.00025833134381207033
14.42	0.00025710963777176676
14.43	0.0002558945503857813
14.44	0.0002546860412477029
14.450000000000001	0.0002534840702255347
14.46	0.0002522885974596432
14.47	0.0002510995833607225
14.48	0.00024991698860777576
14.49	0.0002487407741461128
14.5	0.0002475709011853657
14.51	0.0002464073311975177
14.52	0.00024525002591495185
14.530000000000001	0.00024409894732851188
14.540000000000001	0.00024295405768557963
14.55	0.0002418153194881708
14.56	0.00024068269549104332
14.57	0.0002395561486998205
14.58	0.00023843564236913356
14.59	0.00023732114000077353
14.6	0.00023621260534186273
14.61	0.0002351100023830387
14.620000000000001	0.00023401329535665397
14.63	0.00023292244873498872
14.64	0.00023183742722847903
14.65	0.0002307581957839604
14.66	0.0002296847195829231
14.67	0.00022861696403978285
14.68	0.00022755489480016673
14.69	0.00022649847773920952
14.700000000000001	0.0002254476789598664
14.71	0.00022440246479123971
14.72	0.0002233628017869157
14.73	0.00022232865672331827
14.74	0.0002212999965980745
14.75	0.00022027678862839156
14.76	0.0002192590002494506
14.77	0.0002182465991128101
14.780000000000001	0.00021723955308482196
14.790000000000001	0.000216237830245063
14.8	0.00021524139888477625
14.81	0.00021425022750532513
14.82	0.0002132642848166632
14.83	0.00021228353973580926
14.84	0.0002113079613853429
14.85	0.00021033751909190464
14.86	0.00020937218238471287
14.870000000000001	0.00020841192099409062
14.88	0.00020745670485000444
14.89	0.00020650650408061294
14.9	0.00020556128901083175
14.91	0.00020462103016090407
14.92	0.0002036856982449872
14.93	0.00020275526416974575
14.94	0.000201829699032961
14.950000000000001	0.00020090897412214728
14.96	0.00019999306091318125
14.97	0.00019908193106894
14.98	0.00019817555643795426
14.99	0.0001972739090530661
15.	0.00019637696113010273
15.01	0.00019548468506655673
15.02	0.00019459705344027946
15.030000000000001	0.00019371403900818288
15.040000000000001	0.0001928356147049528
15.05	0.00019196175364177213
15.06	0.00019109242910505088
15.07	0.00019022761455517355
15.08	0.00018936728362524747
15.09	0.0001885114101198684
15.1	0.00018765996801389022
15.11	0.00018681293145120795
15.120000000000001	0.0001859702747435481
15.13	0.00018513197236927044
15.14	0.00018429799897217683
15.15	0.00018346832936033057
15.16	0.00018264293850488573
15.17	0.00018182180153892335
15.18	0.0001810048937562999
15.19	0.0001801921906105004
15.200000000000001	0.00017938366771350517
15.21	0.00017857930083466233
15.22	0.00017777906589956945
15.23	0.00017698293898896393
15.24	0.00017619089633762365
15.25	0.00017540291433327358
15.26	0.00017461896951550296
15.27	0.0001738390385746888
15.280000000000001	0.00017306309835092974
15.290000000000001	0.00017229112583298727
15.3	0.00017152309815723468
15.31	0.000170758992606615
15.32	0.00016999878660960572
15.33	0.00016924245773919345
15.34	0.00016849821932920408
15.35	0.00016776184014673988
15.36	0.00016702915555434744
15.370000000000001	0.00016630014462813141
15.38	0.00016557478657619888
15.39	0.0001648530607377411
15.4	0.00016413494658212412
15.41	0.00016342042370798258
15.42	0.0001627094718423247
15.43	0.00016200207083964143
15.44	0.00016129820068102221
15.450000000000001	0.00016059784147327843
15.46	0.00015990097344807398
15.47	0.00015920757696106044
15.48	0.000158517632491021
15.49	0.00015783112063901903
15.5	0.00015714802212755445
15.51	0.0001564683177997253
15.52	0.00015579198861839704
15.530000000000001	0.00015511901566537642
15.540000000000001	0.00015444938014059275
15.55	0.00015378306336128513
15.56	0.00015312004676119574
15.57	0.00015246031188976907
15.58	0.00015180384041135663
15.59	0.00015115061410442903
15.6	0.0001505006148607929
15.610000000000001	0.00014985382468481396
15.620000000000001	0.00014921022569264525
15.63	0.0001485698001114626
15.64	0.000147932530278705
15.65	0.0001472983986413196
15.66	0.00014666738775501506
15.67	0.00014603948028351686
15.68	0.00014541465899783133
15.69	0.0001447929067755146
15.700000000000001	0.00014417420659994443
15.71	0.00014355854155960032
15.72	0.00014294589484734911
15.73	0.00014233624975973277
15.74	0.00014172958969626542
15.75	0.0001411258981587318
15.76	0.00014052515875049475
15.77	0.0001399273551758049
15.780000000000001	0.00013933247123911626
15.790000000000001	0.0001387404908444078
15.8	0.00013815139799450865
15.81	0.0001375651767904297
15.82	0.00013698181143069894
15.83	0.0001364012862107025
15.84	0.00013582358552203
15.85	0.00013524869385182523
15.860000000000001	0.0001346765957821417
15.870000000000001	0.00013410727598930165
15.88	0.00013354071924326203
15.89	0.0001329769104069828
15.9	0.0001324158344358019
15.91	0.0001318574763768129
15.92	0.00013130182136824938
15.93	0.00013074885463887129
15.94	0.0001301985615073584
15.950000000000001	0.00012965092738170637
15.96	0.00012910593775862812
15.97	0.00012856357822295898
15.98	0.0001280238344470667
15.99	0.00012748669219026608
16.	0.00012695213729823674
16.01	0.00012642015570244622
16.02	0.00012589073341957616
16.03	0.000125363856550955
16.04	0.0001248395112819918
16.05	0.00012431768388161603
16.06	0.00012379836070172085
16.07	0.0001232815281766114
16.080000000000002	0.00012276717282245508
16.09	0.00012225528123673826
16.1	0.000121745840097725
16.11	0.00012123883616392039
16.12	0.00012073425627353867
16.13	0.00012023208734397344
16.14	0.00011973231637127291
16.15	0.0001192349304296192
16.16	0.00011873991667081029
16.17	0.00011824726232374657
16.18	0.00011775695469392103
16.19	0.00011726898116291219
16.2	0.00011678332918788295
16.21	0.00011629998630108001
16.22	0.00011581894010933979
16.23	0.00011534017829359479
16.240000000000002	0.00011486368860838776
16.25	0.00011438945888138491
16.26	0.00011391747701289561
16.27	0.00011344773097539398
16.28	0.00011298020881304519
16.29	0.00011251489864123383
16.3	0.00011205178864609659
16.31	0.00011159086708405846
16.32	0.00011113212228137028
16.330000000000002	0.00011067554263365307
16.34	0.00011022111660544257
16.35	0.00010976883272973843
16.36	0.00010931867960755603
16.37	0.00010887064590748216
16.38	0.0001084247203652336
16.39	0.00010798089178321865
16.4	0.00010753914903010157
16.41	0.00010709948104037095
16.42	0.0001066618768139108
16.43	0.00010622635939518471
16.44	0.00010580287061477351
16.45	0.00010538132612174315
16.46	0.00010496171581583079
16.47	0.00010454402965533242
16.48	0.00010412825765672918
16.490000000000002	0.00010371438989431496
16.5	0.00010330241649982648
16.51	0.00010289232766207662
16.52	0.0001024841136265904
16.53	0.00010207776469524214
16.54	0.00010167327122589705
16.55	0.00010127062363205376
16.56	0.00010086981238249062
16.57	0.00010047082800091328
16.580000000000002	0.00010007366106560505
16.59	0.00009967830220908091
16.6	0.00009928474211774205
16.61	0.00009889297153153374
16.62	0.00009850298124360624
16.63	0.00009811476209997617
16.64	0.00009772830499919285
16.65	0.00009734360089200412
16.66	0.00009696064078102682
16.67	0.00009657941572041823
16.68	0.00009619991681555024
16.69	0.00009582213522268543
16.7	0.00009544606214865629
16.71	0.00009507168885054508
16.72	0.00009469900663536764
16.73	0.00009432800685975844
16.740000000000002	0.0000939586809296576
16.75	0.00009359102030000039
16.76	0.00009322501647440954
16.77	0.00009286066100488818
16.78	0.00009249794549151661
16.79	0.00009213686158214921
16.8	0.00009177740097211522
16.81	0.00009141955540392107
16.82	0.00009106331666695379
16.830000000000002	0.00009070867659718762
16.84	0.00009035562707689239
16.85	0.00009000416003434324
16.86	0.00008965426744353305
16.87	0.00008930594132388707
16.88	0.00008895917373997775
16.89	0.00008861395680124433
16.9	0.00008827028266171182
16.91	0.00008792814351971325
16.92	0.00008758753161761308
16.93	0.00008724843924153368
16.94	0.00008691085872108181
16.95	0.00008657478242907897
16.96	0.00008624020278129214
16.97	0.00008590711223616688
16.98	0.00008557550329456205
16.990000000000002	0.00008524536849948715
17.	0.00008491670043584008
17.01	0.00008458949173014784
17.02	0.000084263735050308
17.03	0.00008393942310533345
17.04	0.00008361654864509681
17.05	0.00008329510446007806
17.06	0.00008297508338111386
17.07	0.00008265647827914761
17.080000000000002	0.00008233928206498221
17.09	0.0000820234876890335
17.1	0.00008170908814108642
17.11	0.00008139607645005217
17.12	0.00008108444568372713
17.13	0.00008077418894855333
17.14	0.00008046529938938073
17.150000000000002	0.00008015777018923075
17.16	0.00007985159456906215
17.17	0.00007954676578753768
17.18	0.00007924327714079195
17.19	0.00007894112196220286
17.2	0.00007864029362216194
17.21	0.00007834078552784837
17.22	0.00007804259112300307
17.23	0.00007774570388770505
17.240000000000002	0.0000774501173381491
17.25	0.00007715582502642499
17.26	0.00007686282054029833
17.27	0.00007657109750299161
17.28	0.00007628064957296946
17.29	0.00007599147044372216
17.3	0.0000757035538435529
17.31	0.00007541689353536528
17.32	0.0000751314833164527
17.330000000000002	0.00007484731701828925
17.34	0.00007456438850632139
17.35	0.00007428269167976163
17.36	0.00007400222047138323
17.37	0.0000737229688473167
17.38	0.00007344493080684704
17.39	0.00007316810038221266
17.400000000000002	0.00007289247163840572
17.41	0.0000726180386729738
17.42	0.00007234479561582243
17.43	0.00007207273662901959
17.44	0.00007180185590660086
17.45	0.00007153214767437663
17.46	0.00007126360618973958
17.47	0.00007099622574147445
17.48	0.0000707300006495684
17.490000000000002	0.00007046492526502268
17.5	0.00007020099396966604
17.51	0.00006993820117596898
17.52	0.00006967654132685883
17.53	0.0000694160088955368
17.54	0.00006915659838529604
17.55	0.00006889830432934046
17.56	0.00006864112129060555
17.57	0.00006838504386157899
17.580000000000002	0.00006813006666412425
17.59	0.00006787618434930404
17.6	0.00006762339159720529
17.61	0.0000673721666381196
17.62	0.00006712250344999483
17.63	0.00006687390631300074
17.64	0.00006662637007433265
17.650000000000002	0.00006637988960899301
17.66	0.00006613445981962545
17.67	0.00006589007563635067
17.68	0.00006564673201660234
17.69	0.000065404423944965
17.7	0.00006516314643301238
17.71	0.00006492289451914731
17.72	0.00006468366326844218
17.73	0.00006444544777248055
17.740000000000002	0.00006420824314920043
17.75	0.00006397204454273707
17.76	0.0000637368471232687
17.77	0.00006350264608686198
17.78	0.00006326943665531844
17.79	0.00006303721407602267
17.8	0.00006280597362179071
17.81	0.00006257571059072041
17.82	0.00006234642030604142
17.830000000000002	0.00006211809811596711
17.84	0.00006189073939354726
17.85	0.00006166433953652182
17.86	0.00006143889396717507
17.87	0.00006121439813219124
17.88	0.00006099084750251088
17.89	0.00006076823757318837
17.900000000000002	0.00006054656386324964
17.91	0.00006032582191555215
17.92	0.00006010600729664393
17.93	0.000059887115596625457
17.94	0.0000596691424290108
17.95	0.00005945208343059098
17.96	0.00005923593426129687
17.97	0.000059020690604064414
17.98	0.00005880634816469931
17.990000000000002	0.0000585929026717438
18.	0.00005838034987634351
18.01	0.00005816868555211504
18.02	0.00005795790549501542
18.03	0.00005774800552321115
18.04	0.00005753898147694893
18.05	0.000057330829218426706
18.06	0.00005712354463166597
18.07	0.000056917123622384584
18.080000000000002	0.000056711562117870574
18.09	0.000056506856066856404
18.1	0.00005630300143939465
18.11	0.000056099994226733615
18.12	0.00005589783044119495
18.13	0.000055696506116050616
18.14	0.000055496017305401624
18.150000000000002	0.0000552963600840574
18.16	0.000055097530547415785
18.17	0.00005489952481134333
18.18	0.000054702339012057385
18.19	0.00005450596930600816
18.2	0.000054310411869761516
18.21	0.00005411566289988314
18.22	0.00005392171861282238
18.23	0.00005372857524479832
18.240000000000002	0.000053536229051684965
18.25	0.00005334467630889836
18.26	0.00005315391331128374
18.27	0.000052963936373003564
18.28	0.000052774741827426595
18.29	0.00005258632602701713
18.3	0.000052398685343225254
18.31	0.00005221181616637786
18.32	0.0000520257149055697
18.330000000000002	0.000051840377988556564
18.34	0.00005165580186164723
18.35	0.000051471982989597695
18.36	0.00005128891785550517
18.37	0.00005110660296070293
18.38	0.00005092503482465627
18.39	0.00005074420998485841
18.400000000000002	0.00005056412499672735
18.41	0.00005038477643350361
18.42	0.0000502061608861484
18.43	0.000050028274963242356
18.44	0.000049851115290884737
18.45	0.00004967467851259407
18.46	0.0000494989612892083
18.47	0.00004932396029878647
18.48	0.00004914967223651034
18.490000000000002	0.00004897609381458727
18.5	0.00004880322176215306
18.51	0.00004863105282517598
18.52	0.00004845958376636069
18.53	0.0000482888113650537
18.54	0.000048118732417148715
18.55	0.00004794934373499247
18.56	0.00004778064214729202
18.57	0.00004761262449902138
18.580000000000002	0.000047445287651329775
18.59	0.00004727862848145006
18.6	0.00004711264388260773
18.61	0.00004694733076392998
18.62	0.00004678268605035668
18.63	0.000046618706682550375
18.64	0.00004645538961680792
18.650000000000002	0.0000462927318249719
18.66	0.00004613073029434325
18.67	0.00004596938202759392
18.68	0.00004580868404268057
18.69	0.000045648633372758016
18.7	0.000045489227066094095
18.71	0.00004533046218598457
18.72	0.00004517233581066853
18.73	0.000045014845033244706
18.740000000000002	0.00004485798696158752
18.75	0.00004470175871826464
18.76	0.00004454615744045435
18.77	0.00004439118027986365
18.78	0.00004423682440264666
18.79	0.000044083086989324176
18.8	0.00004392996523470264
18.81	0.000043777456347794695
18.82	0.000043625557551739535
18.830000000000002	0.00004347426608372386
18.84	0.00004332357919490369
18.85	0.000043173494150326115
18.86	0.00004302400822885184
18.87	0.000042869799376838756
18.88	0.000042712504043110974
18.89	0.000042555868681320054
18.900000000000002	0.00004239989017520856
18.91	0.00004224456542487084
18.92	0.00004208989134665893
18.93	0.000041935864873088414
18.94	0.000041782482952745674
18.95	0.000041629742550194866
18.96	0.00004147764064588607
18.97	0.0000413261742360639
18.98	0.00004117534033267648
18.990000000000002	0.00004102513596328528
19.	0.00004087555817097506
19.01	0.00004072660401426507
19.02	0.00004057827056702023
19.03	0.000040430554918363265
19.04	0.00004028345417258671
19.05	0.000040136965449066446
19.06	0.00003999108588217509
19.07	0.00003984581262119603
19.080000000000002	0.000039701142830238276
19.09	0.00003955707368815126
19.1	0.00003941360238844102
19.11	0.00003927072613918624
19.12	0.00003912844216295495
19.13	0.00003898674769672171
19.14	0.00003884563999178577
19.150000000000002	0.00003870511631368907
19.16	0.000038565173942135226
19.17	0.00003842581017090845
19.18	0.00003828702230779411
19.19	0.00003814880767449836
19.2	0.000038011163606569345
19.21	0.000037874087453318266
19.22	0.00003773757657774149
19.23	0.0000376016283564424
19.240000000000002	0.00003746624017955453
19.25	0.0000373314094506647
19.26	0.000037197133586736463
19.27	0.000037063410018034804
19.28	0.00003693023618805028
19.29	0.00003679760955342452
19.3	0.00003666552758387549
19.31	0.00003653398776212388
19.32	0.00003640298758381926
19.330000000000002	0.000036272524557467315
19.34	0.00003614259620435704
19.35	0.000036013200058488726
19.36	0.000035884333666502045
19.37	0.0000357559945876052
19.38	0.00003562818039350368
19.39	0.000035500888668329885
19.400000000000002	0.00003537411700857349
19.41	0.00003524786302301177
19.42	0.00003512212433264029
19.43	0.00003499689857060439
19.44	0.00003487218338213106
19.45	0.000034747976424460896
19.46	0.0000346242753667807
19.47	0.00003450107789015664
19.48	0.000034378381687467286
19.490000000000002	0.00003425618446333789
19.5	0.000034134483934074226
19.51	0.0000340132778275974
19.52	0.00003389256388337873
19.53	0.00003377233985237523
19.54	0.000033652603496965504
19.55	0.00003353335259088569
19.56	0.00003341458491916625
19.57	0.0000332962982780689
19.580000000000002	0.00003317849047502384
19.59	0.000033061159328567796
19.6	0.00003294430266828174
19.61	0.00003282791833472961
19.62	0.0000327120041793971
19.63	0.000032596558064631
19.64	0.000032481577863578714
19.650000000000002	0.00003236706146012809
19.66	0.000032253006748848
19.67	0.00003213941163492897
19.68	0.00003202627403412418
19.69	0.00003191359187269075
19.7	0.00003180136308733182
19.71	0.000031689585625138384
19.72	0.00003157825744353189
19.73	0.000031467376510207095
19.740000000000002	0.00003135694080307497
19.75	0.000031246948310206625
19.76	0.00003113739702977673
19.77	0.000031028284970008015
19.78	0.00003091961014911558
19.79	0.00003081137059525179
19.8	0.000030703564346451665
19.81	0.00003059618945057806
19.82	0.000030489243965267746
19.830000000000002	0.000030382725957877476
19.84	0.00003027663350543056
19.85	0.00003017096469456359
19.86	0.000030065717621473642
19.87	0.000029960890391865538
19.88	0.00002985648112089996
19.89	0.000029752487933141274
19.900000000000002	0.00002964890896250592
19.91	0.00002954574235221123
19.92	0.000029442986254724255
19.93	0.00002934063883171136
19.94	0.00002923869825398753
19.95	0.00002913716270146646
19.96	0.00002903603036311068
19.97	0.000028935299436882167
19.98	0.000028834968129693104
19.990000000000002	0.000028735034657356912
20.	0.000028635497244539702
20.01	0.000028536354124711975
20.02	0.000028437603540100566
20.03	0.00002833924374164088
20.04	0.00002824127298892938
20.05	0.000028143689550176552
20.06	0.00002804649170215994
20.07	0.000027949677730177398
20.080000000000002	0.00002785324592800094
20.09	0.000027757194597830514
20.1	0.000027661522050248386
20.11	0.000027566226604173407
20.12	0.00002747130658681592
20.13	0.000027376760333632525
20.14	0.00002728258618828179
20.150000000000002	0.000027188782502579383
20.16	0.000027095347636454102
20.17	0.000027002279957903858
20.18	0.00002690957784295203
20.19	0.000026817239675603997
20.2	0.00002672526384780412
20.21	0.000026633648759392623
20.22	0.000026536428920936815
20.23	0.00002643672004008093
20.240000000000002	0.000026337434806775924
20.25	0.00002623857121302952
20.26	0.000026140127261351743
20.27	0.000026042100964694646
20.28	0.000025944490346392868
20.29	0.000025847293440104096
20.3	0.000025750508289750126
20.31	0.00002565413294945844
20.32	0.000025558165483503706
20.330000000000002	0.000025462603966250226
20.34	0.000025367446482094026
20.35	0.00002527269112540599
20.36	0.00002517833600047507
20.37	0.000025084379221451603
20.38	0.000024990818912291473
20.39	0.000024897653206700026
20.400000000000002	0.000024804880248077033
20.41	0.00002471249818946133
20.42	0.00002462050519347627
20.43	0.00002452889943227506
20.44	0.000024437679087487093
20.45	0.000024346842350163895
20.46	0.000024256387420725888
20.47	0.00002416631250890921
20.48	0.000024076615833713124
20.490000000000002	0.000023987295623347443
20.5	0.000023898350115180568
20.51	0.00002380977755568763
20.52	0.000023721576200398964
20.53	0.000023633744313849147
20.54	0.00002354628016952609
20.55	0.000023459182049820426
20.56	0.00002337244824597541
20.57	0.000023286077058037025
20.580000000000002	0.000023200066794804288
20.59	0.00002311441577378007
20.6	0.00002302912232112206
20.61	0.000022944184771593953
20.62	0.000022859601468517298
20.63	0.000022775370763723256
20.64	0.00002269149101750476
20.650000000000002	0.000022607960598569075
20.66	0.000022524777883990525
20.67	0.000022441941259163647
20.68	0.0000223594491177564
20.69	0.00002227729986166391
20.7	0.000022195491900962352
20.71	0.00002211402365386315
20.72	0.000022032893546667388
20.73	0.000021952100013720622
20.740000000000002	0.000021871641497368
20.75	0.000021791516447909366
20.76	0.000021711723323554938
20.77	0.000021632260590381158
20.78	0.000021553126722286742
20.79	0.00002147432020094909
20.8	0.000021395839515780946
20.81	0.000021317683163887243
20.82	0.000021239849650022256
20.830000000000002	0.000021162337486547065
20.84	0.000021085145193387284
20.85	0.00002100827129799086
20.86	0.000020931714335286303
20.87	0.000020855472847641226
20.88	0.000020779545384820918
20.89	0.000020703930503947248
20.900000000000002	0.000020628626769458067
20.91	0.00002055363275306633
20.92	0.00002047894703372001
20.93	0.000020404568197561958
20.94	0.000020330494837890055
20.95	0.0000202567255551175
20.96	0.00002018325895673361
20.97	0.00002011009365726464
20.98	0.00002003722827823493
20.990000000000002	0.000019964661448127984
21.	0.000019892391802348464
21.01	0.000019820417983183716
21.02	0.000019748738639765855
21.03	0.000019677352428034033
21.04	0.000019606258010696922
21.05	0.0000195354540571955
21.06	0.0000194649392436658
21.07	0.000019394712252902285
21.080000000000002	0.00001932477177432104
21.09	0.000019255116503923467
21.1	0.00001918574514426007
21.11	0.0000191166564043945
21.12	0.00001904784899986773
21.13	0.0000189793216526626
21.14	0.00001891107309116842
21.150000000000002	0.000018843102050145863
21.16	0.00001877540727069206
21.17	0.00001870798750020587
21.18	0.00001864084149235338
21.19	0.000018573968007033688
21.2	0.000018507365810344673
21.21	0.000018441033674549218
21.22	0.00001837497037804145
21.23	0.000018309174705313327
21.240000000000002	0.000018243645446921304
21.25	0.000018178381399453165
21.26	0.0000181133813654953
21.27	0.00001804864415359986
21.28	0.000017984168578252282
21.29	0.000017919953459839035
21.3	0.00001785599762461537
21.31	0.000017792299904673525
21.32	0.00001772885913791088
21.330000000000002	0.00001766567416799848
21.34	0.00001760274384434954
21.35	0.000017540067022088395
21.36	0.00001747764256201937
21.37	0.000017415469330596137
21.38	0.0000173535461998908
21.39	0.00001729187204756373
21.400000000000002	0.00001723044575683307
21.41	0.00001716926621644479
21.42	0.000017108332320642612
21.43	0.0000170476429691384
21.44	0.000016987197067082442
21.45	0.00001692699352503421
21.46	0.00001686703125893308
21.47	0.000016807309190069083
21.48	0.000016747826245054357
21.490000000000002	0.00001668858135579414
21.5	0.000016629573459458454
21.51	0.000016570801498453485
21.52	0.000016512264420393588
21.53	0.000016453961178073063
21.54	0.00001639589072943839
21.55	0.000016338052037560457
21.56	0.00001628044407060701
21.57	0.00001622306580181519
21.580000000000002	0.00001616591620946441
21.59	0.000016108994276849203
21.6	0.000016052298992252264
21.61	0.000015995829348917743
21.62	0.00001593958434502466
21.63	0.000015883562983660362
21.64	0.000015827764272794248
21.650000000000002	0.000015772187225251677
21.66	0.000015718222047737342
21.67	0.000015675844837171953
21.68	0.000015633601350135812
21.69	0.0000155914911032683
21.7	0.000015549513615177708
21.71	0.000015507668406432263
21.72	0.00001546595499955127
21.73	0.000015424372918996217
21.740000000000002	0.000015382921691162055
21.75	0.000015341600844368462
21.76	0.00001530040990885107
21.77	0.00001525934841675284
21.78	0.000015218415902115479
21.79	0.00001517761190087081
21.8	0.000015136935950832317
21.81	0.00001509638759168659
21.82	0.000015055966364984882
21.830000000000002	0.000015015671814134741
21.84	0.000014975503484391653
21.85	0.000014935460922850712
21.86	0.000014895543678438262
21.87	0.0000148557513019038
21.88	0.000014816083345811655
21.89	0.00001477653936453294
21.900000000000002	0.000014737118914237335
21.91	0.00001469782155288506
21.92	0.000014658646840218877
21.93	0.00001461959433775597
21.94	0.00001458066360878017
21.95	0.000014541854218333826
21.96	0.00001450316573321012
21.97	0.000014464597721945114
21.98	0.000014426149754809999
21.990000000000002	0.00001438782140380326
22.	0.000014349612242643054
22.01	0.000014311521846759441
22.02	0.000014273549793286812
22.03	0.00001423569566105619
22.04	0.000014197959030587722
22.05	0.000014160339484083093
22.06	0.00001412283660541809
22.07	0.000014085449980135094
22.080000000000002	0.00001404817919543566
22.09	0.000014011023840173102
22.1	0.000013973983504845237
22.11	0.000013937057781586946
22.12	0.000013900246264162976
22.13	0.000013863548547960642
22.14	0.000013826964229982659
22.150000000000002	0.000013790492908839948
22.16	0.000013754134184744492
22.17	0.000013717887659502223
22.18	0.000013681752936505988
22.19	0.000013645729620728488
22.2	0.000013609817318715277
22.21	0.00001357401563857778
22.22	0.000013538324189986383
22.23	0.000013502742584163562
22.240000000000002	0.00001346727043387694
22.25	0.00001343190735343251
22.26	0.00001339665295866781
22.27	0.00001336150686694521
22.28	0.00001332646869714513
22.29	0.000013291538069659299
22.3	0.000013256714606384197
22.31	0.000013221997930714339
22.32	0.000013187387667535688
22.330000000000002	0.000013152883443219086
22.34	0.000013118484885613732
22.35	0.00001308419162404065
22.36	0.000013050003289286212
22.37	0.00001301591951359576
22.38	0.000012981939930667066
22.39	0.000012948064175644035
22.400000000000002	0.000012914291885110388
22.41	0.000012880622697083264
22.42	0.000012847056251006932
22.43	0.000012813592187746603
22.44	0.000012780230149582114
22.45	0.00001274696978020178
22.46	0.000012713810724696273
22.47	0.000012680752629552338
22.48	0.000012647795142646803
22.490000000000002	0.00001261493791324047
22.5	0.000012582180591972067
22.51	0.000012549522830852171
22.52	0.000012516964283257313
22.53	0.000012484504603923956
22.54	0.000012452143448942495
22.55	0.000012419880475751479
22.56	0.00001238771534313167
22.57	0.000012355647711200175
22.580000000000002	0.000012323677241404626
22.59	0.000012291803596517447
22.6	0.000012260026440629992
22.61	0.000012228345439146879
22.62	0.000012196760258780253
22.63	0.000012165270567544113
22.64	0.000012133876034748583
22.650000000000002	0.000012102576330994439
22.66	0.00001207137112816732
22.67	0.000012040260099432294
22.68	0.000012009242919228252
22.69	0.000011978319263262343
22.7	0.000011947488808504582
22.71	0.000011916751233182287
22.72	0.000011886106216774643
22.73	0.000011855553440007372
22.740000000000002	0.000011825092584847215
22.75	0.000011794723334496654
22.76	0.000011764445373388522
22.77	0.000011734258387180734
22.78	0.00001170416206275093
22.79	0.000011674156088191297
22.8	0.000011644240152803238
22.81	0.000011614413947092206
22.82	0.0000115846771627625
22.830000000000002	0.000011555029492712123
22.84	0.000011525470631027616
22.85	0.00001149600027297893
22.86	0.000011466618115014332
22.87	0.00001143732385475539
22.88	0.000011408117190991867
22.89	0.000011378997823676746
22.900000000000002	0.000011349965453921162
22.91	0.000011321019783989502
22.92	0.000011292160517294436
22.93	0.00001126338735839197
22.94	0.000011234700012976544
22.95	0.000011206098187876179
22.96	0.000011177581591047603
22.97	0.000011149149931571428
22.98	0.000011120802919647263
22.990000000000002	0.00001109254026658906
23.	0.000011064361684820241
23.01	0.000011036266887868988
23.02	0.000011008255590363556
23.03	0.000010980327508027485
23.04	0.000010952482357675005
23.05	0.000010924719857206358
23.06	0.000010897039725603177
23.07	0.000010869441682923797
23.080000000000002	0.000010841925450298775
23.09	0.000010814490749926272
23.1	0.000010787137305067486
23.11	0.000010759864840042135
23.12	0.000010732673080223997
23.13	0.00001070556175203637
23.14	0.000010678530582947622
23.150000000000002	0.000010651579301466799
23.16	0.000010746257374046207
23.17	0.000010945896547725048
23.18	0.000011149155974644016
23.19	0.000011356099699966013
23.2	0.00001156679287350506