0.01	9.045651698243528
0.02	34.03179484933181
0.03	53.03704675377658
0.04	67.83152300288653
0.05	73.04355215575623
0.06	74.63897587062817
0.07	73.74223437287952
0.08	70.18875548253895
0.09	63.76276568886494
0.1	56.99931038109165
0.11	51.206700925659675
0.12	47.51442765467859
0.13	44.39354506691164
0.14	41.71637866331419
0.15	39.2445586449239
0.16	36.936202657770295
0.17	34.81732922021229
0.18	32.783572990491535
0.19	30.969254494188363
0.2	29.208133931012515
0.21	27.603396440448275
0.22	26.154650320153387
0.23	24.711203295063584
0.24	23.40390588151847
0.25	22.215012270465877
0.26	21.053052578256548
0.27	19.968312645079322
0.28	18.975938132920447
0.29	18.064648555079398
0.3	17.148978400747446
0.31	16.307516326605942
0.32	15.532135606301594
0.33	14.815816939375354
0.34	14.112549893839134
0.35000000000000003	13.446389889221408
0.36	12.829139634147541
0.37	12.255994662803127
0.38	11.722735434435712
0.39	11.190948616339739
0.4	10.686573753035109
0.41000000000000003	10.216559125910816
0.42	9.777809214106728
0.43	9.367572231789342
0.44	8.97928916879106
0.45	8.585748614194822
0.46	8.217546863826726
0.47000000000000003	7.872553457851357
0.48	7.5488572840252255
0.49	7.244740020640391
0.5	6.958653256813841
0.51	6.67394989764015
0.52	6.397022443822212
0.53	6.136537619598138
0.54	5.891235910994449
0.55	5.659975197250813
0.56	5.4417179288807365
0.5700000000000001	5.235519904399208
0.58	5.037872487925371
0.59	4.836576945273081
0.6	4.646507872363419
0.61	4.466867379752064
0.62	4.2969261041980955
0.63	4.136016340235447
0.64	3.9835259556578553
0.65	3.8388929908811606
0.66	3.7016008562203564
0.67	3.564787168398486
0.68	3.430517003897506
0.6900000000000001	3.303155141232071
0.7000000000000001	3.182253606447375
0.71	3.067399307967186
0.72	2.9582108786951444
0.73	2.8543358429032635
0.74	2.7554480706095217
0.75	2.661245486865127
0.76	2.571448007439974
0.77	2.4806926604228656
0.78	2.39252298096682
0.79	2.308551111603125
0.8	2.2285277865150497
0.81	2.1522214032294262
0.8200000000000001	2.079416573064464
0.8300000000000001	2.009912806389051
0.84	1.9435233187161882
0.85	1.8800739452481476
0.86	1.819402152887707
0.87	1.761356139954794
0.88	1.7038873085803197
0.89	1.646583863144197
0.9	1.5918159256714908
0.91	1.539444976440181
0.92	1.489341470861257
0.93	1.4413841686960618
0.9400000000000001	1.395459519936636
0.9500000000000001	1.3514611020224765
0.96	1.3092891036175553
0.97	1.2688498506599601
0.98	1.2300553708307072
0.99	1.1928229929745011
1.	1.1570749783493652
1.01	1.1215487825967898
1.02	1.0861455887215208
1.03	1.0521891592445713
1.04	1.0196071744879345
1.05	0.9883315770658219
1.06	0.958298283245974
1.07	0.9294469163452933
1.08	0.9017205602912622
1.09	0.8750655316546293
1.1	0.8494311686151605
1.11	0.8247696354629499
1.12	0.8010357413644296
1.1300000000000001	0.7781867722364098
1.1400000000000001	0.7561823346745047
1.1500000000000001	0.7349842109753196
1.16	0.713739206509016
1.17	0.6926971480268417
1.18	0.6724466778323039
1.19	0.6529516823526466
1.2	0.6341779797942012
1.21	0.6160932018538936
1.22	0.5986666835747138
1.23	0.5818693607234214
1.24	0.5656736741208281
1.25	0.5500534804022876
1.26	0.5349839687290788
1.27	0.5204415830105609
1.28	0.5064039492326561
1.29	0.49284980752081
1.3	0.47975894859525586
1.31	0.46711215430355496
1.32	0.45489114194016766
1.33	0.4427063333908291
1.34	0.4305342740111764
1.35	0.4187836802479573
1.36	0.4074369969299757
1.37	0.3964775216804899
1.3800000000000001	0.38588935766923094
1.3900000000000001	0.3756573693000368
1.4000000000000001	0.36576714063223376
1.41	0.35620493634909794
1.42	0.34695766510068854
1.43	0.33801284506117624
1.44	0.32935857155256926
1.45	0.320983486597599
1.46	0.312876750274505
1.47	0.30502801375565636
1.48	0.2974273939204202
1.49	0.290065449440504
1.5	0.28293315824320237
1.51	0.27602189626463675
1.52	0.26932341741122534
1.53	0.26246325883780114
1.54	0.2557525573797606
1.55	0.24925521863522795
1.56	0.2429631473126649
1.57	0.23686860440099405
1.58	0.2309641893541581
1.59	0.22524282327196218
1.6	0.21969773301565784
1.61	0.21432243620088942
1.62	0.20911072701447392
1.6300000000000001	0.20405666280505497
1.6400000000000001	0.19915455140098628
1.6500000000000001	0.1943989391118743
1.6600000000000001	0.1897845993730655
1.67	0.18530652199501332
1.68	0.1809599029819279
1.69	0.17674013488640034
1.7	0.1726427976688255
1.71	0.16866365003243383
1.72	0.16479862120658262
1.73	0.1610438031526849
1.74	0.15739544316875217
1.75	0.1537806509839611
1.76	0.15010817363557336
1.77	0.1465434670560613
1.78	0.1430827863354746
1.79	0.1397225367057523
1.8	0.13645926672777345
1.81	0.1332896618231637
1.82	0.13021053813163347
1.83	0.1272188366757869
1.84	0.12431161781643943
1.85	0.12148605598250115
1.86	0.11873943466044064
1.87	0.11606914162923282
1.8800000000000001	0.11347266442753552
1.8900000000000001	0.11094758604061578
1.9000000000000001	0.10849158079528343
1.9100000000000001	0.10610241045177035
1.92	0.10377792048214216
1.93	0.10151603652542193
1.94	0.09931476101017944
1.95	0.09717216993585988
1.96	0.09508640980462704
1.97	0.09305569469596175
1.98	0.09107830347668788
1.99	0.08915257713951744
2.	0.08727691626358236
2.0100000000000002	0.08539723831752823
2.02	0.0834941547582419
2.0300000000000002	0.08164256745193867
2.04	0.0798408394762843
2.05	0.07808739360628647
2.06	0.076380709860365
2.07	0.07471932315856479
2.08	0.07310182108727352
2.09	0.07152684176511993
2.1	0.0699930718050165
2.11	0.06849924436758319
2.12	0.0670441373014463
2.13	0.06562657136615009
2.14	0.06424540853364362
2.15	0.06289955036452377
2.16	0.061587936455414875
2.17	0.06030954295405923
2.18	0.05906338113886828
2.19	0.05784849605986002
2.2	0.05666396523806244
2.21	0.055508897420618715
2.22	0.054382431388967895
2.23	0.05328373481761538
2.24	0.05221200318112803
2.25	0.051166458707114795
2.2600000000000002	0.050146349373063434
2.27	0.04915094794501355
2.2800000000000002	0.048179551056145936
2.29	0.04723147832346548
2.3000000000000003	0.04630607150084538
2.31	0.045353460261841366
2.32	0.04440333515315014
2.33	0.043477073476421844
2.34	0.042573977286348604
2.35	0.04169337190987877
2.36	0.040834605075695814
2.37	0.03999704607976677
2.38	0.03918008498532091
2.39	0.03838313185570141
2.4	0.037605616018608984
2.41	0.03684698536032862
2.42	0.0361067056486003
2.43	0.03538425988285862
2.44	0.03467914767062828
2.45	0.033990884628920796
2.46	0.03331900180953422
2.47	0.03266304514720785
2.48	0.032022574929636026
2.49	0.0313971652883919
2.5	0.03078640370985535
2.5100000000000002	0.03018989056528391
2.52	0.02960723865920496
2.5300000000000002	0.029038072795345187
2.54	0.02848202935935123
2.5500000000000003	0.027938755917588567
2.56	0.027407910831339602
2.57	0.026889162885752396
2.58	0.026382190932921806
2.59	0.02588668354851246
2.6	0.025402338701359935
2.61	0.024928863435512788
2.62	0.024465973564200532
2.63	0.02401339337523803
2.64	0.023570855347396814
2.65	0.02311512475577536
2.66	0.02265322951230825
2.67	0.02220224557583095
2.68	0.02176187576115529
2.69	0.021331832043320398
2.7	0.020911835242629608
2.71	0.020501614721630326
2.72	0.020100908093541633
2.73	0.01970946094165781
2.74	0.019327026549275646
2.75	0.01895336563971489
2.7600000000000002	0.018588246126019232
2.77	0.01823144286994453
2.7800000000000002	0.017882737449857064
2.79	0.017541917937182648
2.8000000000000003	0.017208778681061736
2.81	0.016883120100881884
2.82	0.01656474848637252
2.83	0.016253475804960595
2.84	0.01594911951609949
2.85	0.015651502392294805
2.86	0.015360452346563361
2.87	0.015075802266072753
2.88	0.014797389851719404
2.89	0.014525057463413558
2.9	0.014258651970849266
2.91	0.013998024609547044
2.92	0.013743030841965383
2.93	0.013493530223486176
2.94	0.013249386273087362
2.95	0.013010466348523028
2.96	0.012776641525840128
2.97	0.012547786483066422
2.98	0.012323779387912109
2.99	0.012104501789333956
3.	0.011889838512816319
3.0100000000000002	0.01167967755923026
3.02	0.011473910007136781
3.0300000000000002	0.011272429918406173
3.04	0.011065662309406117
3.0500000000000003	0.010849373694525962
3.06	0.01063799998002778
3.0700000000000003	0.010431413962770138
3.08	0.010229492130802327
3.09	0.010032114544748342
3.1	0.00983916472337004
3.11	0.00965052953314925
3.12	0.009466099081735246
3.13	0.009285766615110635
3.14	0.0091094284183345
3.15	0.008936983719727367
3.16	0.008768334598368408
3.17	0.008603385894780245
3.18	0.00844204512468191
3.19	0.008284222395695434
3.2	0.008129830326896013
3.21	0.00797878397110013
3.22	0.007831000739790428
3.23	0.007686400330579964
3.24	0.007544904657122455
3.25	0.0074064377813787274
3.2600000000000002	0.007270925848153515
3.27	0.0071382970218194204
3.2800000000000002	0.007008481425149004
3.29	0.006881411080178249
3.3000000000000003	0.006757019851028303
3.31	0.006635243388614853
3.3200000000000003	0.00651601907717736
3.33	0.006399285982563006
3.34	0.006284984802202801
3.35	0.0061730578167195314
3.36	0.0060634488431097365
3.37	0.00595610318944398
3.38	0.005850967611031852
3.39	0.0057479902680002935
3.4	0.005647120684235515
3.41	0.00554830970764101
3.42	0.005451509471665643
3.43	0.0053566733580577555
3.44	0.005263755960802733
3.45	0.005172713051203155
3.46	0.005083501544062213
3.47	0.004996079464932338
3.48	0.004910405918392692
3.49	0.004821172111065508
3.5	0.004726662960378499
3.5100000000000002	0.0046342682217296914
3.52	0.004543934767214856
3.5300000000000002	0.004455610949342222
3.54	0.0043692465557493825
3.5500000000000003	0.004284792765427842
3.56	0.004202202106401114
3.5700000000000003	0.004121428414804149
3.58	0.004042426795313882
3.59	0.003965153582882808
3.6	0.0038895663057290433
3.61	0.0038156236495384527
3.62	0.0037432854228357597
3.63	0.0036725125234835405
3.64	0.003603266906269251
3.65	0.0035355115515421933
3.66	0.003469210434863605
3.67	0.0034043284976345047
3.68	0.0033408316186672544
3.69	0.003278686586668047
3.7	0.003217861073598793
3.71	0.0031583236088879663
3.72	0.0031000435544612636
3.73	0.003042991080563768
3.74	0.0029871371423466583
3.75	0.002932453457192143
3.7600000000000002	0.002878912482751644
3.77	0.0028264873956728265
3.7800000000000002	0.0027751520709921942
3.79	0.0027248810621707375
3.8000000000000003	0.0026756495817509074
3.81	0.0026274334826140223
3.8200000000000003	0.002580209239817991
3.83	0.0025339539329958904
3.84	0.0024886452292966713
3.85	0.002444261366849961
3.86	0.0024007811387375664
3.87	0.0023581838774548534
3.88	0.0023164494398458316
3.89	0.002275558192496356
3.9	0.002235490997570341
3.91	0.0021962291990745013
3.92	0.002157754609537573
3.93	0.0021200494970905178
3.94	0.0020830965729346095
3.95	0.0020468789791849
3.96	0.0020113802770768143
3.97	0.001976584435524218
3.98	0.0019424758200175714
3.99	0.0019090391818513206
4.	0.0018762596476698638
4.01	0.0018413057345319365
4.0200000000000005	0.0018062904925738967
4.03	0.0017720256444759852
4.04	0.001738493306410258
4.05	0.0017056760635146709
4.0600000000000005	0.001673556956479961
4.07	0.0016421194685518772
4.08	0.0016113475129349724
4.09	0.001581225420584583
4.1	0.0015517379283741303
4.11	0.001522870167625333
4.12	0.0014946076529893403
4.13	0.0014669362716672333
4.14	0.0014398422729587643
4.15	0.0014133122581285653
4.16	0.0013873331705794394
4.17	0.0013618922863227528
4.18	0.0013369772047362187
4.19	0.0013125758395997793
4.2	0.0012886764104005747
4.21	0.0012652674338982958
4.22	0.0012423377159425225
4.23	0.0012198763435339835
4.24	0.001197872677121872
4.25	0.0011763163431296804
4.26	0.0011551972267022606
4.2700000000000005	0.001134505464667057
4.28	0.00111423143870271
4.29	0.0010942331621855686
4.3	0.0010739139920239616
4.3100000000000005	0.001054018025929244
4.32	0.0010345354980715272
4.33	0.001015456889830557
4.34	0.000996772922987243
4.3500000000000005	0.0009784745531178072
4.36	0.0009605529631840366
4.37	0.0009429995573134544
4.38	0.0009258059547632972
4.39	0.0009089639840625065
4.4	0.0008924656773260796
4.41	0.0008763032647363314
4.42	0.0008604691691858153
4.43	0.0008449560010767921
4.44	0.0008297565532723619
4.45	0.0008148637961944915
4.46	0.0008002708730643414
4.47	0.0007859710952804692
4.48	0.0007719579379306118
4.49	0.0007582250354328934
4.5	0.0007447661773024621
4.51	0.0007315753040396658
4.5200000000000005	0.0007186465031360326
4.53	0.0007059740051944098
4.54	0.0006935521801597831
4.55	0.0006813755336573563
4.5600000000000005	0.0006694387034346303
4.57	0.0006577364559043062
4.58	0.0006462636827849379
4.59	0.0006350153978363677
4.6000000000000005	0.0006238914850899596
4.61	0.0006128851668803498
4.62	0.0006020962363809561
4.63	0.0005915199432581545
4.64	0.0005811516509185072
4.65	0.0005709868335485194
4.66	0.00056102107323757
4.67	0.0005512500571815243
4.68	0.0005416695749645926
4.69	0.0005322755159170762
4.7	0.0005230638665467468
4.71	0.0005140307080416307
4.72	0.0005051722138420962
4.73	0.0004964846472801516
4.74	0.00048796435928397146
4.75	0.00047960778614571916
4.76	0.000471411447350777
4.7700000000000005	0.000463371943466591
4.78	0.00045548595408935
4.79	0.00044775023584681757
4.8	0.00044016162045565897
4.8100000000000005	0.0004327170128316661
4.82	0.00042541338925133746
4.83	0.0004182477955633125
4.84	0.0004112173454482133
4.8500000000000005	0.0004043192187254793
4.86	0.00039755065970584116
4.87	0.00039090897558810545
4.88	0.0003843915348989774
4.89	0.00037799576597467486
4.9	0.0003717191554831401
4.91	0.0003655592469856735
4.92	0.00035951363953686926
4.93	0.00035342893838829944
4.94	0.00034736705727654306
4.95	0.00034142109193361004
4.96	0.000335588598317671
4.97	0.00032986718869602204
4.98	0.0003242545302381302
4.99	0.0003187483436465628
5.	0.000313346401824706
5.01	0.00030804652858021104
5.0200000000000005	0.0003028465973631486
5.03	0.00029774453003786686
5.04	0.0002927382956875924
5.05	0.00028782590945084126
5.0600000000000005	0.00028300543138872364
5.07	0.0002782749653822771
5.08	0.00027363265805896246
5.09	0.0002690766977475007
5.1000000000000005	0.00026460531346025125
5.11	0.0002602167739023491
5.12	0.0002559093865068495
5.13	0.0002516814964951495
5.14	0.00024753148596197395
5.15	0.00024345777298423812
5.16	0.00023945881075312098
5.17	0.0002355330867286999
5.18	0.00023167912181651777
5.19	0.00022789546956547403
5.2	0.00022418071538644646
5.21	0.0002205334757910702
5.22	0.00021695239765011557
5.23	0.00021343615747092633
5.24	0.0002099834606933904
5.25	0.00020659304100393354
5.26	0.00020326365966704703
5.2700000000000005	0.00019999410487385992
5.28	0.00019676445779623602
5.29	0.00019356551300882865
5.3	0.00019042447056739524
5.3100000000000005	0.00018734017611525406
5.32	0.0001843115004205539
5.33	0.00018133733878364787
5.34	0.00017841661045951763
5.3500000000000005	0.00017554825809484542
5.36	0.00017273124717932955
5.37	0.00016996456551086577
5.38	0.00016724722267420916
5.39	0.00016457824953275985
5.4	0.0001619566977331161
5.41	0.00015938163922205173
5.42	0.00015685216577558209
5.43	0.00015436738853979857
5.44	0.00015192643758315307
5.45	0.00014952846145988667
5.46	0.0001471726267843085
5.47	0.00014485811781563275
5.48	0.00014258413605309293
5.49	0.00014034989984106633
5.5	0.0001381546439839347
5.51	0.0001359976193704328
5.5200000000000005	0.00013387809260722824
5.53	0.00013179534566149165
5.54	0.00012974867551222358
5.55	0.0001277373938101021
5.5600000000000005	0.00012576082654563523
5.57	0.0001238183137253943
5.58	0.00012190920905612366
5.59	0.00012003287963651546
5.6000000000000005	0.00011818870565645543
5.61	0.00011637608010354263
5.62	0.00011459440847669486
5.63	0.00011284310850665847
5.64	0.00011112160988324155
5.65	0.00010942935398909932
5.66	0.000107709055189517
5.67	0.00010599108218178321
5.68	0.00010430346619854682
5.69	0.00010264561878778172
5.7	0.00010101696390939764
5.71	0.00009941693765231367
5.72	0.0000978449879584605
5.73	0.00009630057435353146
5.74	0.00009478316768430372
5.75	0.00009329224986236025
5.76	0.00009182731361404455
5.7700000000000005	0.00009038786223648675
5.78	0.00008897340935954335
5.79	0.0000875834787134969
5.8	0.00008621760390236788
5.8100000000000005	0.00008487532818269149
5.82	0.00008355620424762185
5.83	0.00008225979401622319
5.84	0.00008098566842781677
5.8500000000000005	0.00007973340724125336
5.86	0.00007850259883898499
5.87	0.00007729284003581308
5.88	0.00007610373589219482
5.89	0.00007493489953198972
5.9	0.00007378595196453507
5.91	0.00007265652191094035
5.92	0.00007154624563449184
5.93	0.0000704547667750657
5.94	0.00006938173618744699
5.95	0.00006832681178345642
5.96	0.00006728965837778852
5.97	0.0000662699475374695
5.98	0.00006526735743484127
5.99	0.00006428157270398584
6.	0.00006331228430050314
6.01	0.00006235918936455782
6.0200000000000005	0.00006142199108711451
6.03	0.00006050039857928192
6.04	0.00005959412674468764
6.05	0.00005870289615481108
6.0600000000000005	0.00005783055271989753
6.07	0.000056985696788064155
6.08	0.000056154543843776495
6.09	0.00005533684964202838
6.1000000000000005	0.000054532374681999266
6.11	0.00005374088410733926
6.12	0.00005296214760870849
6.13	0.000052195939328516436
6.140000000000001	0.000051442037767807714
6.15	0.000050700225695242876
6.16	0.000049970290058123615
6.17	0.00004925202189541327
6.18	0.000048545216252704556
6.19	0.00004784967209908858
6.2	0.00004716519224587886
6.21	0.00004649158326714597
6.22	0.00004582865542202097
6.23	0.000045176222578723094
6.24	0.00004453410214027392
6.25	0.00004390211497185495
6.26	0.000043280085329771277
6.2700000000000005	0.000042667840791983356
6.28	0.00004206521219016935
6.29	0.00004147203354328181
6.3	0.00004088814199256435
6.3100000000000005	0.00004031337773799325
6.32	0.00003974758397611071
6.33	0.00003919060683921728
6.34	0.000038642295335891675
6.3500000000000005	0.00003810250129280657
6.36	0.000037571079297811125
6.37	0.00003704788664424937
6.38	0.00003653278327648685
6.390000000000001	0.00003602563173661695
6.4	0.00003552629711231979
6.41	0.00003503464698584666
6.42	0.00003455055138410455
6.43	0.000034073882729814805
6.44	0.00003360451579372165
6.45	0.00003314232764782601
6.46	0.000032687197619621534
6.47	0.00003223900724730951
6.48	0.00003179764023597005
6.49	0.0000313629824146687
6.5	0.000030966947006465875
6.51	0.00003057954666372346
6.5200000000000005	0.000030197576254235924
6.53	0.000029820951516540695
6.54	0.00002944958962288424
6.55	0.00002908340915268793
6.5600000000000005	0.00002872233006654392
6.57	0.000028366273680730885
6.58	0.00002801516264223701
6.59	0.000027668920904280902
6.6000000000000005	0.000027327473702318468
6.61	0.000026990747530526277
6.62	0.00002665867011875065
6.63	0.00002633117040991299
6.640000000000001	0.000026008178537861503
6.65	0.000025689625805659657
6.66	0.00002537544466430253
6.67	0.000025065568691851553
6.68	0.000024759932572979077
6.69	0.00002445847207891408
6.7	0.000024161124047780533
6.71	0.000023867826365320008
6.72	0.000023578517945990934
6.73	0.00002329313871443603
6.74	0.00002301162958731058
6.75	0.000022733932455463724
6.76	0.00002245999016646586
6.7700000000000005	0.000022189746507474296
6.78	0.000021923146188430742
6.79	0.000021660134825583226
6.8	0.000021400658925326166
6.8100000000000005	0.000021144665868351488
6.82	0.000020892103894104876
6.83	0.000020642922085540494
6.84	0.00002039707035416811
6.8500000000000005	0.00002015449942538673
6.86	0.00001991516082409858
6.87	0.00001967900686059798
6.88	0.000019445990616729187
6.890000000000001	0.000019216065932307937
6.9	0.000018989187391801184
6.91	0.00001876531031125964
6.92	0.00001854439072549826
6.93	0.000018326385375519257
6.94	0.000018111251696173086
6.95	0.000017898947804052233
6.96	0.00001771070159197614
6.97	0.00001754661133523943
6.98	0.00001738427337410722
6.99	0.0000172236665257119
7.	0.000017064769893036233
7.01	0.000016907562860655124
7.0200000000000005	0.000016752025090547033
7.03	0.000016598136517973347
7.04	0.00001644587734742487
7.05	0.000016295228048633907
7.0600000000000005	0.000016146169352651126
7.07	0.00001599868224798583
7.08	0.000015852747976808458
7.09	0.00001570834803121465
7.1000000000000005	0.00001556546414954914
7.11	0.00001542407831278914
7.12	0.00001528417274098554
7.13	0.000015145729889761418
7.140000000000001	0.000015008732446866502
7.15	0.000014873163328786844
7.16	0.000014739005677408629
7.17	0.000014606242856735214
7.18	0.000014474858449656432
7.19	0.000014344836254769366
7.2	0.000014216160283249632
7.21	0.00001408881475577223
7.22	0.000013962784099481217
7.23	0.000013838052945007416
7.24	0.000013714606123533076
7.25	0.000013592428663902998
7.26	0.0000134715057897811
7.2700000000000005	0.00001335182291685177
7.28	0.000013233365650065166
7.29	0.000013116119780925763
7.3	0.00001300007128482337
7.3100000000000005	0.000012885206318405985
7.32	0.000012771511216993588
7.33	0.000012658972492032434
7.34	0.000012547576828588894
7.3500000000000005	0.000012437311082882388
7.36	0.000012328162279856714
7.37	0.000012220117610788919
7.38	0.000012113164430935362
7.390000000000001	0.000012007290257214174
7.4	0.000011902482765923636
7.41	0.000011798729790495558
7.42	0.000011696019319283589
7.43	0.000011594339493385377
7.44	0.000011891635064647688
7.45	0.000012689517141985555