0.01	21.6399040783475
0.02	35.04788365112456
0.03	41.71593239093095
0.04	45.17468197503682
0.05	46.89801600407257
0.06	47.49413789130754
0.07	47.47295419663307
0.08	47.04722103756274
0.09	46.37168716036533
0.1	45.55481470341185
0.11	44.6006380920777
0.12	43.59460311566056
0.13	42.60636303373147
0.14	41.53159121239321
0.15	40.543594799420426
0.16	39.47862078145686
0.17	38.50372590152477
0.18	37.49195678252143
0.19	36.53149370326525
0.2	35.61073449937852
0.21	34.66267618529902
0.22	33.78224540620387
0.23	32.92164695555791
0.24	32.03690047114857
0.25	31.210625183070558
0.26	30.436841397883256
0.27	29.59808735870102
0.28	28.807281687250445
0.29	28.0642652727118
0.3	27.351739229987864
0.31	26.57144702403038
0.32	25.837147937411707
0.33	25.1448169890449
0.34	24.490889651049567
0.35000000000000003	23.782565859893847
0.36	23.072200514772007
0.37	22.401659199048492
0.38	21.7677210983546
0.39	21.16750171412684
0.4	20.540567464937038
0.41000000000000003	19.90810320596133
0.42	19.309661119310103
0.43	18.742664772293892
0.44	18.204786792370797
0.45	17.693919806598075
0.46	17.20119785861376
0.47000000000000003	16.730104493413428
0.48	16.281429390009443
0.49	15.85367129202532
0.5	15.445457406552062
0.51	15.05553011489974
0.52	14.682917982237019
0.53	14.33021249157425
0.54	13.992337683707799
0.55	13.668412303415128
0.56	13.357622224797183
0.5700000000000001	13.059214252447301
0.58	12.772490591798004
0.59	12.496803906313346
0.6	12.2267862714801
0.61	11.958197633599132
0.62	11.69973419026328
0.63	11.45086001399334
0.64	11.211075452892288
0.65	10.979914156344082
0.66	10.756940385839938
0.67	10.54174657976116
0.68	10.333951144762706
0.6900000000000001	10.126365293295562
0.7000000000000001	9.919425780582342
0.71	9.719561482777761
0.72	9.526435883224966
0.73	9.339732848169538
0.74	9.159155134178596
0.75	8.984423023246084
0.76	8.815273073129289
0.77	8.651456971821945
0.78	8.492740486265788
0.79	8.33533312183717
0.8	8.176615048578524
0.81	8.022835077002085
0.8200000000000001	7.873781413860241
0.8300000000000001	7.72925378402341
0.84	7.589062674833721
0.85	7.453028638313144
0.86	7.320981646177413
0.87	7.192760493100212
0.88	7.068212244112533
0.89	6.9471917224149955
0.9	6.8295610342327295
0.91	6.71005425887149
0.92	6.591868206606825
0.93	6.477008005410859
0.9400000000000001	6.365345793018904
0.9500000000000001	6.256759912682135
0.96	6.151134550696718
0.97	6.048359398612253
0.98	5.948329338205224
0.99	5.8509441474695
1.	5.7561082260262495
1.01	5.6637303384915265
1.02	5.573723374463184
1.03	5.486004123900393
1.04	5.39874579531223
1.05	5.31027822077616
1.06	5.224078432199868
1.07	5.140067716686452
1.08	5.0581707945283085
1.09	4.978315639441593
1.1	4.900433309756843
1.11	4.8244577898057
1.12	4.750325840802528
1.1300000000000001	4.677976860573896
1.1400000000000001	4.607352751538142
1.1500000000000001	4.53839779638248
1.16	4.471058540926518
1.17	4.405283683699188
1.18	4.34102397179073
1.19	4.278232102573675
1.2	4.213139448722497
1.21	4.1494731147149135
1.22	4.0872810696982205
1.23	4.026517505793315
1.24	3.967138395148689
1.25	3.909101407130549
1.26	3.85236582998995
1.27	3.796892496731621
1.28	3.7426437149281866
1.29	3.6895832002409152
1.3	3.637676013424355
1.31	3.5868885006071247
1.32	3.5371882366550897
1.33	3.4885439714358473
1.34	3.4409255788154747
1.35	3.3943040082294207
1.36	3.348651238679758
1.37	3.3030293251656184
1.3800000000000001	3.256628239987063
1.3900000000000001	3.2112070069985394
1.4000000000000001	3.166738106775174
1.41	3.1231949818333424
1.42	3.0805519964905774
1.43	3.038784398668536
1.44	2.997868283532173
1.45	2.9577805588648474
1.46	2.9184989120851554
1.47	2.8800017788171184
1.48	2.8422683129305213
1.49	2.8052783579733296
1.5	2.769012419922609
1.51	2.733451641184882
1.52	2.698577775780712
1.53	2.664373165652293
1.54	2.6308207180362384
1.55	2.597903883847159
1.56	2.5656066370206814
1.57	2.533737999599953
1.58	2.500819605070521
1.59	2.4685325483365785
1.6	2.4368608637476408
1.61	2.4057890857395607
1.62	2.3753022301901314
1.6300000000000001	2.3453857765795267
1.6400000000000001	2.3160256509161856
1.6500000000000001	2.2872082093908817
1.6600000000000001	2.2589202227237073
1.67	2.231148861170663
1.68	2.2038816801582835
1.69	2.1771066065164844
1.7	2.1508119252813054
1.71	2.124986267040816
1.72	2.0996185957987854
1.73	2.074698197332081
1.74	2.050214668018999
1.75	2.0261579041168796
1.76	2.002518091468542
1.77	1.979285695618019
1.78	1.9564514523171492
1.79	1.9340063584054703
1.8	1.9119416630467456
1.81	1.8890838912479175
1.82	1.8664189884779017
1.83	1.8441479821355649
1.84	1.8222619299407377
1.85	1.8007521397082027
1.86	1.7796101610503523
1.87	1.7588277773978702
1.8800000000000001	1.7383969983246457
1.8900000000000001	1.7183100521637804
1.9000000000000001	1.6985593789021611
1.9100000000000001	1.6791376233417108
1.92	1.6600376285159528
1.93	1.641252429351117
1.94	1.6227752465614642
1.95	1.6045994807690391
1.96	1.5867187068385076
1.97	1.569126668418134
1.98	1.5518172726784247
1.99	1.5347845852403286
2.	1.5180228252852201
2.0100000000000002	1.5015263608393188
2.02	1.4852897042254765
2.0300000000000002	1.4693075076755868
2.04	1.4535745590972153
2.05	1.4380857779882763
2.06	1.4228362114939122
2.07	1.4076582762162326
2.08	1.3918647427811721
2.09	1.3763228874257785
2.1	1.3610275239418657
2.11	1.3459735969866995
2.12	1.3311561781810302
2.13	1.3165704623411767
2.14	1.3022117638399653
2.15	1.288075513091541
2.16	1.2741572531552747
2.17	1.2604526364542021
2.18	1.2469574216036357
2.19	1.2336674703457617
2.2	1.2205787445862037
2.21	1.207687303528741
2.22	1.1949893009044814
2.23	1.182480982291976
2.24	1.1701586825249048
2.25	1.1580188231840867
2.2600000000000002	1.1460579101707122
2.27	1.1342725313578355
2.2800000000000002	1.122659354317251
2.29	1.1112151241190313
2.3000000000000003	1.0999366612010986
2.31	1.088820859306301
2.32	1.0778646834845733
2.33	1.0670651681578753
2.34	1.0564194152456496
2.35	1.0459245923486784
2.36	1.0355779309892783
2.37	1.0253767249058396
2.38	1.0149616436288398
2.39	1.004363304265122
2.4	0.9939191954160617
2.41	0.9836264439942386
2.42	0.9734822420483654
2.43	0.9634838450254163
2.44	0.9536285700860391
2.45	0.9439137944714014
2.46	0.9343369539196983
2.47	0.9248955411306158
2.48	0.9155871042761161
2.49	0.9064092455559616
2.5	0.8973596197964651
2.5100000000000002	0.8884359330909986
2.52	0.8796359414808681
2.5300000000000002	0.870957449675192
2.54	0.8623983098084786
2.5500000000000003	0.8539564202346647
2.56	0.8456297243563918
2.57	0.8374162094883616
2.58	0.829313905753654
2.59	0.8213208850119321
2.6	0.8134352598184815
2.61	0.8056551824130943
2.62	0.7979788437378253
2.63	0.7904044724826946
2.64	0.7829303341584369
2.65	0.775554730195425
2.66	0.7682759970679446
2.67	0.7610925054430149
2.68	0.7540026593529607
2.69	0.7470048953910131
2.7	0.7400976819291969
2.71	0.7332795183578109
2.72	0.7265489343458365
2.73	0.7197544607421624
2.74	0.7127474904680777
2.75	0.7058338894724258
2.7600000000000002	0.6990120808201755
2.77	0.692280519789274
2.7800000000000002	0.6856376930994537
2.79	0.679082118162184
2.8000000000000003	0.6726123423511287
2.81	0.6662269422924711
2.82	0.6599245231744927
2.83	0.6537037180758285
2.84	0.6475631873118199
2.85	0.6415016177984219
2.86	0.6355177224331309
2.87	0.6296102394924175
2.88	0.6237779320451781
2.89	0.6180195873817154
2.9	0.6123340164577881
2.91	0.6067200533532854
2.92	0.6011765547450868
2.93	0.5957023993936955
2.94	0.5902964876432323
2.95	0.5849577409344051
2.96	0.57968510133007
2.97	0.5744775310530199
2.98	0.5693340120356456
2.99	0.5642535454811218
3.	0.5592351514357954
3.0100000000000002	0.55427786837244
3.02	0.5493807527840763
3.0300000000000002	0.5445428787880587
3.04	0.5397633377401175
3.0500000000000003	0.5350412378581031
3.06	0.5303757038551288
3.0700000000000003	0.52576587658187
3.08	0.5212109126777491
3.09	0.5167099842307598
3.1	0.5122622784456958
3.11	0.5078669973205442
3.12	0.5035233573308155
3.13	0.499230589121599
3.14	0.4947139023047259
3.15	0.4902329211313757
3.16	0.4858065378817099
3.17	0.48143391768055444
3.18	0.47711424099674854
3.19	0.47284670331406253
3.2	0.4686305148101728
3.21	0.4644649000434831
3.22	0.4603490976475662
3.23	0.45628236003301914
3.24	0.4522639530965376
3.25	0.44829315593700175
3.2600000000000002	0.4443692605783937
3.27	0.4404915716993527
3.2800000000000002	0.4366594063692008
3.29	0.4328720937902514
3.3000000000000003	0.42912897504624303
3.31	0.42542940285673175
3.3200000000000003	0.42177274133728176
3.33	0.4181583657653028
3.34	0.41458566235138067
3.35	0.41105402801596397
3.36	0.40756287017125953
3.37	0.4041116065081992
3.38	0.40069966478835123
3.39	0.3973264826406418
3.4	0.3939915073627664
3.41	0.39069419572716585
3.42	0.3874340137914474
3.43	0.38421043671314575
3.44	0.3810229485686992
3.45	0.3778710421765434
3.46	0.3747542189242138
3.47	0.3716719885993536
3.48	0.3686238692245287
3.49	0.3656093868957557
3.5	0.3626280756246455
3.5100000000000002	0.3596794771840746
3.52	0.3567631409572912
3.5300000000000002	0.35387862379037627
3.54	0.3510254898479717
3.5500000000000003	0.3482033104721935
3.56	0.34541166404465357
3.5700000000000003	0.3426501358515128
3.58	0.3399183179514882
3.59	0.3372158090467442
3.6	0.33444419282937515
3.61	0.33162402102289523
3.62	0.32883533298664275
3.63	0.32607769172186696
3.64	0.3233506674759483
3.65	0.32065383760278204
3.66	0.3179867864262179
3.67	0.3153491051064917
3.68	0.31274039150957217
3.69	0.31016025007934794
3.7	0.30760829171259096
3.71	0.30508413363662584
3.72	0.3025873992896401
3.73	0.30011771820357047
3.74	0.2976747258895058
3.75	0.29525806372554125
3.7600000000000002	0.29286737884703024
3.77	0.29050232403917403
3.7800000000000002	0.2881625576318902
3.79	0.2858477433969142
3.8000000000000003	0.28355755044707104
3.81	0.2812916531376714
3.8200000000000003	0.27904973096998253
3.83	0.2768314684967207
3.84	0.27463655522952235
3.85	0.2724646855483444
3.86	0.2703155586127492
3.87	0.2681888782750311
3.88	0.2660843529951432
3.89	0.26400169575737575
3.9	0.2619406239887563
3.91	0.2599008594791209
3.92	0.2578821283028258
3.93	0.2558841607420591
3.94	0.25390669121171544
3.95	0.25194945818579556
3.96	0.2500122041253039
3.97	0.2480946754076004
3.98	0.24619662225717967
3.99	0.24431779867784506
4.	0.24245796238624137
4.01	0.24061687474672203
4.0200000000000005	0.23879430070751603
4.03	0.23699000873816853
4.04	0.2352037707682217
4.05	0.23343536212711774
4.0600000000000005	0.2316845614852848
4.07	0.22995115079638936
4.08	0.22823491524072356
4.09	0.2265356431697064
4.1	0.22485312605147034
4.11	0.223187158417512
4.12	0.22153753781038266
4.13	0.21987144528336838
4.14	0.21814567875820545
4.15	0.2164375723394403
4.16	0.21474690340421695
4.17	0.21307345266176375
4.18	0.21141700409569147
4.19	0.20977734490742297
4.2	0.20815426546073323
4.21	0.206547559227375
4.22	0.20495702273376476
4.23	0.2033824555087064
4.24	0.20182366003213215
4.25	0.20028044168483441
4.26	0.19875260869917236
4.2700000000000005	0.1972399721107267
4.28	0.1957423457108864
4.29	0.19425954600034534
4.3	0.1927913921434894
4.3100000000000005	0.1913377059236563
4.32	0.18989831169924656
4.33	0.1884730363606711
4.34	0.18706170928811575
4.3500000000000005	0.1856641623101042
4.36	0.18428022966284546
4.37	0.18290974795034598
4.38	0.18155255610527346
4.39	0.18020849535055405
4.4	0.17887740916168793
4.41	0.1775591432297706
4.42	0.17625354542520136
4.43	0.17496046576206825
4.44	0.17367975636319202
4.45	0.17241127142581866
4.46	0.17115486718794531
4.47	0.16991040189526585
4.48	0.16867773576872477
4.49	0.16745673097266733
4.5	0.1662472515835708
4.51	0.16504916355934823
4.5200000000000005	0.16386233470921174
4.53	0.16268663466408267
4.54	0.1615219348475396
4.55	0.16036810844729263
4.5600000000000005	0.1592250303871716
4.57	0.15809257729962067
4.58	0.1569706274986872
4.59	0.15585906095349525
4.6000000000000005	0.15475775926219365
4.61	0.15366660562637102
4.62	0.15258548482592577
4.63	0.15151428319438326
4.64	0.15045288859465228
4.65	0.1494011903952103
4.66	0.1483590794467088
4.67	0.14732644805899361
4.68	0.14630318997852776
4.69	0.1452892003662112
4.7	0.14428437577559072
4.71	0.14328861413144944
4.72	0.14230181470877037
4.73	0.1413238781120671
4.74	0.1403451663713381
4.75	0.1393235323106393
4.76	0.13831146031515404
4.7700000000000005	0.13730884108075048
4.78	0.13631556677822584
4.79	0.13533153103037376
4.8	0.13435662888945582
4.8100000000000005	0.13339075681506796
4.82	0.13243381265239595
4.83	0.13148569561084925
4.84	0.13054630624306912
4.8500000000000005	0.1296155464243015
4.86	0.1286933193321291
4.87	0.12777952942655366
4.88	0.1268740824304244
4.89	0.12597688531020318
4.9	0.12508784625706254
4.91	0.12420687466830718
4.92	0.12333388112911617
4.93	0.12246877739459637
4.94	0.12161147637214341
4.95	0.12076189210410417
4.96	0.11991993975073316
4.97	0.11908553557343944
4.98	0.11825859691831743
4.99	0.11743904219995682
5.	0.11662679088552497
5.01	0.115821763479119
5.0200000000000005	0.11502388150637999
5.03	0.11423306749936596
5.04	0.11344924498167872
5.05	0.11267233845383884
5.0600000000000005	0.11190227337890507
5.07	0.11113897616833342
5.08	0.11038237416807102
5.09	0.10963239564488109
5.1000000000000005	0.10888896977289392
5.11	0.10815202662038097
5.12	0.10742149713674606
5.13	0.10669731313973163
5.14	0.10597940730283512
5.15	0.10526771314293071
5.16	0.10456216500809572
5.17	0.10386269806563374
5.18	0.10316924829029404
5.19	0.10248175245268332
5.2	0.10180014810786459
5.21	0.10112437358414103
5.22	0.10045436797202226
5.23	0.09979007111336803
5.24	0.09913142359070669
5.25	0.0984783667167264
5.26	0.09783084252393444
5.2700000000000005	0.09718879375448242
5.28	0.09655216385015394
5.29	0.0959208969425133
5.3	0.09529493784320942
5.3100000000000005	0.09467423203443559
5.32	0.09405872565953999
5.33	0.09344836551378478
5.34	0.09284309903525192
5.3500000000000005	0.09224287429589251
5.36	0.09164763999271675
5.37	0.0910573454391228
5.38	0.09047194055636183
5.39	0.08989137586513689
5.4	0.0893156024773326
5.41	0.08874457208787499
5.42	0.08817823696671757
5.43	0.0876165499509515
5.44	0.08705946443703998
5.45	0.08647320084867942
5.46	0.08589028685639682
5.47	0.08531235814420954
5.48	0.08473936307902752
5.49	0.0841712506553774
5.5	0.08360797048664872
5.51	0.08304947279647858
5.5200000000000005	0.08249570841027104
5.53	0.08194662874684991
5.54	0.08140218581024171
5.55	0.08086233218158755
5.5600000000000005	0.08032702101118028
5.57	0.07979620601062651
5.58	0.0792698414451298
5.59	0.07874788212589334
5.6000000000000005	0.0782302834026411
5.61	0.07771700115625355
5.62	0.0772079917915176
5.63	0.07670321222998804
5.64	0.07620261990295862
5.65	0.07570617274454088
5.66	0.07521382918484937
5.67	0.07472554814329066
5.68	0.07424128902195484
5.69	0.07376101169910819
5.7	0.07328467652278384
5.71	0.07281224430447095
5.72	0.07234367631289827
5.73	0.07187893426791303
5.74	0.07141798033445118
5.75	0.07096077711659923
5.76	0.07050728765174508
5.7700000000000005	0.07005747540481713
5.78	0.06961130426260943
5.79	0.06916873852819173
5.8	0.06872974291540379
5.8100000000000005	0.06829428254343063
5.82	0.06786232293146022
5.83	0.06743382999341863
5.84	0.06700877003278534
5.8500000000000005	0.06658710973748398
5.86	0.06616881617484911
5.87	0.06575385678666745
5.88	0.06534219938429223
5.89	0.06493381214382923
5.9	0.0645286636013936
5.91	0.06412672264843666
5.92	0.06372795852714049
5.93	0.06333234082588034
5.94	0.06293983947475308
5.95	0.06255042474117097
5.96	0.06216406722551924
5.97	0.06178073785687695
5.98	0.06140040788879987
5.99	0.061023048895164377
6.	0.06064863276607133
6.01	0.06027713170380918
6.0200000000000005	0.05990851821887521
6.03	0.059542765126053596
6.04	0.05917984554055057
6.05	0.05881973287418422
6.0600000000000005	0.05846240083162893
6.07	0.05810782340671398
6.08	0.05775597487877438
6.09	0.05740682980905375
6.1000000000000005	0.05706036303715849
6.11	0.05671654967756238
6.12	0.05637536511616014
6.13	0.056036785006870475
6.140000000000001	0.055700785268286555
6.15	0.05536734208037397
6.16	0.05503643188121495
6.17	0.054708031363798634
6.18	0.05438211747285621
6.19	0.054058667401740236
6.2	0.053737658589347925
6.21	0.053419068717087174
6.22	0.053102875705884955
6.23	0.05278905771323725
6.24	0.05247759313030022
6.25	0.052161810812743195
6.26	0.05183617135665543
6.2700000000000005	0.051513079743569876
6.28	0.05119251202287557
6.29	0.0508744445067376
6.3	0.050558853766802324
6.3100000000000005	0.05024571663094891
6.32	0.04993501018008718
6.33	0.049626711745000135
6.34	0.04932079890323059
6.3500000000000005	0.049017249476011895
6.36	0.048716041525241206
6.37	0.048417153350495276
6.38	0.04812056348608757
6.390000000000001	0.04782625069816674
6.4	0.04753419398185518
6.41	0.04724437255842712
6.42	0.04695676587252648
6.43	0.04667135358942245
6.44	0.046388115592303464
6.45	0.04610703197960831
6.46	0.0458280830623941
6.47	0.04555124936174029
6.48	0.04527651160618872
6.49	0.04500385072921812
6.5	0.0447332478667536
6.51	0.04446468435471034
6.5200000000000005	0.04419814172657035
6.53	0.04393360171099252
6.54	0.043671046229455085
6.55	0.043410457393930374
6.5600000000000005	0.04315181750459055
6.57	0.04289510904754492
6.58	0.04264031469260786
6.59	0.04238741729109624
6.6000000000000005	0.04213639987365735
6.61	0.04188724564812564
6.62	0.04163993799740828
6.63	0.04139446047739903
6.640000000000001	0.0411507968149204
6.65	0.040908930905692996
6.66	0.040668846812332196
6.67	0.04043052876237122
6.68	0.040193961146311276
6.69	0.03995912851569663
6.7	0.03972601558121612
6.71	0.03949460721082932
6.72	0.03926488842791767
6.73	0.0390368444094602
6.74	0.038810460484233075
6.75	0.03858572213103294
6.76	0.038362614976923934
6.7700000000000005	0.03814112479550728
6.78	0.0379212375052139
6.79	0.03770293916761943
6.8	0.03748621598578102
6.8100000000000005	0.03727105430259609
6.82	0.03705744059918246
6.83	0.03684536149327959
6.84	0.03663480373767044
6.8500000000000005	0.0364257542186241
6.86	0.03621819995435844
6.87	0.03601212809352281
6.88	0.03580752591370019
6.890000000000001	0.03560438081992879
6.9	0.03540268034324279
6.91	0.03520241213923164
6.92	0.03500356398661818
6.93	0.03480612378585472
6.94	0.034610079557737435
6.95	0.034415419442038124
6.96	0.03422213169615398
6.97	0.0340302046937739
6.98	0.033839626923562516
6.99	0.0336503869878605
7.	0.03346247360140158
7.01	0.03327587559004574
7.0200000000000005	0.03309058188952858
7.03	0.03290658154422666
7.04	0.032723863705937835
7.05	0.03254241763267784
7.0600000000000005	0.03236223268749138
7.07	0.03218329833727843
7.08	0.03200560415163535
7.09	0.031829139801710433
7.1000000000000005	0.0316538950590738
7.11	0.03147985979460154
7.12	0.031307023977373734
7.13	0.031135377673586068
7.140000000000001	0.030964911045475357
7.15	0.030795614350258266
7.16	0.030627477939083023
7.17	0.03046049225599452
7.18	0.03028662791839201
7.19	0.030112077715852694
7.2	0.029938774000137072
7.21	0.029766706157183326
7.22	0.02959586367785429
7.23	0.02942623615675661
7.24	0.029257813291075293
7.25	0.02909058487942247
7.26	0.028924540820700936
7.2700000000000005	0.028759671112981992
7.28	0.02859596585239701
7.29	0.028433415232043412
7.3	0.028272009540903847
7.3100000000000005	0.0281117391627792
7.32	0.02795259457523472
7.33	0.027794566348559497
7.34	0.027637645144738505
7.3500000000000005	0.027481821716437874
7.36	0.02732708690600249
7.37	0.02717343164446595
7.38	0.02702084695057308
7.390000000000001	0.026869323929814164
7.4	0.026718853773471378
7.41	0.026569427757676768
7.42	0.026421037242482074
7.43	0.026273673670939714
7.44	0.026127328568195128
7.45	0.02598199354059054
7.46	0.025837660274779174
7.47	0.025694320536850647
7.48	0.025551966171467162
7.49	0.025410589101009743
7.5	0.0252701813247354
7.51	0.025130734917944174
7.5200000000000005	0.024992242031156527
7.53	0.02485469488930061
7.54	0.024718085790909193
7.55	0.024582407107326912
7.5600000000000005	0.024447651281926226
7.57	0.024313810829333607
7.58	0.02418087833466466
7.59	0.024048846452768398
7.6000000000000005	0.023917707907480955
7.61	0.023787455490887816
7.62	0.02365808206259525
7.63	0.023529580549010304
7.640000000000001	0.023401943942629348
7.65	0.023275165301335228
7.66	0.023149237747702726
7.67	0.023024154468312446
7.68	0.02289990871307257
7.69	0.022776493794548998
7.7	0.022653903087303143
7.71	0.02253213002723775
7.72	0.022411168110950466
7.73	0.022291010895094915
7.74	0.02217165199574939
7.75	0.02205308508779311
7.76	0.021935303904289483
7.7700000000000005	0.02181830223587701
7.78	0.021702073930167085
7.79	0.021586612891148948
7.8	0.021471913078601596
7.8100000000000005	0.02135796850751253
7.82	0.02124477324750335
7.83	0.021132321422262085
7.84	0.02102060720898197
7.8500000000000005	0.020909624837806978
7.86	0.020799368591283625
7.87	0.020689832803819176
7.88	0.020581011861146158
7.890000000000001	0.020472900199793132
7.9	0.020365492306561515
7.91	0.02025878271800826
7.92	0.020152766019934938
7.930000000000001	0.020047436846882337
7.94	0.01994278988163099
7.95	0.01983881985470748
7.96	0.01973552154389634
7.97	0.019632889773757635
7.98	0.019530919415149967
7.99	0.019429605384759026
8.	0.01932894264463144
8.01	0.01922892620171403
8.02	0.019129551107398245
8.03	0.019030812457069727
8.040000000000001	0.018932705389663195
8.05	0.018835225087222185
8.06	0.018738366774463857
8.07	0.018642125718348633
8.08	0.01854649722765497
8.09	0.018451476652558585
8.1	0.018357059384216633
8.11	0.018263240854356596
8.120000000000001	0.01817001653486962
8.13	0.01807738193740863
8.14	0.01798533261299075
8.15	0.017893864151604367
8.16	0.017802972181820493
8.17	0.017712652370408474
8.18	0.01762290042195595
8.19	0.01753371207849325
8.2	0.017445083119121723
8.21	0.01735700935964631
8.22	0.017269486652212295
8.23	0.017182510884945865
8.24	0.017092950679172755
8.25	0.017001432592931354
8.26	0.016910514482422905
8.27	0.01682019169508233
8.28	0.016730459619987145
8.290000000000001	0.01664131368743514
8.3	0.016552749368526708
8.31	0.016464762174752068
8.32	0.01637734765758285
8.33	0.016290501408068706
8.34	0.01620421905643813
8.35	0.016118496271703888
8.36	0.01603332876127296
8.370000000000001	0.015948712270560775
8.38	0.01586464258260981
8.39	0.01578111551771245
8.4	0.015698126933038088
8.41	0.015615672722264384
8.42	0.015533748815212692
8.43	0.015452351177487418
8.44	0.015371475810119661
8.45	0.015291118749214426
8.46	0.015211276065602205
8.47	0.015131943864494065
8.48	0.015053118285140754
8.49	0.014974795500495592
8.5	0.014896971716880907
8.51	0.014819643173658449
8.52	0.014742806142903181
8.53	0.014666456929080793
8.540000000000001	0.014590591868728704
8.55	0.014515207330140745
8.56	0.014440299713055027
8.57	0.014365865448345528
8.58	0.014291900997716746
8.59	0.01421840285340208
8.6	0.014145367537865121
8.61	0.014072791603504473
8.620000000000001	0.014000671632361714
8.63	0.013929004235832518
8.64	0.013857786054380894
8.65	0.013787013757256694
8.66	0.013716684042215948
8.67	0.013646793635244476
8.68	0.013577339290284237
8.69	0.013508317788962972
8.700000000000001	0.01343972594032639
8.71	0.013371560580573583
8.72	0.013303818572795079
8.73	0.013236496806713826
8.74	0.013169592198428864
8.75	0.013103101690161939
8.76	0.013037022250006573
8.77	0.012971350871680075
8.78	0.012906084574278068
8.790000000000001	0.01284122040203167
8.8	0.012776755424067279
8.81	0.012712686734168964
8.82	0.01264901145054328
8.83	0.012585726715586752
8.84	0.012522829695655656
8.85	0.012460317580838386
8.86	0.012398187584730129
8.870000000000001	0.012336436944210065
8.88	0.01227506291922081
8.89	0.012214062792550174
8.9	0.012153433869615399
8.91	0.012093173478249451
8.92	0.01203327896848974
8.93	0.011973747712368987
8.94	0.011914577103708291
8.950000000000001	0.011855764557912391
8.96	0.01179730751176709
8.97	0.011739203423238786
8.98	0.01168144977127604
8.99	0.011624044055613385
9.	0.011566983796577035
9.01	0.01151026653489261
9.02	0.011453889831495095
9.03	0.011397851267340428
9.040000000000001	0.01134214844321937
9.05	0.011286778979573087
9.06	0.011231740516310791
9.07	0.01117703071262922
9.08	0.011122647246833912
9.09	0.011068587816162493
9.1	0.011014850136609654
9.11	0.01096143194275397
9.120000000000001	0.010908330987586545
9.13	0.010855545042341408
9.14	0.010803071896327596
9.15	0.010750909356763063
9.16	0.010699055248610204
9.17	0.010647507414413108
9.18	0.010596263714136517
9.19	0.010545322025006344
9.200000000000001	0.01049468024135188
9.21	0.010444336274449632
9.22	0.010394288052368703
9.23	0.010344533519817779
9.24	0.010295070637993663
9.25	0.010245897384431362
9.26	0.01019701175285567
9.27	0.010148411753034287
9.28	0.010100095410632446
9.290000000000001	0.010052060767068938
9.3	0.01000430587937363
9.31	0.009956828820046507
9.32	0.00990962767691797
9.33	0.009862700553010677
9.34	0.00981604556640278
9.35	0.009769660850092376
9.36	0.009723544551863536
9.370000000000001	0.009677694834153556
9.38	0.009632109873921532
9.39	0.009586787862518318
9.4	0.009541727005557719
9.41	0.00949692552278904
9.42	0.009452381647970833
9.43	0.009408093628745966
9.44	0.009364059726517932
9.450000000000001	0.0093202782163283
9.46	0.009275206484506797
9.47	0.009229166936047552
9.48	0.009183404144420296
9.49	0.009137916156650886
9.5	0.009092701035583834
9.51	0.00904775685973783
9.52	0.009003081723162502
9.53	0.008958673735296819
9.540000000000001	0.00891453102082885
9.55	0.008870651719556926
9.56	0.00882703398625231
9.57	0.008783675990523104
9.58	0.008740575916679663
9.59	0.008697731963601359
9.6	0.008655142344604572
9.61	0.008612805287312165
9.620000000000001	0.008570719033524169
9.63	0.00852888183908982
9.64	0.008487291973780843
9.65	0.008445947721166084
9.66	0.008404847378487292
9.67	0.00836398925653622
9.68	0.008323371679532938
9.69	0.008282992985005403
9.700000000000001	0.008242851523670136
9.71	0.00820294565931415
9.72	0.008163273768678104
9.73	0.008123834241340527
9.74	0.008084625479603223
9.75	0.008045645898377878
9.76	0.008006893925073696
9.77	0.007968367999486211
9.78	0.007930066573687207
9.790000000000001	0.007891988111915665
9.8	0.007854131090469882
9.81	0.007816493997600555
9.82	0.007779075333404998
9.83	0.0077418736097223705
9.84	0.007704887350029924
9.85	0.007668115089340305
9.86	0.0076315553740998465
9.870000000000001	0.007595206762087845
9.88	0.007559067822316858
9.89	0.007523137134933941
9.9	0.007487413291122914
9.91	0.007451894893007461
9.92	0.0074165805535553585
9.93	0.007381468896483457
9.94	0.007346558556163699
9.950000000000001	0.007311848177530031
9.96	0.007277336415986185
9.97	0.007243021937314419
9.98	0.007208903417585068
9.99	0.007174979543067048
10.	0.007141249010139188
10.01	0.007107710525202397
10.02	0.007074362804592743
10.03	0.007041204574495319
10.040000000000001	0.007008234570858948
10.05	0.006975451539311749
10.06	0.00694285423507748
10.07	0.006910441422892684
10.08	0.006878211876924648
10.09	0.006846164380690154
10.1	0.006814297726974986
10.11	0.006782610717754224
10.120000000000001	0.006751102164113323
10.13	0.006719770886169903
10.14	0.006688615712996299
10.15	0.006657635482542903
10.16	0.006626829041562127
10.17	0.00659619524553323
10.18	0.00656573295858773
10.19	0.0065354410534356295
10.200000000000001	0.006505318411292255
10.21	0.006475363921805866
10.22	0.006445576482985887
10.23	0.006415955001131888
10.24	0.0063864983907631475
10.25	0.006357205574548989
10.26	0.006328075483239664
10.27	0.006299107055597988
10.28	0.006270299238331559
10.290000000000001	0.006241650986025604
10.3	0.006213161261076537
10.31	0.00618482903362604
10.32	0.006156653281495847
10.33	0.00612863299012308
10.34	0.006100767152496244
10.35	0.006073054769091749
10.36	0.006045494847811125
10.370000000000001	0.0060180864039187185
10.38	0.005990828459980071
10.39	0.005963720045800776
10.4	0.00593676019836598
10.41	0.005909947961780413
10.42	0.005883282387208983
10.43	0.005856762532817927
10.44	0.005830387463716492
10.450000000000001	0.005804156251899185
10.46	0.0057780679761885384
10.47	0.005752121722178389
10.48	0.005726316582177736
10.49	0.005700651655155054
10.5	0.005675126046683165
10.51	0.0056497388688846
10.52	0.005624489240377473
10.53	0.0055993762862218315
10.540000000000001	0.0055743991378665245
10.55	0.0055495569330965624
10.56	0.005524848815980934
10.57	0.005500273936820927
10.58	0.005475831452098882
10.59	0.0054515205244275045
10.6	0.005427340322499515
10.61	0.005403290021037854
10.620000000000001	0.005379368800746331
10.63	0.0053555758482606705
10.64	0.005331910356100054
10.65	0.005308371522619106
10.66	0.005284958551960244
10.67	0.005261670654006577
10.68	0.00523850704433514
10.69	0.00521546694417057
10.700000000000001	0.005192549580339242
10.71	0.00516975418522377
10.72	0.005147079996717963
10.73	0.005124526258182138
10.74	0.0051020922183988866
10.75	0.005079777131529212
10.76	0.005057580257069065
10.77	0.005035500859806282
10.78	0.00501353820977789
10.790000000000001	0.004991691582227811
10.8	0.004969960257564951
10.81	0.004948343521321646
10.82	0.004926840664112492
10.83	0.004905450981593549
10.84	0.004884173774421896
10.85	0.004863008348215541
10.86	0.004841216976584014
10.870000000000001	0.004818757944154517
10.88	0.004796423610552681
10.89	0.0047742131697558025
10.9	0.004752125821684433
10.91	0.004730160772153159
10.92	0.004708317232821839
10.93	0.004686594421147283
10.94	0.004664991560335374
10.950000000000001	0.00464350787929362
10.96	0.004622142612584165
10.97	0.004600895000377214
10.98	0.004579764288404857
10.99	0.004558749727915379
11.	0.004537850575627938
11.01	0.004517066093687649
11.02	0.00449639554962112
11.03	0.00447583821629235
11.040000000000001	0.004455393371859056
11.05	0.004435060299729393
11.06	0.004414838288519038
11.07	0.004394726632008701
11.08	0.0043747246291020135
11.09	0.00435483158378376
11.1	0.004335046805078545
11.11	0.0043153696070097934
11.120000000000001	0.004295799308559128
11.13	0.004276335233626133
11.14	0.004256976710988443
11.15	0.00423772307426222
11.16	0.004218573661862992
11.17	0.004199527816966811
11.18	0.004180584887471786
11.19	0.004161744225959954
11.200000000000001	0.004143005189659491
11.21	0.004124367140407261
11.22	0.004105829444611704
11.23	0.004087391473216044
11.24	0.004069052601661842
11.25	0.004050812209852865
11.26	0.004032669682119278
11.27	0.004014624407182146
11.28	0.003996675778118277
11.290000000000001	0.003978823192325344
11.3	0.003961066051487349
11.31	0.0039434037615403645
11.32	0.003925835732638599
11.33	0.003908361379120759
11.34	0.003890980119476706
11.35	0.003873691376314393
11.36	0.0038564945763271256
11.370000000000001	0.003839389150261092
11.38	0.003822374532883185
11.39	0.003805450162949082
11.4	0.0037886154831716615
11.41	0.003771869940189645
11.42	0.0037552129845365174
11.43	0.0037386440706097834
11.44	0.0037221626566404068
11.450000000000001	0.003705768204662569
11.46	0.0036894601804836817
11.47	0.0036732380536546685
11.48	0.003657101297440477
11.49	0.0036410493887908996
11.5	0.003625081808311599
11.51	0.003609198040235413
11.52	0.0035933975723939
11.53	0.0035776798961891453
11.540000000000001	0.003562044506565787
11.55	0.00354649090198331
11.56	0.003531018584388579
11.57	0.003515627059188583
11.58	0.003500315835223447
11.59	0.0034850844247396643
11.6	0.0034699323433635544
11.61	0.0034548591100749667
11.620000000000001	0.0034398642471811848
11.63	0.003424947280291106
11.64	0.0034101077382895665
11.65	0.003395345153311965
11.66	0.003380659060719061
11.67	0.0033660489990719883
11.68	0.003351514510107508
11.69	0.0033370551387134667
11.700000000000001	0.003322670432904438
11.71	0.0033083599437976133
11.72	0.003294123225588869
11.73	0.00327995983552905
11.74	0.0032658693339004574
11.75	0.003251851283993537
11.76	0.0032379052520837624
11.77	0.003224030807408712
11.78	0.0032102275221453525
11.790000000000001	0.003196494971387508
11.8	0.0031828327331235202
11.81	0.003169240388214103
11.82	0.003155717520370381
11.83	0.0031422637161321204
11.84	0.0031288785648461324
11.85	0.0031155616586448736
11.86	0.0031023125924252142
11.870000000000001	0.0030891309638273953
11.88	0.0030760163732141753
11.89	0.0030629684236501047
11.9	0.003049986720881043
11.91	0.0030370708733137995
11.92	0.0030242204919959546
11.93	0.0030114351905958666
11.94	0.00299871458538283
11.950000000000001	0.0029860582952074104
11.96	0.0029734659414819447
11.97	0.0029609371481611924
11.98	0.0029484715417231527
11.99	0.002936068751150067
12.	0.002923728407909539
12.01	0.002911450145935851
12.02	0.0028992336016114037
12.030000000000001	0.0028870784137483363
12.040000000000001	0.002874984223570288
12.05	0.0028629506746943056
12.06	0.002850977413112918
12.07	0.0028390640871763452
12.08	0.002827210347574869
12.09	0.0028154158473213254
12.1	0.0028036802417337756
12.11	0.002792003188418292
12.120000000000001	0.0027803843472519033
12.13	0.0027688233803656735
12.14	0.002757319952127926
12.15	0.0027458737291275984
12.16	0.002734484380157741
12.17	0.0027231515761991544
12.18	0.002711874990404148
12.19	0.0027006542980804547
12.200000000000001	0.0026894891766752428
12.21	0.0026783793057593096
12.22	0.0026673243670113584
12.23	0.0026563240442024163
12.24	0.002645378023180404
12.25	0.002634485991854804
12.26	0.002623647640181471
12.27	0.002612862660147543
12.280000000000001	0.0026021307457565128
12.290000000000001	0.0025914515930133926
12.3	0.002580824899909997
12.31	0.002570250366410382
12.32	0.00255972769443636
12.33	0.002549256587853146
12.34	0.0025388367524551447
12.35	0.002528467895951811
12.36	0.0025181497279536664
12.370000000000001	0.0025078819599583975
12.38	0.0024976643053370895
12.39	0.002487496479320552
12.4	0.0024773781989857703
12.41	0.0024673091832424616
12.42	0.0024572891528197366
12.43	0.0024473178302528704
12.44	0.0024373949398701885
12.450000000000001	0.0024275202077800417
12.46	0.0024176933618579
12.47	0.002407360814203039
12.48	0.0023967964933603804
12.49	0.0023862869383450315
12.5	0.002375831821741629
12.51	0.0023654308183519456
12.52	0.002355083605178113
12.530000000000001	0.002344789861405997
12.540000000000001	0.0023345492683887075
12.55	0.0023243615096302326
12.56	0.002314226270769252
12.57	0.0023041432395630277
12.58	0.0022941121058714597
12.59	0.0022841325616412894
12.6	0.002274204300890395
12.61	0.002264327019692249
12.620000000000001	0.0022545004161604867
12.63	0.002244724190433623
12.64	0.002234998044659864
12.65	0.0022253216829820795
12.66	0.0022156948115228683
12.67	0.002206117138369772
12.68	0.0021965883735605954
12.69	0.0021871082290688595
12.700000000000001	0.002177676418789353
12.71	0.002168292658523835
12.72	0.002158956665966829
12.73	0.00214966816069154
12.74	0.0021404268641358995
12.75	0.0021312324995887053
12.76	0.002122084792175892
12.77	0.002112983468846906
12.780000000000001	0.0021039282583611898
12.790000000000001	0.002094918891274793
12.8	0.0020859550999270567
12.81	0.002077036618427453
12.82	0.0020681631826425023
12.83	0.002059334530182801
12.84	0.0020505504003901585
12.85	0.002041810534324846
12.86	0.0020331146747529292
12.870000000000001	0.0020244625661337287
12.88	0.00201585395460737
12.89	0.0020072885879824204
12.9	0.0019987662157236645
12.91	0.001990286588939932
12.92	0.001981849460372059
12.93	0.001973454584380937
12.94	0.0019651017169356514
12.950000000000001	0.0019567906156017206
12.96	0.001948521039529436
12.97	0.001940292749442282
12.98	0.0019321055076254715
12.99	0.0019239590779145468
13.	0.0019158532256840896
13.01	0.001907787717836526
13.02	0.0018997623227910059
13.030000000000001	0.0018917768104723745
13.040000000000001	0.0018838309523002562
13.05	0.0018759245211781824
13.06	0.0018680572914828522
13.07	0.0018602290390534464
13.08	0.001852439541181044
13.09	0.0018446885765981164
13.1	0.0018369759254681052
13.11	0.0018293013693750867
13.120000000000001	0.0018216646913135216
13.13	0.0018140656756780733
13.14	0.001806504108253531
13.15	0.0017989797762047773
13.16	0.001791492468066877
13.17	0.001784041973735215
13.18	0.0017766280844557164
13.19	0.0017692505928151615
13.200000000000001	0.0017619092927315576
13.21	0.0017546039794446003
13.22	0.0017473344495062028
13.23	0.001740100500771098
13.24	0.0017329019323875287
13.25	0.001725738544787996
13.26	0.0017186101396800897
13.27	0.0017115165200373875
13.280000000000001	0.0017044574900904233
13.290000000000001	0.0016974328553177411
13.3	0.0016904424224369907
13.31	0.001683485999396127
13.32	0.0016765633953646562
13.33	0.0016696744207249565
13.34	0.0016628188870636664
13.35	0.0016559966071631482
13.36	0.001649207394993001
13.370000000000001	0.0016424510657016614
13.38	0.0016357274356080533
13.39	0.0016290363221933134
13.4	0.0016223775440925717
13.41	0.0016157509210868086
13.42	0.001609156274094757
13.43	0.0016025934251648938
13.44	0.001596062197467469
13.450000000000001	0.0015895624152866092
13.46	0.0015830939040124815
13.47	0.0015766564901335152
13.48	0.0015702500012286862
13.49	0.0015638742659598625
13.5	0.001557529114064204
13.51	0.0015512143763466264
13.52	0.001544929884672324
13.530000000000001	0.0015386754719593407
13.540000000000001	0.0015324509721712182
13.55	0.0015262562203096706
13.56	0.0015200910524073507
13.57	0.001513955305520646
13.58	0.0015078488177225392
13.59	0.0015017714280955267
13.6	0.0014957229767245841
13.61	0.0014897033046901984
13.620000000000001	0.0014837122540614321
13.63	0.001477749667889071
13.64	0.0014718153901987876
13.65	0.0014659092659844017
13.66	0.00146003114120114
13.67	0.0014541808627590018
13.68	0.0014483582785161252
13.69	0.0014425632372722466
13.700000000000001	0.0014367955887621818
13.71	0.0014310551836493688
13.72	0.0014253418735194559
13.73	0.0014196555108739403
13.74	0.0014139959491238582
13.75	0.0014083630425835167
13.76	0.0014027566464642788
13.77	0.0013971766168683897
13.780000000000001	0.0013916228107828598
13.790000000000001	0.0013860950860733836
13.8	0.0013805933014783074
13.81	0.0013751173166026503
13.82	0.0013696669919121612
13.83	0.0013642421887274248
13.84	0.0013588427692180101
13.85	0.0013534685963966686
13.86	0.0013481195341135698
13.870000000000001	0.0013427954470505818
13.88	0.001337496200715599
13.89	0.0013322216614369083
13.9	0.0013269716963575976
13.91	0.0013217461734300123
13.92	0.001316544961410245
13.93	0.0013113679298526692
13.94	0.0013062149491045191
13.950000000000001	0.0013010858903005089
13.96	0.0012959806253574843
13.97	0.0012908990269691217
13.98	0.0012858409686006696
13.99	0.0012808063244837157
14.	0.0012757949696110124
14.01	0.001270806779731326
14.02	0.0012658416313443268
14.030000000000001	0.001260899401695528
14.040000000000001	0.001255979968771247
14.05	0.0012510832112936161
14.06	0.0012462090087156184
14.07	0.0012413572412161794
14.08	0.0012365277896952739
14.09	0.0012317205357690838
14.1	0.0012269353617651861
14.11	0.0012221721507177771
14.120000000000001	0.0012174307863629327
14.13	0.001212711153133906
14.14	0.0012080131361564515
14.15	0.0012033366212441962
14.16	0.001198681494894036
14.17	0.0011940476442815677
14.18	0.0011894349572565556
14.19	0.001184843322338433
14.200000000000001	0.0011802726287118346
14.21	0.0011757227662221633
14.22	0.0011711936253711887
14.23	0.0011666850973126787
14.24	0.0011621970738480585
14.25	0.0011577294474221145
14.26	0.0011532821111187124
14.27	0.0011488549586565623
14.280000000000001	0.0011444478843850021
14.290000000000001	0.001140060783279822
14.3	0.001135693550939112
14.31	0.0011313419625337932
14.32	0.001126593874073781
14.33	0.0011218690064011864
14.34	0.0011171672298678575
14.35	0.0011124884156391934
14.36	0.0011078324356884703
14.370000000000001	0.0011031991627912208
14.38	0.0010985884705196564
14.39	0.0010940002332371246
14.4	0.0010894343260926147
14.41	0.0010848906250153063
14.42	0.0010803690067091567
14.43	0.0010758693486475248
14.44	0.00107139152906785
14.450000000000001	0.0010669354269663546
14.46	0.0010625009220927998
14.47	0.001058087894945277
14.48	0.0010536962267650334
14.49	0.0010493257995313468
14.5	0.0010449764959564282
14.51	0.0010406481994803768
14.52	0.0010363407942661587
14.530000000000001	0.0010320541651946335
14.540000000000001	0.0010277881978596156
14.55	0.0010235427785629729
14.56	0.0010193177943097554
14.57	0.00101511313280338
14.58	0.0010109286824408277
14.59	0.0010067643323078954
14.6	0.0010026199721744735
14.61	0.0009984954924898621
14.620000000000001	0.0009943907843781206
14.63	0.00099030573963346
14.64	0.0009862402507156585
14.65	0.0009821942107455166
14.66	0.0009781675135003523
14.67	0.0009741600534095162
14.68	0.0009701717255499544
14.69	0.0009662024256417982
14.700000000000001	0.0009622520500439833
14.71	0.0009583204957499114
14.72	0.0009544076603831317
14.73	0.0009505134421930693
14.74	0.0009466377400507708
14.75	0.0009427804534446915
14.76	0.0009389414824765106
14.77	0.000935120727856978
14.780000000000001	0.000931318090901794
14.790000000000001	0.0009275334735275126
14.8	0.0009237667782474855
14.81	0.0009200179081678282
14.82	0.0009162867669834188
14.83	0.0009125732589739278
14.84	0.0009088772889998753
14.85	0.0009051987624987189
14.86	0.0009015375854809682
14.870000000000001	0.000897893664526331
14.88	0.0008942669067798874
14.89	0.000890657219948289
14.9	0.0008870645122959919
14.91	0.0008834886926415113
14.92	0.0008799296703537075
14.93	0.0008763873553480991
14.94	0.0008728616580832029
14.950000000000001	0.0008693524895568976
14.96	0.0008658597613028222
14.97	0.0008623833853867901
14.98	0.0008589232744032415
14.99	0.0008554793414717082
15.	0.0008520515002333178
15.01	0.0008486396648473141
15.02	0.0008452437499876105
15.030000000000001	0.0008418636708393561
15.040000000000001	0.000838499343095546
15.05	0.0008351506829536381
15.06	0.0008318176071122002
15.07	0.0008285000327675947
15.08	0.0008251978776106643
15.09	0.0008219110598234597
15.1	0.0008186394980759864
15.11	0.0008153831115229705
15.120000000000001	0.000812141819800652
15.13	0.0008089155430236042
15.14	0.0008057042017815711
15.15	0.0008025077171363301
15.16	0.0007993260106185754
15.17	0.0007961590042248291
15.18	0.0007930066204143681
15.19	0.0007898687821061782
15.200000000000001	0.0007867454126759274
15.21	0.0007836364359529646
15.22	0.0007805417762173346
15.23	0.0007774613581968201
15.24	0.000774395107064
15.25	0.0007713429484333349
15.26	0.0007683048083582652
15.27	0.0007652806133283434
15.280000000000001	0.0007622702902663691
15.290000000000001	0.0007592737665255612
15.3	0.0007562909698867436
15.31	0.0007533218285555432
15.32	0.0007503662711596272
15.33	0.0007474242267459398
15.34	0.0007444956247779738
15.35	0.0007415803951330522
15.36	0.0007386784680996352
15.370000000000001	0.0007357897743746411
15.38	0.0007329142450607933
15.39	0.0007300518116639802
15.4	0.0007272024060906367
15.41	0.0007243659606451431
15.42	0.0007215424080272442
15.43	0.0007187316813294862
15.44	0.0007159337140346693
15.450000000000001	0.0007131484400133247
15.46	0.0007103757935212023
15.47	0.0007076157091967782
15.48	0.0007048681220587907
15.49	0.0007021329675037697
15.5	0.0006994101813036095
15.51	0.000696699699603143
15.52	0.0006940014589177412
15.530000000000001	0.0006913153961309193
15.540000000000001	0.0006886414484919766
15.55	0.0006859795536136333
15.56	0.0006833296494697009
15.57	0.0006806916743927587
15.58	0.0006780655670718507
15.59	0.0006754512665502001
15.6	0.0006728487122229328
15.610000000000001	0.0006702578438348279
15.620000000000001	0.0006676786014780764
15.63	0.0006651109255900535
15.64	0.0006625547569511172
15.65	0.0006600100366824114
15.66	0.000657476706243689
15.67	0.0006549547074311526
15.68	0.0006524439823753053
15.69	0.0006499444735388193
15.700000000000001	0.0006474561237144217
15.71	0.0006449788760227891
15.72	0.0006425126739104621
15.73	0.0006400574611477754
15.74	0.0006376131818267943
15.75	0.0006351797803592753
15.76	0.0006327572014746353
15.77	0.0006303453902179359
15.780000000000001	0.000627944291947884
15.790000000000001	0.0006255538523348426
15.8	0.0006231740173588577
15.81	0.0006208047333076992
15.82	0.0006184459467749142
15.83	0.0006160976046578961
15.84	0.000613759654155964
15.85	0.0006114320427684566
15.860000000000001	0.0006091147182928403
15.870000000000001	0.0006068076288228312
15.88	0.0006045107227465262
15.89	0.0006022239487445507
15.9	0.0005999472557882174
15.91	0.0005976805931377002
15.92	0.0005954239103402165
15.93	0.0005931771572282264
15.94	0.0005909402839176396
15.950000000000001	0.0005887132408060412
15.96	0.0005864959785709233
15.97	0.000584288448167933
15.98	0.0005820906008291292
15.99	0.0005799023880612552
16.	0.000577723761644019
16.01	0.0005755546736283899
16.02	0.0005733950763349013
16.03	0.000571244922351972
16.04	0.0005691041645342322
16.05	0.0005669727560008652
16.06	0.0005648506501339614
16.07	0.0005627378005768758
16.080000000000002	0.000560634161232609
16.09	0.0005585396862621898
16.1	0.0005564543300830702
16.11	0.0005543780473675356
16.12	0.0005523107930411225
16.13	0.0005502525222810455
16.14	0.0005482031905146404
16.15	0.0005461627534178138
16.16	0.0005441311669135023
16.17	0.0005421083871701461
16.18	0.0005400943706001703
16.19	0.0005380890738584763
16.2	0.000536092453840946
16.21	0.0005341044676829535
16.22	0.0005321250727578867
16.23	0.0005301542266756829
16.240000000000002	0.0005281918872813685
16.25	0.0005262380126536133
16.26	0.000524292561103292
16.27	0.0005223554911720582
16.28	0.0005204267616309228
16.29	0.0005185063314788486
16.3	0.0005165941599413486
16.31	0.0005146902064690996
16.32	0.0005127944307365561
16.330000000000002	0.0005109067926405859
16.34	0.0005090272522991037
16.35	0.0005071557700497196
16.36	0.000505292306448397
16.37	0.0005034368222681159
16.38	0.0005015892784975486
16.39	0.0004997496363397425
16.4	0.0004979178572108135
16.41	0.0004960939027386439
16.42	0.0004942777347615966
16.43	0.0004924689160379806
16.44	0.0004905504255651931
16.45	0.000488640568675648
16.46	0.000486739301303531
16.47	0.0004848465796345167
16.48	0.0004829623601041771
16.490000000000002	0.00048108659939641015
16.5	0.00047921925444187384
16.51	0.0004773602824164291
16.52	0.00047550964073960074
16.53	0.0004736672870730427
16.54	0.00047183317931901564
16.55	0.00047000727561887553
16.56	0.0004681895343515729
16.57	0.0004663799141321596
16.580000000000002	0.00046457837381031305
16.59	0.0004627848724688604
16.6	0.0004609993694223215
16.61	0.00045922182421545674
16.62	0.0004574521966218278
16.63	0.00045569044664236445
16.64	0.0004539365345039473
16.65	0.000452190420657996
16.66	0.00045045206577906433
16.67	0.00044872143076345346
16.68	0.0004469984767278253
16.69	0.0004452831650078332
16.7	0.0004435754571567548
16.71	0.0004418753149441411
16.72	0.0004401827003544697
16.73	0.0004384975755858076
16.740000000000002	0.00043681990304848903
16.75	0.00043514964536379384
16.76	0.00043348676536263754
16.77	0.00043183122608427704
16.78	0.00043018299077501377
16.79	0.0004285420228869153
16.8	0.00042690828607654053
16.81	0.000425281744203673
16.82	0.0004236623613300677
16.830000000000002	0.00042205010171820145
16.84	0.0004204449298300326
16.85	0.0004188468103257724
16.86	0.00041725570806266026
16.87	0.0004156715880937511
16.88	0.0004140944156667056
16.89	0.00041252415622259654
16.9	0.00041096077539471755
16.91	0.0004094042390073978
16.92	0.00040785451307483254
16.93	0.00040631156379991416
16.94	0.00040477535757307473
16.95	0.0004032458609711351
16.96	0.0004017230407561624
16.97	0.00040020686387433585
16.98	0.00039869729745481723
16.990000000000002	0.0003971943088086328
17.	0.0003956978654275608
17.01	0.00039420793498302393
17.02	0.0003927244853249961
17.03	0.00039124748448090814
17.04	0.00038977690065456735
17.05	0.00038831270222508156
17.06	0.00038685485774578955
17.07	0.00038540333594319935
17.080000000000002	0.00038395810571593665
17.09	0.00038251913613369476
17.1	0.0003810863964361961
17.11	0.00037965985603215756
17.12	0.0003782394844982645
17.13	0.00037682525157815177
17.14	0.00037541712718138973
17.150000000000002	0.0003740150813824793
17.16	0.0003726190844198519
17.17	0.00037122910669487575
17.18	0.0003698451187708719
17.19	0.000368467091372132
17.2	0.0003670949953829475
17.21	0.0003657288018466412
17.22	0.00036436848196460696
17.23	0.0003630140070953567
17.240000000000002	0.0003616653487535728
17.25	0.00036032247860916494
17.26	0.00035898536848633653
17.27	0.00035765399036265504
17.28	0.00035632831636812944
17.29	0.0003550083187842932
17.3	0.00035369397004329366
17.31	0.00035238524272698584
17.32	0.00035108210956603616
17.330000000000002	0.00034978454343902757
17.34	0.0003484925173715734
17.35	0.00034720600453543526
17.36	0.00034592497824764874
17.37	0.0003446494119696526
17.38	0.00034337927930642575
17.39	0.00034211455400562786
17.400000000000002	0.000340855209956748
17.41	0.00033960122119025603
17.42	0.0003383525618767619
17.43	0.0003371092063261804
17.44	0.0003358711289868989
17.45	0.0003346383044449516
17.46	0.0003334107074232028
17.47	0.0003321883127805292
17.48	0.0003309710955110128
17.490000000000002	0.00032975903074313644
17.5	0.00032855209373898486
17.51	0.00032735025989345145
17.52	0.0003261535047334494
17.53	0.0003249618039171301
17.54	0.0003237751332331038
17.55	0.00032259346859966654
17.56	0.0003214167860640333
17.57	0.0003202450618015726
17.580000000000002	0.0003190782721150517
17.59	0.0003179163934338809
17.6	0.00031675940231336655
17.61	0.00031559201940058835
17.62	0.0003144142441216041
17.63	0.00031324152875156946
17.64	0.00031207384870073193
17.650000000000002	0.00031091117951268014
17.66	0.00030975349686354625
17.67	0.0003086007765612133
17.68	0.00030745299454452757
17.69	0.000306310126882516
17.7	0.000305172149773608
17.71	0.00030403903954486465
17.72	0.0003029107726512107
17.73	0.00030178732567467286
17.740000000000002	0.00030066867532362116
17.75	0.00029955479843201836
17.76	0.00029844567195867023
17.77	0.00029734127298648645
17.78	0.0002962415787217391
17.79	0.0002951465664933323
17.8	0.0002940562137520734
17.81	0.00029297049806994914
17.82	0.0002918893971394062
17.830000000000002	0.0002908128887726393
17.84	0.00028974095090087977
17.85	0.0002886735615736916
17.86	0.0002876106989582708
17.87	0.00028655234133874994
17.88	0.00028549846711550635
17.89	0.0002844490548044758
17.900000000000002	0.0002834040830364699
17.91	0.0002823635305564988
17.92	0.00028132737622309695
17.93	0.0002802955990076535
17.94	0.0002792681779937485
17.95	0.00027824509237649165
17.96	0.0002772263214618654
17.97	0.0002762118446660749
17.98	0.0002752016415148966
17.990000000000002	0.00027419569164303774
18.	0.00027319397479349535
18.01	0.0002721964708169197
18.02	0.00027120315967098517
18.03	0.00027021402141976094
18.04	0.0002692290362330889
18.05	0.00026824818438596246
18.06	0.0002672714462579138
18.07	0.00026629880233239984
18.080000000000002	0.0002653302331961952
18.09	0.000264365719538791
18.1	0.00026340524215179165
18.11	0.00026244878192832036
18.12	0.00026149631986242746
18.13	0.00026054783704850123
18.14	0.0002596033146806832
18.150000000000002	0.00025866273405228803
18.16	0.00025772607655522527
18.17	0.00025679332367942664
18.18	0.00025586445701227537
18.19	0.0002549394582380408
18.2	0.00025401830913731455
18.21	0.00025310099158645295
18.22	0.00025218748755702
18.23	0.0002512777791152362
18.240000000000002	0.0002503718484214299
18.25	0.0002494696777294921
18.26	0.000248571249386335
18.27	0.0002476765458313534
18.28	0.00024678554959589046
18.29	0.0002458982433027065
18.3	0.00024501460966545017
18.31	0.00024413463148813424
18.32	0.00024325829166461484
18.330000000000002	0.00024238557317807154
18.34	0.00024151645910049544
18.35	0.00024065093259217413
18.36	0.00023978897690118663
18.37	0.00023893057536289577
18.38	0.00023807571139944776
18.39	0.00023722436851927246
18.400000000000002	0.00023637653031658825
18.41	0.00023553218047090953
18.42	0.00023469130274655678
18.43	0.00023385388099217083
18.44	0.00023301989914022836
18.45	0.00023218934120656335
18.46	0.000231362191289888
18.47	0.0002305384335713198
18.48	0.00022971805231390932
18.490000000000002	0.000228901031862172
18.5	0.00022808735664162343
18.51	0.00022727701115831552
18.52	0.0002264699799983781
18.53	0.0002256662478275606
18.54	0.0002248657993907797
18.55	0.0002240686195116682
18.56	0.000223274693092125
18.57	0.00022248400511187152
18.580000000000002	0.00022169654062800722
18.59	0.00022091228477457122
18.6	0.00022013122276210435
18.61	0.00021935333987721468
18.62	0.00021857862148214524
18.63	0.0002178070530143462
18.64	0.00021703861998604638
18.650000000000002	0.0002162733079838314
18.66	0.00021551110266822157
18.67	0.0002147519897732529
18.68	0.00021399595510606187
18.69	0.0002132429845464719
18.7	0.00021249306404658177
18.71	0.00021174617963035805
18.72	0.00021100231739322922
18.73	0.00021026146350168207
18.740000000000002	0.0002095236041928611
18.75	0.00020878872577416988
18.76	0.0002080568146228754
18.77	0.00020732785718571498
18.78	0.00020660183997850477
18.79	0.000205878749585751
18.8	0.00020515857266026447
18.81	0.0002044412959227757
18.82	0.0002037269061615549
18.830000000000002	0.00020301539023203117
18.84	0.00020230673505641675
18.85	0.00020160092762333187
18.86	0.00020089795498743422
18.87	0.00020020207363940362
18.88	0.00019951195630890303
18.89	0.00019882458142822756
18.900000000000002	0.00019813993665603033
18.91	0.0001974580097129887
18.92	0.00019677878838146115
18.93	0.0001961022605051442
18.94	0.0001954284139887333
18.95	0.00019475723679758387
18.96	0.00019408871695737577
18.97	0.00019342284255377917
18.98	0.00019275960173212268
18.990000000000002	0.00019209898269706384
19.	0.00019144097371225988
19.01	0.0001907855631000432
19.02	0.00019013273924109634
19.03	0.00018948249057413092
19.04	0.00018883480559556668
19.05	0.00018818967285921343
19.06	0.000187547080975956
19.07	0.0001869070186134378
19.080000000000002	0.00018626947449575053
19.09	0.00018563443740312235
19.1	0.0001850018961716087
19.11	0.00018437183969278803
19.12	0.00018374425691345363
19.13	0.00018311913683531273
19.14	0.00018249646851468357
19.150000000000002	0.00018187624106219753
19.16	0.000181258443642501
19.17	0.00018064306547395785
19.18	0.00018003009582835732
19.19	0.00017941952403062065
19.2	0.0001788113394585104
19.21	0.00017820553154234214
19.22	0.0001776020897646964
19.23	0.0001770010036601343
19.240000000000002	0.0001764022628149127
19.25	0.00017580585686670318
19.26	0.00017521177550431068
19.27	0.0001746200084673955
19.28	0.00017403054554619645
19.29	0.00017344337658125453
19.3	0.00017285849146313965
19.31	0.0001722758801321796
19.32	0.00017169553257818777
19.330000000000002	0.0001711174388401951
19.34	0.00017054158900618296
19.35	0.00016996797321281747
19.36	0.00016939658164518516
19.37	0.0001688274045365303
19.38	0.00016826043216799412
19.39	0.00016769565486835622
19.400000000000002	0.00016713306301377405
19.41	0.00016657264702753008
19.42	0.000166014397379774
19.43	0.00016545830458727134
19.44	0.00016490435921314993
19.45	0.00016435255186665146
19.46	0.000163802873202881
19.47	0.0001632553139225603
19.48	0.0001627098647717817
19.490000000000002	0.00016216651654176354
19.5	0.0001616252600686076
19.51	0.0001610860862330574
19.52	0.0001605489859602565
19.53	0.00016001395021951196
19.54	0.0001594809700240561
19.55	0.0001589500364308092
19.56	0.00015842114054014764
19.57	0.00015789427349566787
19.580000000000002	0.00015736942648395666
19.59	0.00015684659073435912
19.6	0.00015632575751875073
19.61	0.0001558069181513089
19.62	0.00015529006398828666
19.63	0.00015477518642778787
19.64	0.00015426227690954231
19.650000000000002	0.00015375132691468498
19.66	0.00015324232796553336
19.67	0.00015273527162536807
19.68	0.00015223014949821445
19.69	0.00015172695322862465
19.7	0.00015122567450146223
19.71	0.00015072630504168747
19.72	0.00015022883661414252
19.73	0.00014973326102334073
19.740000000000002	0.00014923957011325444
19.75	0.0001487477557671053
19.76	0.0001482578099071567
19.77	0.0001477697244945045
19.78	0.00014728349152887273
19.79	0.00014679910304840716
19.8	0.00014631655112947234
19.81	0.0001458358278864483
19.82	0.00014535692547152995
19.830000000000002	0.000144879836074526
19.84	0.00014440455192266037
19.85	0.0001439310652803737
19.86	0.00014345936844912722
19.87	0.00014298945376720626
19.88	0.00014252131360952623
19.89	0.0001420549403874395
19.900000000000002	0.0001415903265485418
19.91	0.0001411274645764827
19.92	0.00014066634699077467
19.93	0.00014020696634660325
19.94	0.0001397493152346408
19.95	0.00013929338628085861
19.96	0.00013883917214634165
19.97	0.00013838666552710342
19.98	0.00013793585915390243
19.990000000000002	0.00013748674579206046
20.	0.00013703931824127972
20.01	0.00013659356933546323
20.02	0.00013614949194253536
20.03	0.0001357070789642631
20.04	0.00013526632333607882
20.05	0.00013482721802690476
20.06	0.0001343897560389754
20.07	0.0001339539304076659
20.080000000000002	0.00013351973420131684
20.09	0.00013308716052106266
20.1	0.00013265620250066046
20.11	0.0001322268533063186
20.12	0.00013179910613652862
20.13	0.00013137295422189582
20.14	0.00013094839082497235
20.150000000000002	0.00013052540924009007
20.16	0.00013010400279319599
20.17	0.0001296841648416865
20.18	0.00012926588877424427
20.19	0.00012884916801067558
20.2	0.00012843399600174832
20.21	0.00012802036622903097
20.22	0.00012761337420912297
20.23	0.0001272103518140558
20.240000000000002	0.0001268088004530986
20.25	0.00012640871403414754
20.26	0.0001260100864933196
20.27	0.00012561291179480672
20.28	0.00012521718393073314
20.29	0.00012482289692101182
20.3	0.00012443004481320298
20.31	0.0001240386216823718
20.32	0.00012364862163094818
20.330000000000002	0.00012326003878858775
20.34	0.00012287286731203203
20.35	0.00012248710138497047
20.36	0.000122102735217903
20.37	0.00012171976304800338
20.38	0.00012133817913898339
20.39	0.00012095797778095753
20.400000000000002	0.00012057915329030867
20.41	0.00012020170000955428
20.42	0.00011982561230721417
20.43	0.00011945088457767747
20.44	0.0001190775112410713
20.45	0.00011870548674313116
20.46	0.00011833480555506948
20.47	0.00011796546217344738
20.48	0.00011759745112004569
20.490000000000002	0.00011723076694173752
20.5	0.00011686540421036087
20.51	0.00011650135752259198
20.52	0.0001161386214998204
20.53	0.00011577719078802335
20.54	0.00011541706005764181
20.55	0.00011505822400345649
20.56	0.00011470067734446511
20.57	0.00011434441482376022
20.580000000000002	0.00011398943120840759
20.59	0.00011363572128932585
20.6	0.00011328327988116454
20.61	0.00011293210182218708
20.62	0.0001125821819741493
20.63	0.00011223351522218311
20.64	0.00011188609647467792
20.650000000000002	0.0001115399206631638
20.66	0.00011119498274219561
20.67	0.00011085127768923711
20.68	0.00011050880050454535
20.69	0.00011016754621105706
20.7	0.00010982750985427472
20.71	0.00010948868650215312
20.72	0.00010915107124498722
20.73	0.00010881465919529976
20.740000000000002	0.00010847944548773037
20.75	0.00010814542527892475
20.76	0.00010781259374742472
20.77	0.00010748094609355866
20.78	0.00010715047753933243
20.79	0.00010682118332832137
20.8	0.00010649305872556269
20.81	0.00010616609901744806
20.82	0.00010584029951161736
20.830000000000002	0.00010551565553685257
20.84	0.00010519216244297264
20.85	0.00010486981560072865
20.86	0.00010454861040169947
20.87	0.00010422854225818806
20.88	0.00010390960660311912
20.89	0.00010359179888993521
20.900000000000002	0.00010327511459249637
20.91	0.00010295954920497773
20.92	0.00010264509824176882
20.93	0.00010233175723737325
20.94	0.00010201952174630953
20.95	0.00010170838734301135
20.96	0.00010139834962172866
20.97	0.00010108940419643008
20.98	0.00010078154670070537
20.990000000000002	0.0001004747727876676
21.	0.00010016907812985757
21.01	0.00009986445841914693
21.02	0.00009956090936664324
21.03	0.00009925842670259518
21.04	0.00009895700617629698
21.05	0.0000986566435559963
21.06	0.0000983573346287983
21.07	0.00009805907520057513
21.080000000000002	0.00009776186109587222
21.09	0.00009746568815781628
21.1	0.00009717055224802463
21.11	0.00009687644924651323
21.12	0.00009658337505160706
21.13	0.00009629132557984977
21.14	0.00009600029676591415
21.150000000000002	0.00009571028456251327
21.16	0.000095421284940312
21.17	0.00009513329388783845
21.18	0.0000948463074113974
21.19	0.00009456032153498182
21.2	0.00009427533230018767
21.21	0.00009399133576612653
21.22	0.0000937083280093406
21.23	0.00009342630512371717
21.240000000000002	0.00009314526322040401
21.25	0.00009286519842772451
21.26	0.00009258610689109459
21.27	0.0000923079847729386
21.28	0.00009203082825260628
21.29	0.00009175463352629104
21.3	0.00009147939680694686
21.31	0.00009120511432420713
21.32	0.00009093178232430335
21.330000000000002	0.0000906593970699842
21.34	0.00009038795484043525
21.35	0.00009011745193119909
21.36	0.00008984788465409566
21.37	0.00008957924933714328
21.38	0.00008931154232447965
21.39	0.00008904475997628433
21.400000000000002	0.00008877889866870008
21.41	0.00008851395479375575
21.42	0.00008824992475928967
21.43	0.00008798680498887221
21.44	0.00008772459192173015
21.45	0.00008746328201267101
21.46	0.00008720287173200716
21.47	0.00008694335756548114
21.48	0.00008668473601419118
21.490000000000002	0.00008642700359451662
21.5	0.00008617015683804445
21.51	0.00008591419229149557
21.52	0.00008565910651665226
21.53	0.00008540489609028467
21.54	0.00008515155760407972
21.55	0.00008489908766456836
21.56	0.00008464748289305404
21.57	0.00008439673992554233
21.580000000000002	0.00008414685541266944
21.59	0.00008389782601963245
21.6	0.00008364964842611837
21.61	0.00008340231932623581
21.62	0.0000831558354284445
21.63	0.00008291019345548724
21.64	0.00008266539014432071
21.650000000000002	0.00008242142224604809
21.66	0.00008217952118012233
21.67	0.00008194854099606683
21.68	0.0000817183161392911
21.69	0.00008148884379311163
21.7	0.00008126012115264069
21.71	0.00008103214542473067
21.72	0.00008080491382792045
21.73	0.00008057842359238011
21.740000000000002	0.00008035267195985777
21.75	0.00008012765618362572
21.76	0.00007990337352842684
21.77	0.00007967982127042148
21.78	0.00007945699669713504
21.79	0.00007923489710740435
21.8	0.0000790135198113267
21.81	0.00007879286213020628
21.82	0.00007857292139650362
21.830000000000002	0.00007835369495378353
21.84	0.00007813518015666366
21.85	0.00007791737437076385
21.86	0.00007770027497265511
21.87	0.00007748387934980914
21.88	0.00007726818490054818
21.89	0.00007705318903399485
21.900000000000002	0.00007683888917002258
21.91	0.00007662528273920632
21.92	0.0000764123671827726
21.93	0.0000762001399525512
21.94	0.00007598859851092614
21.95	0.0000757777403307873
21.96	0.00007556756289548197
21.97	0.00007535806369876713
21.98	0.00007514924024476124
21.990000000000002	0.00007494109004789733
22.	0.00007473361063287512
22.01	0.00007452679953461427
22.02	0.00007432065429820769
22.03	0.00007411517247887441
22.04	0.00007391035164191417
22.05	0.00007370618936266016
22.06	0.0000735026832264343
22.07	0.00007329983082850069
22.080000000000002	0.00007309762977402046
22.09	0.00007289607767800715
22.1	0.00007269517216528059
22.11	0.00007249491087042354
22.12	0.00007229529143773572
22.13	0.00007209631152119101
22.14	0.00007189796878439193
22.150000000000002	0.0000717002609005271
22.16	0.00007150318555232658
22.17	0.00007130674043201907
22.18	0.00007111092324128868
22.19	0.00007091573169123143
22.2	0.00007072116350231317
22.21	0.00007052721640432646
22.22	0.00007033388813634883
22.23	0.00007014117644670004
22.240000000000002	0.00006994907909290051
22.25	0.00006975759384162971
22.26	0.00006956671846868413
22.27	0.00006937645075893668
22.28	0.00006918678850629513
22.29	0.00006899772951366125
22.3	0.00006880927159289066
22.31	0.00006862141256475142
22.32	0.00006843415025888448
22.330000000000002	0.00006824748251376351
22.34	0.00006806140717665483
22.35	0.00006787592210357752
22.36	0.00006769102515926475
22.37	0.00006750671421712355
22.38	0.00006732298715919617
22.39	0.0000671398418761213
22.400000000000002	0.00006695727626709513
22.41	0.00006677528823983278
22.42	0.00006659387571053012
22.43	0.00006641303660382596
22.44	0.00006623276885276314
22.45	0.00006605307039875186
22.46	0.00006587393919153139
22.47	0.00006569537318913304
22.48	0.00006551737035784264
22.490000000000002	0.000065339928672164
22.5	0.00006516304611478152
22.51	0.00006498672067652394
22.52	0.00006481095035632769
22.53	0.00006463573316120046
22.54	0.00006446106710618556
22.55	0.00006428695021432529
22.56	0.00006411338051662583
22.57	0.00006394035605202124
22.580000000000002	0.00006376787486733818
22.59	0.00006359593501726047
22.6	0.00006342453456429464
22.61	0.0000632536715787343
22.62	0.0000630833441386257
22.63	0.00006291355032973343
22.64	0.00006274428824550542
22.650000000000002	0.00006257555598703949
22.66	0.00006240735166304863
22.67	0.00006223967338982772
22.68	0.00006207251929121909
22.69	0.00006190588749857956
22.7	0.00006173977615074692
22.71	0.00006157418339400651
22.72	0.00006140910738205847
22.73	0.00006124454627598441
22.740000000000002	0.00006108049824421508
22.75	0.00006091696146249769
22.76	0.000060753934113863184
22.77	0.00006059141438859432
22.78	0.000060429400484193565
22.79	0.00006026789060535078
22.8	0.000060106882963911937
22.81	0.00005994637577884703
22.82	0.00005978636727621864
22.830000000000002	0.000059626855689150926
22.84	0.000059467839257798184
22.85	0.00005930931622931389
22.86	0.0000591512848578198
22.87	0.00005899374340437503
22.88	0.00005883669013694577
22.89	0.00005868012333037486
22.900000000000002	0.000058524041266351045
22.91	0.00005836844223337945
22.92	0.00005821332452675119
22.93	0.00005805868644851356
22.94	0.00005790452630744043
22.95	0.000057750842419002626
22.96	0.00005759763310533856
22.97	0.00005744489669522487
22.98	0.000057292631524047323
22.990000000000002	0.00005714083593377182
23.	0.000056989508272915475
23.01	0.00005683864689651813
23.02	0.000056688250166113414
23.03	0.000056538316449700624
23.04	0.0000563888441217162
23.05	0.00005623983156300573
23.06	0.0000560912771607957
23.07	0.00005594317930866577
23.080000000000002	0.00005579553640652097
23.09	0.000055648346860564156
23.1	0.000055501609083268294
23.11	0.00005535532149334916
23.12	0.00005520948251573822
23.13	0.000055064090581555616
23.14	0.000054919144128082774
23.150000000000002	0.00005477464159873584
23.16	0.000054630581443039234
23.17	0.00005448696211659837
23.18	0.00005434378208107388
23.19	0.00005420103980415484
23.2	0.00005405873375953264
23.21	0.000053918246570671705
23.22	0.00005378351867178837
23.23	0.00005364918521602901
23.240000000000002	0.00005351524487952791
23.25	0.0000533816963434292
23.26	0.00005324853829386638
23.27	0.00005311576942194103
23.28	0.00005298338842370171
23.29	0.0000528513940001233
23.3	0.00005271978485708663
23.31	0.0000525885597053574
23.32	0.00005245771726056545
23.330000000000002	0.00005232725624318527
23.34	0.000052197175378514725
23.35	0.00005206747339665511
23.36	0.00005193814903249135
23.37	0.0000518092010256714
23.38	0.00005168062812058663
23.39	0.00005155242906635182
23.400000000000002	0.000051424602616785656
23.41	0.0000512971475303904
23.42	0.000051170062570332955
23.43	0.00005104334650442512
23.44	0.00005091699810510417
23.45	0.00005079101614941339
23.46	0.00005066539941898308
23.47	0.000050540146700011304
23.48	0.00005041525678324475
23.490000000000002	0.000050290728463959904
23.5	0.00005016656054194401
23.51	0.00005004275182147643
23.52	0.00004991930111130984
23.53	0.00004979620722465154
23.54	0.000049673468979145026
23.55	0.000049551085196851514
23.56	0.00004942905470423162
23.57	0.00004930737633212674
23.580000000000002	0.000049186048915741405
23.59	0.000049065071294624655
23.6	0.00004894444231265224
23.61	0.000048824160818008763
23.62	0.00004870422566316955
23.63	0.000048584635704882975
23.64	0.000048465389804152773
23.650000000000002	0.000048346486826220396
23.66	0.000048227925640547444
23.67	0.00004810970512079838
23.68	0.00004799182414482265
23.69	0.00004787428159463799
23.7	0.00004775707635641269
23.71	0.00004764020732044872
23.72	0.00004752367338116473
23.73	0.000047407473437078666
23.740000000000002	0.000047291606390791237
23.75	0.00004717607114896886
23.76	0.00004706086662232714
23.77	0.00004694599172561368
23.78	0.00004683144537759208
23.79	0.000046717226501024906
23.8	0.00004660333402265751
23.81	0.000046489766873201695
23.82	0.00004637652398731889
23.830000000000002	0.00004626360430360463
23.84	0.00004615100676457194
23.85	0.000046038730316635226
23.86	0.00004592677391009443
23.87	0.000045815136499119144
23.88	0.000045703817041732386
23.89	0.000045592814499795124
23.900000000000002	0.00004548212783899052
23.91	0.000045371756028807975
23.92	0.000045261698042527913
23.93	0.00004515195285720598
23.94	0.000045042519453657836
23.95	0.000044933396816443384
23.96	0.00004482458393385196
23.97	0.00004471607979788672
23.98	0.00004460788340424961
23.990000000000002	0.000044499993752326185
24.	0.000044392409845170745
24.01	0.000044285130689491097
24.02	0.000044178155295633845
24.03	0.00004407148267756947
24.04	0.00004396511185287758
24.05	0.000043859041842732344
24.060000000000002	0.00004375327167188756
24.07	0.00004364780036866231
24.080000000000002	0.00004354262696492636
24.09	0.00004343775049608584
24.1	0.00004333317000106863
24.11	0.00004322888452231028
24.12	0.000043124893105739655
24.13	0.00004302119480076474
24.14	0.00004291778866025864
24.150000000000002	0.00004281467374054535
24.16	0.00004271184910138574
24.17	0.000042609313805963844
24.18	0.00004250706692087293
24.19	0.000042405107516101394
24.2	0.00004230343466501944
24.21	0.000042202047444365114
24.22	0.000042100944934230784
24.23	0.00004200012621804954
24.240000000000002	0.000041899590382581635
24.25	0.00004179933651790118
24.26	0.000041699363717382745
24.27	0.00004159967107768785
24.28	0.000041500257698751985
24.29	0.000041401122683771005
24.3	0.00004130226513918846
24.310000000000002	0.00004120368417468214
24.32	0.00004110537890315116
24.330000000000002	0.00004100734844070312
24.34	0.000040909591906640954
24.35	0.000040812108423450145
24.36	0.000040714897116786196
24.37	0.00004061795711546139
24.38	0.00004052128755143248
24.39	0.00004042488755978798
24.400000000000002	0.00004032875627873548
24.41	0.000040232892849589195
24.42	0.000040137296416757566
24.43	0.00004004196612773073
24.44	0.00003994690113306829
24.45	0.00003985210058638682
24.46	0.00003975756364434783
24.47	0.00003966328946664547
24.48	0.00003956927721599441
24.490000000000002	0.000039475526058117705
24.5	0.00003938203516173494
24.51	0.00003928880369855002
24.52	0.000039195830843239273
24.53	0.000039103115773439854
24.54	0.0000390106576697375
24.55	0.000038918455715655176
24.560000000000002	0.000038826509097640994
24.57	0.00003873481700505682
24.580000000000002	0.000038643378630166475
24.59	0.00003855219316812431
24.6	0.00003846125981696362
24.61	0.000038370577777585175
24.62	0.000038280146253745794
24.63	0.00003818996445204716
24.64	0.00003810003158192418
24.650000000000002	0.00003801034685563401
24.66	0.00003792090948824463
24.67	0.00003783171869762396
24.68	0.00003774277370442844
24.69	0.00003765407373209214
24.7	0.00003756561800681556
24.71	0.000037477405757555024
24.72	0.00003738943621601134
24.73	0.00003730170861661922
24.740000000000002	0.00003721422219653629
24.75	0.00003712697619563236
24.76	0.00003703996985647876
24.77	0.00003695320242433743
24.78	0.00003686667314715064
24.79	0.00003678038127553001
24.8	0.00003669432606274637
24.810000000000002	0.0000366085067647187
24.82	0.000036522922640004396
24.830000000000002	0.00003643757294978817
24.84	0.000036352456957872095
24.85	0.00003626757393066521
24.86	0.00003618292313717316
24.87	0.00003609757699911632
24.88	0.000036009263495643186
24.89	0.000035921201411570626
24.900000000000002	0.000035833389930552434
24.91	0.000035745828239219325
24.92	0.000035658515527167
24.93	0.000035571450986944006
24.94	0.000035484633814039855
24.95	0.000035398063206873325
24.96	0.00003531173836678014
24.97	0.00003522565849800182
24.98	0.00003513982280767344
24.990000000000002	0.000035054230505812334
25.	0.00003496888080530606
25.01	0.00003488377292190127
25.02	0.00003479890607419186
25.03	0.0000347142794836077
25.04	0.00003462989237440304
25.05	0.00003454574397364525
25.060000000000002	0.00003446183351120358
25.07	0.00003437816021973775
25.080000000000002	0.000034294723334686704
25.09	0.000034211522094257565
25.1	0.000034128555739414505
25.11	0.0000340458235138676
25.12	0.00003396332466406183
25.13	0.00003388105843916612
25.14	0.00003379902409106251
25.150000000000002	0.000033717220874334985
25.16	0.00003363564804625907
25.17	0.000033554304866790576
25.18	0.00003347319059855535
25.19	0.00003339230450683818
25.2	0.00003331164585957245
25.21	0.000033231213927329275
25.22	0.00003315100798330722
25.23	0.000033071027303321675
25.240000000000002	0.00003299127116579435
25.25	0.00003291173885174298
25.26	0.00003283242964477086
25.27	0.00003275334283105661
25.28	0.000032674477699343894
25.29	0.00003259583354093108
25.3	0.000032517409649661246
25.310000000000002	0.00003243920532191186
25.32	0.00003236121985658486
25.330000000000002	0.000032283452555096414
25.34	0.00003220590272136712
25.35	0.00003212856966181186
25.36	0.000032051452685329985
25.37	0.000031974551103295495
25.38	0.00003189786422954701
25.39	0.00003182139138037818
25.400000000000002	0.00003174513187452789
25.41	0.00003166908503317046
25.42	0.000031593250179906116
25.43	0.000031517626640751235
25.44	0.00003144221374412896
25.45	0.00003136701082085949
25.46	0.00003129201720415057
25.47	0.00003121723222958823
25.48	0.00003114265523512724
25.490000000000002	0.000031068285561081706
25.5	0.00003099412255011587
25.51	0.000030920165547234635
25.52	0.000030846413899774544
25.53	0.00003077286695739442
25.54	0.00003069952407206614
25.55	0.00003062638459806572
25.560000000000002	0.00003055344789196409
25.57	0.000030480713312618038
25.580000000000002	0.00003040818022116111
25.59	0.000030335847980994918
25.6	0.000030263715957779904
25.61	0.000030191783519426717
25.62	0.00003012005003608709
25.63	0.00003004851488014526
25.64	0.000029977177426208997
25.650000000000002	0.00002990603705110096
25.66	0.00002983509313385008
25.67	0.000029764345055682654
25.68	0.00002969379220001394
25.69	0.000029623433952439464
25.7	0.000029553269700726487
25.71	0.00002948329883480552
25.72	0.00002941352074676172
25.73	0.00002934393483082661
25.740000000000002	0.000029274540483369565
25.75	0.00002920533710288958
25.76	0.000029136324090006612
25.77	0.00002906750084745372
25.78	0.000028998866780068425
25.79	0.00002893042129478466
25.8	0.000028862163800624617
25.810000000000002	0.000028794093708690424
25.82	0.000028726210432156295
25.830000000000002	0.000028658513386259972
25.84	0.00002859100198829529
25.85	0.000028523675657603577
25.86	0.00002845653381556608
25.87	0.000028389575885595787
25.88	0.00002832280129312965
25.89	0.00002825620946562061
25.900000000000002	0.000028189799832529696
25.91	0.000028123571825318445
25.92	0.000028057524877440806
25.93	0.00002799165842433567
25.94	0.000027925971903418972
25.95	0.000027860464754076116
25.96	0.000027795136417654243
25.97	0.000027729986337454672
25.98	0.000027665013958725303
25.990000000000002	0.00002760021872865304
26.	0.000027535600096356274
26.01	0.000027471157512877438
26.02	0.000027406890431175555
26.03	0.000027342798306118733
26.04	0.000027278880594476853
26.05	0.00002721513675491409
26.060000000000002	0.00002715156624798183
26.07	0.000027088168536111064
26.080000000000002	0.000027024943083605374
26.09	0.00002696188935663346
26.1	0.000026899006823222188
26.11	0.000026836294953249266
26.12	0.000026773753218436078
26.13	0.000026711381092340633
26.14	0.00002664917805035049
26.150000000000002	0.000026587143569675565
26.16	0.000026525277129341445
26.17	0.000026463578210181944
26.18	0.00002640204629483244
26.19	0.00002634068086772285
26.2	0.00002627948141507078
26.21	0.000026218447424874482
26.22	0.000026157578386906183
26.23	0.000026096873792705288
26.240000000000002	0.000026036333135571374
26.25	0.000025975955910557654
26.26	0.000025915741614464116
26.27	0.00002585568974583082
26.28	0.000025795799804931302
26.29	0.000025736071293765842
26.3	0.000025676503716054934
26.310000000000002	0.00002561709657723254
26.32	0.000025557849384439766
26.330000000000002	0.000025498761646518043
26.34	0.000025439832874002833
26.35	0.000025381062579117005
26.36	0.000025322450275764536
26.37	0.00002526399547952395
26.38	0.000025205697707641922
26.39	0.00002514755647902697
26.400000000000002	0.000025089571314243144
26.41	0.000025031741735503514
26.42	0.000024974067266664073
26.43	0.000024916547433217426
26.44	0.000024859181762286476
26.45	0.000024801969782618293
26.46	0.00002474491102457779
26.47	0.00002468800502014177
26.48	0.00002463125130289259
26.490000000000002	0.000024574649408012197
26.5	0.000024518198872275935
26.51	0.000024461899234046538
26.52	0.000024405750033268113
26.53	0.00002434975081146004
26.54	0.00002429390111171109
26.55	0.000024238200478673397
26.560000000000002	0.00002418264845855654
26.57	0.00002412724459912171
26.580000000000002	0.00002407198844967566
26.59	0.00002401687956106496
26.6	0.000023961917485670188
26.61	0.00002390710177739998
26.62	0.000023852431991685402
26.63	0.000023797907685474105
26.64	0.000023743528417224537
26.650000000000002	0.000023687695881940056
26.66	0.000023629319195015763
26.67	0.000023571108185147288
26.68	0.00002351306232027491
26.69	0.000023455181070246025
26.7	0.0000233974639068076
26.71	0.000023339910303598788
26.72	0.000023282519736143325
26.73	0.000023225291681842178
26.740000000000002	0.000023168225619966007
26.75	0.00002311132103164786
26.76	0.00002305457739987589
26.77	0.000022997994209485857
26.78	0.000022941570947153968
26.79	0.000022885307101389544
26.8	0.0000228292021625279
26.810000000000002	0.000022773255622723008
26.82	0.000022717466975940422
26.830000000000002	0.000022661835717950167
26.84	0.00002260636134631953
26.85	0.000022551043360406074
26.86	0.00002249588126135061
26.87	0.000022440874552070098
26.88	0.00002238602273725072
26.89	0.000022331325323340942
26.900000000000002	0.000022276781818544527
26.91	0.00002222239173281377
26.92	0.00002216815457784247
26.93	0.000022114069867059202
26.94	0.00002206013711562055
26.95	0.000022006355840404183
26.96	0.00002195272556000225
26.97	0.000021899245794714607
26.98	0.000021845916066542096
26.990000000000002	0.00002179273589918002
27.	0.000021739704818011304
27.01	0.000021686822350100063
27.02	0.000021634088024184994
27.03	0.00002158150137067277
27.04	0.000021529061921631532
27.05	0.000021476769210784494
27.060000000000002	0.000021424622773503384
27.07	0.000021372622146801987
27.080000000000002	0.000021320766869329874
27.09	0.000021269056481365885
27.1	0.000021217490524811827
27.11	0.000021166068543186176
27.12	0.000021114790081617705
27.13	0.000021063654686839336
27.14	0.00002101266190718175
27.150000000000002	0.000020961811292567216
27.16	0.000020911102394503538
27.17	0.00002086053476607766
27.18	0.000020810107961949658
27.19	0.000020759821538346638
27.2	0.000020709675053056617
27.21	0.000020659668065422413
27.22	0.000020609800136335727
27.23	0.000020560070828230982
27.240000000000002	0.00002051047970507951
27.25	0.00002046102633238345
27.26	0.00002041171027716988
27.27	0.00002036253110798488
27.28	0.00002031348839488769
27.29	0.000020264581709444832
27.3	0.000020215810624724262
27.310000000000002	0.000020167174715289547
27.32	0.000020118673557194136
27.330000000000002	0.000020070306727975544
27.34	0.000020022073806649647
27.35	0.00001997397437370494
27.36	0.00001992600801109692
27.37	0.00001987817430224237
27.38	0.000019830472832013684
27.39	0.000019782903186733294
27.400000000000002	0.00001973546495416817
27.41	0.000019688157723524005
27.42	0.000019640981085439958
27.43	0.00001959393463198294
27.44	0.000019547017956642142
27.45	0.00001950023065432372
27.46	0.000019453572321345025
27.47	0.000019407042555429547
27.48	0.000019360640955701215
27.490000000000002	0.00001931436712267915
27.5	0.00001926822065827231
27.51	0.00001922220116577408
27.52	0.000019176308249857037
27.53	0.00001913054151656759
27.54	0.000019084900573320784
27.55	0.000019039385028894918
27.560000000000002	0.000018993994493426472
27.57	0.000018948728578404814
27.580000000000002	0.00001890358689666704
27.59	0.000018858569062392824
27.6	0.000018813674691099218
27.61	0.00001876890339963559
27.62	0.00001872425480617856
27.63	0.000018679728530226877
27.64	0.000018635324192596278
27.650000000000002	0.00001859104141541468
27.66	0.000018546879822116917
27.67	0.000018502839037439922
27.68	0.000018458918687417716
27.69	0.000018415118399376385
27.7	0.00001837143780192925
27.71	0.000018327876524971894
27.72	0.000018284434199677287
27.73	0.000018241110458490974
27.740000000000002	0.000018197904935126158
27.75	0.000018154817264558877
27.76	0.000018111847083023253
27.77	0.00001806899402800663
27.78	0.000018026257738244877
27.79	0.000017983637853717595
27.8	0.000017941134015643438
27.810000000000002	0.000017898745866475286
27.82	0.000017856473049895743
27.830000000000002	0.000017814315210812336
27.84	0.000017772271995352885
27.85	0.000017730343050860855
27.86	0.000017688528025890828
27.87	0.000017646826570203847
27.88	0.000017605238334762853
27.89	0.00001756376297172812
27.900000000000002	0.00001752240013445279
27.91	0.000017481149477478254
27.92	0.000017440010656529677
27.93	0.000017398983328511612
27.94	0.000017358067151503432
27.95	0.00001731726178475495
27.96	0.00001727656688868197
27.97	0.000017235982124861875
27.98	0.00001719550715602925
27.990000000000002	0.000017155141646071548
28.	0.000017114885260024695
28.01	0.000017074737664068757
28.02	0.000017034698525523655
28.03	0.000016994767512844838
28.04	0.000016954944295619038
28.05	0.00001691522854455995
28.060000000000002	0.000016875619931504077
28.07	0.000016836118129406416
28.080000000000002	0.000016796722812336307
28.09	0.000016757433655473238
28.1	0.000016718250335102563
28.11	0.000016679172528611536
28.12	0.000016640199914485018
28.13	0.00001660133217230144
28.14	0.000016562568982728617
28.150000000000002	0.000016523910027519745
28.16	0.000016485354989509277
28.17	0.000016446903552608826
28.18	0.00001640855540180328
28.19	0.00001637031022314659
28.2	0.000016332167703757852
28.21	0.000016294127531817392
28.22	0.00001625618939656261
28.23	0.000016218352988284232
28.240000000000002	0.000016180617998322185
28.25	0.000016142984119061808
28.26	0.000016105451043929852
28.27	0.00001606801846739064
28.28	0.000016030686084942203
28.29	0.000015993453593112324
28.3	0.00001595632068945483
28.310000000000002	0.000015919287072545648
28.32	0.00001588235244197905
28.330000000000002	0.00001584551649836381
28.34	0.000015808778943319523
28.35	0.0000157721394794727
28.36	0.000015735597810453102
28.37	0.00001569915364088997
28.38	0.000015662806676408343
28.39	0.00001562655662362533
28.400000000000002	0.000015590403190146395
28.41	0.000015554346084561695
28.42	0.00001551838501644243
28.43	0.00001548251969633722
28.44	0.000015446749835768398
28.45	0.000015411075147228493
28.46	0.00001537549534417653
28.47	0.00001534001014103448
28.48	0.000015304619253183733
28.490000000000002	0.000015269322396961506
28.5	0.000015234119289657254
28.51	0.000015199009649509207
28.52	0.000015163993195700828
28.53	0.000015129069648357318
28.54	0.000015094238728542107
28.55	0.000015059500158253436
28.560000000000002	0.000015032355959645092
28.57	0.000015007153096358023
28.580000000000002	0.000014982001285276395
28.59	0.000014956900405177598
28.6	0.000014931850335169114
28.61	0.000014906850954687485
28.62	0.000014881902143497359
28.63	0.000014857003781690429
28.64	0.000014832155749684464
28.650000000000002	0.000014807357928222279
28.66	0.000014782610198370778
28.67	0.000014757912441519924
28.68	0.000014733264539381761
28.69	0.000014708666373989457
28.7	0.000014684117827696261
28.71	0.000014659618783174566
28.72	0.000014635169123414915
28.73	0.000014610768731725056
28.740000000000002	0.000014586417491728916
28.75	0.000014562115287365741
28.76	0.000014537862002888977
28.77	0.000014513657522865443
28.78	0.000014489501732174314
28.79	0.000014465394516006189
28.8	0.000014441335759862131
28.810000000000002	0.0000144173253495527
28.82	0.000014393363171197033
28.830000000000002	0.000014369449111221944
28.84	0.000014345583056360888
28.85	0.000014321764893653118
28.86	0.000014297994510442689
28.87	0.00001427427179437758
28.88	0.00001425059663340877
28.89	0.000014226968915789219
28.900000000000002	0.00001420338853007312
28.91	0.000014179855365114814
28.92	0.000014156369310067998
28.93	0.000014132930254384772
28.94	0.000014109538087814667
28.95	0.000014086192700403884
28.96	0.000014062893982494293
28.97	0.000014039641824722574
28.98	0.000014016436118019227
28.990000000000002	0.000013993276753607876
29.	0.00001397016362300418
29.01	0.000013947096618015125
29.02	0.000013924075630737947
29.03	0.000013901100553559453
29.04	0.000013878171279155015
29.05	0.000013855287700487681
29.060000000000002	0.00001383244971080746
29.07	0.000013809657203650283
29.080000000000002	0.000013786910072837235
29.09	0.000013764208212473646
29.1	0.000013741551516948241
29.11	0.000013718939880932368
29.12	0.000013696373199379004
29.13	0.000013673851367521998
29.14	0.000013651374280875197
29.150000000000002	0.000013628941835231615
29.16	0.000013606553926662602
29.17	0.000013584210451516928
29.18	0.000013561911306420054
29.19	0.000013539656388273249
29.2	0.00001351744559425275
29.21	0.000013495278821808942
29.22	0.000013473155968665573
29.23	0.000013451076932818825
29.240000000000002	0.000013429041612536657
29.25	0.000013407049906357845
29.26	0.000013385101713091229
29.27	0.000013363196931814906
29.28	0.000013341335461875412
29.29	0.00001331951720288691
29.3	0.000013297742054730403
29.310000000000002	0.000013276009917552918
29.32	0.000013254320691766728
29.330000000000002	0.000013232674278048523
29.34	0.000013211070577338678
29.35	0.00001318950949084037
29.36	0.000013167990920018896
29.37	0.000013146514766600843
29.38	0.00001312508093257324
29.39	0.000013103689320182909
29.400000000000002	0.000013082339831935618
29.41	0.00001306103237059528
29.42	0.000013039766839183229
29.43	0.000013018543140977436
29.44	0.000012997361179511725
29.45	0.00001297622085857507
29.46	0.000012955122082210747
29.47	0.000012934064754715657
29.48	0.000012913048780639494
29.490000000000002	0.000012892074064784072
29.5	0.0000128711405122025
29.51	0.000012850248028198495
29.52	0.000012829396518325563
29.53	0.000012808585888386343
29.54	0.000012787816044431827
29.55	0.000012767086892760584
29.560000000000002	0.000012746398339918083
29.57	0.000012725750292695907
29.580000000000002	0.000012705142658131088
29.59	0.000012684575343505305
29.6	0.000012664048256344192
29.61	0.000012643561304416645
29.62	0.000012623114395734035
29.63	0.00001260270743854955
29.64	0.000012582340341357413
29.650000000000002	0.000012562013012892253
29.66	0.000012541725362128317
29.67	0.000012521477298278779
29.68	0.000012501268730795074
29.69	0.000012481099569366132
29.7	0.00001246096972391773
29.71	0.000012440879104611736
29.72	0.000012420827621845449
29.73	0.000012400815186250908
29.740000000000002	0.00001238084170869417
29.75	0.000012360907100274647
29.76	0.00001234101127232441
29.77	0.000012321154136407484
29.78	0.000012301335604319159
29.79	0.00001228155558808533
29.8	0.00001226181399996186
29.810000000000002	0.000012242110752433789
29.82	0.000012222445758214756
29.830000000000002	0.000012202818930246274
29.84	0.000012183230181697108
29.85	0.000012163679425962552
29.86	0.00001214416657666379
29.87	0.000012124691547647226
29.88	0.000012105254252983828
29.89	0.000012085854606968451
29.900000000000002	0.000012066492524119209
29.91	0.000012047167919176788
29.92	0.000012027880707103813
29.93	0.000012008630803084178
29.94	0.000011989418122522425
29.95	0.000011970242581043049
29.96	0.000011951104094489912
29.97	0.000011932002578925553
29.98	0.000011912937950630583
29.990000000000002	0.000011893910126102983
30.	0.00001187491902205757
30.01	0.00001185596455542528
30.02	0.000011837046643352535
30.03	0.00001181816520320067
30.04	0.00001179932015254526
30.05	0.000011780511409175478
30.060000000000002	0.000011761738891093546
30.07	0.000011743002516514026
30.080000000000002	0.000011724302203863267
30.09	0.000011705637871778711
30.1	0.000011687009439108376
30.11	0.000011668416824910148
30.12	0.000011649859948451209
30.13	0.000011631338729207444
30.14	0.00001161285308686282
30.150000000000002	0.00001159440294130876
30.16	0.000011575988212643548
30.17	0.000011557608821171732
30.18	0.00001153926468740354
30.19	0.00001152095573205423
30.2	0.000011502681876043587
30.21	0.000011484443040495186
30.22	0.00001146623914673595
30.23	0.00001144807011629545
30.240000000000002	0.00001142993587090539
30.25	0.000011411836332498945
30.26	0.000011393771423210254
30.27	0.00001137574106537378
30.28	0.000011357745181523751
30.29	0.000011339783694393595
30.3	0.000011321856526915302
30.310000000000002	0.000011303963602218944
30.32	0.000011286104843632035
30.330000000000002	0.00001126828017467893
30.34	0.000011250489519080344
30.35	0.000011232732800752728
30.36	0.000011215009943807695
30.37	0.000011197320872551472
30.38	0.000011179665511484352
30.39	0.000011162043785300122
30.400000000000002	0.000011144455618885472
30.41	0.000011126900937319482
30.42	0.000011109379665873049
30.43	0.000011091891730008339
30.44	0.000011074437055378199
30.45	0.000011057015567825669
30.46	0.000011039627193383382
30.47	0.000011022271858273056
30.48	0.000011004949488904899
30.490000000000002	0.000010987660011877115
30.5	0.000010970403353975344
30.51	0.000010953179442172115
30.52	0.00001093598820362629
30.53	0.000011005125048290554
30.54	0.00001112520960087766
30.55	0.000011246564520369838
30.560000000000002	0.000011369202823453286
30.57	0.000011493137655862639
30.580000000000002	0.000011618382293617533
30.59	0.000011744950144270638