4.738533426554288747e-02 6.154378625387012247e-02 7.215448180105321629e-02 7.399472996627425025e-02 6.642167332424883663e-02 5.287534916250156980e-02 3.977425941665381492e-02 2.827947335572115334e-02 1.998337837269655373e-02 1.415778688760519280e-02 9.403170169177065343e-03 7.451650567736343815e-03 5.477573728637361722e-03 3.689179339417496609e-03 1.652468173706808088e-03 2.900861866810268766e-03 0.000000000000000000e+00 0.000000000000000000e+00 0.000000000000000000e+00 0.000000000000000000e+00 0.000000000000000000e+00 0.000000000000000000e+00 0.000000000000000000e+00 0.000000000000000000e+00
4.726506849634116991e-02 6.150436078609355234e-02 7.225545671705260742e-02 7.504013186274258174e-02 6.784225895212112056e-02 5.402523817243171794e-02 4.022324466806604520e-02 2.841149045388690828e-02 2.078436315208476506e-02 1.440866209553155926e-02 1.024394667549268639e-02 7.045044660577674464e-03 5.939874082830119001e-03 3.648474688054425142e-03 2.810655724449762343e-03 1.707716336737242872e-03 0.000000000000000000e+00 0.000000000000000000e+00 0.000000000000000000e+00 0.000000000000000000e+00 0.000000000000000000e+00 0.000000000000000000e+00 0.000000000000000000e+00 0.000000000000000000e+00
4.886436504669992159e-02 6.312294402782020475e-02 7.455584878252642655e-02 7.743261726815076074e-02 6.991734006674324431e-02 5.565725405409010368e-02 4.067940104931455636e-02 2.945269157432799448e-02 2.115086039841015259e-02 1.483709626568004321e-02 1.056240787125996630e-02 7.939719822781597658e-03 6.210509510926661564e-03 4.160429886057351832e-03 2.003625060250865259e-03 1.821819367464759488e-03 0.000000000000000000e+00 0.000000000000000000e+00 0.000000000000000000e+00 0.000000000000000000e+00 0.000000000000000000e+00 0.000000000000000000e+00 0.000000000000000000e+00 0.000000000000000000e+00
4.715834204963224169e-02 6.186687102350697798e-02 7.340444242226706884e-02 7.675092283186607522e-02 6.971534228151475554e-02 5.607897982969597267e-02 4.132951318601876811e-02 2.961594912211926514e-02 2.112079844880282442e-02 1.505763220279364434e-02 1.080037781579537733e-02 7.730836731104409262e-03 5.124294457861833241e-03 2.810011716285483029e-03 2.476820746318419194e-03 1.653031536991678239e-03 0.000000000000000000e+00 0.000000000000000000e+00 0.000000000000000000e+00 0.000000000000000000e+00 0.000000000000000000e+00 0.000000000000000000e+00 0.000000000000000000e+00 0.000000000000000000e+00
4.742815926556166045e-02 6.205392386982278713e-02 7.368185786015882255e-02 7.747523199947346784e-02 7.131650252568975945e-02 5.715601099338507574e-02 4.260620565388205383e-02 3.040834505229379758e-02 2.175285259796359491e-02 1.573937330021644987e-02 1.189577735212625151e-02 7.955176747487781308e-03 6.680764461778682627e-03 4.698494435436673805e-03 4.771631564447622459e-03 8.405955677960334684e-04 0.000000000000000000e+00 0.000000000000000000e+00 0.000000000000000000e+00 0.000000000000000000e+00 0.000000000000000000e+00 0.000000000000000000e+00 0.000000000000000000e+00 0.000000000000000000e+00
4.744339328676165646e-02 6.234695834600210984e-02 7.466788004235791476e-02 7.858678487032624838e-02 7.197297685118500543e-02 5.809810358675703695e-02 4.305352808647393281e-02 3.088257577210115623e-02 2.247943457746178972e-02 1.557547532986046021e-02 1.162288955689436479e-02 8.275215126968750445e-03 6.212515301962613819e-03 2.554788383761978036e-03 2.586534230461795189e-03 2.744525298380835060e-03 0.000000000000000000e+00 0.000000000000000000e+00 0.000000000000000000e+00 0.000000000000000000e+00 0.000000000000000000e+00 0.000000000000000000e+00 0.000000000000000000e+00 0.000000000000000000e+00
4.725334994568099189e-02 6.231080520321637117e-02 7.500660485434881841e-02 7.929717467073381376e-02 7.311783997334317386e-02 5.938459948711186792e-02 4.403584990094538965e-02 3.178423426003543217e-02 2.279991047889145042e-02 1.584100619539789007e-02 1.139489578705955158e-02 9.178023838335224588e-03 6.056176669326307840e-03 4.853486239508844786e-03 2.971529071481266750e-03 3.073934554663289211e-03 0.000000000000000000e+00 0.000000000000000000e+00 0.000000000000000000e+00 0.000000000000000000e+00 0.000000000000000000e+00 0.000000000000000000e+00 0.000000000000000000e+00 0.000000000000000000e+00
4.701064534751641516e-02 6.229295950193060316e-02 7.475542651915183245e-02 7.992851333546063808e-02 7.441518671138361296e-02 6.083689551424083242e-02 4.497111085214500897e-02 3.219404046582405310e-02 2.323765914498899729e-02 1.646230934216500602e-02 1.135831459874679650e-02 7.995187292650687491e-03 5.726256882341717799e-03 3.909113176860023672e-03 3.227431674625625552e-03 2.716213803404474332e-03 0.000000000000000000e+00 0.000000000000000000e+00 0.000000000000000000e+00 0.000000000000000000e+00 0.000000000000000000e+00 0.000000000000000000e+00 0.000000000000000000e+00 0.000000000000000000e+00
4.718193136593472337e-02 6.263486666700104899e-02 7.543010056560139898e-02 8.043847421304092804e-02 7.508750629326554904e-02 6.108826183759451245e-02 4.579111337901825562e-02 3.429323934704123222e-02 2.387437222169403947e-02 1.687900013963242532e-02 1.215828670339291241e-02 9.412427754781550748e-03 6.406909386745562353e-03 3.724511879660159612e-03 3.128173613289626700e-03 2.627610367044331836e-03 0.000000000000000000e+00 0.000000000000000000e+00 0.000000000000000000e+00 0.000000000000000000e+00 0.000000000000000000e+00 0.000000000000000000e+00 0.000000000000000000e+00 0.000000000000000000e+00
5.320454088457486630e-02 6.921712779463867760e-02 8.245663089938368162e-02 8.809844549342564501e-02 8.195523765286552575e-02 6.636259675369063360e-02 4.873537092806020515e-02 3.451365876188704912e-02 2.433311391001698881e-02 1.758450593636414275e-02 1.246356460839315519e-02 8.664289723920819489e-03 6.338245350807529890e-03 4.133899724027741314e-03 3.984903676339503209e-03 2.388369699564899060e-03 0.000000000000000000e+00 0.000000000000000000e+00 0.000000000000000000e+00 0.000000000000000000e+00 0.000000000000000000e+00 0.000000000000000000e+00 0.000000000000000000e+00 0.000000000000000000e+00
4.694884148354847020e-02 6.259545793723353402e-02 7.643896116525854267e-02 8.189675638858667783e-02 7.708675746549366325e-02 6.313790360392407264e-02 4.811789380080375156e-02 3.445917118070569024e-02 2.483613692994590672e-02 1.794942178865282026e-02 1.403036441297682291e-02 8.739338541376491520e-03 6.201537304923732119e-03 5.609409811397768515e-03 2.250743231748176566e-03 2.115312699164336070e-03 0.000000000000000000e+00 0.000000000000000000e+00 0.000000000000000000e+00 0.000000000000000000e+00 0.000000000000000000e+00 0.000000000000000000e+00 0.000000000000000000e+00 0.000000000000000000e+00
4.712357495262137208e-02 6.285063134324461731e-02 7.697011361059842571e-02 8.360578299618914855e-02 7.875049487918933666e-02 6.496034211845208572e-02 4.856545746534608743e-02 3.474144821760619811e-02 2.557735619170718386e-02 1.784910301228781818e-02 1.298463544384306084e-02 8.392099133556228663e-03 6.087102310104566642e-03 4.948325446006714146e-03 4.463220289649242473e-03 3.716787438792925648e-03 0.000000000000000000e+00 0.000000000000000000e+00 0.000000000000000000e+00 0.000000000000000000e+00 0.000000000000000000e+00 0.000000000000000000e+00 0.000000000000000000e+00 0.000000000000000000e+00
4.698014280361044459e-02 6.285384401468852023e-02 7.690304321315787062e-02 8.342241495378811822e-02 7.960326168694797921e-02 6.566826522185674475e-02 4.999384324531091356e-02 3.599486694032037748e-02 2.582353791877875851e-02 1.897700787645123857e-02 1.360606111290749674e-02 9.858397329157856867e-03 7.832981498486780644e-03 5.806258142545631454e-03 4.379291463848630946e-03 2.328502414096532760e-03 0.000000000000000000e+00 0.000000000000000000e+00 0.000000000000000000e+00 0.000000000000000000e+00 0.000000000000000000e+00 0.000000000000000000e+00 0.000000000000000000e+00 0.000000000000000000e+00
4.714488147352589170e-02 6.314655869537844080e-02 7.756389612983831394e-02 8.462118015644634617e-02 8.043969493698095719e-02 6.736414131261296567e-02 5.133016537403252422e-02 3.647704415595158511e-02 2.632822516870257645e-02 1.925402969699228917e-02 1.401717658088194596e-02 1.094806645577464654e-02 7.258379194652102295e-03 5.057464677754943544e-03 3.704654978684992356e-03 3.178475210438881648e-03 0.000000000000000000e+00 0.000000000000000000e+00 0.000000000000000000e+00 0.000000000000000000e+00 0.000000000000000000e+00 0.000000000000000000e+00 0.000000000000000000e+00 0.000000000000000000e+00
4.667258675653729316e-02 6.328932696668046476e-02 7.804252374848928697e-02 8.504994276581383239e-02 8.093080112597533793e-02 6.846962075755225197e-02 5.122799007032968754e-02 3.757373660397120285e-02 2.664309880427560145e-02 1.806336923510660011e-02 1.413300752492645078e-02 9.758903427333955743e-03 8.066663446448310570e-03 4.438719931209650013e-03 3.016111250283503263e-03 2.306132970039756654e-03 0.000000000000000000e+00 0.000000000000000000e+00 0.000000000000000000e+00 0.000000000000000000e+00 0.000000000000000000e+00 0.000000000000000000e+00 0.000000000000000000e+00 0.000000000000000000e+00
4.738253855105626494e-02 6.352474049184614335e-02 7.873604729559195714e-02 8.691688038937278593e-02 8.335930088153012396e-02 6.912347554055377208e-02 5.287481921437660326e-02 3.872636187647639922e-02 2.769230068299299158e-02 1.956859865703577950e-02 1.355829892750973036e-02 9.952676180190996383e-03 8.292186508702370160e-03 4.997519864690733692e-03 3.846580938232062839e-03 2.634353332794705724e-03 0.000000000000000000e+00 0.000000000000000000e+00 0.000000000000000000e+00 0.000000000000000000e+00 0.000000000000000000e+00 0.000000000000000000e+00 0.000000000000000000e+00 0.000000000000000000e+00
4.661864004336840894e-02 6.272094894654865749e-02 7.843535464751522079e-02 8.652836750238461494e-02 8.361766606440575178e-02 7.076973061937510967e-02 5.338255895551321378e-02 3.904911132509995136e-02 2.875761730928942661e-02 2.022998327009816605e-02 1.410109584615604726e-02 1.008841852808012654e-02 7.095943981113281285e-03 4.364607243173958782e-03 4.502027999472969257e-03 2.959902643066760798e-03 0.000000000000000000e+00 0.000000000000000000e+00 0.000000000000000000e+00 0.000000000000000000e+00 0.000000000000000000e+00 0.000000000000000000e+00 0.000000000000000000e+00 0.000000000000000000e+00
4.691274550472735588e-02 6.313316242748673313e-02 7.830505614948518600e-02 8.754641594653994607e-02 8.570221131829949823e-02 7.201834951531847773e-02 5.454340603241374097e-02 3.992421158205484988e-02 2.818487214153259091e-02 2.058560585166372553e-02 1.466975193962809926e-02 9.932887802134077529e-03 7.389489660110605887e-03 5.269425160290833882e-03 3.202073818251163599e-03 2.102815116477348666e-03 0.000000000000000000e+00 0.000000000000000000e+00 0.000000000000000000e+00 0.000000000000000000e+00 0.000000000000000000e+00 0.000000000000000000e+00 0.000000000000000000e+00 0.000000000000000000e+00
4.650226073267557658e-02 6.295558357458590215e-02 7.896608911019462052e-02 8.799635701438268676e-02 8.572796747787914118e-02 7.339936621423207019e-02 5.562228970129571431e-02 4.054015345647668522e-02 2.864908810018986646e-02 2.142814905986901303e-02 1.469801958914163272e-02 1.183199659413136304e-02 8.338539978796586163e-03 4.427673498307671193e-03 3.867194117067289903e-03 1.774796974228711301e-03 0.000000000000000000e+00 0.000000000000000000e+00 0.000000000000000000e+00 0.000000000000000000e+00 0.000000000000000000e+00 0.000000000000000000e+00 0.000000000000000000e+00 0.000000000000000000e+00
4.658056091170950652e-02 6.325270509228218818e-02 7.902816071710838663e-02 8.828898730055849409e-02 8.671844795057970234e-02 7.433979531143831976e-02 5.679395487511466889e-02 4.081953705647479308e-02 2.927948459030058417e-02 2.135494890828070619e-02 1.555964385107999962e-02 1.121499854890587768e-02 7.456665571509743518e-03 6.601113865503151386e-03 3.686213195454840063e-03 3.191102753415534302e-03 0.000000000000000000e+00 0.000000000000000000e+00 0.000000000000000000e+00 0.000000000000000000e+00 0.000000000000000000e+00 0.000000000000000000e+00 0.000000000000000000e+00 0.000000000000000000e+00
4.852238713541882908e-02 6.476377359907595221e-02 8.102267420139529219e-02 9.128249085671173713e-02 9.006349724875348239e-02 7.674517341746558974e-02 5.873760571736084957e-02 4.241373135800708544e-02 3.011898043543002890e-02 2.137352020806589439e-02 1.623076985745001283e-02 1.129645836145521526e-02 8.143791676250337896e-03 5.610384347517930609e-03 3.815263048688722920e-03 2.400167130778595777e-03 0.000000000000000000e+00 0.000000000000000000e+00 0.000000000000000000e+00 0.000000000000000000e+00 0.000000000000000000e+00 0.000000000000000000e+00 0.000000000000000000e+00 0.000000000000000000e+00
4.644196127997080037e-02 6.337574480513001596e-02 7.988202681520231718e-02 8.964030236536223162e-02 8.915052141538191977e-02 7.657093032732588400e-02 5.912713587210642607e-02 4.305758609605074561e-02 3.106604752740296793e-02 2.227781119431183898e-02 1.588805360531249031e-02 1.157772204056885246e-02 8.056856487172133624e-03 6.228363881137323477e-03 4.673268150655156272e-03 1.467086873888428242e-03 0.000000000000000000e+00 0.000000000000000000e+00 0.000000000000000000e+00 0.000000000000000000e+00 0.000000000000000000e+00 0.000000000000000000e+00 0.000000000000000000e+00 0.000000000000000000e+00
4.667975199873533598e-02 6.345415348426952651e-02 8.025508740951549369e-02 9.121203426654575508e-02 9.076791690697585957e-02 7.753327124664825820e-02 6.091973741216496346e-02 4.449065791676407033e-02 3.103184943519383260e-02 2.270535899678235991e-02 1.591257633351775280e-02 1.216509154200130088e-02 8.731154207996784378e-03 5.147762610474534810e-03 3.031349329352831055e-03 2.150453434794297874e-03 0.000000000000000000e+00 0.000000000000000000e+00 0.000000000000000000e+00 0.000000000000000000e+00 0.000000000000000000e+00 0.000000000000000000e+00 0.000000000000000000e+00 0.000000000000000000e+00
4.657540410603928926e-02 6.333909797225593941e-02 7.988576491372789690e-02 9.180539031312817677e-02 9.122381251486398612e-02 7.927900173289341434e-02 6.096992850868834107e-02 4.422128668757842329e-02 3.235870115145252079e-02 2.328410922969375782e-02 1.701024500093146347e-02 1.291653144805315727e-02 9.013158717981690007e-03 7.292351365089209600e-03 4.071749680067301459e-03 2.736976958938949420e-03 0.000000000000000000e+00 0.000000000000000000e+00 0.000000000000000000e+00 0.000000000000000000e+00 0.000000000000000000e+00 0.000000000000000000e+00 0.000000000000000000e+00 0.000000000000000000e+00
4.624266265696876099e-02 6.338070144238290571e-02 8.098801556428320003e-02 9.218165723573523707e-02 9.157980078727549766e-02 8.012634252298951598e-02 6.259692767361219046e-02 4.669153644798406527e-02 3.272622550201981922e-02 2.303508208350236314e-02 1.564426668922835884e-02 1.161535051342166974e-02 7.763220260497362760e-03 5.315422748666927266e-03 4.400590333510986420e-03 3.722100597183151775e-03 0.000000000000000000e+00 0.000000000000000000e+00 0.000000000000000000e+00 0.000000000000000000e+00 0.000000000000000000e+00 0.000000000000000000e+00 0.000000000000000000e+00 0.000000000000000000e+00
4.631703725724777010e-02 6.350378955580737728e-02 8.090871175803500404e-02 9.249266296573423196e-02 9.331988742700858541e-02 8.174513465321142647e-02 6.362175799987318525e-02 4.711542585512978193e-02 3.314406089095753294e-02 2.395315662892379127e-02 1.779967411836878149e-02 1.237351704869137092e-02 9.451065399505907336e-03 5.248087040576873696e-03 5.253771017874716426e-03 3.166441862904113488e-03 0.000000000000000000e+00 0.000000000000000000e+00 0.000000000000000000e+00 0.000000000000000000e+00 0.000000000000000000e+00 0.000000000000000000e+00 0.000000000000000000e+00 0.000000000000000000e+00
4.851725162041176792e-02 6.508550987302852420e-02 8.260948009499793909e-02 9.487321431362515101e-02 9.614183695938721685e-02 8.471372385597859822e-02 6.532508074793123842e-02 4.762069602378522781e-02 3.392586367868384578e-02 2.404434283172365155e-02 1.685942088269701961e-02 1.243976448240688253e-02 8.790894619279246425e-03 6.664793052118802782e-03 3.819633228876496978e-03 2.724999619448023776e-03 0.000000000000000000e+00 0.000000000000000000e+00 0.000000000000000000e+00 0.000000000000000000e+00 0.000000000000000000e+00 0.000000000000000000e+00 0.000000000000000000e+00 0.000000000000000000e+00
4.661656494157968150e-02 6.371808334096909499e-02 8.142306816988763296e-02 9.406654090888214026e-02 9.554521718040870359e-02 8.433927915160725763e-02 6.709740110944675817e-02 4.861406725671377216e-02 3.429340770944537542e-02 2.439648363703242687e-02 1.792513745828352989e-02 1.215559463176294451e-02 8.490225695694495617e-03 6.585631177999639110e-03 5.586179860744356143e-03 3.476651705174651618e-03 0.000000000000000000e+00 0.000000000000000000e+00 0.000000000000000000e+00 0.000000000000000000e+00 0.000000000000000000e+00 0.000000000000000000e+00 0.000000000000000000e+00 0.000000000000000000e+00
4.594976640297170761e-02 6.321548403492133206e-02 8.129902553974588386e-02 9.430628153075466813e-02 9.588031278452371908e-02 8.547122083636099488e-02 6.686464119818119611e-02 4.923788673231199731e-02 3.510233347287180367e-02 2.499408613680839317e-02 1.760267973918602444e-02 1.255223454545252582e-02 9.191733093007376648e-03 5.410472682171008421e-03 5.455488974108755121e-03 4.696297311749657657e-03 0.000000000000000000e+00 0.000000000000000000e+00 0.000000000000000000e+00 0.000000000000000000e+00 0.000000000000000000e+00 0.000000000000000000e+00 0.000000000000000000e+00 0.000000000000000000e+00
4.669003377483408462e-02 6.400330321161622205e-02 8.223947942641414433e-02 9.581913744603595684e-02 9.820110969915912813e-02 8.737400351925421471e-02 6.863856318395876455e-02 4.988908742954994285e-02 3.570372110047013298e-02 2.524146172072816441e-02 1.816390838879855529e-02 1.396528867768739857e-02 8.773139490082636910e-03 6.009432863384352175e-03 3.609659689862176370e-03 4.722626671176962700e-03 0.000000000000000000e+00 0.000000000000000000e+00 0.000000000000000000e+00 0.000000000000000000e+00 0.000000000000000000e+00 0.000000000000000000e+00 0.000000000000000000e+00 0.000000000000000000e+00
4.601399585369307654e-02 6.351142308256647884e-02 8.219228443750858926e-02 9.558458562254787405e-02 9.860806301706663557e-02 8.797252469770161509e-02 6.936722745206619356e-02 5.136863065888077479e-02 3.617734556150312142e-02 2.674962169377355023e-02 1.884080356780976073e-02 1.414118581041195338e-02 9.271906932067204565e-03 8.395114469352550277e-03 4.959388908942164061e-03 3.768021795933709003e-03 0.000000000000000000e+00 0.000000000000000000e+00 0.000000000000000000e+00 0.000000000000000000e+00 0.000000000000000000e+00 0.000000000000000000e+00 0.000000000000000000e+00 0.000000000000000000e+00
4.575942071782116566e-02 6.322768469068132391e-02 8.183943100561313910e-02 9.566672300106786320e-02 9.892718965955496491e-02 8.907825519937984105e-02 6.997650206658836969e-02 5.241691006802537411e-02 3.794693136527748506e-02 2.643517703289400764e-02 1.998351173162415603e-02 1.350404879729207377e-02 1.128610921715692689e-02 8.557296528874746774e-03 4.512195250981568956e-03 4.988838129720604697e-03 0.000000000000000000e+00 0.000000000000000000e+00 0.000000000000000000e+00 0.000000000000000000e+00 0.000000000000000000e+00 0.000000000000000000e+00 0.000000000000000000e+00 0.000000000000000000e+00
4.560709341505266717e-02 6.342648852434001894e-02 8.220011713130076503e-02 9.642109789576282231e-02 1.005067436625169536e-01 9.047234611674952187e-02 7.226612599366777356e-02 5.203385324132831641e-02 3.824240690452965219e-02 2.741757044861710402e-02 1.918024126409066665e-02 1.416215224307925367e-02 9.139751300516738008e-03 7.131672346134406218e-03 3.732776727571319748e-03 4.905986001856280955e-03 0.000000000000000000e+00 0.000000000000000000e+00 0.000000000000000000e+00 0.000000000000000000e+00 0.000000000000000000e+00 0.000000000000000000e+00 0.000000000000000000e+00 0.000000000000000000e+00
4.561091945721023472e-02 6.315854061373650519e-02 8.222696852402383572e-02 9.732416446872824145e-02 1.012029353815891569e-01 9.135203857890410173e-02 7.295125338794737624e-02 5.426759716456004690e-02 3.860049995448688875e-02 2.767196938538862144e-02 2.047968057359465105e-02 1.409397929754474185e-02 9.389759288908569937e-03 6.896351531466431845e-03 3.757959730131465222e-03 2.564906920753592771e-03 0.000000000000000000e+00 0.000000000000000000e+00 0.000000000000000000e+00 0.000000000000000000e+00 0.000000000000000000e+00 0.000000000000000000e+00 0.000000000000000000e+00 0.000000000000000000e+00
4.561715577199231680e-02 6.338811104421276932e-02 8.286530062076646885e-02 9.803550013223277793e-02 1.026554828270234559e-01 9.312109100494808667e-02 7.365842815413198297e-02 5.499179445756732093e-02 3.896939441797383358e-02 2.854502139722878834e-02 2.094295618415090848e-02 1.350797995277315360e-02 1.025320851355591284e-02 6.171533631767629410e-03 5.372868874686132813e-03 3.303430060678671284e-03 0.000000000000000000e+00 0.000000000000000000e+00 0.000000000000000000e+00 0.000000000000000000e+00 0.000000000000000000e+00 0.000000000000000000e+00 0.000000000000000000e+00 0.000000000000000000e+00
4.527136961864153264e-02 6.305270900704450232e-02 8.275931771332011022e-02 9.841307076513519658e-02 1.024721048952050712e-01 9.382715004159480898e-02 7.474513272190957958e-02 5.592789465467252336e-02 3.981282299340242053e-02 2.908284684122170241e-02 2.043112655556392210e-02 1.439019122296111841e-02 1.002706656807672222e-02 8.892633526215084142e-03 6.989613194112244063e-03 4.144787860211277680e-03 0.000000000000000000e+00 0.000000000000000000e+00 0.000000000000000000e+00 0.000000000000000000e+00 0.000000000000000000e+00 0.000000000000000000e+00 0.000000000000000000e+00 0.000000000000000000e+00
4.537216541350801852e-02 6.308537771975403219e-02 8.317235890286320266e-02 9.895288850054997920e-02 1.035151703187902894e-01 9.521266181209728230e-02 7.677573247476844609e-02 5.736561837205217396e-02 4.121972946079308781e-02 2.986179638781055745e-02 2.132129932285285051e-02 1.455368647458587725e-02 1.048613852266371688e-02 7.573203375550287622e-03 5.282815826823230275e-03 3.011816607991064671e-03 0.000000000000000000e+00 0.000000000000000000e+00 0.000000000000000000e+00 0.000000000000000000e+00 0.000000000000000000e+00 0.000000000000000000e+00 0.000000000000000000e+00 0.000000000000000000e+00
4.570867213923919536e-02 6.358260615518211700e-02 8.357595134839718165e-02 9.942509516950145954e-02 1.054816884565356050e-01 9.638788150320912185e-02 7.823655993513438378e-02 5.785222102944700961e-02 4.191037390288261666e-02 3.041304906550813814e-02 2.242011587328644751e-02 1.455366177732955388e-02 1.122350718408555124e-02 7.126308946528625912e-03 4.954519587241417063e-03 4.993967984752594770e-03 0.000000000000000000e+00 0.000000000000000000e+00 0.000000000000000000e+00 0.000000000000000000e+00 0.000000000000000000e+00 0.000000000000000000e+00 0.000000000000000000e+00 0.000000000000000000e+00
4.494153103433333463e-02 6.303522481459865323e-02 8.339545626456218441e-02 9.963162779852874351e-02 1.055688177729644378e-01 9.728698163166031587e-02 7.899039155974062199e-02 5.910295049438136356e-02 4.236569314956226823e-02 3.094988904371764535e-02 2.246713125209382628e-02 1.634065236498850535e-02 1.185569165747677942e-02 6.787769510653636484e-03 6.773883127257996316e-03 6.437208428445979035e-03 0.000000000000000000e+00 0.000000000000000000e+00 0.000000000000000000e+00 0.000000000000000000e+00 0.000000000000000000e+00 0.000000000000000000e+00 0.000000000000000000e+00 0.000000000000000000e+00
4.490350161942279622e-02 6.270022799170815730e-02 8.283802843644892666e-02 1.000105370781884107e-01 1.068420609321069359e-01 9.866727637005684448e-02 8.054348226037710834e-02 6.008623108055772405e-02 4.350217090243427287e-02 3.105591987527682452e-02 2.252403667118762359e-02 1.551206327767017806e-02 1.133278960841375103e-02 7.200491601457211129e-03 6.314109950991292700e-03 4.079259449172924559e-03 0.000000000000000000e+00 0.000000000000000000e+00 0.000000000000000000e+00 0.000000000000000000e+00 0.000000000000000000e+00 0.000000000000000000e+00 0.000000000000000000e+00 0.000000000000000000e+00
4.484027177576317691e-02 6.289517787050100117e-02 8.338643518482648231e-02 1.010811025283758352e-01 1.076043670110382461e-01 1.003384232294214362e-01 8.112729528933759759e-02 6.039007060443798980e-02 4.372439839894111391e-02 3.111299020775687083e-02 2.304965536071740956e-02 1.756748689397589699e-02 1.192054426188559300e-02 9.072566313410081532e-03 9.832695076596072170e-03 4.577605247683858014e-03 0.000000000000000000e+00 0.000000000000000000e+00 0.000000000000000000e+00 0.000000000000000000e+00 0.000000000000000000e+00 0.000000000000000000e+00 0.000000000000000000e+00 0.000000000000000000e+00
4.481625558032731327e-02 6.286675051598036856e-02 8.335201629694014014e-02 1.014592840836155280e-01 1.084219817693010401e-01 1.015856429744464579e-01 8.249107019983539790e-02 6.175563968078899568e-02 4.610819535205733233e-02 3.208821049937293779e-02 2.286250723079747207e-02 1.570934681727529855e-02 1.180365397069941570e-02 7.604861204927754539e-03 6.020033384213566499e-03 5.537532206889283007e-03 0.000000000000000000e+00 0.000000000000000000e+00 0.000000000000000000e+00 0.000000000000000000e+00 0.000000000000000000e+00 0.000000000000000000e+00 0.000000000000000000e+00 0.000000000000000000e+00
4.461865537846907565e-02 6.274559952036457000e-02 8.390020963621683259e-02 1.016107578161205283e-01 1.095942762385209990e-01 1.016593222748802539e-01 8.435476611004774639e-02 6.307584592697486336e-02 4.536896049366530986e-02 3.341059994390904730e-02 2.334384028432938407e-02 1.667253690510725819e-02 1.178444590229929707e-02 9.864044002864402055e-03 6.915422985866721654e-03 5.017228621568365667e-03 0.000000000000000000e+00 0.000000000000000000e+00 0.000000000000000000e+00 0.000000000000000000e+00 0.000000000000000000e+00 0.000000000000000000e+00 0.000000000000000000e+00 0.000000000000000000e+00
4.470009281065800283e-02 6.265467682967552909e-02 8.367743926799026122e-02 1.017395258579544964e-01 1.095060947197323692e-01 1.042730070985590507e-01 8.560946264768998226e-02 6.446865773733012617e-02 4.682348835122312342e-02 3.472271430918312529e-02 2.419207280284833492e-02 1.689668269267102438e-02 1.231027612753588657e-02 7.491508314420140986e-03 6.710104050380489432e-03 6.769676055196679337e-03 0.000000000000000000e+00 0.000000000000000000e+00 0.000000000000000000e+00 0.000000000000000000e+00 0.000000000000000000e+00 0.000000000000000000e+00 0.000000000000000000e+00 0.000000000000000000e+00
4.442433122498291864e-02 6.251273626373878012e-02 8.322522741432697435e-02 1.023108345523879859e-01 1.106267637528978998e-01 1.047539037182612653e-01 8.662442733092806657e-02 6.588976721200476283e-02 4.708573816517591659e-02 3.401055935975780958e-02 2.487797905540783949e-02 1.840782501519717951e-02 1.146542909362176579e-02 9.752722396002472260e-03 7.746456981792604335e-03 7.563657861711405896e-03 0.000000000000000000e+00 0.000000000000000000e+00 0.000000000000000000e+00 0.000000000000000000e+00 0.000000000000000000e+00 0.000000000000000000e+00 0.000000000000000000e+00 0.000000000000000000e+00
4.436232839872968764e-02 6.256387004508860705e-02 8.356721200939826177e-02 1.022790378869343209e-01 1.119813330186320566e-01 1.066371808403109855e-01 8.887498417327442668e-02 6.551006930514448323e-02 4.788620134083773627e-02 3.464938360716586507e-02 2.421325236422271210e-02 1.787855576860260948e-02 1.232285459951417035e-02 7.774360106330660547e-03 6.504478762228231223e-03 5.495419116323846040e-03 0.000000000000000000e+00 0.000000000000000000e+00 0.000000000000000000e+00 0.000000000000000000e+00 0.000000000000000000e+00 0.000000000000000000e+00 0.000000000000000000e+00 0.000000000000000000e+00
4.436830447715306436e-02 6.257203851765816283e-02 8.362869652583097835e-02 1.031239034785547404e-01 1.125577979589784949e-01 1.075643567703416931e-01 8.976515929310652231e-02 6.714957398442321368e-02 4.888092769164484319e-02 3.507331132888401315e-02 2.500260617714634981e-02 1.849704232315304078e-02 1.212613466463825784e-02 8.189391816288424733e-03 5.354117610429840607e-03 4.492583880408036918e-03 0.000000000000000000e+00 0.000000000000000000e+00 0.000000000000000000e+00 0.000000000000000000e+00 0.000000000000000000e+00 0.000000000000000000e+00 0.000000000000000000e+00 0.000000000000000000e+00
4.426837817140830827e-02 6.258253513153225200e-02 8.412455807316226997e-02 1.033817806127537708e-01 1.132657942476850421e-01 1.082582161515592001e-01 9.159046076042351436e-02 6.893337666105303629e-02 4.996783007103908214e-02 3.598675936623650651e-02 2.509727743362901581e-02 1.921025854113336123e-02 1.320853390860484908e-02 9.240966941704953364e-03 6.314917709403934654e-03 2.831769783549699122e-03 0.000000000000000000e+00 0.000000000000000000e+00 0.000000000000000000e+00 0.000000000000000000e+00 0.000000000000000000e+00 0.000000000000000000e+00 0.000000000000000000e+00 0.000000000000000000e+00
4.410430843396694056e-02 6.232364083413782785e-02 8.400168233595052547e-02 1.033743640935263775e-01 1.135422408381953213e-01 1.100202230870798437e-01 9.270670993350224598e-02 7.082141089058130445e-02 5.053366911401861034e-02 3.661355214446221362e-02 2.561312984831266848e-02 1.826363786421610416e-02 1.302595849681451728e-02 1.123772088653115023e-02 5.402611421786837967e-03 6.187894060185812270e-03 0.000000000000000000e+00 0.000000000000000000e+00 0.000000000000000000e+00 0.000000000000000000e+00 0.000000000000000000e+00 0.000000000000000000e+00 0.000000000000000000e+00 0.000000000000000000e+00
4.402036843608307659e-02 6.232441290640627907e-02 8.398814535279609805e-02 1.045712672739047555e-01 1.152416727239299887e-01 1.111749214612813841e-01 9.350204003252683693e-02 7.103818124983053706e-02 5.188598099942964836e-02 3.698269333705855172e-02 2.695184347109235573e-02 2.005523990890185904e-02 1.310620457754198623e-02 1.144935588334309966e-02 7.150890226611271439e-03 4.775028225353522907e-03 0.000000000000000000e+00 0.000000000000000000e+00 0.000000000000000000e+00 0.000000000000000000e+00 0.000000000000000000e+00 0.000000000000000000e+00 0.000000000000000000e+00 0.000000000000000000e+00
4.373244259349676200e-02 6.204288291748657341e-02 8.377448135060464041e-02 1.044125127876742443e-01 1.158447587656388222e-01 1.128096713543207397e-01 9.484764316949489960e-02 7.164073459416346601e-02 5.247014144071221464e-02 3.706379514420257704e-02 2.643923886462063583e-02 1.886790558036862547e-02 1.325464502436224899e-02 1.111514072912252356e-02 6.241516141221665342e-03 2.703656796805695671e-03 0.000000000000000000e+00 0.000000000000000000e+00 0.000000000000000000e+00 0.000000000000000000e+00 0.000000000000000000e+00 0.000000000000000000e+00 0.000000000000000000e+00 0.000000000000000000e+00
4.367257069056692392e-02 6.215328534680943789e-02 8.404741436337233307e-02 1.049682693861433702e-01 1.171518599228188601e-01 1.137440406564277917e-01 9.603540058091637743e-02 7.378016832725853291e-02 5.428902420679976998e-02 3.798826101697529156e-02 2.669671257715987983e-02 1.965533096310674230e-02 1.459031667885099873e-02 1.159223239788863616e-02 6.732137264223339405e-03 9.164268821182567845e-03 0.000000000000000000e+00 0.000000000000000000e+00 0.000000000000000000e+00 0.000000000000000000e+00 0.000000000000000000e+00 0.000000000000000000e+00 0.000000000000000000e+00 0.000000000000000000e+00
4.393472844826706164e-02 6.226914890730265995e-02 8.433244720106670977e-02 1.049036073999442126e-01 1.183185610281712596e-01 1.151973122276884615e-01 9.763179294681549603e-02 7.485921151721242062e-02 5.422064968542086860e-02 3.945636519485878208e-02 2.777954078368456356e-02 2.121335348747330554e-02 1.549064138002522080e-02 1.065402801577363702e-02 8.080890163141183150e-03 4.375883373681555000e-03 0.000000000000000000e+00 0.000000000000000000e+00 0.000000000000000000e+00 0.000000000000000000e+00 0.000000000000000000e+00 0.000000000000000000e+00 0.000000000000000000e+00 0.000000000000000000e+00
4.372724108186537562e-02 6.205247210101368094e-02 8.425793042573684333e-02 1.061424652036163790e-01 1.186942851743184313e-01 1.160552381876249622e-01 9.910164517294774156e-02 7.539196008926768444e-02 5.498140371812204608e-02 4.015179469147871216e-02 2.920678417375629360e-02 1.962533108116783914e-02 1.440572411227461838e-02 1.005029620217145862e-02 6.296310321000003762e-03 3.463829377987903430e-03 0.000000000000000000e+00 0.000000000000000000e+00 0.000000000000000000e+00 0.000000000000000000e+00 0.000000000000000000e+00 0.000000000000000000e+00 0.000000000000000000e+00 0.000000000000000000e+00
4.360472705870371835e-02 6.204808017824132993e-02 8.436089916645600484e-02 1.057723310487352075e-01 1.187139275431859931e-01 1.169624897983987943e-01 1.004922093438214287e-01 7.726474891438589454e-02 5.595640073294596423e-02 3.952767630116873349e-02 3.000064267320665112e-02 2.054369463208219337e-02 1.463479558387617563e-02 1.010396913212395671e-02 6.311513765662279604e-03 5.173198832598922478e-03 0.000000000000000000e+00 0.000000000000000000e+00 0.000000000000000000e+00 0.000000000000000000e+00 0.000000000000000000e+00 0.000000000000000000e+00 0.000000000000000000e+00 0.000000000000000000e+00
4.499011768361714514e-02 6.293031339631849352e-02 8.499302017561061184e-02 1.071508421613229511e-01 1.206484911619543909e-01 1.197704041053653107e-01 1.028114250786535538e-01 7.859545170760112720e-02 5.709923420785083942e-02 4.064026565913607392e-02 2.940104940767591241e-02 2.085182538667002330e-02 1.476605079827093825e-02 9.705203254879207070e-03 5.763113994676624316e-03 5.724832523846690863e-03 0.000000000000000000e+00 0.000000000000000000e+00 0.000000000000000000e+00 0.000000000000000000e+00 0.000000000000000000e+00 0.000000000000000000e+00 0.000000000000000000e+00 0.000000000000000000e+00
4.370510543011603410e-02 6.196124664899889389e-02 8.436082719992581136e-02 1.067747203080442187e-01 1.212639388355999104e-01 1.197207404035911388e-01 1.032098531508326422e-01 8.042171623622808296e-02 5.776594681565512535e-02 4.216749004957723312e-02 2.884545768786163367e-02 2.055325045286029301e-02 1.572838550618200354e-02 1.038312087831022579e-02 8.239182443827514080e-03 4.141537183506043517e-03 0.000000000000000000e+00 0.000000000000000000e+00 0.000000000000000000e+00 0.000000000000000000e+00 0.000000000000000000e+00 0.000000000000000000e+00 0.000000000000000000e+00 0.000000000000000000e+00
4.313758054534826136e-02 6.171138287698786640e-02 8.446611490044662884e-02 1.071520257978928331e-01 1.212589980116049043e-01 1.208188408160150440e-01 1.038940282996441700e-01 8.165809424108351477e-02 5.924258742187196031e-02 4.259295374763173020e-02 3.098933568274476330e-02 2.257958926905803687e-02 1.429733814339562148e-02 1.031921825562878876e-02 9.401901629496627402e-03 7.176366913203018408e-03 0.000000000000000000e+00 0.000000000000000000e+00 0.000000000000000000e+00 0.000000000000000000e+00 0.000000000000000000e+00 0.000000000000000000e+00 0.000000000000000000e+00 0.000000000000000000e+00
4.322666610214695448e-02 6.173839664576960540e-02 8.441879494747166202e-02 1.070801298796272560e-01 1.225128090308452988e-01 1.216202903178485867e-01 1.060720684577888817e-01 8.168545235153895634e-02 5.936502635068369865e-02 4.390679138621973038e-02 3.057427529072764133e-02 2.359515752416134829e-02 1.587747134652697095e-02 1.221387519968860670e-02 8.130241880497676363e-03 8.185649189860973868e-03 0.000000000000000000e+00 0.000000000000000000e+00 0.000000000000000000e+00 0.000000000000000000e+00 0.000000000000000000e+00 0.000000000000000000e+00 0.000000000000000000e+00 0.000000000000000000e+00
4.314990128746840070e-02 6.152593864511948785e-02 8.405666654973181773e-02 1.077302679552726294e-01 1.223081083998421859e-01 1.234212461550140971e-01 1.070565175730643082e-01 8.311021797965051361e-02 6.020981574729401126e-02 4.389682899247848713e-02 3.055236655355857839e-02 2.315833614807962307e-02 1.760293228418337991e-02 1.191137110086919020e-02 9.107531973161650529e-03 7.698810226523081050e-03 0.000000000000000000e+00 0.000000000000000000e+00 0.000000000000000000e+00 0.000000000000000000e+00 0.000000000000000000e+00 0.000000000000000000e+00 0.000000000000000000e+00 0.000000000000000000e+00
4.325747232785262519e-02 6.176510536658602613e-02 8.454675759378328659e-02 1.080911631824145042e-01 1.237842815900208060e-01 1.238544871074387654e-01 1.087854322301754911e-01 8.535965248241370040e-02 6.227498397394584662e-02 4.455615691206514517e-02 3.205975779893245614e-02 2.292365814361882123e-02 1.765706570571534337e-02 1.228365836271552020e-02 5.957014677071805799e-03 8.283455069088452305e-03 0.000000000000000000e+00 0.000000000000000000e+00 0.000000000000000000e+00 0.000000000000000000e+00 0.000000000000000000e+00 0.000000000000000000e+00 0.000000000000000000e+00 0.000000000000000000e+00
4.280277916003703137e-02 6.129768270918564688e-02 8.409488438593898385e-02 1.073365968744453697e-01 1.242939470828487575e-01 1.253521154835297025e-01 1.103822870692567348e-01 8.625613764869721756e-02 6.318293195008507779e-02 4.472649777974078977e-02 3.347379432425841295e-02 2.377376857734681340e-02 1.655905611362197549e-02 1.194914618497666670e-02 8.662189599443705437e-03 7.107892783210866157e-03 0.000000000000000000e+00 0.000000000000000000e+00 0.000000000000000000e+00 0.000000000000000000e+00 0.000000000000000000e+00 0.000000000000000000e+00 0.000000000000000000e+00 0.000000000000000000e+00
4.283354155508047045e-02 6.118161615328397696e-02 8.415287408910909761e-02 1.083386979697767150e-01 1.254917572077890453e-01 1.262508764173002618e-01 1.113646638927093674e-01 8.770927494342797837e-02 6.473916364581092098e-02 4.647786567140577141e-02 3.316787023673972018e-02 2.387187620621090273e-02 1.654072663342149099e-02 1.261433329352590338e-02 9.177421531506205210e-03 7.678538722154601252e-03 0.000000000000000000e+00 0.000000000000000000e+00 0.000000000000000000e+00 0.000000000000000000e+00 0.000000000000000000e+00 0.000000000000000000e+00 0.000000000000000000e+00 0.000000000000000000e+00
4.272847857510317371e-02 6.116536249211732001e-02 8.422181005676848686e-02 1.083770935340355179e-01 1.257867441573521927e-01 1.276897105879717942e-01 1.135238499239261956e-01 8.893402913742333438e-02 6.537284195157073985e-02 4.721481497891953649e-02 3.578869987881833775e-02 2.432729922636231445e-02 1.791342362318654180e-02 1.158219258854214020e-02 8.710530498571709274e-03 8.165432444072747570e-03 0.000000000000000000e+00 0.000000000000000000e+00 0.000000000000000000e+00 0.000000000000000000e+00 0.000000000000000000e+00 0.000000000000000000e+00 0.000000000000000000e+00 0.000000000000000000e+00
4.274289211837268426e-02 6.112415715117133774e-02 8.455497523185079300e-02 1.088404572610967846e-01 1.260657257712038959e-01 1.292899925800139183e-01 1.150339708535359912e-01 9.008765302574195388e-02 6.596762083251833664e-02 4.713563292348221800e-02 3.381244669577371936e-02 2.306968723857433928e-02 1.742679984547080424e-02 1.427722346288250177e-02 1.009949332394706120e-02 6.820584729504578468e-03 0.000000000000000000e+00 0.000000000000000000e+00 0.000000000000000000e+00 0.000000000000000000e+00 0.000000000000000000e+00 0.000000000000000000e+00 0.000000000000000000e+00 0.000000000000000000e+00
4.374605968650503024e-02 6.185336267385633385e-02 8.492976673793707632e-02 1.093717554371267803e-01 1.279934128424432549e-01 1.307208764232807852e-01 1.165511619947058458e-01 9.214116901171548468e-02 6.772491449570483546e-02 4.829733172631337640e-02 3.486472248749732106e-02 2.461495254393175972e-02 1.705000054567250983e-02 1.277739002436060339e-02 8.843919141627226005e-03 7.260773319035716995e-03 0.000000000000000000e+00 0.000000000000000000e+00 0.000000000000000000e+00 0.000000000000000000e+00 0.000000000000000000e+00 0.000000000000000000e+00 0.000000000000000000e+00 0.000000000000000000e+00
4.217501859413484711e-02 6.052679725039612768e-02 8.412003803708403837e-02 1.090001629395599414e-01 1.264270120784704576e-01 1.314044780404186596e-01 1.179834789531697958e-01 9.361629675286244068e-02 6.843970668104461252e-02 4.782504233057410098e-02 3.678745319031473393e-02 2.439021099147034230e-02 1.829261266322159546e-02 1.140818468780539947e-02 7.981329612125472386e-03 6.996222830609621739e-03 0.000000000000000000e+00 0.000000000000000000e+00 0.000000000000000000e+00 0.000000000000000000e+00 0.000000000000000000e+00 0.000000000000000000e+00 0.000000000000000000e+00 0.000000000000000000e+00
4.248191913004386450e-02 6.082437612665689969e-02 8.410734910758527194e-02 1.087756359630658864e-01 1.283673066741556346e-01 1.320222073510526339e-01 1.193511802465086341e-01 9.332572080631344746e-02 6.985932990770807316e-02 5.069346471520549957e-02 3.572487020810471980e-02 2.585128728674609966e-02 1.856292802347338233e-02 1.357870881299239399e-02 1.022492807245852994e-02 4.788347417927750656e-03 0.000000000000000000e+00 0.000000000000000000e+00 0.000000000000000000e+00 0.000000000000000000e+00 0.000000000000000000e+00 0.000000000000000000e+00 0.000000000000000000e+00 0.000000000000000000e+00
4.235726794257746453e-02 6.093149391143218990e-02 8.445283161867828126e-02 1.095405219961580051e-01 1.288267505448135730e-01 1.339705283737069874e-01 1.201034593481759422e-01 9.572075537124793976e-02 7.016485810089302666e-02 5.117721638093158248e-02 3.652154098684930877e-02 2.658797442022534097e-02 1.789666270469646159e-02 1.365233493284497869e-02 9.451598156122916969e-03 6.266315722473323954e-03 0.000000000000000000e+00 0.000000000000000000e+00 0.000000000000000000e+00 0.000000000000000000e+00 0.000000000000000000e+00 0.000000000000000000e+00 0.000000000000000000e+00 0.000000000000000000e+00
4.194329878424259833e-02 6.043175902753093742e-02 8.402188412903124903e-02 1.096044896187517992e-01 1.297139710925416245e-01 1.351842564961547033e-01 1.209404308997807792e-01 9.631906126768308152e-02 7.190923925665927696e-02 5.103116997816476569e-02 3.752181165857690348e-02 2.722117950099020578e-02 1.863726242095541802e-02 1.308954379804619719e-02 8.984150526815445209e-03 5.221232264784408938e-03 0.000000000000000000e+00 0.000000000000000000e+00 0.000000000000000000e+00 0.000000000000000000e+00 0.000000000000000000e+00 0.000000000000000000e+00 0.000000000000000000e+00 0.000000000000000000e+00
4.212485895154770288e-02 6.038865899500392431e-02 8.421309150754738293e-02 1.100236361986984268e-01 1.296668273502568636e-01 1.356614249658779914e-01 1.237206686525477717e-01 9.900115583848401180e-02 7.298716903844021386e-02 5.192417807660634071e-02 3.817545235898289063e-02 2.743185982850149252e-02 1.830468563983202179e-02 1.184430166111848093e-02 8.299038944080704139e-03 7.841794831760128676e-03 0.000000000000000000e+00 0.000000000000000000e+00 0.000000000000000000e+00 0.000000000000000000e+00 0.000000000000000000e+00 0.000000000000000000e+00 0.000000000000000000e+00 0.000000000000000000e+00
4.490464957074742636e-02 6.296876481792315627e-02 8.603328734410198297e-02 1.116735387013335912e-01 1.321685831768699693e-01 1.387994905137462653e-01 1.263149729643149866e-01 1.014363458435856846e-01 7.492292398254785102e-02 5.391686610334965601e-02 3.860377746345572403e-02 2.727027801705961263e-02 1.965873504920195164e-02 1.517689194994980596e-02 1.079591465171482814e-02 6.400980952787534324e-03 0.000000000000000000e+00 0.000000000000000000e+00 0.000000000000000000e+00 0.000000000000000000e+00 0.000000000000000000e+00 0.000000000000000000e+00 0.000000000000000000e+00 0.000000000000000000e+00
4.224740838729692388e-02 6.055925387225223611e-02 8.420493627334899034e-02 1.101492207219506719e-01 1.313580183934126566e-01 1.381854029228773428e-01 1.248731596867369009e-01 1.011174310212872712e-01 7.579938676397264541e-02 5.410906783566070410e-02 3.983335824881217152e-02 2.802117941157565226e-02 1.988572975978905588e-02 1.595707639157674038e-02 9.997910291039344144e-03 9.180612303725754070e-03 0.000000000000000000e+00 0.000000000000000000e+00 0.000000000000000000e+00 0.000000000000000000e+00 0.000000000000000000e+00 0.000000000000000000e+00 0.000000000000000000e+00 0.000000000000000000e+00
4.178840724383843519e-02 6.015163313199951844e-02 8.382243673180050925e-02 1.107060562876168441e-01 1.325643850232210152e-01 1.385154302701134821e-01 1.271026209706444809e-01 1.009606891966134401e-01 7.675747697796252156e-02 5.598856508528129300e-02 3.837825398311678349e-02 2.774898089059128076e-02 1.998489944552458639e-02 1.422324727195848314e-02 8.641434076880864443e-03 7.454637823454333435e-03 0.000000000000000000e+00 0.000000000000000000e+00 0.000000000000000000e+00 0.000000000000000000e+00 0.000000000000000000e+00 0.000000000000000000e+00 0.000000000000000000e+00 0.000000000000000000e+00
2.592261138004648552e-02 4.564362686163227212e-02 7.771568084270012722e-02 1.241575439352052834e-01 1.775878650320359131e-01 2.139082204567845091e-01 2.056791727101214828e-01 1.576120049870325945e-01 1.038474001948727909e-01 6.675775490057640760e-02 4.460738263462540876e-02 3.124634113118781101e-02 2.181231438181358354e-02 1.493027001609870640e-02 1.071449759714215161e-02 7.799006200302979752e-03 0.000000000000000000e+00 0.000000000000000000e+00 0.000000000000000000e+00 0.000000000000000000e+00 0.000000000000000000e+00 0.000000000000000000e+00 0.000000000000000000e+00 0.000000000000000000e+00
4.187696197671630927e-02 6.000556215121558012e-02 8.398765521570066006e-02 1.106444444311227016e-01 1.328621862698088074e-01 1.419213821985925716e-01 1.307262698252247279e-01 1.053220203552282658e-01 7.919981765029913967e-02 5.653237614474905526e-02 3.959062123523067467e-02 2.959684432267193147e-02 2.137364006385601006e-02 1.571105288355080509e-02 1.099791490440547165e-02 8.425660753657700230e-03 0.000000000000000000e+00 0.000000000000000000e+00 0.000000000000000000e+00 0.000000000000000000e+00 0.000000000000000000e+00 0.000000000000000000e+00 0.000000000000000000e+00 0.000000000000000000e+00
4.151197801691905442e-02 5.991650592200502279e-02 8.358684581800836233e-02 1.106876184787477235e-01 1.334626917476112729e-01 1.427424970347156985e-01 1.316484273268454519e-01 1.059158769137786005e-01 8.023505649623605129e-02 5.754254607402011640e-02 4.120228137436288129e-02 2.953452229623979020e-02 2.219838978646308109e-02 1.435425848252208300e-02 1.059771812031183244e-02 5.690982303890102997e-03 0.000000000000000000e+00 0.000000000000000000e+00 0.000000000000000000e+00 0.000000000000000000e+00 0.000000000000000000e+00 0.000000000000000000e+00 0.000000000000000000e+00 0.000000000000000000e+00
4.198359811522373031e-02 6.020270127697788243e-02 8.414942662917213045e-02 1.109777310194202116e-01 1.341533559140432319e-01 1.435127183069870860e-01 1.328931348226250753e-01 1.095895635307601312e-01 8.135010212046347999e-02 5.831638105044747306e-02 4.144147694605573862e-02 2.957195893279247062e-02 2.047586854491876412e-02 1.503733337561318634e-02 1.172692050934119601e-02 9.636478382888079286e-03 0.000000000000000000e+00 0.000000000000000000e+00 0.000000000000000000e+00 0.000000000000000000e+00 0.000000000000000000e+00 0.000000000000000000e+00 0.000000000000000000e+00 0.000000000000000000e+00
4.217125392165772119e-02 6.006581936358877660e-02 8.399230465626893183e-02 1.116829937957567465e-01 1.352117351426047609e-01 1.444913363405057327e-01 1.346315955186170865e-01 1.107206543249704689e-01 8.324761200806901629e-02 5.997411547557980616e-02 4.301413080535725075e-02 3.079624701958360439e-02 2.216010332764681290e-02 1.521082117018301635e-02 1.017292008926481972e-02 8.170694961618742147e-03 0.000000000000000000e+00 0.000000000000000000e+00 0.000000000000000000e+00 0.000000000000000000e+00 0.000000000000000000e+00 0.000000000000000000e+00 0.000000000000000000e+00 0.000000000000000000e+00
4.160456557891177576e-02 5.967288916637883411e-02 8.373481688337895690e-02 1.112718711104623559e-01 1.352945935640808561e-01 1.459297209186553868e-01 1.365870124017451170e-01 1.103730426396676290e-01 8.278454151437397712e-02 6.081295408987238277e-02 4.334346442055311138e-02 3.196432355922174118e-02 2.434973756408046613e-02 1.519928954269883503e-02 1.014177533593090506e-02 7.871993165930020464e-03 0.000000000000000000e+00 0.000000000000000000e+00 0.000000000000000000e+00 0.000000000000000000e+00 0.000000000000000000e+00 0.000000000000000000e+00 0.000000000000000000e+00 0.000000000000000000e+00
4.163588842695212233e-02 5.974709587072531136e-02 8.395231831565608260e-02 1.115925292541453812e-01 1.357161071179595613e-01 1.469634357387962775e-01 1.372190532483085756e-01 1.126497476569326833e-01 8.501828451954682175e-02 6.201338535031743898e-02 4.409309154620330573e-02 3.100997756743411812e-02 2.190296897619793334e-02 1.529012999168648940e-02 1.166572887936024802e-02 8.392561978879255202e-03 0.000000000000000000e+00 0.000000000000000000e+00 0.000000000000000000e+00 0.000000000000000000e+00 0.000000000000000000e+00 0.000000000000000000e+00 0.000000000000000000e+00 0.000000000000000000e+00
