2.570699183035360491e+00 2.446772759916845175e+00 2.629445637466609309e+00 2.288164779645609048e+00 1.988739534246489749e+00 1.534598264754922781e+00 1.092366827923235473e+00 6.955653493140195875e-01 3.730056196332984797e-01 1.721798780331898482e-01 6.573805413691971578e-02 2.027295442461497441e-02 4.696693155586191548e-03 7.734424715147530764e-04 9.714612398195669437e-05 0.000000000000000000e+00
2.569159292212304546e+00 2.449386262022586358e+00 2.637473249748721216e+00 2.295764433414270833e+00 1.998427777086510648e+00 1.544893401240112096e+00 1.102198034748125943e+00 7.038701436298074876e-01 3.788375108122961077e-01 1.755613313149176347e-01 6.734151357460216314e-02 2.088129816029359390e-02 4.878523485334407273e-03 8.086331753538590454e-04 1.043198605043661287e-04 0.000000000000000000e+00
2.567597188618395698e+00 2.451948259003990493e+00 2.645530883344840767e+00 2.303317420905686586e+00 2.008022230251396145e+00 1.555084597805856950e+00 1.111983421233077696e+00 7.121374921108365452e-01 3.846837741682210265e-01 1.789589811842173805e-01 6.896383821654274160e-02 2.149881280652902321e-02 5.064815361148170686e-03 8.451156545158185120e-04 1.117543884426326612e-04 0.000000000000000000e+00
2.566163998589597206e+00 2.454376610447690954e+00 2.653642808004859077e+00 2.310747959193051315e+00 2.017542634990538986e+00 1.565182322779977042e+00 1.121717915384767394e+00 7.203700735250196940e-01 3.905436955200897731e-01 1.823733994992964846e-01 7.060473362796108876e-02 2.212565954658694128e-02 5.255555935078363994e-03 8.829181483407822634e-04 1.194506892258026136e-04 0.000000000000000000e+00
2.564616676162811970e+00 2.456832802907392477e+00 2.661657470108663048e+00 2.318174372160311858e+00 2.026970278652226121e+00 1.575204667230779343e+00 1.131393171840497480e+00 7.285820933268802868e-01 3.964066278156787582e-01 1.858080808157974440e-01 7.226065806505446720e-02 2.276250317025166336e-02 5.450210424937805033e-03 9.220381561200072457e-04 1.274012147178258986e-04 0.000000000000000000e+00
2.563231499071726649e+00 2.459115516255272027e+00 2.669688688969979573e+00 2.325501596146457128e+00 2.036308351616335610e+00 1.585155496450466384e+00 1.140991641883155383e+00 7.367765001602091246e-01 4.022644022623684257e-01 1.892633036367198374e-01 7.393063068410429817e-02 2.340947815135068638e-02 5.648712946781219574e-03 9.625009132655408051e-04 1.356094521160276897e-04 0.000000000000000000e+00
2.562002911723802789e+00 2.461478488705436174e+00 2.677767612586809953e+00 2.332829320164502285e+00 2.045506349384997868e+00 1.595035965662214839e+00 1.150517883974416566e+00 7.449533248899075089e-01 4.081168513389173969e-01 1.927389890658122162e-01 7.561463883953362108e-02 2.406663277591262334e-02 5.851109722225099341e-03 1.004337180908941585e-03 1.440803635230576739e-04 0.000000000000000000e+00
2.560741410427932685e+00 2.463698231895481872e+00 2.685671440949395361e+00 2.340071709461573946e+00 2.054612691100942357e+00 1.604847208007535331e+00 1.159967769867444431e+00 7.531117697183971060e-01 4.139633342850490560e-01 1.962351129673658989e-01 7.731266039820997027e-02 2.473401151152566577e-02 6.057444962823223429e-03 1.047577752170154343e-03 1.528189098953514871e-04 0.000000000000000000e+00
2.559660835508775101e+00 2.465802825372509499e+00 2.693534519491825652e+00 2.347304192739337658e+00 2.063619481482743101e+00 1.614588999971898531e+00 1.169346100769417918e+00 7.612526077378868328e-01 4.198046255440927021e-01 1.997514570726074967e-01 7.902466753751391515e-02 2.541165895069960601e-02 6.267765527883188345e-03 1.092253892050161230e-03 1.618300058846794225e-04 0.000000000000000000e+00
2.558652536244122366e+00 2.467904716975779955e+00 2.701449181904625796e+00 2.354474034655282377e+00 2.072510551949312774e+00 1.624262350957380807e+00 1.178649769208568898e+00 7.693759891612071966e-01 4.256391784931065070e-01 2.032880431208389238e-01 8.075060905597625238e-02 2.609962447466303986e-02 6.482117367918044035e-03 1.138396908672821735e-03 1.711186132833295806e-04 0.000000000000000000e+00
2.557541359427777827e+00 2.470116010441305132e+00 2.709231222494103530e+00 2.361619464396269130e+00 2.081303647794992440e+00 1.633869824563932038e+00 1.187885031085988530e+00 7.774819482248365166e-01 4.314682447284788891e-01 2.068446446161339158e-01 8.249047917881001390e-02 2.679795192562445943e-02 6.700545401404672113e-03 1.186038368893811701e-03 1.806896893666033700e-04 0.000000000000000000e+00
2.556541507808304026e+00 2.472144605794996064e+00 2.716951162091089778e+00 2.368723538374271520e+00 2.089992558855656490e+00 1.643412468890953271e+00 1.197046790515827519e+00 7.855700835130932091e-01 4.372907257269629255e-01 2.104212585878507402e-01 8.424425225775755699e-02 2.750667755970380088e-02 6.923097617800733766e-03 1.235210053441564582e-03 1.905481383777650494e-04 0.000000000000000000e+00
2.555651003893706363e+00 2.473993878798986579e+00 2.724716391625768175e+00 2.375789697358370312e+00 2.098599844865195685e+00 1.652891312758278275e+00 1.206152686539683883e+00 7.936369720669954608e-01 4.431099445586518248e-01 2.140165175333259007e-01 8.601247180283243254e-02 2.822548327948330715e-02 7.149875344570226499e-03 1.285893446690528075e-03 2.007045654877683005e-04 0.000000000000000000e+00
2.554934152503076206e+00 2.475960019703919102e+00 2.732389751847789761e+00 2.382834470382328096e+00 2.107145816191751564e+00 1.662296255657023103e+00 1.215214619352803505e+00 8.016656343892129000e-01 4.489326734028245003e-01 2.176228039747789000e-01 8.779660127918610668e-02 2.895282146543261617e-02 7.381041898996311065e-03 1.337985404278929213e-03 2.111779865333010694e-04 0.000000000000000000e+00
2.554368169943856515e+00 2.478041925440165993e+00 2.739980391849770491e+00 2.389833924135012833e+00 2.115616203877574097e+00 1.671616889028765485e+00 1.224232318228510197e+00 8.096531906260009404e-01 4.547590645281246458e-01 2.212381792335700870e-01 8.959671047202477645e-02 2.968852333911225355e-02 7.616653850685699972e-03 1.391504713639118507e-03 2.219746125435448575e-04 0.000000000000000000e+00
2.553795373539943458e+00 2.479839824658153447e+00 2.747604505944918785e+00 2.396820052051525263e+00 2.124031963194546790e+00 1.680847443064835911e+00 1.233204858571899987e+00 8.175984625243877257e-01 4.605893870211968943e-01 2.248626347641437262e-01 9.141281382352736684e-02 3.043259068795345357e-02 7.856764895414061062e-03 1.446478213726028585e-03 2.331000494819881965e-04 0.000000000000000000e+00
2.553264496760962565e+00 2.481517173961124367e+00 2.755181516094225458e+00 2.403773856967329259e+00 2.132402653081717503e+00 1.689989370231508969e+00 1.242134999046406119e+00 8.255008951105393677e-01 4.664228614511976567e-01 2.284961613127766134e-01 9.324490927712952848e-02 3.118502921334645808e-02 8.101429009165217465e-03 1.502932405471422072e-03 2.445598827737594069e-04 0.000000000000000000e+00
2.552848126818549446e+00 2.483282824348369111e+00 2.762656000139196877e+00 2.410713875860640343e+00 2.140694278108784321e+00 1.699037926121196529e+00 1.251024478632046133e+00 8.333628557592615005e-01 4.722602098164079276e-01 2.321382514230678207e-01 9.509300514483304267e-02 3.194584580249493211e-02 8.350700287785154177e-03 1.560894374389819664e-03 2.563596216560939012e-04 0.000000000000000000e+00
2.552597726041304860e+00 2.485166125058510200e+00 2.770163523870182054e+00 2.417629588302822707e+00 2.148936848920821152e+00 1.707998543199149344e+00 1.259868805736887865e+00 8.411840001328266814e-01 4.781003874527866571e-01 2.357891765799833839e-01 9.695710713861133145e-02 3.271504730474973643e-02 8.604634360957926636e-03 1.620391189090215813e-03 2.685047848291665295e-04 0.000000000000000000e+00
2.552511264941918157e+00 2.486825838039429026e+00 2.777662538958564298e+00 2.424529054013193630e+00 2.157135615304753617e+00 1.716875028140901982e+00 1.268673156524681378e+00 8.489630489256106971e-01 4.839441178040769231e-01 2.394485818753596396e-01 9.883721766274319864e-02 3.349263598156065197e-02 8.863286324485932649e-03 1.681450212397396678e-03 2.810009132273351157e-04 0.000000000000000000e+00
2.552456960883908721e+00 2.488556301295113737e+00 2.785035699202533355e+00 2.431415816375927630e+00 2.165270716359485537e+00 1.725668723408826155e+00 1.277435963304170308e+00 8.567015653640179806e-01 4.897907214206391746e-01 2.431163323311153757e-01 1.007333388579737116e-01 3.427861017452674824e-02 9.126710932600933662e-03 1.744099046327459487e-03 2.938533692733711115e-04 0.000000000000000000e+00
2.552510628213493504e+00 2.490210133596364894e+00 2.792452822407061497e+00 2.438299024690358863e+00 2.173355128352432164e+00 1.734386637195313607e+00 1.286160244203024883e+00 8.644007005772256225e-01 4.956403909150680631e-01 2.467926450568194152e-01 1.026454354839377303e-01 3.507301924149838074e-02 9.394948134184927246e-03 1.808363464757664976e-03 3.060998802821788536e-04 8.637099589490354104e-07
2.552578234087024001e+00 2.491982532025086794e+00 2.799835906459142709e+00 2.445188716690144481e+00 2.181391243531114021e+00 1.743043339457657437e+00 1.294833720814722255e+00 8.720683758262310903e-01 5.014882634944380913e-01 2.504808222331812440e-01 1.045707086448113554e-01 3.587649130926696267e-02 9.667481203353835845e-03 1.874250029568944997e-03 3.170368612567235774e-04 3.528239691336955673e-06
2.552701140393774715e+00 2.493704250258402144e+00 2.806990494300563910e+00 2.452097091328901080e+00 2.189349102275178982e+00 1.751644672902835209e+00 1.303451037895396958e+00 8.797126933665107007e-01 5.073235917478575718e-01 2.541821914930588733e-01 1.065068678114884371e-01 3.668927705543478801e-02 9.944043651294101616e-03 1.941778849339799787e-03 3.283022489300746211e-04 6.267744187027515470e-06
2.552982130396551863e+00 2.495484549939062546e+00 2.814200338092173403e+00 2.459018900963277687e+00 2.197257173321720991e+00 1.760187380753785558e+00 1.312004230864785903e+00 8.873338190408127657e-01 5.131455216230197403e-01 2.578967666562498873e-01 1.084538362322938210e-01 3.751139894565988508e-02 1.022466477288394571e-02 2.010976495957538749e-03 3.399026753262740681e-04 9.082690724902473057e-06
2.553365911636356067e+00 2.497324043859679765e+00 2.821459270961589993e+00 2.465959053002228618e+00 2.205070194795110794e+00 1.768677526785722431e+00 1.320494954588989911e+00 8.949302284753576364e-01 5.189531358716308329e-01 2.616241976142396064e-01 1.104116257806162932e-01 3.834289194335582796e-02 1.050937430664727369e-02 2.081869468137043100e-03 3.518448307408540655e-04 1.197351166150766460e-05
2.553787258692536533e+00 2.499153363558436425e+00 2.828336629076965369e+00 2.472914500397881632e+00 2.212815188164471536e+00 1.777115415919630070e+00 1.328920996332747073e+00 9.025031402632506250e-01 5.247476236326537036e-01 2.653646871235806337e-01 1.123801130600166620e-01 3.918377901899409987e-02 1.079820018010482080e-02 2.154484416349782688e-03 3.641354105382000293e-04 1.494060386189470488e-05
2.554363074034576186e+00 2.500960244708325675e+00 2.835237581818154773e+00 2.479891878795251081e+00 2.220503971184281777e+00 1.785502665662706878e+00 1.337288654790565801e+00 9.100532226678049730e-01 5.305281597471223076e-01 2.691180777338025853e-01 1.143593370392714109e-01 4.003408672382190170e-02 1.109117184051751533e-02 2.228848355274579574e-03 3.767811159688529794e-04 1.798432816286382898e-05
2.555042094153599841e+00 2.502807888005397885e+00 2.842200021502277352e+00 2.486879383031141089e+00 2.228109440198426938e+00 1.793840260471114334e+00 1.345595557211752613e+00 9.175794940610539907e-01 5.362953139788745327e-01 2.728841727770542347e-01 1.163491513290207530e-01 4.089384098876323870e-02 1.138832052145912106e-02 2.304987913253372326e-03 3.897886985918186864e-04 2.110500886911864416e-05
2.555670357736754994e+00 2.504771974681848867e+00 2.848945387934519680e+00 2.493895646751023598e+00 2.235656499086572158e+00 1.802129130568616899e+00 1.353841848362846934e+00 9.250821604887836669e-01 5.420479829452763409e-01 2.766630852716139288e-01 1.183495923223341767e-01 4.176306950879828811e-02 1.168967590673652447e-02 2.382930517474182545e-03 4.031649048117298445e-04 2.430293328279648212e-05
2.556393754781266736e+00 2.506744727269086148e+00 2.855572294357035190e+00 2.500917285817918501e+00 2.243133715944627404e+00 1.810367381119791563e+00 1.362029722314914260e+00 9.325623504617545079e-01 5.477869093413531010e-01 2.804546099221525979e-01 1.203605460767740165e-01 4.264179748610313903e-02 1.199526712748685484e-02 2.462703090589840431e-03 4.169164849827875765e-04 2.757835126679109841e-05
2.557194048003570863e+00 2.508652724877870721e+00 2.862264164969039903e+00 2.507974047306435139e+00 2.250557894189415542e+00 1.818556694893174619e+00 1.370163999128637844e+00 9.400194654806472983e-01 5.535123758486364398e-01 2.842587439700099416e-01 1.223820215719284010e-01 4.353004509521173071e-02 1.230513093972051067e-02 2.544330081384015008e-03 4.310492023714760485e-04 3.093245571257265288e-05
2.558137079262183811e+00 2.510585382262309206e+00 2.868851400166279930e+00 2.515032794528848203e+00 2.257923812908107841e+00 1.826700157836822047e+00 1.378255263579321044e+00 9.474454763363855392e-01 5.592301171260027903e-01 2.880720423898468496e-01 1.244153237019937075e-01 4.442680524454669516e-02 1.261949231854325379e-02 2.627641600274991610e-03 4.455619696067405718e-04 3.439072505896966566e-05
2.559228150700625370e+00 2.512633648709733158e+00 2.875316939033421448e+00 2.522130651988460759e+00 2.265269246788333746e+00 1.834785026699507826e+00 1.386307726014671449e+00 9.548317955836446158e-01 5.649439399531642758e-01 2.918879730263559402e-01 1.264612351038874039e-01 4.533091526506823760e-02 1.293847932911921031e-02 2.712535561009016011e-03 4.604627882822008773e-04 3.796568479388349765e-05
2.560448232262531043e+00 2.514796621779215702e+00 2.881787343018665126e+00 2.529221704276454652e+00 2.272564412424537661e+00 1.842807840561571986e+00 1.394321649955977405e+00 9.621780795484424775e-01 5.706532854494813511e-01 2.957063133224585028e-01 1.285197876411676710e-01 4.624235433048708155e-02 1.326212556712207460e-02 2.799032831192542654e-03 4.757597845891796190e-04 4.165909783832786169e-05
2.561682596116952482e+00 2.516834204619864401e+00 2.888188760465643323e+00 2.536349293231028756e+00 2.279834479924506052e+00 1.850767153503416917e+00 1.402298334411167025e+00 9.694819284889966138e-01 5.763591533757734808e-01 2.995268876614054498e-01 1.305909177187138392e-01 4.716109864791977191e-02 1.359046614509909490e-02 2.887153812701312439e-03 4.914612554091483693e-04 4.547265176101146782e-05
2.562990379974955601e+00 2.518828444435400993e+00 2.894586626982153632e+00 2.543478817288430172e+00 2.287078047076221754e+00 1.858657139500855093e+00 1.410235843700947456e+00 9.767468742219770350e-01 5.820609268680366766e-01 3.033494238347975713e-01 1.326746926737150667e-01 4.808713606524215450e-02 1.392353578811575052e-02 2.976919121809377001e-03 5.075756340115936778e-04 4.940803916451997366e-05
2.564374277793459278e+00 2.520901688245024364e+00 2.900868885570103473e+00 2.550628163726997855e+00 2.294275500705656334e+00 1.866477766163433749e+00 1.418137584086839986e+00 9.839713140313660622e-01 5.877589710407380430e-01 3.071739899188105638e-01 1.347710180059692731e-01 4.902044281506082873e-02 1.426136816835345961e-02 3.068349389434033795e-03 5.241114364977058834e-04 5.346690624500933956e-05
2.565901359905208512e+00 2.523089355308004933e+00 2.907110409257602335e+00 2.557785072746603383e+00 2.301463879512982480e+00 1.874238682643794229e+00 1.426003939603966764e+00 9.911562586779503192e-01 5.934526702554581146e-01 3.110003456988910120e-01 1.368799662194045141e-01 4.996099512118175323e-02 1.460399822725891479e-02 3.161465884590135104e-03 5.410773202403146775e-04 5.765079010117309111e-05
2.567570406313538278e+00 2.525323477768543157e+00 2.913365195009132158e+00 2.564970688809912414e+00 2.308603433704261576e+00 1.881940918277400954e+00 1.433833746992633662e+00 9.983005392655809329e-01 5.991425898534785688e-01 3.148283586410302592e-01 1.390014722420335747e-01 5.090877815280142604e-02 1.495146043442787537e-02 3.256289649336681531e-03 5.584820915437048103e-04 6.196122899342139151e-05
2.566531388146533477e+00 2.525423987088425637e+00 2.917977122185035022e+00 2.571334667598691670e+00 2.315527313118713071e+00 1.889718746657546689e+00 1.441840322940890040e+00 1.005615892209324125e+00 6.049754456169146311e-01 3.187513444947853158e-01 1.411826260337256111e-01 5.187935721898447039e-02 1.530785992418208161e-02 3.353681077986771404e-03 5.764124102447265325e-04 6.641014756600194865e-05
2.565477003520888921e+00 2.525592214407455849e+00 2.922452013555592476e+00 2.577711441257979796e+00 2.322403552131518722e+00 1.897431851699857841e+00 1.449811276208780919e+00 1.012892127369595663e+00 6.108059920171842183e-01 3.226772794804569355e-01 1.433776905265603807e-01 5.285792200989334472e-02 1.566922346740547839e-02 3.452928862421032231e-03 5.947934402060625018e-04 7.098788149542185249e-05
2.564525452383644044e+00 2.525721505104363995e+00 2.926895220416649845e+00 2.584073416696322401e+00 2.329234813133307380e+00 1.905088451500097424e+00 1.457746654865838432e+00 1.020133937985603145e+00 6.166342234752858475e-01 3.266064542571553986e-01 1.455866214144900805e-01 5.384451782013335852e-02 1.603556414546553760e-02 3.554056964763517221e-03 6.136344662032195297e-04 7.569442457322755197e-05
2.563589728532128298e+00 2.525935711601420053e+00 2.931361051689816311e+00 2.590446109646613593e+00 2.336023090318786632e+00 1.912696676312642063e+00 1.465637843413108321e+00 1.027347455533124121e+00 6.224563479965203872e-01 3.305423409691703451e-01 1.478067195844122439e-01 5.483986226737742886e-02 1.640627351178729210e-02 3.657089909579682059e-03 6.329530994854538472e-04 8.052071814682772578e-05
2.562665234537410353e+00 2.526158507275768628e+00 2.935539526739008309e+00 2.596831745081753073e+00 2.342757998269568986e+00 1.920251923415486894e+00 1.473480029044496042e+00 1.034540493538219641e+00 6.282634075690924913e-01 3.344860537756413343e-01 1.500354358344903050e-01 5.584422201298172572e-02 1.678101663469531990e-02 3.762052036314075983e-03 6.527596788791670095e-04 8.546548158705745976e-05
2.561852089184425196e+00 2.526394107299750669e+00 2.939674941019348786e+00 2.603219971204394412e+00 2.349445605798433867e+00 1.927766817469306782e+00 1.481269119748594543e+00 1.041710419848406843e+00 6.340536112923785828e-01 3.384376851494239613e-01 1.522728103031104618e-01 5.685760533988026139e-02 1.715981387501453598e-02 3.868967242732310879e-03 6.730625636995296417e-04 9.053019813584917413e-05
2.561149066604675895e+00 2.526713267185132672e+00 2.943861733136881931e+00 2.609621260827283962e+00 2.356059408281451439e+00 1.935241833010232337e+00 1.489004513393659135e+00 1.048860336483036448e+00 6.398271066346874481e-01 3.423970552417031077e-01 1.545187112248431749e-01 5.788002810084422189e-02 1.754268196786634704e-02 3.977859168742175003e-03 6.938702092171064985e-04 9.571635418668465018e-05
2.560460772567459742e+00 2.527018420516400798e+00 2.947931015973442648e+00 2.616036081865987573e+00 2.362644528745069472e+00 1.942675701172856595e+00 1.496686385960793730e+00 1.055988609919491061e+00 6.455836878005185575e-01 3.463640982607369967e-01 1.567731554679272499e-01 5.891151209255905685e-02 1.792963606335404650e-02 4.088752091188417245e-03 7.151910208700089583e-04 1.010253877530969133e-04
2.559846171664029058e+00 2.527370473303249820e+00 2.951702790634745721e+00 2.622454747547514842e+00 2.369141542718941285e+00 1.950063296592386308e+00 1.504316903507860737e+00 1.063095314596348429e+00 6.513235561189935074e-01 3.503388385019726714e-01 1.590360299805043398e-01 5.995207184648847221e-02 1.832068988773150053e-02 4.201670587289750916e-03 7.370335271414984232e-04 1.064587409133072856e-04
2.559339524274665045e+00 2.527691631583302456e+00 2.955529096928132482e+00 2.628890198022523883e+00 2.375610386198771184e+00 1.957412738770387239e+00 1.511896615505622377e+00 1.070181271958673630e+00 6.570469670283385355e-01 3.543210404946244285e-01 1.613073118549946394e-01 6.100171911426439941e-02 1.871586316200871819e-02 4.316638778894177700e-03 7.594062425875349256e-04 1.120178699365853553e-04
2.558905212773180615e+00 2.528069500787041513e+00 2.959375042098642883e+00 2.635333661202277966e+00 2.382012698226132930e+00 1.964720865553263085e+00 1.519423731581633241e+00 1.077246887426621891e+00 6.627536721501667838e-01 3.583107632576244539e-01 1.635869272193819224e-01 6.206046604819104306e-02 1.911517171421403538e-02 4.433681379826906119e-03 7.823177553103449061e-04 1.177041789575723632e-04
2.558429067699745207e+00 2.528529168681973083e+00 2.962981404722160317e+00 2.641785553833451594e+00 2.388367626751328743e+00 1.971988331001239603e+00 1.526899886171526166e+00 1.084290924207004236e+00 6.684437300750214472e-01 3.623079401246297460e-01 1.658748127244297210e-01 6.312833086874394817e-02 1.951862978218531913e-02 4.552823357610395402e-03 8.057766220995290270e-04 1.235190769292429181e-04
2.557996053361400346e+00 2.529028243193239600e+00 2.966477528249100715e+00 2.648258580484789793e+00 2.394672856323884158e+00 1.979213792293090135e+00 1.534326361366594060e+00 1.091314367816655473e+00 6.741170641020635124e-01 3.663123666063463624e-01 1.681708940038326161e-01 6.420532123713981743e-02 1.992625452848169332e-02 4.674089674311552971e-03 8.297915269157903756e-04 1.294639754937692211e-04
2.557636390479083754e+00 2.529509553032737390e+00 2.970021853174326765e+00 2.654731655431363802e+00 2.400926258914717337e+00 1.986403266288411018e+00 1.541703806536655064e+00 1.098318262238818122e+00 6.797742748858515149e-01 3.703241353024913085e-01 1.704751116888114371e-01 6.529145091742974416e-02 2.033806301027369506e-02 4.797505164363347237e-03 8.543710858238599912e-04 1.355402406690745063e-04
2.557353399497102941e+00 2.529954989496343565e+00 2.973503146644891793e+00 2.661223186480860203e+00 2.407143245208255955e+00 1.993557173269652871e+00 1.549040290206220583e+00 1.105298811395999836e+00 6.854170688273508727e-01 3.743426262414474293e-01 1.727879227356202974e-01 6.638651428339532867e-02 2.075417189428740289e-02 4.923026466379190960e-03 8.795176237199916862e-04 1.417506553776564987e-04
2.557174324108260954e+00 2.530481219931651982e+00 2.976921840911033179e+00 2.667728362641274664e+00 2.413319311512789778e+00 2.000669055844098931e+00 1.556343358426421464e+00 1.112249946413944812e+00 6.910515001279506908e-01 3.783618906355462608e-01 1.751107935454559172e-01 6.748890365805776392e-02 2.117487327204879699e-02 5.050403050551727918e-03 9.052209794037824504e-04 1.480998534074148918e-04
2.557098158893067463e+00 2.531087550705733324e+00 2.980249020245439251e+00 2.674238231532612087e+00 2.419475698231868588e+00 2.007728901893548912e+00 1.563613470410503137e+00 1.119166355435107452e+00 6.966783436704622190e-01 3.823794833135646387e-01 1.774439120077785370e-01 6.859826213862035837e-02 2.160021254443406438e-02 5.179622128692471655e-03 9.314890640763331866e-04 1.545890406678658915e-04
2.557104432842598030e+00 2.531773306768655640e+00 2.983634085192592877e+00 2.680698431260754244e+00 2.425595955469405762e+00 2.014735500046000549e+00 1.570851079510375836e+00 1.126047758192757042e+00 7.022977938274064247e-01 3.863951447174013842e-01 1.797871954961361984e-01 6.971456850130117178e-02 2.203021504462919847e-02 5.310699666273570492e-03 9.583311659268291174e-04 1.612192349637541172e-04
2.557118255910399984e+00 2.532375293129237370e+00 2.986951885587735056e+00 2.687167120662198094e+00 2.431695739920863630e+00 2.021695808000827821e+00 1.578056633324375291e+00 1.132893159747370815e+00 7.079098816559414864e-01 3.904091311365361916e-01 1.821406489036975218e-01 7.083781394238659879e-02 2.246490567222228507e-02 5.443651115765648675e-03 9.857567271804885262e-04 1.679914377343209430e-04
2.557195177890616122e+00 2.532957072340851212e+00 2.990287019222873877e+00 2.693651583914033143e+00 2.437766030693429897e+00 2.028589948126105824e+00 1.585230485869459027e+00 1.139706701468610861e+00 7.135145133407125861e-01 3.944210340344355137e-01 1.845042155689475272e-01 7.196797890220192617e-02 2.290430960794127835e-02 5.578491357928771349e-03 1.013775215434371260e-03 1.749065720582130374e-04
2.557295150103412240e+00 2.533581139573521046e+00 2.993552189534708141e+00 2.700028969243251531e+00 2.443811996713321832e+00 2.035436160079091117e+00 1.592371919377281175e+00 1.146484833730222919e+00 7.191115225782680476e-01 3.984311111210714906e-01 1.868778496507691456e-01 7.310504835856765360e-02 2.334845519395825630e-02 5.715236762459952220e-03 1.042396250240216690e-03 1.819655372885005526e-04
2.557494886885677499e+00 2.534284205894807407e+00 2.996833234599534102e+00 2.706404567018005025e+00 2.449834833276525181e+00 2.042235924151058146e+00 1.599482639023219299e+00 1.153228413062616475e+00 7.247012723850390081e-01 4.024389555816227926e-01 1.892615637953545815e-01 7.424900578156086450e-02 2.379736841497030742e-02 5.853903096032069160e-03 1.071629452704387590e-03 1.891692072569826173e-04
2.557793500037414347e+00 2.535065634915129262e+00 3.000043436638329286e+00 2.712797349173242889e+00 2.455829670457525538e+00 2.048978698603974635e+00 1.606562878215522572e+00 1.159938192610889152e+00 7.302837943790436714e-01 4.064448859043635065e-01 1.916552970376619314e-01 7.539983221470834829e-02 2.425107297608970758e-02 5.994506063613821815e-03 1.101484613476356317e-03 1.965183806424769476e-04
2.558190126408156573e+00 2.535821777420580680e+00 3.003314111921594254e+00 2.719103218399629540e+00 2.461807482792953916e+00 2.055668348675568691e+00 1.613613004427153275e+00 1.166616188997801729e+00 7.358591203490418842e-01 4.104485088045519703e-01 1.940590668009350983e-01 7.655751783052815174e-02 2.470959632434694547e-02 6.137061250360217012e-03 1.131971567281054875e-03 2.040138295447616176e-04
2.558677652836199634e+00 2.536587868082409880e+00 3.006534515625702397e+00 2.725395196092773364e+00 2.467753790843053796e+00 2.062309511379055049e+00 1.620633686108790661e+00 1.173258068972385715e+00 7.414268994590023087e-01 4.144500209979543603e-01 1.964727816000046701e-01 7.772204294033882577e-02 2.517296561615453565e-02 6.281584415899935797e-03 1.163100204487333561e-03 2.116562985514206267e-04
2.559161643481608017e+00 2.537416737485286955e+00 3.009693986260899123e+00 2.731705854717909165e+00 2.473683840795367406e+00 2.068898948518118175e+00 1.627625332452141471e+00 1.179867472914345683e+00 7.469873785663860843e-01 4.184492287577799008e-01 1.988964749495461537e-01 7.889339196086565809e-02 2.564120610578521364e-02 6.428091667590576062e-03 1.194880553145578547e-03 2.194464545493554977e-04
2.559741723576716588e+00 2.538233268190964509e+00 3.012856401571483822e+00 2.737945517603921797e+00 2.479589223273599430e+00 2.075450400029514864e+00 1.634588347699571287e+00 1.186444475053049841e+00 7.525407286004780483e-01 4.224461628180591899e-01 2.013300686053738908e-01 8.007156759003125623e-02 2.611433863932169364e-02 6.576600653535658036e-03 1.227321288870696211e-03 2.273852430371607689e-04
2.560373243628959017e+00 2.539127225845092983e+00 3.016079214840303280e+00 2.744160223634124929e+00 2.485473079203283753e+00 2.081956936092921762e+00 1.641520427179580244e+00 1.192994833630195428e+00 7.580854395812501867e-01 4.264441207570064396e-01 2.037716010291054924e-01 8.125719887702988198e-02 2.659186129836646484e-02 6.727162462087989472e-03 1.260394291505649881e-03 2.354787425243405543e-04
2.560979422264686889e+00 2.540082696590796996e+00 3.019205782093137280e+00 2.750394832941574386e+00 2.491342371776076980e+00 2.088431290345102553e+00 1.648415675758226673e+00 1.199522934295440546e+00 7.636130921436341534e-01 4.304443345835362589e-01 2.062180539411534452e-01 8.245061645794909966e-02 2.707332205414373499e-02 6.879806500041524275e-03 1.294091747667314597e-03 2.437295933239160234e-04
2.561680490953474276e+00 2.541024592485690903e+00 3.022217803409324333e+00 2.756569553072369505e+00 2.497185457465841196e+00 2.094880352456859551e+00 1.655267362616011706e+00 1.206030645069448015e+00 7.691221150085236768e-01 4.344472215956028394e-01 2.086694653040455649e-01 8.365182575641924578e-02 2.755872765581785649e-02 7.034548390390259892e-03 1.328423963220563440e-03 2.521384081624657983e-04
2.562475700464147188e+00 2.542042907951467257e+00 3.025292496755192850e+00 2.762712871832776251e+00 2.503021561478926849e+00 2.101292164207939628e+00 1.662075481728911619e+00 1.212518446599687660e+00 7.746120927429851477e-01 4.384523326834435797e-01 2.111257313259635726e-01 8.486083215816450642e-02 2.804808082845569595e-02 7.191404316013144671e-03 1.363401202360902753e-03 2.607057615192351135e-04
2.563364323084750485e+00 2.543137090505572129e+00 3.028429566165683262e+00 2.768877263996278870e+00 2.508829038059356975e+00 2.107671282557843195e+00 1.668842650207156941e+00 1.218984426660586484e+00 7.800832388709888487e-01 4.424599587553162960e-01 2.135867212168180984e-01 8.607763868713502742e-02 2.854138473478329968e-02 7.350390861401003527e-03 1.399034010174176126e-03 2.694321678721969967e-04
2.564250988785586216e+00 2.544214099443384836e+00 3.031447516542089105e+00 2.774994851911348981e+00 2.514635119936264207e+00 2.114026420924859373e+00 1.675569318393848484e+00 1.225430169867080643e+00 7.855361326011928158e-01 4.464698839826479748e-01 2.160525140516719178e-01 8.730224831720098666e-02 2.903863876345753534e-02 7.511523943140944667e-03 1.435332980555029418e-03 2.783180619374337524e-04
2.565224681884981539e+00 2.545361532585827202e+00 3.034335316947689876e+00 2.781075301216259454e+00 2.520409147620209289e+00 2.120345365971008533e+00 1.682255931269422078e+00 1.231855305048776161e+00 7.909701598505547437e-01 4.504821839455360744e-01 2.185228979476420974e-01 8.853466934878394257e-02 2.953984697655129624e-02 7.674819763556489996e-03 1.472308897582942514e-03 2.873638404393630752e-04
2.566290155921452154e+00 2.546509256632220719e+00 3.037286972516168859e+00 2.787174832479368813e+00 2.526183667239932262e+00 2.126637157175403026e+00 1.688902928534386838e+00 1.238261329222684282e+00 7.963853238448217464e-01 4.544968724796681903e-01 2.209979182186335711e-01 8.977490559750286869e-02 3.004501365794795889e-02 7.840294619376485252e-03 1.509972663686479956e-03 2.965698276159449594e-04
2.567446749800220474e+00 2.547707116820088658e+00 3.040302180290635370e+00 2.793246045391570842e+00 2.531929707236229454e+00 2.132900992099893145e+00 1.695510744690695626e+00 1.244644739032641167e+00 8.017825117190696682e-01 4.585137675711748462e-01 2.234775009615624641e-01 9.102296561743239423e-02 3.055413853118138512e-02 8.007964076178894150e-03 1.548335281976812418e-03 3.059362991771428912e-04
2.568586973781164851e+00 2.548979715440518490e+00 3.043192363146098423e+00 2.799271723403067735e+00 2.537674618576855501e+00 2.139131380804734750e+00 1.702077520828713775e+00 1.251009644711283064e+00 8.071616762688185176e-01 4.625331274355680700e-01 2.259614874849566468e-01 9.227885458324419643e-02 3.106722369142706983e-02 8.177844568117469820e-03 1.587408016614694868e-03 3.154634882188117172e-04
2.569718496010368725e+00 2.550326556135392497e+00 3.046016325324646168e+00 2.805314649228276558e+00 2.543394519590800762e+00 2.145339854634676247e+00 1.708604395168356271e+00 1.257353753941635510e+00 8.125216759672824196e-01 4.665545329180473821e-01 2.284499494401798780e-01 9.354257763936857373e-02 3.158427118312526205e-02 8.349952549618093120e-03 1.627202119785657207e-03 3.251515460857808473e-04
2.570940445096636218e+00 2.551678290069717026e+00 3.048865332262383987e+00 2.811346574808582410e+00 2.549111718543562333e+00 2.151518063868648856e+00 1.715093374452750119e+00 1.263678483399886865e+00 8.178638260434221152e-01 4.705783870697970439e-01 2.309427957138082965e-01 9.481413990100570621e-02 3.210528495908858415e-02 8.524304148694546168e-03 1.667729092148250358e-03 3.350005714427875775e-04
2.572212820136885902e+00 2.553047657452601538e+00 3.051755462851067247e+00 2.817325190688227288e+00 2.554808346230490912e+00 2.157664900901082206e+00 1.721546472136146200e+00 1.269981907146807476e+00 8.231882851607527085e-01 4.746043106615513985e-01 2.334399172924461752e-01 9.609354645512380166e-02 3.263026184501092997e-02 8.700915210922711626e-03 1.709000575079689180e-03 0.000000000000000000e+00
2.571658935306020854e+00 2.552992337383652277e+00 3.053470737172371496e+00 2.822745879870744101e+00 2.560298634897980818e+00 2.163773555981852947e+00 1.728060409761121186e+00 1.276363790362631701e+00 8.285930348194912032e-01 4.786999932342769770e-01 2.359743193486379675e-01 9.740092095580449305e-02 3.316579296867617349e-02 8.881857526700780159e-03 1.751674204630265146e-03 3.521154635543963241e-04
2.571180506967085222e+00 2.552997001270056021e+00 3.055166609544309075e+00 2.828158474590685589e+00 2.565768755429703063e+00 2.169850493611104270e+00 1.734545575394507821e+00 1.282719331031298093e+00 8.339875958099521869e-01 4.827926302794653957e-01 2.385158511880170473e-01 9.871433005518333303e-02 3.370597115301959823e-02 9.064697527177836139e-03 1.795129287668208390e-03 3.593038902608643214e-04
2.570776867889908779e+00 2.553061163466231243e+00 3.056816987336056446e+00 2.833495764513187076e+00 2.571241360954102717e+00 2.175882716878234202e+00 1.741001610812833222e+00 1.289045207264442716e+00 8.393723167468155610e-01 4.868804471904056852e-01 2.410645659231949733e-01 1.000334980073972757e-01 3.425081606694574399e-02 9.249433423094444509e-03 1.839375611659704521e-03 3.666539088918900147e-04
2.570447366445951953e+00 2.553184349118468255e+00 3.058504822613828722e+00 2.838787657993003144e+00 2.576698652829190195e+00 2.181883840036809463e+00 1.747427423873896046e+00 1.295342460624548497e+00 8.447466605403911588e-01 4.909637297276689960e-01 2.436204664753021942e-01 1.013584503687868371e-01 3.480034097640631596e-02 9.436073616834376662e-03 1.884423296784513719e-03 3.741678440125028021e-04
2.570115766186830797e+00 2.553317964743347268e+00 3.060200624740467390e+00 2.844072131409046467e+00 2.582155755052723212e+00 2.187837409793419674e+00 1.753825431947730218e+00 1.301612001727306289e+00 8.501109881770647636e-01 4.950422614252499853e-01 2.461834186733102003e-01 1.026891202471541809e-01 3.535456468217720860e-02 9.624626334497631691e-03 1.930282291833038382e-03 3.818480329935147743e-04
2.569841717253933844e+00 2.553386412252663717e+00 3.061869852477382192e+00 2.849272450980890881e+00 2.587600842177900873e+00 2.193753384729718814e+00 1.760195924298980863e+00 1.307852402414858561e+00 8.554657220817540875e-01 4.991163179974550390e-01 2.487535133045438718e-01 1.040255160506700360e-01 3.591350531417197844e-02 9.815099499638633290e-03 1.976962768868608181e-03 3.896968569701536166e-04
2.569570089879670505e+00 2.553478249211843298e+00 3.063564024648596451e+00 2.854453623456813194e+00 2.593044491869017421e+00 2.199630863002207448e+00 1.766539187038602465e+00 1.314063526913450186e+00 8.608104640071849722e-01 5.031851372081550533e-01 2.513307013594190398e-01 1.053675924701779482e-01 3.647717749028729639e-02 1.000750080012230078e-02 2.024474864812406648e-03 3.977166976714682843e-04
2.569342265406137749e+00 2.553616513210291927e+00 3.065230054252532810e+00 2.859555504049602792e+00 2.598476719956010594e+00 2.205459170558030202e+00 1.772855503166098412e+00 1.320247299791237339e+00 8.661450753434252192e-01 5.072494010911140494e-01 2.539148871359718784e-01 1.067153327100496263e-01 3.704559721131950312e-02 1.020183887230077108e-02 2.072828802880403738e-03 4.059099257445882253e-04
2.569186823879933357e+00 2.553813204139788517e+00 3.066915673450811841e+00 2.864572068546552330e+00 2.603907960481379291e+00 2.211259644995631657e+00 1.779145152611271818e+00 1.326403533300065218e+00 8.714702059194066042e-01 5.113088159281942158e-01 2.565061427801771377e-01 1.080687112208509604e-01 3.761878197685455255e-02 1.039812113826453846e-02 2.122034898927335420e-03 4.142789566994023909e-04
2.569103173146516816e+00 2.554067879145613063e+00 3.068568159100168558e+00 2.869598118575177104e+00 2.609327642730098873e+00 2.217014864618548575e+00 1.785406638907689247e+00 1.332531423497761436e+00 8.767857005393200343e-01 5.153635641090770214e-01 2.591043703483381089e-01 1.094276916339645411e-01 3.819675025357706366e-02 1.059635577730163453e-02 2.172103441167875116e-03 4.228262234970428740e-04
2.569090734913061169e+00 2.554326922331358052e+00 3.070266423593701166e+00 2.874561139057200343e+00 2.614747105350587741e+00 2.222730925788214851e+00 1.791641301549435017e+00 1.338631687089182343e+00 8.820909635695497464e-01 5.194133381991868914e-01 2.617095567581583238e-01 1.107922745224007577e-01 3.877951477885041576e-02 1.079655108247776912e-02 2.223044886077453139e-03 4.315541331344653207e-04
2.569148944445772909e+00 2.554572943482879666e+00 3.071963599215059570e+00 2.879413030972403309e+00 2.620154928778163583e+00 2.228408380508900333e+00 1.797850184893303283e+00 1.344705752963704759e+00 8.873868573143410821e-01 5.234581670396165620e-01 2.643217072966037584e-01 1.121623922892073660e-01 3.936709366265038479e-02 1.099871465499407258e-02 2.274869660739639327e-03 4.404651383270827714e-04
2.569221021669203076e+00 2.554876527561423583e+00 3.073647592397169781e+00 2.884268053770489892e+00 2.625563228210119782e+00 2.234053610083212238e+00 1.804033555263538258e+00 1.350751861731710690e+00 8.926734098560284991e-01 5.274982791364090096e-01 2.669407125557112792e-01 1.135380664768740749e-01 3.995950445937274803e-02 1.120285415883268826e-02 2.327588294950381619e-03 4.495617048900340520e-04
2.569334048523797875e+00 2.555186925327527447e+00 3.075292456756935966e+00 2.889126627650528967e+00 2.630961258776043366e+00 2.239656400382741719e+00 1.810191676168499519e+00 1.356771233975560209e+00 8.979497315441770100e-01 5.315334354552669893e-01 2.695666379493801834e-01 1.149192321291327840e-01 4.055676420184754077e-02 1.140897786017135845e-02 2.381211371813226740e-03 4.588462924605048198e-04
2.569516645226812557e+00 2.555521849313557414e+00 3.076983294448631057e+00 2.893830276432910686e+00 2.636357594662392501e+00 2.245230437935766155e+00 1.816324808337575814e+00 1.362763699669228279e+00 9.032167493116312063e-01 5.355645381130057503e-01 2.721993132740136989e-01 1.163060295081573964e-01 4.115882563790446147e-02 1.161711775656161343e-02 2.435727620542285036e-03 4.683197228265138399e-04
2.569704549785429837e+00 2.555913657635215497e+00 3.078713261809467028e+00 2.898529219460681983e+00 2.641746446964889916e+00 2.250779314096724715e+00 1.822429095249231690e+00 1.368737056404704333e+00 9.084724441960484453e-01 5.395944144700697276e-01 2.748357581476975620e-01 1.176991677141200898e-01 4.176497475763581158e-02 1.182738045732033456e-02 2.491035137441444027e-03 4.779823853358655976e-04
2.569884044706165049e+00 2.556349074373548191e+00 3.080379609836219501e+00 2.903245451267244981e+00 2.647129072356390722e+00 2.256297599150086874e+00 1.828501031475240568e+00 1.374692393015991332e+00 9.137091124440255285e-01 5.436242642879829390e-01 2.774743744497653597e-01 1.190987615850227915e-01 4.237500419849925259e-02 1.203978689136075975e-02 2.547125253533963265e-03 4.878366395102264139e-04
2.570132314738968304e+00 2.556775996242087956e+00 3.081986133567495401e+00 2.907864626859190338e+00 2.652505723140970328e+00 2.261802280167419799e+00 1.834535930412648508e+00 1.380630834535457208e+00 9.189279881116283466e-01 5.476538274095185121e-01 2.801150747975639232e-01 1.205047980544664693e-01 4.298891740839148878e-02 1.225434856727560667e-02 2.604005495096138080e-03 4.978844940346995214e-04
2.570448853766551522e+00 2.557259036992091783e+00 3.083639129115948840e+00 2.912421230162377750e+00 2.657876739423586265e+00 2.267270341631587360e+00 1.840535285265515242e+00 1.386552809780485340e+00 9.241278394283523046e-01 5.516832294511215817e-01 2.827578270386198467e-01 1.219172510112346841e-01 4.360671756935301235e-02 1.247107701037878345e-02 2.661683106382881428e-03 5.081279653269403810e-04
2.570833167612623704e+00 2.557797811668371946e+00 3.085338343312439058e+00 2.916996140212920974e+00 2.663238722115780277e+00 2.272722638050657551e+00 1.846501169630286654e+00 1.392458022358624481e+00 9.293094690976324568e-01 5.557121634546574596e-01 2.854026487997460837e-01 1.233361280210014399e-01 4.422841043426570945e-02 1.268998341483034906e-02 2.720165569683158369e-03 5.185690696523743374e-04
2.571245524606421196e+00 2.558353470130245277e+00 3.087073739189554633e+00 2.921543595109519220e+00 2.668594446047069191e+00 2.278150919288802090e+00 1.852434109020201891e+00 1.398345854936804855e+00 9.344720118905658346e-01 5.597407585936755581e-01 2.880494377604677636e-01 1.247613791598843336e-01 4.485400188294317442e-02 1.291107897543710206e-02 2.779460545052203115e-03 5.292097815815836274e-04
2.571684583628006671e+00 2.558924982596662012e+00 3.088635563338839596e+00 2.925970352272158959e+00 2.673945989472775064e+00 2.283552731591983243e+00 1.858330380682668315e+00 1.404217578278877054e+00 9.396167999202260646e-01 5.637691971171994165e-01 2.906982396116970513e-01 1.261930275020280157e-01 4.548349306025453037e-02 1.313437488784542813e-02 2.839575480836557635e-03 5.400520699689358769e-04
2.572190475001964849e+00 2.559551619209548878e+00 3.090224434479849958e+00 2.930413206748160526e+00 2.679287491427532863e+00 2.288935086480854864e+00 1.864191961158804034e+00 1.410073106832377965e+00 9.447430740298434770e-01 5.677972237656144783e-01 2.933490349435970979e-01 1.276310243211493667e-01 4.611688652809170508e-02 1.335988204299802355e-02 2.900517872859983970e-03 5.510979200890245679e-04
2.572762740314892049e+00 2.560161581118930663e+00 3.091860275603689256e+00 2.934839573801630408e+00 2.684626419196288971e+00 2.294295099633269164e+00 1.870020727174085629e+00 1.415911003503055099e+00 9.498508566175656309e-01 5.718249918234925566e-01 2.960016847101175630e-01 1.290753856094326024e-01 4.675418925342261778e-02 1.358761168545036951e-02 2.962295499516289215e-03 5.623492615213529326e-04
2.573400932094019211e+00 2.560824145564371435e+00 3.093542836445020150e+00 2.939199286528776156e+00 2.689957617208636798e+00 2.299632854678092642e+00 1.875817782559622504e+00 1.421732721926239895e+00 9.549407249974541934e-01 5.758521394931817028e-01 2.986562883223156106e-01 1.305260756560013280e-01 4.739540730981073313e-02 1.381757494649734144e-02 3.024916083254440991e-03 5.738080355337245959e-04
2.574023280789478729e+00 2.561541144252358571e+00 3.095161027551547317e+00 2.943518896501353677e+00 2.695283803995934591e+00 2.304946359170441994e+00 1.881578592467950894e+00 1.427538793270810347e+00 9.600126078460858858e-01 5.798790912121488672e-01 3.013127735777129113e-01 1.319830900210254843e-01 4.804054110657737797e-02 1.404978337435335706e-02 3.088387050148793701e-03 5.854761536385598040e-04
2.574623427757407157e+00 2.562312232595328254e+00 3.096743197093838162e+00 2.947832311747012657e+00 2.700605557328757733e+00 2.310245063233009155e+00 1.887308201215952108e+00 1.433329071445484049e+00 9.650661053318894123e-01 5.839056457791024224e-01 3.039710948559023462e-01 1.334464125360104447e-01 4.868959688514366835e-02 1.428424817141393625e-02 3.152716407466941550e-03 5.973555384643285072e-04
2.575280759906377170e+00 2.563109154189895822e+00 3.098328475040946106e+00 2.952114049562517994e+00 2.705921782839193490e+00 2.315513537454400694e+00 1.893006957233322352e+00 1.439102728460936342e+00 9.701015761354742084e-01 5.879318665058358429e-01 3.066312834004137344e-01 1.349160192423614624e-01 4.934258042195330263e-02 1.452098040669130320e-02 3.217911971583253903e-03 6.094480475507767486e-04
2.575990890805587519e+00 2.563914302355742247e+00 3.099961120049486318e+00 2.956334461908114442e+00 2.711230978255189328e+00 2.320769485927989262e+00 1.898674155937121188e+00 1.444861071527050900e+00 9.751198067503744626e-01 5.919574926875809107e-01 3.092932458508972360e-01 1.363919126247955527e-01 4.999949446402540687e-02 1.475999119280074594e-02 3.283981361667424360e-03 6.217555696956506657e-04
2.576740494443423124e+00 2.564718705710996804e+00 3.101607392051219936e+00 2.960542678498860436e+00 2.716543090620988643e+00 2.326000500938886439e+00 1.904308772774204961e+00 1.450604201850661079e+00 9.801195749034838922e-01 5.959826869578259689e-01 3.119570583788031093e-01 1.378740500794238266e-01 5.066035243752128187e-02 1.500128885587579189e-02 3.350932303494043307e-03 6.342802003446015640e-04
2.577554437136694965e+00 2.565560884568384381e+00 3.103237464121522571e+00 2.964713728203211218e+00 2.721848895825219827e+00 2.331211737858668531e+00 1.909921663191588070e+00 1.456327927300454572e+00 9.851066945155565469e-01 6.000058887898529481e-01 3.146241568844092562e-01 1.393614915140391208e-01 5.132543972132551369e-02 1.524463890403560465e-02 3.418769065441145880e-03 6.470278114779710790e-04
2.578432318924889444e+00 2.566456304471309569e+00 3.104893830602541094e+00 2.968880221899590222e+00 2.727161601229035170e+00 2.336406058173046585e+00 1.915514400633448577e+00 1.462027573642744604e+00 9.900826501203077168e-01 6.040221664019558290e-01 3.172953049907611400e-01 1.408528202893552239e-01 5.199488140694025207e-02 1.548989190531240012e-02 3.487498295839147784e-03 6.600019456718294849e-04
2.579373749554705775e+00 2.567404650584260928e+00 3.106531933580617189e+00 2.972990634335061610e+00 2.732476402310224373e+00 2.341567922200530560e+00 1.921085543820708175e+00 1.467702550698894326e+00 9.950485664639282524e-01 6.080310032140932019e-01 3.199705793626518302e-01 1.423480147987992162e-01 5.266868373585550933e-02 1.573705437758004394e-02 3.557127729423351786e-03 6.732048306323014939e-04
2.580378348293145496e+00 2.568405615217075333e+00 3.108216037436501988e+00 2.977030387354302032e+00 2.737795148319664307e+00 2.346714696899084629e+00 1.926633967497934474e+00 1.473353171455884292e+00 1.000002939862840945e+00 6.120322000776291516e-01 3.226499178839210558e-01 1.438470369157285877e-01 5.334685679896860461e-02 1.598613140213559977e-02 3.627665333606477048e-03 6.866386254741942965e-04
2.581399908492462369e+00 2.569440396097334656e+00 3.109945882190791711e+00 2.981079674307902661e+00 2.743119007902714124e+00 2.351825303128635802e+00 1.932162886062875007e+00 1.478978476787194074e+00 1.004947870417894018e+00 6.160260456095479897e-01 3.253332754492685441e-01 1.453498701254392067e-01 5.402941060493608033e-02 1.623713023486200724e-02 3.699118938645982058e-03 7.003055239416381469e-04
2.582450667825068713e+00 2.570438001209179202e+00 3.111652464647407079e+00 2.985085087652363800e+00 2.748445238311374439e+00 2.356917136516620381e+00 1.937671452582122367e+00 1.484579847098445482e+00 1.009881640711552286e+00 6.200123578659811896e-01 3.280206940536906091e-01 1.468564964618033764e-01 5.471635386325253425e-02 1.649005792050335650e-02 3.771496256757544963e-03 7.142076737133477111e-04
2.583551375559424379e+00 2.571454391821254681e+00 3.113406232905175486e+00 2.989017199516247558e+00 2.753776412976906673e+00 2.361974278176499187e+00 1.943157610517504796e+00 1.490157423223933630e+00 1.014805401941003549e+00 6.239910424988661664e-01 3.307120811432403551e-01 1.483669011343385080e-01 5.540769062705283576e-02 1.674492085365936189e-02 3.844805476744779255e-03 7.283472495624374043e-04
2.584640192723407282e+00 2.572493501983889264e+00 3.115170045431277401e+00 2.992925105434751654e+00 2.759112631364332824e+00 2.367017889440359735e+00 1.948622840422320923e+00 1.495710648003250043e+00 1.019718625070181517e+00 6.279620869125140947e-01 3.334074563523138357e-01 1.498810811411046828e-01 5.610343200301688704e-02 1.700172373197210429e-02 3.919054525489977861e-03 7.427263648592163838e-04
2.585790995635277589e+00 2.573584658104612011e+00 3.116954572008363122e+00 2.996811573742143686e+00 2.764451620807413690e+00 2.372024157881313933e+00 1.954069408356818194e+00 1.501239779984452349e+00 1.024622153791555412e+00 6.319255411986146598e-01 3.361068271871325841e-01 1.513989963152626295e-01 5.680358895992542595e-02 1.726047452628759471e-02 3.994251247639861620e-03 7.573471554196216284e-04
2.587003440226874673e+00 2.574727576180021682e+00 3.118764052896263017e+00 3.000583162550762406e+00 2.769795645150340491e+00 2.377015635458624931e+00 1.959497483665781914e+00 1.506745485906124227e+00 1.029514827152863798e+00 6.358815774061050696e-01 3.388100504778475131e-01 1.529206555993426198e-01 5.750816907520686638e-02 1.752117926949204457e-02 4.070403882904684474e-03 7.722117401900406315e-04
2.586850816451534030e+00 2.574817780739437900e+00 3.119652303798409854e+00 3.003846221537337158e+00 2.774905129232427825e+00 2.381911687359263841e+00 1.964950290371510810e+00 1.512285603803776857e+00 1.034483856897700171e+00 6.398891737948355640e-01 3.415559453504636300e-01 1.544655133636479993e-01 5.822278390221950761e-02 1.778744652555901140e-02 4.147998035398739458e-03 7.871510846058406025e-04
2.586751215744298449e+00 2.574928910219002720e+00 3.120576924606363267e+00 3.007085251919502156e+00 2.780012617819481058e+00 2.386780579124914148e+00 1.970382954909379869e+00 1.517800353619624065e+00 1.039443473562102094e+00 6.438895658085248552e-01 3.443061757292268377e-01 1.560147040881032787e-01 5.894178279488017369e-02 1.805580609413873217e-02 4.226583365523778682e-03 8.023385301044090329e-04
2.586704264907148776e+00 2.575008594428547681e+00 3.121526432127013528e+00 3.010197361945063044e+00 2.785121667797364253e+00 2.391623865432626506e+00 1.975795024765100161e+00 1.523291143413796123e+00 1.044393165909547783e+00 6.478827149707351296e-01 3.470606940544268548e-01 1.575681715704577712e-01 5.966517212555138422e-02 1.832626315441929915e-02 4.306167500595556828e-03 8.177775934363673213e-04
2.586694725225129332e+00 2.575131618225445340e+00 3.122462964929144213e+00 3.013276316174765324e+00 2.790230216263858143e+00 2.396436755533313256e+00 1.981188420321392307e+00 1.528758135294329579e+00 1.049333660704523385e+00 6.518688156547758350e-01 3.498195501548795328e-01 1.591259136251133022e-01 6.039295572019595659e-02 1.859882171328098438e-02 4.386758183736086392e-03 8.334718115032383216e-04
2.586677901872293628e+00 2.575297697065681124e+00 3.123394573559960197e+00 3.016370723909012508e+00 2.795337803792401488e+00 2.401222125337501456e+00 1.986559455240888727e+00 1.534200935137806754e+00 1.054264793144202184e+00 6.558477717147863650e-01 3.525826684754209128e-01 1.606879080383694647e-01 6.112513853171330780e-02 1.887348436591268497e-02 4.468362911148615786e-03 8.494247571763451597e-04
2.586712993196843779e+00 2.575441274750362108e+00 3.124337380570638256e+00 3.019426336528003407e+00 2.800448654176000307e+00 2.405985645839467058e+00 1.991911762326111113e+00 1.539619590147983219e+00 1.059186588962347519e+00 6.598194763264395579e-01 3.553500621797855974e-01 1.622541280417428289e-01 6.186173087128904458e-02 1.915025600733358258e-02 4.550989290399603746e-03 8.656400449230613504e-04
2.586799648281931319e+00 2.575627142640132483e+00 3.125316262235634746e+00 3.022363507352929357e+00 2.805556392978778568e+00 2.410722726065528843e+00 1.997245835586914708e+00 1.545016400696774816e+00 1.064098710534596259e+00 6.637851873369775557e-01 3.581214636092487913e-01 1.638248833063249144e-01 6.260256431676092248e-02 1.942920266188889050e-02 4.634593674220277917e-03 8.821225624264749082e-04
2.586874068751082945e+00 2.575855590628497893e+00 3.126325371652190821e+00 3.025317016889956800e+00 2.810666389802958243e+00 2.415446244340335280e+00 2.002557635874556041e+00 1.550395454038791199e+00 1.069000169449163984e+00 6.677478137802408398e-01 3.608937139421763418e-01 1.654009277466775840e-01 6.334678406656146787e-02 1.971043880416054050e-02 4.719058429360874045e-03 8.988787597773725086e-04
2.586940521746205146e+00 2.576123831949345799e+00 3.127300523519250142e+00 3.028286834076374223e+00 2.815758362872844422e+00 2.420146990505589013e+00 2.007843979280905522e+00 1.555757791013227864e+00 1.073884732265218522e+00 6.717075789609041614e-01 3.636661081658434380e-01 1.669823128820201730e-01 6.409426930739425821e-02 1.999397203114689631e-02 4.804382146072838991e-03 9.159124945200173380e-04
2.587058212007991909e+00 2.576375279688356557e+00 3.128241269288088766e+00 3.031214540149499648e+00 2.820836348635178403e+00 2.424837181211086268e+00 2.013098669809218144e+00 1.561103595895799057e+00 1.078753849000630982e+00 6.756644559540234685e-01 3.664383250869099884e-01 1.685689900911610251e-01 6.484501842719980758e-02 2.027981006995315319e-02 4.890569341010559193e-03 9.332276000449581804e-04
2.587226803649943285e+00 2.576668921749603047e+00 3.129213269289239818e+00 3.034066650610465210e+00 2.825917273350213144e+00 2.429502451364195181e+00 2.018329816666606824e+00 1.566433358516330587e+00 1.083606738564830918e+00 6.796182885341679469e-01 3.692105853119796999e-01 1.701609541442418161e-01 6.559903553018053834e-02 2.056795909442002412e-02 4.977624759201195771e-03 9.508279049137262091e-04
2.587445967549161896e+00 2.577004497889538559e+00 3.130221302040185893e+00 3.036935776439561252e+00 2.830967024787311992e+00 2.434159001640424869e+00 2.023535249286703142e+00 1.571747225155443628e+00 1.088444260542475783e+00 6.835692770758581283e-01 3.719827299154655487e-01 1.717581798963793704e-01 6.635631879589948268e-02 2.085842458097326990e-02 5.065552850073640027e-03 9.687173250831680824e-04
2.587715381223341105e+00 2.577381752807490933e+00 3.131265177414937817e+00 3.039821882223342708e+00 2.835987832377585782e+00 2.438790716845122830e+00 2.028708987123218233e+00 1.577045340828016284e+00 1.093264406960600121e+00 6.875173900808749794e-01 3.747548196256207387e-01 1.733606630292594541e-01 6.711687540661311069e-02 2.115121234300496034e-02 5.154358343333015173e-03 9.868997857787986487e-04
2.587977401703826619e+00 2.577749300279595701e+00 3.132309345240214427e+00 3.042641206052297154e+00 2.841010332728713728e+00 2.443412249263142044e+00 2.033859862407131125e+00 1.582327849299140832e+00 1.098069757128661061e+00 6.914626151994407444e-01 3.775267939218888147e-01 1.749683794413033899e-01 6.788070740148774429e-02 2.144632929052735920e-02 5.244045803315811570e-03 1.005379270146842868e-03
2.588277010508932996e+00 2.578147431955541524e+00 3.133252831458117171e+00 3.045416186205618825e+00 2.846009615691079908e+00 2.448013357441172655e+00 2.038985310404701323e+00 1.587594893099830040e+00 1.102859258743456916e+00 6.954048487491111263e-01 3.802986549800396743e-01 1.765813082432986236e-01 6.864781513010184688e-02 2.174378117931166643e-02 5.334619554298376809e-03 1.024159781036617723e-03
2.588626229575373472e+00 2.578586814292868290e+00 3.134232378802486174e+00 3.048208805470521199e+00 2.850974667775604487e+00 2.452600704489337868e+00 2.044080662932360681e+00 1.592846523324567443e+00 1.107632297586194747e+00 6.993442093534769644e-01 3.830703717446592993e-01 1.781994400832637993e-01 6.941820094419993981e-02 2.204357274364553143e-02 5.426084071471330011e-03 1.043245383552148745e-03
2.589024755918504894e+00 2.579013488651209496e+00 3.135248130730933447e+00 3.050995008085334526e+00 2.855942075404541036e+00 2.457171907106951991e+00 2.049151496692244390e+00 1.598082840820219008e+00 1.112389552430010697e+00 7.032807552872621937e-01 3.858418635915222827e-01 1.798227392847008832e-01 7.019186836619510650e-02 2.234571083035052572e-02 5.518444086033946414e-03 1.062640167957640096e-03
2.589472292708958179e+00 2.579477111598602157e+00 3.136299900546286601e+00 3.053739351591196804e+00 2.860893285844542611e+00 2.461725881438185493e+00 2.054196155753452935e+00 1.603303500633653789e+00 1.117131837984895126e+00 7.072144916864520070e-01 3.886133105119221609e-01 1.814512085448677092e-01 7.096881953798725440e-02 2.265020155871867377e-02 5.611704084137462099e-03 1.082348271908346220e-03
2.589923284480284860e+00 2.579981641423106264e+00 3.137356903495254201e+00 3.056444680124130731e+00 2.865805433044141814e+00 2.466267864387341913e+00 2.059216017390509634e+00 1.608509235600077414e+00 1.121858006488145154e+00 7.111453457503142950e-01 3.913844024150969769e-01 1.830847874549364207e-01 7.174905097739933679e-02 2.295705045865377783e-02 5.705868458331413845e-03 1.102373862980780177e-03
2.590361453212441489e+00 2.580526845012462989e+00 3.138369049723824578e+00 3.059168223581855806e+00 2.870720811296722186e+00 2.470789259443451513e+00 2.064211558048908657e+00 1.613700214562618918e+00 1.126568183300964865e+00 7.150732713780603156e-01 3.941554176196383485e-01 1.847234993900763733e-01 7.253256668301549803e-02 2.326626208096945966e-02 5.800941812738642442e-03 1.122721186336624651e-03
2.590801894357814827e+00 2.581112493714771805e+00 3.139374952272771857e+00 3.061855051741232181e+00 2.875626343283093966e+00 2.475300741386526671e+00 2.069178897821679186e+00 1.618876572731669183e+00 1.131263289995009469e+00 7.189984062285413868e-01 3.969261342904747414e-01 1.863673042656326939e-01 7.331937302386624944e-02 2.357784332323845100e-02 5.896928363151438673e-03 1.143394470857452688e-03
2.591290905976105119e+00 2.581699871164657267e+00 3.140406495841022494e+00 3.064540116509204104e+00 2.880489770433394270e+00 2.479792284115820422e+00 2.074122761603939491e+00 1.624038444191259867e+00 1.135942941310772891e+00 7.229207557014891705e-01 3.996966348068081709e-01 1.880161965385540035e-01 7.410947185047786490e-02 2.389179972041961461e-02 5.993832574673093119e-03 1.164398034053797625e-03
2.591813568575818572e+00 2.582307434583824168e+00 3.141474185615220183e+00 3.067182854904756173e+00 2.885354563522487759e+00 2.484272902912423309e+00 2.079044259582992105e+00 1.629185961912816616e+00 1.140606688109479183e+00 7.268403252701667316e-01 4.024669133611074034e-01 1.896701504026087615e-01 7.490286364560207188e-02 2.420813578539211114e-02 6.091659114118068430e-03 1.185736218634697971e-03
2.592366181934854019e+00 2.582910493224238380e+00 3.142554680406498324e+00 3.069830947371432472e+00 2.890217101532363220e+00 2.488736368365874529e+00 2.083938328605072776e+00 1.634319257768701128e+00 1.145255173677973914e+00 7.307569214941807001e-01 4.052368801413325228e-01 1.913291459905439029e-01 7.569956489566602442e-02 2.452685494438087282e-02 6.190413716086562088e-03 1.207412236814992034e-03
2.592966665107543811e+00 2.583543566453632145e+00 3.143635532029419366e+00 3.072440727287195195e+00 2.895032996774238754e+00 2.493186852751942961e+00 2.088816697718958615e+00 1.639436033466675324e+00 1.149892127487608162e+00 7.346698576071439835e-01 4.080080116924390543e-01 1.929924028115828361e-01 7.649988946901770115e-02 2.484770366160567873e-02 6.290119332638175950e-03 1.229408565785514119e-03
2.593614751253160655e+00 2.584216609421850830e+00 3.144732235225845773e+00 3.075069476180968486e+00 2.899848468752671327e+00 2.497622893389418230e+00 2.093679913357258116e+00 1.644533490466588255e+00 1.154519082172836608e+00 7.385749543839124076e-01 4.107810926270962781e-01 1.946583908073531155e-01 7.730398963123773226e-02 2.517047460016500621e-02 6.390787521539598171e-03 1.251719818637352013e-03
2.594310179024062357e+00 2.584929409675367662e+00 3.145834623006767750e+00 3.077659727955483149e+00 2.904667079613104441e+00 2.502044987191604175e+00 2.098524142671938097e+00 1.649609826468262153e+00 1.159136270025227011e+00 7.424718710304215596e-01 4.135563102709066130e-01 1.963269875022701783e-01 7.811187226433295716e-02 2.549516813022489198e-02 6.492424268024515020e-03 1.274348681450733749e-03
2.595052692472893163e+00 2.585681758865318258e+00 3.146953211946755147e+00 3.080219715943323777e+00 2.909436257362145284e+00 2.506455473465869943e+00 2.103351305851428599e+00 1.654665567424129957e+00 1.163743591105087516e+00 7.463604489440380796e-01 4.163334287728956973e-01 1.979982232530023700e-01 7.892354453209106391e-02 2.582178823723106642e-02 6.595035639612091549e-03 1.297297876104260960e-03
2.595842040961894526e+00 2.586473452680299268e+00 3.148107722558485477e+00 3.082749759490410302e+00 2.914204766789334045e+00 2.510850232095257262e+00 2.108162490773765274e+00 1.659699627029939561e+00 1.168342207507829578e+00 7.502402432119944509e-01 4.191126179337090751e-01 1.996720744542038184e-01 7.973901024689497574e-02 2.615033670164152932e-02 6.698627699574957392e-03 1.320570054827717964e-03
2.596620187539026237e+00 2.587277133342366753e+00 3.149287886636607858e+00 3.085299386056556070e+00 2.918976837027990268e+00 2.515234314729898557e+00 2.112956550957366897e+00 1.664713161622356052e+00 1.172930242190509009e+00 7.541118451802510947e-01 4.218937338897561506e-01 2.013485012895347426e-01 8.055827691236888688e-02 2.648081264880978308e-02 6.803206579801450785e-03 1.344167973548644323e-03
2.597434587765429903e+00 2.588055440559149822e+00 3.150465192102247070e+00 3.087814650898220492e+00 2.923705591095877576e+00 2.519605331380220026e+00 2.117736594372909398e+00 1.669706566909931356e+00 1.177509266241093755e+00 7.579752713967273792e-01 4.246768163998665413e-01 2.030275405483087381e-01 8.138135209976427031e-02 2.681321798410966212e-02 6.908778318031365100e-03 1.368094271923776285e-03
2.598291482286174681e+00 2.588855417996364761e+00 3.151678152327024307e+00 3.090278642023158273e+00 2.928429687704948492e+00 2.523963572910491671e+00 2.122497165275387232e+00 1.674679987182565055e+00 1.182078601889593239e+00 7.618300314553166919e-01 4.274618316167767551e-01 2.047091120015444021e-01 8.220824214126741525e-02 2.714755613506212445e-02 7.015348737457632530e-03 1.392351682673691887e-03
2.599124194353621853e+00 2.589665760511477455e+00 3.152907319017254295e+00 3.092740567968146337e+00 2.933157664462415326e+00 2.528312124756571411e+00 2.127242304945879958e+00 1.679633565554022434e+00 1.186639108147526045e+00 7.656764421584416613e-01 4.302487164135626041e-01 2.063932430430563403e-01 8.303895229750898888e-02 2.748382821888670918e-02 7.122924321009674667e-03 1.416942904112277694e-03
2.600003139195306900e+00 2.590515138306858756e+00 3.154144147300557144e+00 3.095192600574610875e+00 2.937848139553012494e+00 2.532644677660406796e+00 2.131974521603669182e+00 1.684567443974320344e+00 1.191189245132623364e+00 7.695147441815342049e-01 4.330375755138389238e-01 2.080799241999149451e-01 8.387348878814451791e-02 2.782203281803658293e-02 7.231511223702809243e-03 1.441870617697906757e-03
2.600928084834779774e+00 2.591403359703677189e+00 3.155416543309807142e+00 3.097590087682841720e+00 2.942530195998699138e+00 2.536971661769917397e+00 2.136687863119814512e+00 1.689480892500377029e+00 1.195730577957961671e+00 7.733445927033061329e-01 4.358282067611355393e-01 2.097690722028769383e-01 8.471185935297567693e-02 2.816217369229474798e-02 7.341115500728700310e-03 1.467137535039929330e-03
2.601898804186949743e+00 2.592330236778781938e+00 3.156686467984511246e+00 3.099961966275660785e+00 2.947215903289576833e+00 2.541278894311587155e+00 2.141385381541101030e+00 1.694373831359819338e+00 1.200262663324165313e+00 7.771661409590937541e-01 4.386207968186192629e-01 2.114607600126545139e-01 8.555407044673241090e-02 2.850425272662499704e-02 7.451743508138105633e-03 1.492746334725846089e-03
2.602915074979133880e+00 2.593295585305417372e+00 3.157983049185250302e+00 3.102354575254320235e+00 2.951870711409467773e+00 2.545584174359685203e+00 2.146070335122608697e+00 1.699247520520928978e+00 1.204785322361207500e+00 7.809794577629600720e-01 4.414151374098864711e-01 2.131549181434092832e-01 8.640012855541244485e-02 2.884827011038117173e-02 7.563401353132616009e-03 1.518699739140179708e-03
2.603976679673833949e+00 2.594267829116731150e+00 3.159314946366729160e+00 3.104731436609229789e+00 2.956513018102769230e+00 2.549867461439700111e+00 2.150737044271245679e+00 1.704102096843185254e+00 1.209298511732333603e+00 7.847844565912422965e-01 4.442113618159678756e-01 2.148515461935641135e-01 8.725003994154106879e-02 2.919422533977586096e-02 7.676095232993649514e-03 1.545000405388345221e-03
2.605083405393237683e+00 2.595232892652139522e+00 3.160672487792252738e+00 3.107020851552710017e+00 2.961158300008849054e+00 2.554149670304660447e+00 2.155389550468676418e+00 1.708937696094034342e+00 1.213802751596165574e+00 7.885810642639755619e-01 4.470093596135164549e-01 2.165506474569890982e-01 8.810380831836869819e-02 2.954212199393092819e-02 7.789831615968160691e-03 1.571651060182508797e-03
2.606229943200810251e+00 2.596236260747246227e+00 3.162030101677427041e+00 3.109308850424485460e+00 2.965779884611667860e+00 2.558412263366854678e+00 2.160027348031086092e+00 1.713754452960173369e+00 1.218298151610306856e+00 7.923696244106568365e-01 4.498091453325682165e-01 2.182521721989817420e-01 8.896144276829703879e-02 2.989196151262402470e-02 7.904616850519321364e-03 1.598654371470441347e-03
